"","series_id","series_label","state","state_code","date","value","freq","unit","sa_flag","source","frequency","table_title","description"
"1","A2325846C","Index Numbers ; All groups CPI ; Australia ;","AUS","AUS",1948-09-01,3.7,"Q","Index Numbers","Original",NA,"Quarterly","TABLES 1 and 2. CPI: All Groups, Index Numbers and Percentage Changes",NA
"2","A2325846C","Index Numbers ; All groups CPI ; Australia ;","AUS","AUS",1948-12-01,3.8,"Q","Index Numbers","Original",NA,"Quarterly","TABLES 1 and 2. CPI: All Groups, Index Numbers and Percentage Changes",NA
"3","A2325846C","Index Numbers ; All groups CPI ; Australia ;","AUS","AUS",1949-03-01,3.9,"Q","Index Numbers","Original",NA,"Quarterly","TABLES 1 and 2. CPI: All Groups, Index Numbers and Percentage Changes",NA
"4","A2325846C","Index Numbers ; All groups CPI ; Australia ;","AUS","AUS",1949-06-01,4,"Q","Index Numbers","Original",NA,"Quarterly","TABLES 1 and 2. CPI: All Groups, Index Numbers and Percentage Changes",NA
"5","A2325846C","Index Numbers ; All groups CPI ; Australia ;","AUS","AUS",1949-09-01,4.1,"Q","Index Numbers","Original",NA,"Quarterly","TABLES 1 and 2. CPI: All Groups, Index Numbers and Percentage Changes",NA
"6","A2325846C","Index Numbers ; All groups CPI ; Australia ;","AUS","AUS",1949-12-01,4.1,"Q","Index Numbers","Original",NA,"Quarterly","TABLES 1 and 2. CPI: All Groups, Index Numbers and Percentage Changes",NA
"7","A2325846C","Index Numbers ; All groups CPI ; Australia ;","AUS","AUS",1950-03-01,4.2,"Q","Index Numbers","Original",NA,"Quarterly","TABLES 1 and 2. CPI: All Groups, Index Numbers and Percentage Changes",NA
"8","A2325846C","Index Numbers ; All groups CPI ; Australia ;","AUS","AUS",1950-06-01,4.3,"Q","Index Numbers","Original",NA,"Quarterly","TABLES 1 and 2. CPI: All Groups, Index Numbers and Percentage Changes",NA
"9","A2325846C","Index Numbers ; All groups CPI ; Australia ;","AUS","AUS",1950-09-01,4.4,"Q","Index Numbers","Original",NA,"Quarterly","TABLES 1 and 2. CPI: All Groups, Index Numbers and Percentage Changes",NA
"10","A2325846C","Index Numbers ; All groups CPI ; Australia ;","AUS","AUS",1950-12-01,4.6,"Q","Index Numbers","Original",NA,"Quarterly","TABLES 1 and 2. CPI: All Groups, Index Numbers and Percentage Changes",NA
"11","A2325846C","Index Numbers ; All groups CPI ; Australia ;","AUS","AUS",1951-03-01,4.8,"Q","Index Numbers","Original",NA,"Quarterly","TABLES 1 and 2. CPI: All Groups, Index Numbers and Percentage Changes",NA
"12","A2325846C","Index Numbers ; All groups CPI ; Australia ;","AUS","AUS",1951-06-01,5.1,"Q","Index Numbers","Original",NA,"Quarterly","TABLES 1 and 2. CPI: All Groups, Index Numbers and Percentage Changes",NA
"13","A2325846C","Index Numbers ; All groups CPI ; Australia ;","AUS","AUS",1951-09-01,5.3,"Q","Index Numbers","Original",NA,"Quarterly","TABLES 1 and 2. CPI: All Groups, Index Numbers and Percentage Changes",NA
"14","A2325846C","Index Numbers ; All groups CPI ; Australia ;","AUS","AUS",1951-12-01,5.7,"Q","Index Numbers","Original",NA,"Quarterly","TABLES 1 and 2. CPI: All Groups, Index Numbers and Percentage Changes",NA
"15","A2325846C","Index Numbers ; All groups CPI ; Australia ;","AUS","AUS",1952-03-01,5.9,"Q","Index Numbers","Original",NA,"Quarterly","TABLES 1 and 2. CPI: All Groups, Index Numbers and Percentage Changes",NA
"16","A2325846C","Index Numbers ; All groups CPI ; Australia ;","AUS","AUS",1952-06-01,6.1,"Q","Index Numbers","Original",NA,"Quarterly","TABLES 1 and 2. CPI: All Groups, Index Numbers and Percentage Changes",NA
"17","A2325846C","Index Numbers ; All groups CPI ; Australia ;","AUS","AUS",1952-09-01,6.2,"Q","Index Numbers","Original",NA,"Quarterly","TABLES 1 and 2. CPI: All Groups, Index Numbers and Percentage Changes",NA
"18","A2325846C","Index Numbers ; All groups CPI ; Australia ;","AUS","AUS",1952-12-01,6.3,"Q","Index Numbers","Original",NA,"Quarterly","TABLES 1 and 2. CPI: All Groups, Index Numbers and Percentage Changes",NA
"19","A2325846C","Index Numbers ; All groups CPI ; Australia ;","AUS","AUS",1953-03-01,6.3,"Q","Index Numbers","Original",NA,"Quarterly","TABLES 1 and 2. CPI: All Groups, Index Numbers and Percentage Changes",NA
"20","A2325846C","Index Numbers ; All groups CPI ; Australia ;","AUS","AUS",1953-06-01,6.4,"Q","Index Numbers","Original",NA,"Quarterly","TABLES 1 and 2. CPI: All Groups, Index Numbers and Percentage Changes",NA
"21","A2325846C","Index Numbers ; All groups CPI ; Australia ;","AUS","AUS",1953-09-01,6.5,"Q","Index Numbers","Original",NA,"Quarterly","TABLES 1 and 2. CPI: All Groups, Index Numbers and Percentage Changes",NA
"22","A2325846C","Index Numbers ; All groups CPI ; Australia ;","AUS","AUS",1953-12-01,6.4,"Q","Index Numbers","Original",NA,"Quarterly","TABLES 1 and 2. CPI: All Groups, Index Numbers and Percentage Changes",NA
"23","A2325846C","Index Numbers ; All groups CPI ; Australia ;","AUS","AUS",1954-03-01,6.5,"Q","Index Numbers","Original",NA,"Quarterly","TABLES 1 and 2. CPI: All Groups, Index Numbers and Percentage Changes",NA
"24","A2325846C","Index Numbers ; All groups CPI ; Australia ;","AUS","AUS",1954-06-01,6.5,"Q","Index Numbers","Original",NA,"Quarterly","TABLES 1 and 2. CPI: All Groups, Index Numbers and Percentage Changes",NA
"25","A2325846C","Index Numbers ; All groups CPI ; Australia ;","AUS","AUS",1954-09-01,6.5,"Q","Index Numbers","Original",NA,"Quarterly","TABLES 1 and 2. CPI: All Groups, Index Numbers and Percentage Changes",NA
"26","A2325846C","Index Numbers ; All groups CPI ; Australia ;","AUS","AUS",1954-12-01,6.5,"Q","Index Numbers","Original",NA,"Quarterly","TABLES 1 and 2. CPI: All Groups, Index Numbers and Percentage Changes",NA
"27","A2325846C","Index Numbers ; All groups CPI ; Australia ;","AUS","AUS",1955-03-01,6.5,"Q","Index Numbers","Original",NA,"Quarterly","TABLES 1 and 2. CPI: All Groups, Index Numbers and Percentage Changes",NA
"28","A2325846C","Index Numbers ; All groups CPI ; Australia ;","AUS","AUS",1955-06-01,6.6,"Q","Index Numbers","Original",NA,"Quarterly","TABLES 1 and 2. CPI: All Groups, Index Numbers and Percentage Changes",NA
"29","A2325846C","Index Numbers ; All groups CPI ; Australia ;","AUS","AUS",1955-09-01,6.6,"Q","Index Numbers","Original",NA,"Quarterly","TABLES 1 and 2. CPI: All Groups, Index Numbers and Percentage Changes",NA
"30","A2325846C","Index Numbers ; All groups CPI ; Australia ;","AUS","AUS",1955-12-01,6.7,"Q","Index Numbers","Original",NA,"Quarterly","TABLES 1 and 2. CPI: All Groups, Index Numbers and Percentage Changes",NA
"31","A2325846C","Index Numbers ; All groups CPI ; Australia ;","AUS","AUS",1956-03-01,6.7,"Q","Index Numbers","Original",NA,"Quarterly","TABLES 1 and 2. CPI: All Groups, Index Numbers and Percentage Changes",NA
"32","A2325846C","Index Numbers ; All groups CPI ; Australia ;","AUS","AUS",1956-06-01,7,"Q","Index Numbers","Original",NA,"Quarterly","TABLES 1 and 2. CPI: All Groups, Index Numbers and Percentage Changes",NA
"33","A2325846C","Index Numbers ; All groups CPI ; Australia ;","AUS","AUS",1956-09-01,7.1,"Q","Index Numbers","Original",NA,"Quarterly","TABLES 1 and 2. CPI: All Groups, Index Numbers and Percentage Changes",NA
"34","A2325846C","Index Numbers ; All groups CPI ; Australia ;","AUS","AUS",1956-12-01,7.1,"Q","Index Numbers","Original",NA,"Quarterly","TABLES 1 and 2. CPI: All Groups, Index Numbers and Percentage Changes",NA
"35","A2325846C","Index Numbers ; All groups CPI ; Australia ;","AUS","AUS",1957-03-01,7.1,"Q","Index Numbers","Original",NA,"Quarterly","TABLES 1 and 2. CPI: All Groups, Index Numbers and Percentage Changes",NA
"36","A2325846C","Index Numbers ; All groups CPI ; Australia ;","AUS","AUS",1957-06-01,7.2,"Q","Index Numbers","Original",NA,"Quarterly","TABLES 1 and 2. CPI: All Groups, Index Numbers and Percentage Changes",NA
"37","A2325846C","Index Numbers ; All groups CPI ; Australia ;","AUS","AUS",1957-09-01,7.2,"Q","Index Numbers","Original",NA,"Quarterly","TABLES 1 and 2. CPI: All Groups, Index Numbers and Percentage Changes",NA
"38","A2325846C","Index Numbers ; All groups CPI ; Australia ;","AUS","AUS",1957-12-01,7.2,"Q","Index Numbers","Original",NA,"Quarterly","TABLES 1 and 2. CPI: All Groups, Index Numbers and Percentage Changes",NA
"39","A2325846C","Index Numbers ; All groups CPI ; Australia ;","AUS","AUS",1958-03-01,7.2,"Q","Index Numbers","Original",NA,"Quarterly","TABLES 1 and 2. CPI: All Groups, Index Numbers and Percentage Changes",NA
"40","A2325846C","Index Numbers ; All groups CPI ; Australia ;","AUS","AUS",1958-06-01,7.2,"Q","Index Numbers","Original",NA,"Quarterly","TABLES 1 and 2. CPI: All Groups, Index Numbers and Percentage Changes",NA
"41","A2325846C","Index Numbers ; All groups CPI ; Australia ;","AUS","AUS",1958-09-01,7.2,"Q","Index Numbers","Original",NA,"Quarterly","TABLES 1 and 2. CPI: All Groups, Index Numbers and Percentage Changes",NA
"42","A2325846C","Index Numbers ; All groups CPI ; Australia ;","AUS","AUS",1958-12-01,7.3,"Q","Index Numbers","Original",NA,"Quarterly","TABLES 1 and 2. CPI: All Groups, Index Numbers and Percentage Changes",NA
"43","A2325846C","Index Numbers ; All groups CPI ; Australia ;","AUS","AUS",1959-03-01,7.3,"Q","Index Numbers","Original",NA,"Quarterly","TABLES 1 and 2. CPI: All Groups, Index Numbers and Percentage Changes",NA
"44","A2325846C","Index Numbers ; All groups CPI ; Australia ;","AUS","AUS",1959-06-01,7.3,"Q","Index Numbers","Original",NA,"Quarterly","TABLES 1 and 2. CPI: All Groups, Index Numbers and Percentage Changes",NA
"45","A2304418T","Gross domestic product: Current prices ;","AUS","AUS",1959-09-01,3972,"Q","$ Millions","Seasonally Adjusted",NA,"Quarterly","Table 1. Key National Accounts Aggregates",NA
"46","A2325846C","Index Numbers ; All groups CPI ; Australia ;","AUS","AUS",1959-09-01,7.4,"Q","Index Numbers","Original",NA,"Quarterly","TABLES 1 and 2. CPI: All Groups, Index Numbers and Percentage Changes",NA
"47","A2304418T","Gross domestic product: Current prices ;","AUS","AUS",1959-12-01,4088,"Q","$ Millions","Seasonally Adjusted",NA,"Quarterly","Table 1. Key National Accounts Aggregates",NA
"48","A2325846C","Index Numbers ; All groups CPI ; Australia ;","AUS","AUS",1959-12-01,7.5,"Q","Index Numbers","Original",NA,"Quarterly","TABLES 1 and 2. CPI: All Groups, Index Numbers and Percentage Changes",NA
"49","A2304418T","Gross domestic product: Current prices ;","AUS","AUS",1960-03-01,4166,"Q","$ Millions","Seasonally Adjusted",NA,"Quarterly","Table 1. Key National Accounts Aggregates",NA
"50","A2325846C","Index Numbers ; All groups CPI ; Australia ;","AUS","AUS",1960-03-01,7.5,"Q","Index Numbers","Original",NA,"Quarterly","TABLES 1 and 2. CPI: All Groups, Index Numbers and Percentage Changes",NA
"51","A2304418T","Gross domestic product: Current prices ;","AUS","AUS",1960-06-01,4378,"Q","$ Millions","Seasonally Adjusted",NA,"Quarterly","Table 1. Key National Accounts Aggregates",NA
"52","A2325846C","Index Numbers ; All groups CPI ; Australia ;","AUS","AUS",1960-06-01,7.6,"Q","Index Numbers","Original",NA,"Quarterly","TABLES 1 and 2. CPI: All Groups, Index Numbers and Percentage Changes",NA
"53","A2304418T","Gross domestic product: Current prices ;","AUS","AUS",1960-09-01,4400,"Q","$ Millions","Seasonally Adjusted",NA,"Quarterly","Table 1. Key National Accounts Aggregates",NA
"54","A2325846C","Index Numbers ; All groups CPI ; Australia ;","AUS","AUS",1960-09-01,7.7,"Q","Index Numbers","Original",NA,"Quarterly","TABLES 1 and 2. CPI: All Groups, Index Numbers and Percentage Changes",NA
"55","A2304418T","Gross domestic product: Current prices ;","AUS","AUS",1960-12-01,4428,"Q","$ Millions","Seasonally Adjusted",NA,"Quarterly","Table 1. Key National Accounts Aggregates",NA
"56","A2325846C","Index Numbers ; All groups CPI ; Australia ;","AUS","AUS",1960-12-01,7.8,"Q","Index Numbers","Original",NA,"Quarterly","TABLES 1 and 2. CPI: All Groups, Index Numbers and Percentage Changes",NA
"57","A2304418T","Gross domestic product: Current prices ;","AUS","AUS",1961-03-01,4421,"Q","$ Millions","Seasonally Adjusted",NA,"Quarterly","Table 1. Key National Accounts Aggregates",NA
"58","A2325846C","Index Numbers ; All groups CPI ; Australia ;","AUS","AUS",1961-03-01,7.8,"Q","Index Numbers","Original",NA,"Quarterly","TABLES 1 and 2. CPI: All Groups, Index Numbers and Percentage Changes",NA
"59","A2304418T","Gross domestic product: Current prices ;","AUS","AUS",1961-06-01,4322,"Q","$ Millions","Seasonally Adjusted",NA,"Quarterly","Table 1. Key National Accounts Aggregates",NA
"60","A2325846C","Index Numbers ; All groups CPI ; Australia ;","AUS","AUS",1961-06-01,7.9,"Q","Index Numbers","Original",NA,"Quarterly","TABLES 1 and 2. CPI: All Groups, Index Numbers and Percentage Changes",NA
"61","A2304418T","Gross domestic product: Current prices ;","AUS","AUS",1961-09-01,4331,"Q","$ Millions","Seasonally Adjusted",NA,"Quarterly","Table 1. Key National Accounts Aggregates",NA
"62","A2325846C","Index Numbers ; All groups CPI ; Australia ;","AUS","AUS",1961-09-01,7.8,"Q","Index Numbers","Original",NA,"Quarterly","TABLES 1 and 2. CPI: All Groups, Index Numbers and Percentage Changes",NA
"63","A2304418T","Gross domestic product: Current prices ;","AUS","AUS",1961-12-01,4367,"Q","$ Millions","Seasonally Adjusted",NA,"Quarterly","Table 1. Key National Accounts Aggregates",NA
"64","A2325846C","Index Numbers ; All groups CPI ; Australia ;","AUS","AUS",1961-12-01,7.8,"Q","Index Numbers","Original",NA,"Quarterly","TABLES 1 and 2. CPI: All Groups, Index Numbers and Percentage Changes",NA
"65","A2304418T","Gross domestic product: Current prices ;","AUS","AUS",1962-03-01,4498,"Q","$ Millions","Seasonally Adjusted",NA,"Quarterly","Table 1. Key National Accounts Aggregates",NA
"66","A2325846C","Index Numbers ; All groups CPI ; Australia ;","AUS","AUS",1962-03-01,7.8,"Q","Index Numbers","Original",NA,"Quarterly","TABLES 1 and 2. CPI: All Groups, Index Numbers and Percentage Changes",NA
"67","A2304418T","Gross domestic product: Current prices ;","AUS","AUS",1962-06-01,4594,"Q","$ Millions","Seasonally Adjusted",NA,"Quarterly","Table 1. Key National Accounts Aggregates",NA
"68","A2325846C","Index Numbers ; All groups CPI ; Australia ;","AUS","AUS",1962-06-01,7.8,"Q","Index Numbers","Original",NA,"Quarterly","TABLES 1 and 2. CPI: All Groups, Index Numbers and Percentage Changes",NA
"69","A2304418T","Gross domestic product: Current prices ;","AUS","AUS",1962-09-01,4651,"Q","$ Millions","Seasonally Adjusted",NA,"Quarterly","Table 1. Key National Accounts Aggregates",NA
"70","A2325846C","Index Numbers ; All groups CPI ; Australia ;","AUS","AUS",1962-09-01,7.8,"Q","Index Numbers","Original",NA,"Quarterly","TABLES 1 and 2. CPI: All Groups, Index Numbers and Percentage Changes",NA
"71","A2304418T","Gross domestic product: Current prices ;","AUS","AUS",1962-12-01,4782,"Q","$ Millions","Seasonally Adjusted",NA,"Quarterly","Table 1. Key National Accounts Aggregates",NA
"72","A2325846C","Index Numbers ; All groups CPI ; Australia ;","AUS","AUS",1962-12-01,7.8,"Q","Index Numbers","Original",NA,"Quarterly","TABLES 1 and 2. CPI: All Groups, Index Numbers and Percentage Changes",NA
"73","A2304418T","Gross domestic product: Current prices ;","AUS","AUS",1963-03-01,4925,"Q","$ Millions","Seasonally Adjusted",NA,"Quarterly","Table 1. Key National Accounts Aggregates",NA
"74","A2325846C","Index Numbers ; All groups CPI ; Australia ;","AUS","AUS",1963-03-01,7.8,"Q","Index Numbers","Original",NA,"Quarterly","TABLES 1 and 2. CPI: All Groups, Index Numbers and Percentage Changes",NA
"75","A2304418T","Gross domestic product: Current prices ;","AUS","AUS",1963-06-01,4890,"Q","$ Millions","Seasonally Adjusted",NA,"Quarterly","Table 1. Key National Accounts Aggregates",NA
"76","A2325846C","Index Numbers ; All groups CPI ; Australia ;","AUS","AUS",1963-06-01,7.8,"Q","Index Numbers","Original",NA,"Quarterly","TABLES 1 and 2. CPI: All Groups, Index Numbers and Percentage Changes",NA
"77","A2304418T","Gross domestic product: Current prices ;","AUS","AUS",1963-09-01,5150,"Q","$ Millions","Seasonally Adjusted",NA,"Quarterly","Table 1. Key National Accounts Aggregates",NA
"78","A2325846C","Index Numbers ; All groups CPI ; Australia ;","AUS","AUS",1963-09-01,7.9,"Q","Index Numbers","Original",NA,"Quarterly","TABLES 1 and 2. CPI: All Groups, Index Numbers and Percentage Changes",NA
"79","A2304418T","Gross domestic product: Current prices ;","AUS","AUS",1963-12-01,5257,"Q","$ Millions","Seasonally Adjusted",NA,"Quarterly","Table 1. Key National Accounts Aggregates",NA
"80","A2325846C","Index Numbers ; All groups CPI ; Australia ;","AUS","AUS",1963-12-01,7.9,"Q","Index Numbers","Original",NA,"Quarterly","TABLES 1 and 2. CPI: All Groups, Index Numbers and Percentage Changes",NA
"81","A2304418T","Gross domestic product: Current prices ;","AUS","AUS",1964-03-01,5319,"Q","$ Millions","Seasonally Adjusted",NA,"Quarterly","Table 1. Key National Accounts Aggregates",NA
"82","A2325846C","Index Numbers ; All groups CPI ; Australia ;","AUS","AUS",1964-03-01,8,"Q","Index Numbers","Original",NA,"Quarterly","TABLES 1 and 2. CPI: All Groups, Index Numbers and Percentage Changes",NA
"83","A2304418T","Gross domestic product: Current prices ;","AUS","AUS",1964-06-01,5501,"Q","$ Millions","Seasonally Adjusted",NA,"Quarterly","Table 1. Key National Accounts Aggregates",NA
"84","A2325846C","Index Numbers ; All groups CPI ; Australia ;","AUS","AUS",1964-06-01,8,"Q","Index Numbers","Original",NA,"Quarterly","TABLES 1 and 2. CPI: All Groups, Index Numbers and Percentage Changes",NA
"85","A2304418T","Gross domestic product: Current prices ;","AUS","AUS",1964-09-01,5586,"Q","$ Millions","Seasonally Adjusted",NA,"Quarterly","Table 1. Key National Accounts Aggregates",NA
"86","A2325846C","Index Numbers ; All groups CPI ; Australia ;","AUS","AUS",1964-09-01,8.1,"Q","Index Numbers","Original",NA,"Quarterly","TABLES 1 and 2. CPI: All Groups, Index Numbers and Percentage Changes",NA
"87","A2304418T","Gross domestic product: Current prices ;","AUS","AUS",1964-12-01,5765,"Q","$ Millions","Seasonally Adjusted",NA,"Quarterly","Table 1. Key National Accounts Aggregates",NA
"88","A2325846C","Index Numbers ; All groups CPI ; Australia ;","AUS","AUS",1964-12-01,8.2,"Q","Index Numbers","Original",NA,"Quarterly","TABLES 1 and 2. CPI: All Groups, Index Numbers and Percentage Changes",NA
"89","A2304418T","Gross domestic product: Current prices ;","AUS","AUS",1965-03-01,5851,"Q","$ Millions","Seasonally Adjusted",NA,"Quarterly","Table 1. Key National Accounts Aggregates",NA
"90","A2325846C","Index Numbers ; All groups CPI ; Australia ;","AUS","AUS",1965-03-01,8.2,"Q","Index Numbers","Original",NA,"Quarterly","TABLES 1 and 2. CPI: All Groups, Index Numbers and Percentage Changes",NA
"91","A2304418T","Gross domestic product: Current prices ;","AUS","AUS",1965-06-01,5965,"Q","$ Millions","Seasonally Adjusted",NA,"Quarterly","Table 1. Key National Accounts Aggregates",NA
"92","A2325846C","Index Numbers ; All groups CPI ; Australia ;","AUS","AUS",1965-06-01,8.3,"Q","Index Numbers","Original",NA,"Quarterly","TABLES 1 and 2. CPI: All Groups, Index Numbers and Percentage Changes",NA
"93","A2304418T","Gross domestic product: Current prices ;","AUS","AUS",1965-09-01,5986,"Q","$ Millions","Seasonally Adjusted",NA,"Quarterly","Table 1. Key National Accounts Aggregates",NA
"94","A2325846C","Index Numbers ; All groups CPI ; Australia ;","AUS","AUS",1965-09-01,8.4,"Q","Index Numbers","Original",NA,"Quarterly","TABLES 1 and 2. CPI: All Groups, Index Numbers and Percentage Changes",NA
"95","A2304418T","Gross domestic product: Current prices ;","AUS","AUS",1965-12-01,6057,"Q","$ Millions","Seasonally Adjusted",NA,"Quarterly","Table 1. Key National Accounts Aggregates",NA
"96","A2325846C","Index Numbers ; All groups CPI ; Australia ;","AUS","AUS",1965-12-01,8.5,"Q","Index Numbers","Original",NA,"Quarterly","TABLES 1 and 2. CPI: All Groups, Index Numbers and Percentage Changes",NA
"97","A2304418T","Gross domestic product: Current prices ;","AUS","AUS",1966-03-01,6092,"Q","$ Millions","Seasonally Adjusted",NA,"Quarterly","Table 1. Key National Accounts Aggregates",NA
"98","A2325846C","Index Numbers ; All groups CPI ; Australia ;","AUS","AUS",1966-03-01,8.6,"Q","Index Numbers","Original",NA,"Quarterly","TABLES 1 and 2. CPI: All Groups, Index Numbers and Percentage Changes",NA
"99","A2304418T","Gross domestic product: Current prices ;","AUS","AUS",1966-06-01,6250,"Q","$ Millions","Seasonally Adjusted",NA,"Quarterly","Table 1. Key National Accounts Aggregates",NA
"100","A2325846C","Index Numbers ; All groups CPI ; Australia ;","AUS","AUS",1966-06-01,8.6,"Q","Index Numbers","Original",NA,"Quarterly","TABLES 1 and 2. CPI: All Groups, Index Numbers and Percentage Changes",NA
"101","A2304418T","Gross domestic product: Current prices ;","AUS","AUS",1966-09-01,6537,"Q","$ Millions","Seasonally Adjusted",NA,"Quarterly","Table 1. Key National Accounts Aggregates",NA
"102","A2325846C","Index Numbers ; All groups CPI ; Australia ;","AUS","AUS",1966-09-01,8.6,"Q","Index Numbers","Original",NA,"Quarterly","TABLES 1 and 2. CPI: All Groups, Index Numbers and Percentage Changes",NA
"103","A2304418T","Gross domestic product: Current prices ;","AUS","AUS",1966-12-01,6701,"Q","$ Millions","Seasonally Adjusted",NA,"Quarterly","Table 1. Key National Accounts Aggregates",NA
"104","A2325846C","Index Numbers ; All groups CPI ; Australia ;","AUS","AUS",1966-12-01,8.7,"Q","Index Numbers","Original",NA,"Quarterly","TABLES 1 and 2. CPI: All Groups, Index Numbers and Percentage Changes",NA
"105","A2304418T","Gross domestic product: Current prices ;","AUS","AUS",1967-03-01,6938,"Q","$ Millions","Seasonally Adjusted",NA,"Quarterly","Table 1. Key National Accounts Aggregates",NA
"106","A2325846C","Index Numbers ; All groups CPI ; Australia ;","AUS","AUS",1967-03-01,8.8,"Q","Index Numbers","Original",NA,"Quarterly","TABLES 1 and 2. CPI: All Groups, Index Numbers and Percentage Changes",NA
"107","A2304418T","Gross domestic product: Current prices ;","AUS","AUS",1967-06-01,6988,"Q","$ Millions","Seasonally Adjusted",NA,"Quarterly","Table 1. Key National Accounts Aggregates",NA
"108","A2325846C","Index Numbers ; All groups CPI ; Australia ;","AUS","AUS",1967-06-01,8.9,"Q","Index Numbers","Original",NA,"Quarterly","TABLES 1 and 2. CPI: All Groups, Index Numbers and Percentage Changes",NA
"109","A2304418T","Gross domestic product: Current prices ;","AUS","AUS",1967-09-01,7094,"Q","$ Millions","Seasonally Adjusted",NA,"Quarterly","Table 1. Key National Accounts Aggregates",NA
"110","A2325846C","Index Numbers ; All groups CPI ; Australia ;","AUS","AUS",1967-09-01,9,"Q","Index Numbers","Original",NA,"Quarterly","TABLES 1 and 2. CPI: All Groups, Index Numbers and Percentage Changes",NA
"111","A2304418T","Gross domestic product: Current prices ;","AUS","AUS",1967-12-01,7235,"Q","$ Millions","Seasonally Adjusted",NA,"Quarterly","Table 1. Key National Accounts Aggregates",NA
"112","A2325846C","Index Numbers ; All groups CPI ; Australia ;","AUS","AUS",1967-12-01,9,"Q","Index Numbers","Original",NA,"Quarterly","TABLES 1 and 2. CPI: All Groups, Index Numbers and Percentage Changes",NA
"113","A2304418T","Gross domestic product: Current prices ;","AUS","AUS",1968-03-01,7345,"Q","$ Millions","Seasonally Adjusted",NA,"Quarterly","Table 1. Key National Accounts Aggregates",NA
"114","A2325846C","Index Numbers ; All groups CPI ; Australia ;","AUS","AUS",1968-03-01,9.1,"Q","Index Numbers","Original",NA,"Quarterly","TABLES 1 and 2. CPI: All Groups, Index Numbers and Percentage Changes",NA
"115","A2304418T","Gross domestic product: Current prices ;","AUS","AUS",1968-06-01,7532,"Q","$ Millions","Seasonally Adjusted",NA,"Quarterly","Table 1. Key National Accounts Aggregates",NA
"116","A2325846C","Index Numbers ; All groups CPI ; Australia ;","AUS","AUS",1968-06-01,9.1,"Q","Index Numbers","Original",NA,"Quarterly","TABLES 1 and 2. CPI: All Groups, Index Numbers and Percentage Changes",NA
"117","A2304418T","Gross domestic product: Current prices ;","AUS","AUS",1968-09-01,7756,"Q","$ Millions","Seasonally Adjusted",NA,"Quarterly","Table 1. Key National Accounts Aggregates",NA
"118","A2325846C","Index Numbers ; All groups CPI ; Australia ;","AUS","AUS",1968-09-01,9.2,"Q","Index Numbers","Original",NA,"Quarterly","TABLES 1 and 2. CPI: All Groups, Index Numbers and Percentage Changes",NA
"119","A2304418T","Gross domestic product: Current prices ;","AUS","AUS",1968-12-01,8169,"Q","$ Millions","Seasonally Adjusted",NA,"Quarterly","Table 1. Key National Accounts Aggregates",NA
"120","A2325846C","Index Numbers ; All groups CPI ; Australia ;","AUS","AUS",1968-12-01,9.2,"Q","Index Numbers","Original",NA,"Quarterly","TABLES 1 and 2. CPI: All Groups, Index Numbers and Percentage Changes",NA
"121","A2304418T","Gross domestic product: Current prices ;","AUS","AUS",1969-03-01,8283,"Q","$ Millions","Seasonally Adjusted",NA,"Quarterly","Table 1. Key National Accounts Aggregates",NA
"122","A2325846C","Index Numbers ; All groups CPI ; Australia ;","AUS","AUS",1969-03-01,9.4,"Q","Index Numbers","Original",NA,"Quarterly","TABLES 1 and 2. CPI: All Groups, Index Numbers and Percentage Changes",NA
"123","A2304418T","Gross domestic product: Current prices ;","AUS","AUS",1969-06-01,8545,"Q","$ Millions","Seasonally Adjusted",NA,"Quarterly","Table 1. Key National Accounts Aggregates",NA
"124","A2325846C","Index Numbers ; All groups CPI ; Australia ;","AUS","AUS",1969-06-01,9.4,"Q","Index Numbers","Original",NA,"Quarterly","TABLES 1 and 2. CPI: All Groups, Index Numbers and Percentage Changes",NA
"125","A2304418T","Gross domestic product: Current prices ;","AUS","AUS",1969-09-01,8858,"Q","$ Millions","Seasonally Adjusted",NA,"Quarterly","Table 1. Key National Accounts Aggregates",NA
"126","A2325846C","Index Numbers ; All groups CPI ; Australia ;","AUS","AUS",1969-09-01,9.5,"Q","Index Numbers","Original",NA,"Quarterly","TABLES 1 and 2. CPI: All Groups, Index Numbers and Percentage Changes",NA
"127","A2304418T","Gross domestic product: Current prices ;","AUS","AUS",1969-12-01,9074,"Q","$ Millions","Seasonally Adjusted",NA,"Quarterly","Table 1. Key National Accounts Aggregates",NA
"128","A2325846C","Index Numbers ; All groups CPI ; Australia ;","AUS","AUS",1969-12-01,9.5,"Q","Index Numbers","Original",NA,"Quarterly","TABLES 1 and 2. CPI: All Groups, Index Numbers and Percentage Changes",NA
"129","A2304418T","Gross domestic product: Current prices ;","AUS","AUS",1970-03-01,9298,"Q","$ Millions","Seasonally Adjusted",NA,"Quarterly","Table 1. Key National Accounts Aggregates",NA
"130","A2325846C","Index Numbers ; All groups CPI ; Australia ;","AUS","AUS",1970-03-01,9.6,"Q","Index Numbers","Original",NA,"Quarterly","TABLES 1 and 2. CPI: All Groups, Index Numbers and Percentage Changes",NA
"131","FXRTWI","Trade-weighted Index May 1970 = 100","AUS","AUS",1970-05-31,100,"M","Index","Indicative","RBA","Monthly","F11 Exchange Rates","Australian Dollar Trade-weighted Index"
"132","A2304418T","Gross domestic product: Current prices ;","AUS","AUS",1970-06-01,9656,"Q","$ Millions","Seasonally Adjusted",NA,"Quarterly","Table 1. Key National Accounts Aggregates",NA
"133","A2325846C","Index Numbers ; All groups CPI ; Australia ;","AUS","AUS",1970-06-01,9.7,"Q","Index Numbers","Original",NA,"Quarterly","TABLES 1 and 2. CPI: All Groups, Index Numbers and Percentage Changes",NA
"134","FXRTWI","Trade-weighted Index May 1970 = 100","AUS","AUS",1970-06-30,99.6,"M","Index","Indicative","RBA","Monthly","F11 Exchange Rates","Australian Dollar Trade-weighted Index"
"135","FXRTWI","Trade-weighted Index May 1970 = 100","AUS","AUS",1970-07-31,99.4,"M","Index","Indicative","RBA","Monthly","F11 Exchange Rates","Australian Dollar Trade-weighted Index"
"136","FXRTWI","Trade-weighted Index May 1970 = 100","AUS","AUS",1970-08-31,99.1,"M","Index","Indicative","RBA","Monthly","F11 Exchange Rates","Australian Dollar Trade-weighted Index"
"137","A2304418T","Gross domestic product: Current prices ;","AUS","AUS",1970-09-01,9719,"Q","$ Millions","Seasonally Adjusted",NA,"Quarterly","Table 1. Key National Accounts Aggregates",NA
"138","A2325846C","Index Numbers ; All groups CPI ; Australia ;","AUS","AUS",1970-09-01,9.8,"Q","Index Numbers","Original",NA,"Quarterly","TABLES 1 and 2. CPI: All Groups, Index Numbers and Percentage Changes",NA
"139","FXRTWI","Trade-weighted Index May 1970 = 100","AUS","AUS",1970-09-30,99.2,"M","Index","Indicative","RBA","Monthly","F11 Exchange Rates","Australian Dollar Trade-weighted Index"
"140","FXRTWI","Trade-weighted Index May 1970 = 100","AUS","AUS",1970-10-31,99.2,"M","Index","Indicative","RBA","Monthly","F11 Exchange Rates","Australian Dollar Trade-weighted Index"
"141","FXRTWI","Trade-weighted Index May 1970 = 100","AUS","AUS",1970-11-30,99.2,"M","Index","Indicative","RBA","Monthly","F11 Exchange Rates","Australian Dollar Trade-weighted Index"
"142","A2304418T","Gross domestic product: Current prices ;","AUS","AUS",1970-12-01,9880,"Q","$ Millions","Seasonally Adjusted",NA,"Quarterly","Table 1. Key National Accounts Aggregates",NA
"143","A2325846C","Index Numbers ; All groups CPI ; Australia ;","AUS","AUS",1970-12-01,10,"Q","Index Numbers","Original",NA,"Quarterly","TABLES 1 and 2. CPI: All Groups, Index Numbers and Percentage Changes",NA
"144","FXRTWI","Trade-weighted Index May 1970 = 100","AUS","AUS",1970-12-31,99.3,"M","Index","Indicative","RBA","Monthly","F11 Exchange Rates","Australian Dollar Trade-weighted Index"
"145","FXRTWI","Trade-weighted Index May 1970 = 100","AUS","AUS",1971-01-31,100,"M","Index","Indicative","RBA","Monthly","F11 Exchange Rates","Australian Dollar Trade-weighted Index"
"146","FXRTWI","Trade-weighted Index May 1970 = 100","AUS","AUS",1971-02-28,100,"M","Index","Indicative","RBA","Monthly","F11 Exchange Rates","Australian Dollar Trade-weighted Index"
"147","A2304418T","Gross domestic product: Current prices ;","AUS","AUS",1971-03-01,10261,"Q","$ Millions","Seasonally Adjusted",NA,"Quarterly","Table 1. Key National Accounts Aggregates",NA
"148","A2325846C","Index Numbers ; All groups CPI ; Australia ;","AUS","AUS",1971-03-01,10.1,"Q","Index Numbers","Original",NA,"Quarterly","TABLES 1 and 2. CPI: All Groups, Index Numbers and Percentage Changes",NA
"149","FXRTWI","Trade-weighted Index May 1970 = 100","AUS","AUS",1971-03-31,100,"M","Index","Indicative","RBA","Monthly","F11 Exchange Rates","Australian Dollar Trade-weighted Index"
"150","FXRTWI","Trade-weighted Index May 1970 = 100","AUS","AUS",1971-04-30,100,"M","Index","Indicative","RBA","Monthly","F11 Exchange Rates","Australian Dollar Trade-weighted Index"
"151","FXRTWI","Trade-weighted Index May 1970 = 100","AUS","AUS",1971-05-31,99.8,"M","Index","Indicative","RBA","Monthly","F11 Exchange Rates","Australian Dollar Trade-weighted Index"
"152","A2304418T","Gross domestic product: Current prices ;","AUS","AUS",1971-06-01,10493,"Q","$ Millions","Seasonally Adjusted",NA,"Quarterly","Table 1. Key National Accounts Aggregates",NA
"153","A2325846C","Index Numbers ; All groups CPI ; Australia ;","AUS","AUS",1971-06-01,10.2,"Q","Index Numbers","Original",NA,"Quarterly","TABLES 1 and 2. CPI: All Groups, Index Numbers and Percentage Changes",NA
"154","FXRTWI","Trade-weighted Index May 1970 = 100","AUS","AUS",1971-06-30,99.8,"M","Index","Indicative","RBA","Monthly","F11 Exchange Rates","Australian Dollar Trade-weighted Index"
"155","A2718577A","Credits, Total goods ;","AUS","AUS",1971-07-01,423,"M","$ Millions","Seasonally Adjusted",NA,"Monthly","TABLE 1. GOODS, Summary: Seasonally adjusted and trend estimates, Current prices",NA
"156","A2718594C","Balance on goods ;","AUS","AUS",1971-07-01,83,"M","$ Millions","Seasonally Adjusted",NA,"Monthly","TABLE 1. GOODS, Summary: Seasonally adjusted and trend estimates, Current prices",NA
"157","FXRTWI","Trade-weighted Index May 1970 = 100","AUS","AUS",1971-07-31,99.7,"M","Index","Indicative","RBA","Monthly","F11 Exchange Rates","Australian Dollar Trade-weighted Index"
"158","A2718577A","Credits, Total goods ;","AUS","AUS",1971-08-01,401,"M","$ Millions","Seasonally Adjusted",NA,"Monthly","TABLE 1. GOODS, Summary: Seasonally adjusted and trend estimates, Current prices",NA
"159","A2718594C","Balance on goods ;","AUS","AUS",1971-08-01,55,"M","$ Millions","Seasonally Adjusted",NA,"Monthly","TABLE 1. GOODS, Summary: Seasonally adjusted and trend estimates, Current prices",NA
"160","FXRTWI","Trade-weighted Index May 1970 = 100","AUS","AUS",1971-08-31,99.3,"M","Index","Indicative","RBA","Monthly","F11 Exchange Rates","Australian Dollar Trade-weighted Index"
"161","A2304418T","Gross domestic product: Current prices ;","AUS","AUS",1971-09-01,10902,"Q","$ Millions","Seasonally Adjusted",NA,"Quarterly","Table 1. Key National Accounts Aggregates",NA
"162","A2325846C","Index Numbers ; All groups CPI ; Australia ;","AUS","AUS",1971-09-01,10.5,"Q","Index Numbers","Original",NA,"Quarterly","TABLES 1 and 2. CPI: All Groups, Index Numbers and Percentage Changes",NA
"163","A2718577A","Credits, Total goods ;","AUS","AUS",1971-09-01,383,"M","$ Millions","Seasonally Adjusted",NA,"Monthly","TABLE 1. GOODS, Summary: Seasonally adjusted and trend estimates, Current prices",NA
"164","A2718594C","Balance on goods ;","AUS","AUS",1971-09-01,60,"M","$ Millions","Seasonally Adjusted",NA,"Monthly","TABLE 1. GOODS, Summary: Seasonally adjusted and trend estimates, Current prices",NA
"165","FXRTWI","Trade-weighted Index May 1970 = 100","AUS","AUS",1971-09-30,99.8,"M","Index","Indicative","RBA","Monthly","F11 Exchange Rates","Australian Dollar Trade-weighted Index"
"166","A2718577A","Credits, Total goods ;","AUS","AUS",1971-10-01,359,"M","$ Millions","Seasonally Adjusted",NA,"Monthly","TABLE 1. GOODS, Summary: Seasonally adjusted and trend estimates, Current prices",NA
"167","A2718594C","Balance on goods ;","AUS","AUS",1971-10-01,18,"M","$ Millions","Seasonally Adjusted",NA,"Monthly","TABLE 1. GOODS, Summary: Seasonally adjusted and trend estimates, Current prices",NA
"168","FXRTWI","Trade-weighted Index May 1970 = 100","AUS","AUS",1971-10-31,99.4,"M","Index","Indicative","RBA","Monthly","F11 Exchange Rates","Australian Dollar Trade-weighted Index"
"169","A2718577A","Credits, Total goods ;","AUS","AUS",1971-11-01,378,"M","$ Millions","Seasonally Adjusted",NA,"Monthly","TABLE 1. GOODS, Summary: Seasonally adjusted and trend estimates, Current prices",NA
"170","A2718594C","Balance on goods ;","AUS","AUS",1971-11-01,69,"M","$ Millions","Seasonally Adjusted",NA,"Monthly","TABLE 1. GOODS, Summary: Seasonally adjusted and trend estimates, Current prices",NA
"171","FXRTWI","Trade-weighted Index May 1970 = 100","AUS","AUS",1971-11-30,99.3,"M","Index","Indicative","RBA","Monthly","F11 Exchange Rates","Australian Dollar Trade-weighted Index"
"172","A2304418T","Gross domestic product: Current prices ;","AUS","AUS",1971-12-01,10918,"Q","$ Millions","Seasonally Adjusted",NA,"Quarterly","Table 1. Key National Accounts Aggregates",NA
"173","A2325846C","Index Numbers ; All groups CPI ; Australia ;","AUS","AUS",1971-12-01,10.7,"Q","Index Numbers","Original",NA,"Quarterly","TABLES 1 and 2. CPI: All Groups, Index Numbers and Percentage Changes",NA
"174","A2718577A","Credits, Total goods ;","AUS","AUS",1971-12-01,378,"M","$ Millions","Seasonally Adjusted",NA,"Monthly","TABLE 1. GOODS, Summary: Seasonally adjusted and trend estimates, Current prices",NA
"175","A2718594C","Balance on goods ;","AUS","AUS",1971-12-01,44,"M","$ Millions","Seasonally Adjusted",NA,"Monthly","TABLE 1. GOODS, Summary: Seasonally adjusted and trend estimates, Current prices",NA
"176","FXRTWI","Trade-weighted Index May 1970 = 100","AUS","AUS",1971-12-31,99.8,"M","Index","Indicative","RBA","Monthly","F11 Exchange Rates","Australian Dollar Trade-weighted Index"
"177","A2718577A","Credits, Total goods ;","AUS","AUS",1972-01-01,379,"M","$ Millions","Seasonally Adjusted",NA,"Monthly","TABLE 1. GOODS, Summary: Seasonally adjusted and trend estimates, Current prices",NA
"178","A2718594C","Balance on goods ;","AUS","AUS",1972-01-01,65,"M","$ Millions","Seasonally Adjusted",NA,"Monthly","TABLE 1. GOODS, Summary: Seasonally adjusted and trend estimates, Current prices",NA
"179","FXRTWI","Trade-weighted Index May 1970 = 100","AUS","AUS",1972-01-31,98.8,"M","Index","Indicative","RBA","Monthly","F11 Exchange Rates","Australian Dollar Trade-weighted Index"
"180","A2718577A","Credits, Total goods ;","AUS","AUS",1972-02-01,379,"M","$ Millions","Seasonally Adjusted",NA,"Monthly","TABLE 1. GOODS, Summary: Seasonally adjusted and trend estimates, Current prices",NA
"181","A2718594C","Balance on goods ;","AUS","AUS",1972-02-01,70,"M","$ Millions","Seasonally Adjusted",NA,"Monthly","TABLE 1. GOODS, Summary: Seasonally adjusted and trend estimates, Current prices",NA
"182","FXRTWI","Trade-weighted Index May 1970 = 100","AUS","AUS",1972-02-29,98.1,"M","Index","Indicative","RBA","Monthly","F11 Exchange Rates","Australian Dollar Trade-weighted Index"
"183","A2304418T","Gross domestic product: Current prices ;","AUS","AUS",1972-03-01,11118,"Q","$ Millions","Seasonally Adjusted",NA,"Quarterly","Table 1. Key National Accounts Aggregates",NA
"184","A2325846C","Index Numbers ; All groups CPI ; Australia ;","AUS","AUS",1972-03-01,10.8,"Q","Index Numbers","Original",NA,"Quarterly","TABLES 1 and 2. CPI: All Groups, Index Numbers and Percentage Changes",NA
"185","A2718577A","Credits, Total goods ;","AUS","AUS",1972-03-01,418,"M","$ Millions","Seasonally Adjusted",NA,"Monthly","TABLE 1. GOODS, Summary: Seasonally adjusted and trend estimates, Current prices",NA
"186","A2718594C","Balance on goods ;","AUS","AUS",1972-03-01,107,"M","$ Millions","Seasonally Adjusted",NA,"Monthly","TABLE 1. GOODS, Summary: Seasonally adjusted and trend estimates, Current prices",NA
"187","FXRTWI","Trade-weighted Index May 1970 = 100","AUS","AUS",1972-03-31,97.8,"M","Index","Indicative","RBA","Monthly","F11 Exchange Rates","Australian Dollar Trade-weighted Index"
"188","A2718577A","Credits, Total goods ;","AUS","AUS",1972-04-01,434,"M","$ Millions","Seasonally Adjusted",NA,"Monthly","TABLE 1. GOODS, Summary: Seasonally adjusted and trend estimates, Current prices",NA
"189","A2718594C","Balance on goods ;","AUS","AUS",1972-04-01,121,"M","$ Millions","Seasonally Adjusted",NA,"Monthly","TABLE 1. GOODS, Summary: Seasonally adjusted and trend estimates, Current prices",NA
"190","FXRTWI","Trade-weighted Index May 1970 = 100","AUS","AUS",1972-04-30,97.9,"M","Index","Indicative","RBA","Monthly","F11 Exchange Rates","Australian Dollar Trade-weighted Index"
"191","A2718577A","Credits, Total goods ;","AUS","AUS",1972-05-01,437,"M","$ Millions","Seasonally Adjusted",NA,"Monthly","TABLE 1. GOODS, Summary: Seasonally adjusted and trend estimates, Current prices",NA
"192","A2718594C","Balance on goods ;","AUS","AUS",1972-05-01,170,"M","$ Millions","Seasonally Adjusted",NA,"Monthly","TABLE 1. GOODS, Summary: Seasonally adjusted and trend estimates, Current prices",NA
"193","FXRTWI","Trade-weighted Index May 1970 = 100","AUS","AUS",1972-05-31,97.9,"M","Index","Indicative","RBA","Monthly","F11 Exchange Rates","Australian Dollar Trade-weighted Index"
"194","A2304418T","Gross domestic product: Current prices ;","AUS","AUS",1972-06-01,11542,"Q","$ Millions","Seasonally Adjusted",NA,"Quarterly","Table 1. Key National Accounts Aggregates",NA
"195","A2325846C","Index Numbers ; All groups CPI ; Australia ;","AUS","AUS",1972-06-01,10.9,"Q","Index Numbers","Original",NA,"Quarterly","TABLES 1 and 2. CPI: All Groups, Index Numbers and Percentage Changes",NA
"196","A2718577A","Credits, Total goods ;","AUS","AUS",1972-06-01,413,"M","$ Millions","Seasonally Adjusted",NA,"Monthly","TABLE 1. GOODS, Summary: Seasonally adjusted and trend estimates, Current prices",NA
"197","A2718594C","Balance on goods ;","AUS","AUS",1972-06-01,116,"M","$ Millions","Seasonally Adjusted",NA,"Monthly","TABLE 1. GOODS, Summary: Seasonally adjusted and trend estimates, Current prices",NA
"198","FXRTWI","Trade-weighted Index May 1970 = 100","AUS","AUS",1972-06-30,98.5,"M","Index","Indicative","RBA","Monthly","F11 Exchange Rates","Australian Dollar Trade-weighted Index"
"199","A2718577A","Credits, Total goods ;","AUS","AUS",1972-07-01,406,"M","$ Millions","Seasonally Adjusted",NA,"Monthly","TABLE 1. GOODS, Summary: Seasonally adjusted and trend estimates, Current prices",NA
"200","A2718594C","Balance on goods ;","AUS","AUS",1972-07-01,118,"M","$ Millions","Seasonally Adjusted",NA,"Monthly","TABLE 1. GOODS, Summary: Seasonally adjusted and trend estimates, Current prices",NA
"201","FXRTWI","Trade-weighted Index May 1970 = 100","AUS","AUS",1972-07-31,98.6,"M","Index","Indicative","RBA","Monthly","F11 Exchange Rates","Australian Dollar Trade-weighted Index"
"202","A2718577A","Credits, Total goods ;","AUS","AUS",1972-08-01,454,"M","$ Millions","Seasonally Adjusted",NA,"Monthly","TABLE 1. GOODS, Summary: Seasonally adjusted and trend estimates, Current prices",NA
"203","A2718594C","Balance on goods ;","AUS","AUS",1972-08-01,158,"M","$ Millions","Seasonally Adjusted",NA,"Monthly","TABLE 1. GOODS, Summary: Seasonally adjusted and trend estimates, Current prices",NA
"204","FXRTWI","Trade-weighted Index May 1970 = 100","AUS","AUS",1972-08-31,98.5,"M","Index","Indicative","RBA","Monthly","F11 Exchange Rates","Australian Dollar Trade-weighted Index"
"205","A2304418T","Gross domestic product: Current prices ;","AUS","AUS",1972-09-01,11702,"Q","$ Millions","Seasonally Adjusted",NA,"Quarterly","Table 1. Key National Accounts Aggregates",NA
"206","A2325846C","Index Numbers ; All groups CPI ; Australia ;","AUS","AUS",1972-09-01,11.1,"Q","Index Numbers","Original",NA,"Quarterly","TABLES 1 and 2. CPI: All Groups, Index Numbers and Percentage Changes",NA
"207","A2718577A","Credits, Total goods ;","AUS","AUS",1972-09-01,483,"M","$ Millions","Seasonally Adjusted",NA,"Monthly","TABLE 1. GOODS, Summary: Seasonally adjusted and trend estimates, Current prices",NA
"208","A2718594C","Balance on goods ;","AUS","AUS",1972-09-01,202,"M","$ Millions","Seasonally Adjusted",NA,"Monthly","TABLE 1. GOODS, Summary: Seasonally adjusted and trend estimates, Current prices",NA
"209","FXRTWI","Trade-weighted Index May 1970 = 100","AUS","AUS",1972-09-30,98.9,"M","Index","Indicative","RBA","Monthly","F11 Exchange Rates","Australian Dollar Trade-weighted Index"
"210","A2718577A","Credits, Total goods ;","AUS","AUS",1972-10-01,494,"M","$ Millions","Seasonally Adjusted",NA,"Monthly","TABLE 1. GOODS, Summary: Seasonally adjusted and trend estimates, Current prices",NA
"211","A2718594C","Balance on goods ;","AUS","AUS",1972-10-01,191,"M","$ Millions","Seasonally Adjusted",NA,"Monthly","TABLE 1. GOODS, Summary: Seasonally adjusted and trend estimates, Current prices",NA
"212","FXRTWI","Trade-weighted Index May 1970 = 100","AUS","AUS",1972-10-31,99.8,"M","Index","Indicative","RBA","Monthly","F11 Exchange Rates","Australian Dollar Trade-weighted Index"
"213","A2718577A","Credits, Total goods ;","AUS","AUS",1972-11-01,511,"M","$ Millions","Seasonally Adjusted",NA,"Monthly","TABLE 1. GOODS, Summary: Seasonally adjusted and trend estimates, Current prices",NA
"214","A2718594C","Balance on goods ;","AUS","AUS",1972-11-01,188,"M","$ Millions","Seasonally Adjusted",NA,"Monthly","TABLE 1. GOODS, Summary: Seasonally adjusted and trend estimates, Current prices",NA
"215","FXRTWI","Trade-weighted Index May 1970 = 100","AUS","AUS",1972-11-30,99.4,"M","Index","Indicative","RBA","Monthly","F11 Exchange Rates","Australian Dollar Trade-weighted Index"
"216","A2304418T","Gross domestic product: Current prices ;","AUS","AUS",1972-12-01,12091,"Q","$ Millions","Seasonally Adjusted",NA,"Quarterly","Table 1. Key National Accounts Aggregates",NA
"217","A2325846C","Index Numbers ; All groups CPI ; Australia ;","AUS","AUS",1972-12-01,11.2,"Q","Index Numbers","Original",NA,"Quarterly","TABLES 1 and 2. CPI: All Groups, Index Numbers and Percentage Changes",NA
"218","A2718577A","Credits, Total goods ;","AUS","AUS",1972-12-01,511,"M","$ Millions","Seasonally Adjusted",NA,"Monthly","TABLE 1. GOODS, Summary: Seasonally adjusted and trend estimates, Current prices",NA
"219","A2718594C","Balance on goods ;","AUS","AUS",1972-12-01,208,"M","$ Millions","Seasonally Adjusted",NA,"Monthly","TABLE 1. GOODS, Summary: Seasonally adjusted and trend estimates, Current prices",NA
"220","FXRTWI","Trade-weighted Index May 1970 = 100","AUS","AUS",1972-12-31,106.5,"M","Index","Indicative","RBA","Monthly","F11 Exchange Rates","Australian Dollar Trade-weighted Index"
"221","A2718577A","Credits, Total goods ;","AUS","AUS",1973-01-01,560,"M","$ Millions","Seasonally Adjusted",NA,"Monthly","TABLE 1. GOODS, Summary: Seasonally adjusted and trend estimates, Current prices",NA
"222","A2718594C","Balance on goods ;","AUS","AUS",1973-01-01,237,"M","$ Millions","Seasonally Adjusted",NA,"Monthly","TABLE 1. GOODS, Summary: Seasonally adjusted and trend estimates, Current prices",NA
"223","FXRTWI","Trade-weighted Index May 1970 = 100","AUS","AUS",1973-01-31,105.9,"M","Index","Indicative","RBA","Monthly","F11 Exchange Rates","Australian Dollar Trade-weighted Index"
"224","A2718577A","Credits, Total goods ;","AUS","AUS",1973-02-01,529,"M","$ Millions","Seasonally Adjusted",NA,"Monthly","TABLE 1. GOODS, Summary: Seasonally adjusted and trend estimates, Current prices",NA
"225","A2718594C","Balance on goods ;","AUS","AUS",1973-02-01,192,"M","$ Millions","Seasonally Adjusted",NA,"Monthly","TABLE 1. GOODS, Summary: Seasonally adjusted and trend estimates, Current prices",NA
"226","FXRTWI","Trade-weighted Index May 1970 = 100","AUS","AUS",1973-02-28,110.7,"M","Index","Indicative","RBA","Monthly","F11 Exchange Rates","Australian Dollar Trade-weighted Index"
"227","A2304418T","Gross domestic product: Current prices ;","AUS","AUS",1973-03-01,12696,"Q","$ Millions","Seasonally Adjusted",NA,"Quarterly","Table 1. Key National Accounts Aggregates",NA
"228","A2325846C","Index Numbers ; All groups CPI ; Australia ;","AUS","AUS",1973-03-01,11.4,"Q","Index Numbers","Original",NA,"Quarterly","TABLES 1 and 2. CPI: All Groups, Index Numbers and Percentage Changes",NA
"229","A2718577A","Credits, Total goods ;","AUS","AUS",1973-03-01,551,"M","$ Millions","Seasonally Adjusted",NA,"Monthly","TABLE 1. GOODS, Summary: Seasonally adjusted and trend estimates, Current prices",NA
"230","A2718594C","Balance on goods ;","AUS","AUS",1973-03-01,216,"M","$ Millions","Seasonally Adjusted",NA,"Monthly","TABLE 1. GOODS, Summary: Seasonally adjusted and trend estimates, Current prices",NA
"231","FXRTWI","Trade-weighted Index May 1970 = 100","AUS","AUS",1973-03-31,110.5,"M","Index","Indicative","RBA","Monthly","F11 Exchange Rates","Australian Dollar Trade-weighted Index"
"232","A2718577A","Credits, Total goods ;","AUS","AUS",1973-04-01,506,"M","$ Millions","Seasonally Adjusted",NA,"Monthly","TABLE 1. GOODS, Summary: Seasonally adjusted and trend estimates, Current prices",NA
"233","A2718594C","Balance on goods ;","AUS","AUS",1973-04-01,189,"M","$ Millions","Seasonally Adjusted",NA,"Monthly","TABLE 1. GOODS, Summary: Seasonally adjusted and trend estimates, Current prices",NA
"234","FXRTWI","Trade-weighted Index May 1970 = 100","AUS","AUS",1973-04-30,110.5,"M","Index","Indicative","RBA","Monthly","F11 Exchange Rates","Australian Dollar Trade-weighted Index"
"235","A2718577A","Credits, Total goods ;","AUS","AUS",1973-05-01,545,"M","$ Millions","Seasonally Adjusted",NA,"Monthly","TABLE 1. GOODS, Summary: Seasonally adjusted and trend estimates, Current prices",NA
"236","A2718594C","Balance on goods ;","AUS","AUS",1973-05-01,190,"M","$ Millions","Seasonally Adjusted",NA,"Monthly","TABLE 1. GOODS, Summary: Seasonally adjusted and trend estimates, Current prices",NA
"237","FXRTWI","Trade-weighted Index May 1970 = 100","AUS","AUS",1973-05-31,109.1,"M","Index","Indicative","RBA","Monthly","F11 Exchange Rates","Australian Dollar Trade-weighted Index"
"238","A2304418T","Gross domestic product: Current prices ;","AUS","AUS",1973-06-01,13293,"Q","$ Millions","Seasonally Adjusted",NA,"Quarterly","Table 1. Key National Accounts Aggregates",NA
"239","A2325846C","Index Numbers ; All groups CPI ; Australia ;","AUS","AUS",1973-06-01,11.8,"Q","Index Numbers","Original",NA,"Quarterly","TABLES 1 and 2. CPI: All Groups, Index Numbers and Percentage Changes",NA
"240","A2718577A","Credits, Total goods ;","AUS","AUS",1973-06-01,555,"M","$ Millions","Seasonally Adjusted",NA,"Monthly","TABLE 1. GOODS, Summary: Seasonally adjusted and trend estimates, Current prices",NA
"241","A2718594C","Balance on goods ;","AUS","AUS",1973-06-01,175,"M","$ Millions","Seasonally Adjusted",NA,"Monthly","TABLE 1. GOODS, Summary: Seasonally adjusted and trend estimates, Current prices",NA
"242","FXRTWI","Trade-weighted Index May 1970 = 100","AUS","AUS",1973-06-30,107.9,"M","Index","Indicative","RBA","Monthly","F11 Exchange Rates","Australian Dollar Trade-weighted Index"
"243","A2718577A","Credits, Total goods ;","AUS","AUS",1973-07-01,540,"M","$ Millions","Seasonally Adjusted",NA,"Monthly","TABLE 1. GOODS, Summary: Seasonally adjusted and trend estimates, Current prices",NA
"244","A2718594C","Balance on goods ;","AUS","AUS",1973-07-01,142,"M","$ Millions","Seasonally Adjusted",NA,"Monthly","TABLE 1. GOODS, Summary: Seasonally adjusted and trend estimates, Current prices",NA
"245","FXRTWI","Trade-weighted Index May 1970 = 100","AUS","AUS",1973-07-31,107.9,"M","Index","Indicative","RBA","Monthly","F11 Exchange Rates","Australian Dollar Trade-weighted Index"
"246","A2718577A","Credits, Total goods ;","AUS","AUS",1973-08-01,547,"M","$ Millions","Seasonally Adjusted",NA,"Monthly","TABLE 1. GOODS, Summary: Seasonally adjusted and trend estimates, Current prices",NA
"247","A2718594C","Balance on goods ;","AUS","AUS",1973-08-01,175,"M","$ Millions","Seasonally Adjusted",NA,"Monthly","TABLE 1. GOODS, Summary: Seasonally adjusted and trend estimates, Current prices",NA
"248","FXRTWI","Trade-weighted Index May 1970 = 100","AUS","AUS",1973-08-31,108.9,"M","Index","Indicative","RBA","Monthly","F11 Exchange Rates","Australian Dollar Trade-weighted Index"
"249","A2304418T","Gross domestic product: Current prices ;","AUS","AUS",1973-09-01,14037,"Q","$ Millions","Seasonally Adjusted",NA,"Quarterly","Table 1. Key National Accounts Aggregates",NA
"250","A2325846C","Index Numbers ; All groups CPI ; Australia ;","AUS","AUS",1973-09-01,12.2,"Q","Index Numbers","Original",NA,"Quarterly","TABLES 1 and 2. CPI: All Groups, Index Numbers and Percentage Changes",NA
"251","A2718577A","Credits, Total goods ;","AUS","AUS",1973-09-01,555,"M","$ Millions","Seasonally Adjusted",NA,"Monthly","TABLE 1. GOODS, Summary: Seasonally adjusted and trend estimates, Current prices",NA
"252","A2718594C","Balance on goods ;","AUS","AUS",1973-09-01,132,"M","$ Millions","Seasonally Adjusted",NA,"Monthly","TABLE 1. GOODS, Summary: Seasonally adjusted and trend estimates, Current prices",NA
"253","FXRTWI","Trade-weighted Index May 1970 = 100","AUS","AUS",1973-09-30,113.9,"M","Index","Indicative","RBA","Monthly","F11 Exchange Rates","Australian Dollar Trade-weighted Index"
"254","A2718577A","Credits, Total goods ;","AUS","AUS",1973-10-01,585,"M","$ Millions","Seasonally Adjusted",NA,"Monthly","TABLE 1. GOODS, Summary: Seasonally adjusted and trend estimates, Current prices",NA
"255","A2718594C","Balance on goods ;","AUS","AUS",1973-10-01,184,"M","$ Millions","Seasonally Adjusted",NA,"Monthly","TABLE 1. GOODS, Summary: Seasonally adjusted and trend estimates, Current prices",NA
"256","FXRTWI","Trade-weighted Index May 1970 = 100","AUS","AUS",1973-10-31,113.8,"M","Index","Indicative","RBA","Monthly","F11 Exchange Rates","Australian Dollar Trade-weighted Index"
"257","A2718577A","Credits, Total goods ;","AUS","AUS",1973-11-01,567,"M","$ Millions","Seasonally Adjusted",NA,"Monthly","TABLE 1. GOODS, Summary: Seasonally adjusted and trend estimates, Current prices",NA
"258","A2718594C","Balance on goods ;","AUS","AUS",1973-11-01,128,"M","$ Millions","Seasonally Adjusted",NA,"Monthly","TABLE 1. GOODS, Summary: Seasonally adjusted and trend estimates, Current prices",NA
"259","FXRTWI","Trade-weighted Index May 1970 = 100","AUS","AUS",1973-11-30,117.3,"M","Index","Indicative","RBA","Monthly","F11 Exchange Rates","Australian Dollar Trade-weighted Index"
"260","A2304418T","Gross domestic product: Current prices ;","AUS","AUS",1973-12-01,14970,"Q","$ Millions","Seasonally Adjusted",NA,"Quarterly","Table 1. Key National Accounts Aggregates",NA
"261","A2325846C","Index Numbers ; All groups CPI ; Australia ;","AUS","AUS",1973-12-01,12.6,"Q","Index Numbers","Original",NA,"Quarterly","TABLES 1 and 2. CPI: All Groups, Index Numbers and Percentage Changes",NA
"262","A2718577A","Credits, Total goods ;","AUS","AUS",1973-12-01,563,"M","$ Millions","Seasonally Adjusted",NA,"Monthly","TABLE 1. GOODS, Summary: Seasonally adjusted and trend estimates, Current prices",NA
"263","A2718594C","Balance on goods ;","AUS","AUS",1973-12-01,85,"M","$ Millions","Seasonally Adjusted",NA,"Monthly","TABLE 1. GOODS, Summary: Seasonally adjusted and trend estimates, Current prices",NA
"264","FXRTWI","Trade-weighted Index May 1970 = 100","AUS","AUS",1973-12-31,118.1,"M","Index","Indicative","RBA","Monthly","F11 Exchange Rates","Australian Dollar Trade-weighted Index"
"265","A2718577A","Credits, Total goods ;","AUS","AUS",1974-01-01,546,"M","$ Millions","Seasonally Adjusted",NA,"Monthly","TABLE 1. GOODS, Summary: Seasonally adjusted and trend estimates, Current prices",NA
"266","A2718594C","Balance on goods ;","AUS","AUS",1974-01-01,105,"M","$ Millions","Seasonally Adjusted",NA,"Monthly","TABLE 1. GOODS, Summary: Seasonally adjusted and trend estimates, Current prices",NA
"267","FXRTWI","Trade-weighted Index May 1970 = 100","AUS","AUS",1974-01-31,121.3,"M","Index","Indicative","RBA","Monthly","F11 Exchange Rates","Australian Dollar Trade-weighted Index"
"268","A2718577A","Credits, Total goods ;","AUS","AUS",1974-02-01,613,"M","$ Millions","Seasonally Adjusted",NA,"Monthly","TABLE 1. GOODS, Summary: Seasonally adjusted and trend estimates, Current prices",NA
"269","A2718594C","Balance on goods ;","AUS","AUS",1974-02-01,95,"M","$ Millions","Seasonally Adjusted",NA,"Monthly","TABLE 1. GOODS, Summary: Seasonally adjusted and trend estimates, Current prices",NA
"270","FXRTWI","Trade-weighted Index May 1970 = 100","AUS","AUS",1974-02-28,119,"M","Index","Indicative","RBA","Monthly","F11 Exchange Rates","Australian Dollar Trade-weighted Index"
"271","A2304418T","Gross domestic product: Current prices ;","AUS","AUS",1974-03-01,15498,"Q","$ Millions","Seasonally Adjusted",NA,"Quarterly","Table 1. Key National Accounts Aggregates",NA
"272","A2325846C","Index Numbers ; All groups CPI ; Australia ;","AUS","AUS",1974-03-01,13,"Q","Index Numbers","Original",NA,"Quarterly","TABLES 1 and 2. CPI: All Groups, Index Numbers and Percentage Changes",NA
"273","A2718577A","Credits, Total goods ;","AUS","AUS",1974-03-01,532,"M","$ Millions","Seasonally Adjusted",NA,"Monthly","TABLE 1. GOODS, Summary: Seasonally adjusted and trend estimates, Current prices",NA
"274","A2718594C","Balance on goods ;","AUS","AUS",1974-03-01,-18,"M","$ Millions","Seasonally Adjusted",NA,"Monthly","TABLE 1. GOODS, Summary: Seasonally adjusted and trend estimates, Current prices",NA
"275","FXRTWI","Trade-weighted Index May 1970 = 100","AUS","AUS",1974-03-31,115.5,"M","Index","Indicative","RBA","Monthly","F11 Exchange Rates","Australian Dollar Trade-weighted Index"
"276","A2718577A","Credits, Total goods ;","AUS","AUS",1974-04-01,530,"M","$ Millions","Seasonally Adjusted",NA,"Monthly","TABLE 1. GOODS, Summary: Seasonally adjusted and trend estimates, Current prices",NA
"277","A2718594C","Balance on goods ;","AUS","AUS",1974-04-01,-32,"M","$ Millions","Seasonally Adjusted",NA,"Monthly","TABLE 1. GOODS, Summary: Seasonally adjusted and trend estimates, Current prices",NA
"278","FXRTWI","Trade-weighted Index May 1970 = 100","AUS","AUS",1974-04-30,116,"M","Index","Indicative","RBA","Monthly","F11 Exchange Rates","Australian Dollar Trade-weighted Index"
"279","A2718577A","Credits, Total goods ;","AUS","AUS",1974-05-01,642,"M","$ Millions","Seasonally Adjusted",NA,"Monthly","TABLE 1. GOODS, Summary: Seasonally adjusted and trend estimates, Current prices",NA
"280","A2718594C","Balance on goods ;","AUS","AUS",1974-05-01,9,"M","$ Millions","Seasonally Adjusted",NA,"Monthly","TABLE 1. GOODS, Summary: Seasonally adjusted and trend estimates, Current prices",NA
"281","FXRTWI","Trade-weighted Index May 1970 = 100","AUS","AUS",1974-05-31,117,"M","Index","Indicative","RBA","Monthly","F11 Exchange Rates","Australian Dollar Trade-weighted Index"
"282","A2304418T","Gross domestic product: Current prices ;","AUS","AUS",1974-06-01,15768,"Q","$ Millions","Seasonally Adjusted",NA,"Quarterly","Table 1. Key National Accounts Aggregates",NA
"283","A2325846C","Index Numbers ; All groups CPI ; Australia ;","AUS","AUS",1974-06-01,13.5,"Q","Index Numbers","Original",NA,"Quarterly","TABLES 1 and 2. CPI: All Groups, Index Numbers and Percentage Changes",NA
"284","A2718577A","Credits, Total goods ;","AUS","AUS",1974-06-01,592,"M","$ Millions","Seasonally Adjusted",NA,"Monthly","TABLE 1. GOODS, Summary: Seasonally adjusted and trend estimates, Current prices",NA
"285","A2718594C","Balance on goods ;","AUS","AUS",1974-06-01,-15,"M","$ Millions","Seasonally Adjusted",NA,"Monthly","TABLE 1. GOODS, Summary: Seasonally adjusted and trend estimates, Current prices",NA
"286","FXRTWI","Trade-weighted Index May 1970 = 100","AUS","AUS",1974-06-30,117.3,"M","Index","Indicative","RBA","Monthly","F11 Exchange Rates","Australian Dollar Trade-weighted Index"
"287","A2718577A","Credits, Total goods ;","AUS","AUS",1974-07-01,622,"M","$ Millions","Seasonally Adjusted",NA,"Monthly","TABLE 1. GOODS, Summary: Seasonally adjusted and trend estimates, Current prices",NA
"288","A2718594C","Balance on goods ;","AUS","AUS",1974-07-01,-20,"M","$ Millions","Seasonally Adjusted",NA,"Monthly","TABLE 1. GOODS, Summary: Seasonally adjusted and trend estimates, Current prices",NA
"289","FXRTWI","Trade-weighted Index May 1970 = 100","AUS","AUS",1974-07-31,118.8,"M","Index","Indicative","RBA","Monthly","F11 Exchange Rates","Australian Dollar Trade-weighted Index"
"290","A2718577A","Credits, Total goods ;","AUS","AUS",1974-08-01,626,"M","$ Millions","Seasonally Adjusted",NA,"Monthly","TABLE 1. GOODS, Summary: Seasonally adjusted and trend estimates, Current prices",NA
"291","A2718594C","Balance on goods ;","AUS","AUS",1974-08-01,-64,"M","$ Millions","Seasonally Adjusted",NA,"Monthly","TABLE 1. GOODS, Summary: Seasonally adjusted and trend estimates, Current prices",NA
"292","FXRTWI","Trade-weighted Index May 1970 = 100","AUS","AUS",1974-08-31,120.5,"M","Index","Indicative","RBA","Monthly","F11 Exchange Rates","Australian Dollar Trade-weighted Index"
"293","A2304418T","Gross domestic product: Current prices ;","AUS","AUS",1974-09-01,16753,"Q","$ Millions","Seasonally Adjusted",NA,"Quarterly","Table 1. Key National Accounts Aggregates",NA
"294","A2325846C","Index Numbers ; All groups CPI ; Australia ;","AUS","AUS",1974-09-01,14.2,"Q","Index Numbers","Original",NA,"Quarterly","TABLES 1 and 2. CPI: All Groups, Index Numbers and Percentage Changes",NA
"295","A2718577A","Credits, Total goods ;","AUS","AUS",1974-09-01,733,"M","$ Millions","Seasonally Adjusted",NA,"Monthly","TABLE 1. GOODS, Summary: Seasonally adjusted and trend estimates, Current prices",NA
"296","A2718594C","Balance on goods ;","AUS","AUS",1974-09-01,5,"M","$ Millions","Seasonally Adjusted",NA,"Monthly","TABLE 1. GOODS, Summary: Seasonally adjusted and trend estimates, Current prices",NA
"297","FXRTWI","Trade-weighted Index May 1970 = 100","AUS","AUS",1974-09-30,105.3,"M","Index","Indicative","RBA","Monthly","F11 Exchange Rates","Australian Dollar Trade-weighted Index"
"298","A2718577A","Credits, Total goods ;","AUS","AUS",1974-10-01,674,"M","$ Millions","Seasonally Adjusted",NA,"Monthly","TABLE 1. GOODS, Summary: Seasonally adjusted and trend estimates, Current prices",NA
"299","A2718594C","Balance on goods ;","AUS","AUS",1974-10-01,-34,"M","$ Millions","Seasonally Adjusted",NA,"Monthly","TABLE 1. GOODS, Summary: Seasonally adjusted and trend estimates, Current prices",NA
"300","FXRTWI","Trade-weighted Index May 1970 = 100","AUS","AUS",1974-10-31,105.3,"M","Index","Indicative","RBA","Monthly","F11 Exchange Rates","Australian Dollar Trade-weighted Index"
"301","A2718577A","Credits, Total goods ;","AUS","AUS",1974-11-01,707,"M","$ Millions","Seasonally Adjusted",NA,"Monthly","TABLE 1. GOODS, Summary: Seasonally adjusted and trend estimates, Current prices",NA
"302","A2718594C","Balance on goods ;","AUS","AUS",1974-11-01,19,"M","$ Millions","Seasonally Adjusted",NA,"Monthly","TABLE 1. GOODS, Summary: Seasonally adjusted and trend estimates, Current prices",NA
"303","FXRTWI","Trade-weighted Index May 1970 = 100","AUS","AUS",1974-11-30,105.3,"M","Index","Indicative","RBA","Monthly","F11 Exchange Rates","Australian Dollar Trade-weighted Index"
"304","A2304418T","Gross domestic product: Current prices ;","AUS","AUS",1974-12-01,17647,"Q","$ Millions","Seasonally Adjusted",NA,"Quarterly","Table 1. Key National Accounts Aggregates",NA
"305","A2325846C","Index Numbers ; All groups CPI ; Australia ;","AUS","AUS",1974-12-01,14.7,"Q","Index Numbers","Original",NA,"Quarterly","TABLES 1 and 2. CPI: All Groups, Index Numbers and Percentage Changes",NA
"306","A2718577A","Credits, Total goods ;","AUS","AUS",1974-12-01,755,"M","$ Millions","Seasonally Adjusted",NA,"Monthly","TABLE 1. GOODS, Summary: Seasonally adjusted and trend estimates, Current prices",NA
"307","A2718594C","Balance on goods ;","AUS","AUS",1974-12-01,89,"M","$ Millions","Seasonally Adjusted",NA,"Monthly","TABLE 1. GOODS, Summary: Seasonally adjusted and trend estimates, Current prices",NA
"308","FXRTWI","Trade-weighted Index May 1970 = 100","AUS","AUS",1974-12-31,105.3,"M","Index","Indicative","RBA","Monthly","F11 Exchange Rates","Australian Dollar Trade-weighted Index"
"309","A2718577A","Credits, Total goods ;","AUS","AUS",1975-01-01,710,"M","$ Millions","Seasonally Adjusted",NA,"Monthly","TABLE 1. GOODS, Summary: Seasonally adjusted and trend estimates, Current prices",NA
"310","A2718594C","Balance on goods ;","AUS","AUS",1975-01-01,56,"M","$ Millions","Seasonally Adjusted",NA,"Monthly","TABLE 1. GOODS, Summary: Seasonally adjusted and trend estimates, Current prices",NA
"311","FXRTWI","Trade-weighted Index May 1970 = 100","AUS","AUS",1975-01-31,105.3,"M","Index","Indicative","RBA","Monthly","F11 Exchange Rates","Australian Dollar Trade-weighted Index"
"312","A2718577A","Credits, Total goods ;","AUS","AUS",1975-02-01,768,"M","$ Millions","Seasonally Adjusted",NA,"Monthly","TABLE 1. GOODS, Summary: Seasonally adjusted and trend estimates, Current prices",NA
"313","A2718594C","Balance on goods ;","AUS","AUS",1975-02-01,135,"M","$ Millions","Seasonally Adjusted",NA,"Monthly","TABLE 1. GOODS, Summary: Seasonally adjusted and trend estimates, Current prices",NA
"314","FXRTWI","Trade-weighted Index May 1970 = 100","AUS","AUS",1975-02-28,105.3,"M","Index","Indicative","RBA","Monthly","F11 Exchange Rates","Australian Dollar Trade-weighted Index"
"315","A2304418T","Gross domestic product: Current prices ;","AUS","AUS",1975-03-01,17999,"Q","$ Millions","Seasonally Adjusted",NA,"Quarterly","Table 1. Key National Accounts Aggregates",NA
"316","A2325846C","Index Numbers ; All groups CPI ; Australia ;","AUS","AUS",1975-03-01,15.3,"Q","Index Numbers","Original",NA,"Quarterly","TABLES 1 and 2. CPI: All Groups, Index Numbers and Percentage Changes",NA
"317","A2718577A","Credits, Total goods ;","AUS","AUS",1975-03-01,703,"M","$ Millions","Seasonally Adjusted",NA,"Monthly","TABLE 1. GOODS, Summary: Seasonally adjusted and trend estimates, Current prices",NA
"318","A2718594C","Balance on goods ;","AUS","AUS",1975-03-01,161,"M","$ Millions","Seasonally Adjusted",NA,"Monthly","TABLE 1. GOODS, Summary: Seasonally adjusted and trend estimates, Current prices",NA
"319","FXRTWI","Trade-weighted Index May 1970 = 100","AUS","AUS",1975-03-31,105.3,"M","Index","Indicative","RBA","Monthly","F11 Exchange Rates","Australian Dollar Trade-weighted Index"
"320","A2718577A","Credits, Total goods ;","AUS","AUS",1975-04-01,779,"M","$ Millions","Seasonally Adjusted",NA,"Monthly","TABLE 1. GOODS, Summary: Seasonally adjusted and trend estimates, Current prices",NA
"321","A2718594C","Balance on goods ;","AUS","AUS",1975-04-01,170,"M","$ Millions","Seasonally Adjusted",NA,"Monthly","TABLE 1. GOODS, Summary: Seasonally adjusted and trend estimates, Current prices",NA
"322","FXRTWI","Trade-weighted Index May 1970 = 100","AUS","AUS",1975-04-30,105.3,"M","Index","Indicative","RBA","Monthly","F11 Exchange Rates","Australian Dollar Trade-weighted Index"
"323","A2718577A","Credits, Total goods ;","AUS","AUS",1975-05-01,788,"M","$ Millions","Seasonally Adjusted",NA,"Monthly","TABLE 1. GOODS, Summary: Seasonally adjusted and trend estimates, Current prices",NA
"324","A2718594C","Balance on goods ;","AUS","AUS",1975-05-01,180,"M","$ Millions","Seasonally Adjusted",NA,"Monthly","TABLE 1. GOODS, Summary: Seasonally adjusted and trend estimates, Current prices",NA
"325","FXRTWI","Trade-weighted Index May 1970 = 100","AUS","AUS",1975-05-31,105.3,"M","Index","Indicative","RBA","Monthly","F11 Exchange Rates","Australian Dollar Trade-weighted Index"
"326","A2304418T","Gross domestic product: Current prices ;","AUS","AUS",1975-06-01,18830,"Q","$ Millions","Seasonally Adjusted",NA,"Quarterly","Table 1. Key National Accounts Aggregates",NA
"327","A2325846C","Index Numbers ; All groups CPI ; Australia ;","AUS","AUS",1975-06-01,15.8,"Q","Index Numbers","Original",NA,"Quarterly","TABLES 1 and 2. CPI: All Groups, Index Numbers and Percentage Changes",NA
"328","A2718577A","Credits, Total goods ;","AUS","AUS",1975-06-01,806,"M","$ Millions","Seasonally Adjusted",NA,"Monthly","TABLE 1. GOODS, Summary: Seasonally adjusted and trend estimates, Current prices",NA
"329","A2718594C","Balance on goods ;","AUS","AUS",1975-06-01,244,"M","$ Millions","Seasonally Adjusted",NA,"Monthly","TABLE 1. GOODS, Summary: Seasonally adjusted and trend estimates, Current prices",NA
"330","FXRTWI","Trade-weighted Index May 1970 = 100","AUS","AUS",1975-06-30,105.3,"M","Index","Indicative","RBA","Monthly","F11 Exchange Rates","Australian Dollar Trade-weighted Index"
"331","A2718577A","Credits, Total goods ;","AUS","AUS",1975-07-01,769,"M","$ Millions","Seasonally Adjusted",NA,"Monthly","TABLE 1. GOODS, Summary: Seasonally adjusted and trend estimates, Current prices",NA
"332","A2718594C","Balance on goods ;","AUS","AUS",1975-07-01,178,"M","$ Millions","Seasonally Adjusted",NA,"Monthly","TABLE 1. GOODS, Summary: Seasonally adjusted and trend estimates, Current prices",NA
"333","FXRTWI","Trade-weighted Index May 1970 = 100","AUS","AUS",1975-07-31,105.3,"M","Index","Indicative","RBA","Monthly","F11 Exchange Rates","Australian Dollar Trade-weighted Index"
"334","A2718577A","Credits, Total goods ;","AUS","AUS",1975-08-01,797,"M","$ Millions","Seasonally Adjusted",NA,"Monthly","TABLE 1. GOODS, Summary: Seasonally adjusted and trend estimates, Current prices",NA
"335","A2718594C","Balance on goods ;","AUS","AUS",1975-08-01,209,"M","$ Millions","Seasonally Adjusted",NA,"Monthly","TABLE 1. GOODS, Summary: Seasonally adjusted and trend estimates, Current prices",NA
"336","FXRTWI","Trade-weighted Index May 1970 = 100","AUS","AUS",1975-08-31,105.3,"M","Index","Indicative","RBA","Monthly","F11 Exchange Rates","Australian Dollar Trade-weighted Index"
"337","A2304418T","Gross domestic product: Current prices ;","AUS","AUS",1975-09-01,19402,"Q","$ Millions","Seasonally Adjusted",NA,"Quarterly","Table 1. Key National Accounts Aggregates",NA
"338","A2325846C","Index Numbers ; All groups CPI ; Australia ;","AUS","AUS",1975-09-01,15.9,"Q","Index Numbers","Original",NA,"Quarterly","TABLES 1 and 2. CPI: All Groups, Index Numbers and Percentage Changes",NA
"339","A2718577A","Credits, Total goods ;","AUS","AUS",1975-09-01,700,"M","$ Millions","Seasonally Adjusted",NA,"Monthly","TABLE 1. GOODS, Summary: Seasonally adjusted and trend estimates, Current prices",NA
"340","A2718594C","Balance on goods ;","AUS","AUS",1975-09-01,84,"M","$ Millions","Seasonally Adjusted",NA,"Monthly","TABLE 1. GOODS, Summary: Seasonally adjusted and trend estimates, Current prices",NA
"341","FXRTWI","Trade-weighted Index May 1970 = 100","AUS","AUS",1975-09-30,105.3,"M","Index","Indicative","RBA","Monthly","F11 Exchange Rates","Australian Dollar Trade-weighted Index"
"342","A2718577A","Credits, Total goods ;","AUS","AUS",1975-10-01,769,"M","$ Millions","Seasonally Adjusted",NA,"Monthly","TABLE 1. GOODS, Summary: Seasonally adjusted and trend estimates, Current prices",NA
"343","A2718594C","Balance on goods ;","AUS","AUS",1975-10-01,145,"M","$ Millions","Seasonally Adjusted",NA,"Monthly","TABLE 1. GOODS, Summary: Seasonally adjusted and trend estimates, Current prices",NA
"344","FXRTWI","Trade-weighted Index May 1970 = 100","AUS","AUS",1975-10-31,105.3,"M","Index","Indicative","RBA","Monthly","F11 Exchange Rates","Australian Dollar Trade-weighted Index"
"345","A2718577A","Credits, Total goods ;","AUS","AUS",1975-11-01,734,"M","$ Millions","Seasonally Adjusted",NA,"Monthly","TABLE 1. GOODS, Summary: Seasonally adjusted and trend estimates, Current prices",NA
"346","A2718594C","Balance on goods ;","AUS","AUS",1975-11-01,105,"M","$ Millions","Seasonally Adjusted",NA,"Monthly","TABLE 1. GOODS, Summary: Seasonally adjusted and trend estimates, Current prices",NA
"347","FXRTWI","Trade-weighted Index May 1970 = 100","AUS","AUS",1975-11-30,105.3,"M","Index","Indicative","RBA","Monthly","F11 Exchange Rates","Australian Dollar Trade-weighted Index"
"348","A2304418T","Gross domestic product: Current prices ;","AUS","AUS",1975-12-01,20338,"Q","$ Millions","Seasonally Adjusted",NA,"Quarterly","Table 1. Key National Accounts Aggregates",NA
"349","A2325846C","Index Numbers ; All groups CPI ; Australia ;","AUS","AUS",1975-12-01,16.8,"Q","Index Numbers","Original",NA,"Quarterly","TABLES 1 and 2. CPI: All Groups, Index Numbers and Percentage Changes",NA
"350","A2718577A","Credits, Total goods ;","AUS","AUS",1975-12-01,758,"M","$ Millions","Seasonally Adjusted",NA,"Monthly","TABLE 1. GOODS, Summary: Seasonally adjusted and trend estimates, Current prices",NA
"351","A2718594C","Balance on goods ;","AUS","AUS",1975-12-01,93,"M","$ Millions","Seasonally Adjusted",NA,"Monthly","TABLE 1. GOODS, Summary: Seasonally adjusted and trend estimates, Current prices",NA
"352","FXRTWI","Trade-weighted Index May 1970 = 100","AUS","AUS",1975-12-31,105.3,"M","Index","Indicative","RBA","Monthly","F11 Exchange Rates","Australian Dollar Trade-weighted Index"
"353","A2718577A","Credits, Total goods ;","AUS","AUS",1976-01-01,772,"M","$ Millions","Seasonally Adjusted",NA,"Monthly","TABLE 1. GOODS, Summary: Seasonally adjusted and trend estimates, Current prices",NA
"354","A2718594C","Balance on goods ;","AUS","AUS",1976-01-01,99,"M","$ Millions","Seasonally Adjusted",NA,"Monthly","TABLE 1. GOODS, Summary: Seasonally adjusted and trend estimates, Current prices",NA
"355","FXRTWI","Trade-weighted Index May 1970 = 100","AUS","AUS",1976-01-31,105.3,"M","Index","Indicative","RBA","Monthly","F11 Exchange Rates","Australian Dollar Trade-weighted Index"
"356","A2718577A","Credits, Total goods ;","AUS","AUS",1976-02-01,791,"M","$ Millions","Seasonally Adjusted",NA,"Monthly","TABLE 1. GOODS, Summary: Seasonally adjusted and trend estimates, Current prices",NA
"357","A2718594C","Balance on goods ;","AUS","AUS",1976-02-01,102,"M","$ Millions","Seasonally Adjusted",NA,"Monthly","TABLE 1. GOODS, Summary: Seasonally adjusted and trend estimates, Current prices",NA
"358","FXRTWI","Trade-weighted Index May 1970 = 100","AUS","AUS",1976-02-29,105.3,"M","Index","Indicative","RBA","Monthly","F11 Exchange Rates","Australian Dollar Trade-weighted Index"
"359","A2304418T","Gross domestic product: Current prices ;","AUS","AUS",1976-03-01,21303,"Q","$ Millions","Seasonally Adjusted",NA,"Quarterly","Table 1. Key National Accounts Aggregates",NA
"360","A2325846C","Index Numbers ; All groups CPI ; Australia ;","AUS","AUS",1976-03-01,17.3,"Q","Index Numbers","Original",NA,"Quarterly","TABLES 1 and 2. CPI: All Groups, Index Numbers and Percentage Changes",NA
"361","A2718577A","Credits, Total goods ;","AUS","AUS",1976-03-01,860,"M","$ Millions","Seasonally Adjusted",NA,"Monthly","TABLE 1. GOODS, Summary: Seasonally adjusted and trend estimates, Current prices",NA
"362","A2718594C","Balance on goods ;","AUS","AUS",1976-03-01,164,"M","$ Millions","Seasonally Adjusted",NA,"Monthly","TABLE 1. GOODS, Summary: Seasonally adjusted and trend estimates, Current prices",NA
"363","FXRTWI","Trade-weighted Index May 1970 = 100","AUS","AUS",1976-03-31,105.3,"M","Index","Indicative","RBA","Monthly","F11 Exchange Rates","Australian Dollar Trade-weighted Index"
"364","A2718577A","Credits, Total goods ;","AUS","AUS",1976-04-01,923,"M","$ Millions","Seasonally Adjusted",NA,"Monthly","TABLE 1. GOODS, Summary: Seasonally adjusted and trend estimates, Current prices",NA
"365","A2718594C","Balance on goods ;","AUS","AUS",1976-04-01,246,"M","$ Millions","Seasonally Adjusted",NA,"Monthly","TABLE 1. GOODS, Summary: Seasonally adjusted and trend estimates, Current prices",NA
"366","FXRTWI","Trade-weighted Index May 1970 = 100","AUS","AUS",1976-04-30,105.3,"M","Index","Indicative","RBA","Monthly","F11 Exchange Rates","Australian Dollar Trade-weighted Index"
"367","A2718577A","Credits, Total goods ;","AUS","AUS",1976-05-01,758,"M","$ Millions","Seasonally Adjusted",NA,"Monthly","TABLE 1. GOODS, Summary: Seasonally adjusted and trend estimates, Current prices",NA
"368","A2718594C","Balance on goods ;","AUS","AUS",1976-05-01,27,"M","$ Millions","Seasonally Adjusted",NA,"Monthly","TABLE 1. GOODS, Summary: Seasonally adjusted and trend estimates, Current prices",NA
"369","FXRTWI","Trade-weighted Index May 1970 = 100","AUS","AUS",1976-05-31,105.3,"M","Index","Indicative","RBA","Monthly","F11 Exchange Rates","Australian Dollar Trade-weighted Index"
"370","A2304418T","Gross domestic product: Current prices ;","AUS","AUS",1976-06-01,22240,"Q","$ Millions","Seasonally Adjusted",NA,"Quarterly","Table 1. Key National Accounts Aggregates",NA
"371","A2325846C","Index Numbers ; All groups CPI ; Australia ;","AUS","AUS",1976-06-01,17.7,"Q","Index Numbers","Original",NA,"Quarterly","TABLES 1 and 2. CPI: All Groups, Index Numbers and Percentage Changes",NA
"372","A2718577A","Credits, Total goods ;","AUS","AUS",1976-06-01,975,"M","$ Millions","Seasonally Adjusted",NA,"Monthly","TABLE 1. GOODS, Summary: Seasonally adjusted and trend estimates, Current prices",NA
"373","A2718594C","Balance on goods ;","AUS","AUS",1976-06-01,195,"M","$ Millions","Seasonally Adjusted",NA,"Monthly","TABLE 1. GOODS, Summary: Seasonally adjusted and trend estimates, Current prices",NA
"374","FXRTWI","Trade-weighted Index May 1970 = 100","AUS","AUS",1976-06-30,105.3,"M","Index","Indicative","RBA","Monthly","F11 Exchange Rates","Australian Dollar Trade-weighted Index"
"375","A2718577A","Credits, Total goods ;","AUS","AUS",1976-07-01,965,"M","$ Millions","Seasonally Adjusted",NA,"Monthly","TABLE 1. GOODS, Summary: Seasonally adjusted and trend estimates, Current prices",NA
"376","A2718594C","Balance on goods ;","AUS","AUS",1976-07-01,181,"M","$ Millions","Seasonally Adjusted",NA,"Monthly","TABLE 1. GOODS, Summary: Seasonally adjusted and trend estimates, Current prices",NA
"377","FXRTWI","Trade-weighted Index May 1970 = 100","AUS","AUS",1976-07-31,105.3,"M","Index","Indicative","RBA","Monthly","F11 Exchange Rates","Australian Dollar Trade-weighted Index"
"378","A2718577A","Credits, Total goods ;","AUS","AUS",1976-08-01,959,"M","$ Millions","Seasonally Adjusted",NA,"Monthly","TABLE 1. GOODS, Summary: Seasonally adjusted and trend estimates, Current prices",NA
"379","A2718594C","Balance on goods ;","AUS","AUS",1976-08-01,155,"M","$ Millions","Seasonally Adjusted",NA,"Monthly","TABLE 1. GOODS, Summary: Seasonally adjusted and trend estimates, Current prices",NA
"380","FXRTWI","Trade-weighted Index May 1970 = 100","AUS","AUS",1976-08-31,105.3,"M","Index","Indicative","RBA","Monthly","F11 Exchange Rates","Australian Dollar Trade-weighted Index"
"381","A2304418T","Gross domestic product: Current prices ;","AUS","AUS",1976-09-01,23016,"Q","$ Millions","Seasonally Adjusted",NA,"Quarterly","Table 1. Key National Accounts Aggregates",NA
"382","A2325846C","Index Numbers ; All groups CPI ; Australia ;","AUS","AUS",1976-09-01,18.1,"Q","Index Numbers","Original",NA,"Quarterly","TABLES 1 and 2. CPI: All Groups, Index Numbers and Percentage Changes",NA
"383","A2718577A","Credits, Total goods ;","AUS","AUS",1976-09-01,998,"M","$ Millions","Seasonally Adjusted",NA,"Monthly","TABLE 1. GOODS, Summary: Seasonally adjusted and trend estimates, Current prices",NA
"384","A2718594C","Balance on goods ;","AUS","AUS",1976-09-01,242,"M","$ Millions","Seasonally Adjusted",NA,"Monthly","TABLE 1. GOODS, Summary: Seasonally adjusted and trend estimates, Current prices",NA
"385","DLCACS","Credit; Total; Seasonally adjusted","AUS","AUS",1976-09-30,35.838,"M","$ billion","Seasonally Adjusted","RBA","Monthly","D2 Lending And Credit Aggregates","Credit; Total; Seasonally adjusted – Includes securitisations – For series breaks see Series Breaks"
"386","FXRTWI","Trade-weighted Index May 1970 = 100","AUS","AUS",1976-09-30,105.3,"M","Index","Indicative","RBA","Monthly","F11 Exchange Rates","Australian Dollar Trade-weighted Index"
"387","A2718577A","Credits, Total goods ;","AUS","AUS",1976-10-01,923,"M","$ Millions","Seasonally Adjusted",NA,"Monthly","TABLE 1. GOODS, Summary: Seasonally adjusted and trend estimates, Current prices",NA
"388","A2718594C","Balance on goods ;","AUS","AUS",1976-10-01,187,"M","$ Millions","Seasonally Adjusted",NA,"Monthly","TABLE 1. GOODS, Summary: Seasonally adjusted and trend estimates, Current prices",NA
"389","DLCACS","Credit; Total; Seasonally adjusted","AUS","AUS",1976-10-31,36.462,"M","$ billion","Seasonally Adjusted","RBA","Monthly","D2 Lending And Credit Aggregates","Credit; Total; Seasonally adjusted – Includes securitisations – For series breaks see Series Breaks"
"390","FXRTWI","Trade-weighted Index May 1970 = 100","AUS","AUS",1976-10-31,105.3,"M","Index","Indicative","RBA","Monthly","F11 Exchange Rates","Australian Dollar Trade-weighted Index"
"391","A2718577A","Credits, Total goods ;","AUS","AUS",1976-11-01,957,"M","$ Millions","Seasonally Adjusted",NA,"Monthly","TABLE 1. GOODS, Summary: Seasonally adjusted and trend estimates, Current prices",NA
"392","A2718594C","Balance on goods ;","AUS","AUS",1976-11-01,119,"M","$ Millions","Seasonally Adjusted",NA,"Monthly","TABLE 1. GOODS, Summary: Seasonally adjusted and trend estimates, Current prices",NA
"393","DLCACS","Credit; Total; Seasonally adjusted","AUS","AUS",1976-11-30,37.064,"M","$ billion","Seasonally Adjusted","RBA","Monthly","D2 Lending And Credit Aggregates","Credit; Total; Seasonally adjusted – Includes securitisations – For series breaks see Series Breaks"
"394","FXRTWI","Trade-weighted Index May 1970 = 100","AUS","AUS",1976-11-30,86.9,"M","Index","Indicative","RBA","Monthly","F11 Exchange Rates","Australian Dollar Trade-weighted Index"
"395","A2304418T","Gross domestic product: Current prices ;","AUS","AUS",1976-12-01,23750,"Q","$ Millions","Seasonally Adjusted",NA,"Quarterly","Table 1. Key National Accounts Aggregates",NA
"396","A2325846C","Index Numbers ; All groups CPI ; Australia ;","AUS","AUS",1976-12-01,19.2,"Q","Index Numbers","Original",NA,"Quarterly","TABLES 1 and 2. CPI: All Groups, Index Numbers and Percentage Changes",NA
"397","A2718577A","Credits, Total goods ;","AUS","AUS",1976-12-01,907,"M","$ Millions","Seasonally Adjusted",NA,"Monthly","TABLE 1. GOODS, Summary: Seasonally adjusted and trend estimates, Current prices",NA
"398","A2718594C","Balance on goods ;","AUS","AUS",1976-12-01,52,"M","$ Millions","Seasonally Adjusted",NA,"Monthly","TABLE 1. GOODS, Summary: Seasonally adjusted and trend estimates, Current prices",NA
"399","DLCACS","Credit; Total; Seasonally adjusted","AUS","AUS",1976-12-31,37.838,"M","$ billion","Seasonally Adjusted","RBA","Monthly","D2 Lending And Credit Aggregates","Credit; Total; Seasonally adjusted – Includes securitisations – For series breaks see Series Breaks"
"400","FXRTWI","Trade-weighted Index May 1970 = 100","AUS","AUS",1976-12-31,92.2,"M","Index","Indicative","RBA","Monthly","F11 Exchange Rates","Australian Dollar Trade-weighted Index"
"401","A2718577A","Credits, Total goods ;","AUS","AUS",1977-01-01,1020,"M","$ Millions","Seasonally Adjusted",NA,"Monthly","TABLE 1. GOODS, Summary: Seasonally adjusted and trend estimates, Current prices",NA
"402","A2718594C","Balance on goods ;","AUS","AUS",1977-01-01,148,"M","$ Millions","Seasonally Adjusted",NA,"Monthly","TABLE 1. GOODS, Summary: Seasonally adjusted and trend estimates, Current prices",NA
"403","DLCACS","Credit; Total; Seasonally adjusted","AUS","AUS",1977-01-31,38.131,"M","$ billion","Seasonally Adjusted","RBA","Monthly","D2 Lending And Credit Aggregates","Credit; Total; Seasonally adjusted – Includes securitisations – For series breaks see Series Breaks"
"404","FXRTWI","Trade-weighted Index May 1970 = 100","AUS","AUS",1977-01-31,92.2,"M","Index","Indicative","RBA","Monthly","F11 Exchange Rates","Australian Dollar Trade-weighted Index"
"405","A2718577A","Credits, Total goods ;","AUS","AUS",1977-02-01,951,"M","$ Millions","Seasonally Adjusted",NA,"Monthly","TABLE 1. GOODS, Summary: Seasonally adjusted and trend estimates, Current prices",NA
"406","A2718594C","Balance on goods ;","AUS","AUS",1977-02-01,-91,"M","$ Millions","Seasonally Adjusted",NA,"Monthly","TABLE 1. GOODS, Summary: Seasonally adjusted and trend estimates, Current prices",NA
"407","DLCACS","Credit; Total; Seasonally adjusted","AUS","AUS",1977-02-28,38.399,"M","$ billion","Seasonally Adjusted","RBA","Monthly","D2 Lending And Credit Aggregates","Credit; Total; Seasonally adjusted – Includes securitisations – For series breaks see Series Breaks"
"408","FXRTWI","Trade-weighted Index May 1970 = 100","AUS","AUS",1977-02-28,92.5,"M","Index","Indicative","RBA","Monthly","F11 Exchange Rates","Australian Dollar Trade-weighted Index"
"409","A2304418T","Gross domestic product: Current prices ;","AUS","AUS",1977-03-01,24279,"Q","$ Millions","Seasonally Adjusted",NA,"Quarterly","Table 1. Key National Accounts Aggregates",NA
"410","A2325846C","Index Numbers ; All groups CPI ; Australia ;","AUS","AUS",1977-03-01,19.6,"Q","Index Numbers","Original",NA,"Quarterly","TABLES 1 and 2. CPI: All Groups, Index Numbers and Percentage Changes",NA
"411","A2718577A","Credits, Total goods ;","AUS","AUS",1977-03-01,967,"M","$ Millions","Seasonally Adjusted",NA,"Monthly","TABLE 1. GOODS, Summary: Seasonally adjusted and trend estimates, Current prices",NA
"412","A2718594C","Balance on goods ;","AUS","AUS",1977-03-01,38,"M","$ Millions","Seasonally Adjusted",NA,"Monthly","TABLE 1. GOODS, Summary: Seasonally adjusted and trend estimates, Current prices",NA
"413","DLCACS","Credit; Total; Seasonally adjusted","AUS","AUS",1977-03-31,38.969,"M","$ billion","Seasonally Adjusted","RBA","Monthly","D2 Lending And Credit Aggregates","Credit; Total; Seasonally adjusted – Includes securitisations – For series breaks see Series Breaks"
"414","FXRTWI","Trade-weighted Index May 1970 = 100","AUS","AUS",1977-03-31,92.5,"M","Index","Indicative","RBA","Monthly","F11 Exchange Rates","Australian Dollar Trade-weighted Index"
"415","A2718577A","Credits, Total goods ;","AUS","AUS",1977-04-01,1017,"M","$ Millions","Seasonally Adjusted",NA,"Monthly","TABLE 1. GOODS, Summary: Seasonally adjusted and trend estimates, Current prices",NA
"416","A2718594C","Balance on goods ;","AUS","AUS",1977-04-01,56,"M","$ Millions","Seasonally Adjusted",NA,"Monthly","TABLE 1. GOODS, Summary: Seasonally adjusted and trend estimates, Current prices",NA
"417","DLCACS","Credit; Total; Seasonally adjusted","AUS","AUS",1977-04-30,39.555,"M","$ billion","Seasonally Adjusted","RBA","Monthly","D2 Lending And Credit Aggregates","Credit; Total; Seasonally adjusted – Includes securitisations – For series breaks see Series Breaks"
"418","FXRTWI","Trade-weighted Index May 1970 = 100","AUS","AUS",1977-04-30,92.5,"M","Index","Indicative","RBA","Monthly","F11 Exchange Rates","Australian Dollar Trade-weighted Index"
"419","A2718577A","Credits, Total goods ;","AUS","AUS",1977-05-01,994,"M","$ Millions","Seasonally Adjusted",NA,"Monthly","TABLE 1. GOODS, Summary: Seasonally adjusted and trend estimates, Current prices",NA
"420","A2718594C","Balance on goods ;","AUS","AUS",1977-05-01,75,"M","$ Millions","Seasonally Adjusted",NA,"Monthly","TABLE 1. GOODS, Summary: Seasonally adjusted and trend estimates, Current prices",NA
"421","DLCACS","Credit; Total; Seasonally adjusted","AUS","AUS",1977-05-31,40.003,"M","$ billion","Seasonally Adjusted","RBA","Monthly","D2 Lending And Credit Aggregates","Credit; Total; Seasonally adjusted – Includes securitisations – For series breaks see Series Breaks"
"422","FXRTWI","Trade-weighted Index May 1970 = 100","AUS","AUS",1977-05-31,92.5,"M","Index","Indicative","RBA","Monthly","F11 Exchange Rates","Australian Dollar Trade-weighted Index"
"423","A2304418T","Gross domestic product: Current prices ;","AUS","AUS",1977-06-01,25103,"Q","$ Millions","Seasonally Adjusted",NA,"Quarterly","Table 1. Key National Accounts Aggregates",NA
"424","A2325846C","Index Numbers ; All groups CPI ; Australia ;","AUS","AUS",1977-06-01,20.1,"Q","Index Numbers","Original",NA,"Quarterly","TABLES 1 and 2. CPI: All Groups, Index Numbers and Percentage Changes",NA
"425","A2718577A","Credits, Total goods ;","AUS","AUS",1977-06-01,983,"M","$ Millions","Seasonally Adjusted",NA,"Monthly","TABLE 1. GOODS, Summary: Seasonally adjusted and trend estimates, Current prices",NA
"426","A2718594C","Balance on goods ;","AUS","AUS",1977-06-01,25,"M","$ Millions","Seasonally Adjusted",NA,"Monthly","TABLE 1. GOODS, Summary: Seasonally adjusted and trend estimates, Current prices",NA
"427","DLCACS","Credit; Total; Seasonally adjusted","AUS","AUS",1977-06-30,40.748,"M","$ billion","Seasonally Adjusted","RBA","Monthly","D2 Lending And Credit Aggregates","Credit; Total; Seasonally adjusted – Includes securitisations – For series breaks see Series Breaks"
"428","FXRTWI","Trade-weighted Index May 1970 = 100","AUS","AUS",1977-06-30,92.5,"M","Index","Indicative","RBA","Monthly","F11 Exchange Rates","Australian Dollar Trade-weighted Index"
"429","A2718577A","Credits, Total goods ;","AUS","AUS",1977-07-01,969,"M","$ Millions","Seasonally Adjusted",NA,"Monthly","TABLE 1. GOODS, Summary: Seasonally adjusted and trend estimates, Current prices",NA
"430","A2718594C","Balance on goods ;","AUS","AUS",1977-07-01,43,"M","$ Millions","Seasonally Adjusted",NA,"Monthly","TABLE 1. GOODS, Summary: Seasonally adjusted and trend estimates, Current prices",NA
"431","DLCACS","Credit; Total; Seasonally adjusted","AUS","AUS",1977-07-31,41.376,"M","$ billion","Seasonally Adjusted","RBA","Monthly","D2 Lending And Credit Aggregates","Credit; Total; Seasonally adjusted – Includes securitisations – For series breaks see Series Breaks"
"432","FXRTWI","Trade-weighted Index May 1970 = 100","AUS","AUS",1977-07-31,92.5,"M","Index","Indicative","RBA","Monthly","F11 Exchange Rates","Australian Dollar Trade-weighted Index"
"433","A2718577A","Credits, Total goods ;","AUS","AUS",1977-08-01,1035,"M","$ Millions","Seasonally Adjusted",NA,"Monthly","TABLE 1. GOODS, Summary: Seasonally adjusted and trend estimates, Current prices",NA
"434","A2718594C","Balance on goods ;","AUS","AUS",1977-08-01,96,"M","$ Millions","Seasonally Adjusted",NA,"Monthly","TABLE 1. GOODS, Summary: Seasonally adjusted and trend estimates, Current prices",NA
"435","DLCACS","Credit; Total; Seasonally adjusted","AUS","AUS",1977-08-31,42.018,"M","$ billion","Seasonally Adjusted","RBA","Monthly","D2 Lending And Credit Aggregates","Credit; Total; Seasonally adjusted – Includes securitisations – For series breaks see Series Breaks"
"436","FXRTWI","Trade-weighted Index May 1970 = 100","AUS","AUS",1977-08-31,91.5,"M","Index","Indicative","RBA","Monthly","F11 Exchange Rates","Australian Dollar Trade-weighted Index"
"437","A2304418T","Gross domestic product: Current prices ;","AUS","AUS",1977-09-01,25442,"Q","$ Millions","Seasonally Adjusted",NA,"Quarterly","Table 1. Key National Accounts Aggregates",NA
"438","A2325846C","Index Numbers ; All groups CPI ; Australia ;","AUS","AUS",1977-09-01,20.5,"Q","Index Numbers","Original",NA,"Quarterly","TABLES 1 and 2. CPI: All Groups, Index Numbers and Percentage Changes",NA
"439","A2718577A","Credits, Total goods ;","AUS","AUS",1977-09-01,1014,"M","$ Millions","Seasonally Adjusted",NA,"Monthly","TABLE 1. GOODS, Summary: Seasonally adjusted and trend estimates, Current prices",NA
"440","A2718594C","Balance on goods ;","AUS","AUS",1977-09-01,103,"M","$ Millions","Seasonally Adjusted",NA,"Monthly","TABLE 1. GOODS, Summary: Seasonally adjusted and trend estimates, Current prices",NA
"441","DLCACS","Credit; Total; Seasonally adjusted","AUS","AUS",1977-09-30,42.626,"M","$ billion","Seasonally Adjusted","RBA","Monthly","D2 Lending And Credit Aggregates","Credit; Total; Seasonally adjusted – Includes securitisations – For series breaks see Series Breaks"
"442","FXRTWI","Trade-weighted Index May 1970 = 100","AUS","AUS",1977-09-30,91.5,"M","Index","Indicative","RBA","Monthly","F11 Exchange Rates","Australian Dollar Trade-weighted Index"
"443","A2718577A","Credits, Total goods ;","AUS","AUS",1977-10-01,1010,"M","$ Millions","Seasonally Adjusted",NA,"Monthly","TABLE 1. GOODS, Summary: Seasonally adjusted and trend estimates, Current prices",NA
"444","A2718594C","Balance on goods ;","AUS","AUS",1977-10-01,97,"M","$ Millions","Seasonally Adjusted",NA,"Monthly","TABLE 1. GOODS, Summary: Seasonally adjusted and trend estimates, Current prices",NA
"445","DLCACS","Credit; Total; Seasonally adjusted","AUS","AUS",1977-10-31,43.066,"M","$ billion","Seasonally Adjusted","RBA","Monthly","D2 Lending And Credit Aggregates","Credit; Total; Seasonally adjusted – Includes securitisations – For series breaks see Series Breaks"
"446","FXRTWI","Trade-weighted Index May 1970 = 100","AUS","AUS",1977-10-31,90.9,"M","Index","Indicative","RBA","Monthly","F11 Exchange Rates","Australian Dollar Trade-weighted Index"
"447","A2718577A","Credits, Total goods ;","AUS","AUS",1977-11-01,1069,"M","$ Millions","Seasonally Adjusted",NA,"Monthly","TABLE 1. GOODS, Summary: Seasonally adjusted and trend estimates, Current prices",NA
"448","A2718594C","Balance on goods ;","AUS","AUS",1977-11-01,194,"M","$ Millions","Seasonally Adjusted",NA,"Monthly","TABLE 1. GOODS, Summary: Seasonally adjusted and trend estimates, Current prices",NA
"449","DLCACS","Credit; Total; Seasonally adjusted","AUS","AUS",1977-11-30,43.519,"M","$ billion","Seasonally Adjusted","RBA","Monthly","D2 Lending And Credit Aggregates","Credit; Total; Seasonally adjusted – Includes securitisations – For series breaks see Series Breaks"
"450","FXRTWI","Trade-weighted Index May 1970 = 100","AUS","AUS",1977-11-30,90,"M","Index","Indicative","RBA","Monthly","F11 Exchange Rates","Australian Dollar Trade-weighted Index"
"451","A2304418T","Gross domestic product: Current prices ;","AUS","AUS",1977-12-01,25730,"Q","$ Millions","Seasonally Adjusted",NA,"Quarterly","Table 1. Key National Accounts Aggregates",NA
"452","A2325846C","Index Numbers ; All groups CPI ; Australia ;","AUS","AUS",1977-12-01,21,"Q","Index Numbers","Original",NA,"Quarterly","TABLES 1 and 2. CPI: All Groups, Index Numbers and Percentage Changes",NA
"453","A2718577A","Credits, Total goods ;","AUS","AUS",1977-12-01,1067,"M","$ Millions","Seasonally Adjusted",NA,"Monthly","TABLE 1. GOODS, Summary: Seasonally adjusted and trend estimates, Current prices",NA
"454","A2718594C","Balance on goods ;","AUS","AUS",1977-12-01,199,"M","$ Millions","Seasonally Adjusted",NA,"Monthly","TABLE 1. GOODS, Summary: Seasonally adjusted and trend estimates, Current prices",NA
"455","DLCACS","Credit; Total; Seasonally adjusted","AUS","AUS",1977-12-31,44.112,"M","$ billion","Seasonally Adjusted","RBA","Monthly","D2 Lending And Credit Aggregates","Credit; Total; Seasonally adjusted – Includes securitisations – For series breaks see Series Breaks"
"456","FXRTWI","Trade-weighted Index May 1970 = 100","AUS","AUS",1977-12-31,89.4,"M","Index","Indicative","RBA","Monthly","F11 Exchange Rates","Australian Dollar Trade-weighted Index"
"457","A2718577A","Credits, Total goods ;","AUS","AUS",1978-01-01,959,"M","$ Millions","Seasonally Adjusted",NA,"Monthly","TABLE 1. GOODS, Summary: Seasonally adjusted and trend estimates, Current prices",NA
"458","A2718594C","Balance on goods ;","AUS","AUS",1978-01-01,14,"M","$ Millions","Seasonally Adjusted",NA,"Monthly","TABLE 1. GOODS, Summary: Seasonally adjusted and trend estimates, Current prices",NA
"459","DLCACS","Credit; Total; Seasonally adjusted","AUS","AUS",1978-01-31,44.662,"M","$ billion","Seasonally Adjusted","RBA","Monthly","D2 Lending And Credit Aggregates","Credit; Total; Seasonally adjusted – Includes securitisations – For series breaks see Series Breaks"
"460","FXRTWI","Trade-weighted Index May 1970 = 100","AUS","AUS",1978-01-31,89.2,"M","Index","Indicative","RBA","Monthly","F11 Exchange Rates","Australian Dollar Trade-weighted Index"
"461","A2718577A","Credits, Total goods ;","AUS","AUS",1978-02-01,996,"M","$ Millions","Seasonally Adjusted",NA,"Monthly","TABLE 1. GOODS, Summary: Seasonally adjusted and trend estimates, Current prices",NA
"462","A2718594C","Balance on goods ;","AUS","AUS",1978-02-01,80,"M","$ Millions","Seasonally Adjusted",NA,"Monthly","TABLE 1. GOODS, Summary: Seasonally adjusted and trend estimates, Current prices",NA
"463","DLCACS","Credit; Total; Seasonally adjusted","AUS","AUS",1978-02-28,45.113,"M","$ billion","Seasonally Adjusted","RBA","Monthly","D2 Lending And Credit Aggregates","Credit; Total; Seasonally adjusted – Includes securitisations – For series breaks see Series Breaks"
"464","FXRTWI","Trade-weighted Index May 1970 = 100","AUS","AUS",1978-02-28,88.5,"M","Index","Indicative","RBA","Monthly","F11 Exchange Rates","Australian Dollar Trade-weighted Index"
"465","A2304418T","Gross domestic product: Current prices ;","AUS","AUS",1978-03-01,26577,"Q","$ Millions","Seasonally Adjusted",NA,"Quarterly","Table 1. Key National Accounts Aggregates",NA
"466","A2325846C","Index Numbers ; All groups CPI ; Australia ;","AUS","AUS",1978-03-01,21.3,"Q","Index Numbers","Original",NA,"Quarterly","TABLES 1 and 2. CPI: All Groups, Index Numbers and Percentage Changes",NA
"467","A2718577A","Credits, Total goods ;","AUS","AUS",1978-03-01,987,"M","$ Millions","Seasonally Adjusted",NA,"Monthly","TABLE 1. GOODS, Summary: Seasonally adjusted and trend estimates, Current prices",NA
"468","A2718594C","Balance on goods ;","AUS","AUS",1978-03-01,2,"M","$ Millions","Seasonally Adjusted",NA,"Monthly","TABLE 1. GOODS, Summary: Seasonally adjusted and trend estimates, Current prices",NA
"469","DLCACS","Credit; Total; Seasonally adjusted","AUS","AUS",1978-03-31,45.681,"M","$ billion","Seasonally Adjusted","RBA","Monthly","D2 Lending And Credit Aggregates","Credit; Total; Seasonally adjusted – Includes securitisations – For series breaks see Series Breaks"
"470","FXRTWI","Trade-weighted Index May 1970 = 100","AUS","AUS",1978-03-31,87.5,"M","Index","Indicative","RBA","Monthly","F11 Exchange Rates","Australian Dollar Trade-weighted Index"
"471","A2718577A","Credits, Total goods ;","AUS","AUS",1978-04-01,1037,"M","$ Millions","Seasonally Adjusted",NA,"Monthly","TABLE 1. GOODS, Summary: Seasonally adjusted and trend estimates, Current prices",NA
"472","A2718594C","Balance on goods ;","AUS","AUS",1978-04-01,41,"M","$ Millions","Seasonally Adjusted",NA,"Monthly","TABLE 1. GOODS, Summary: Seasonally adjusted and trend estimates, Current prices",NA
"473","DLCACS","Credit; Total; Seasonally adjusted","AUS","AUS",1978-04-30,46.042,"M","$ billion","Seasonally Adjusted","RBA","Monthly","D2 Lending And Credit Aggregates","Credit; Total; Seasonally adjusted – Includes securitisations – For series breaks see Series Breaks"
"474","FXRTWI","Trade-weighted Index May 1970 = 100","AUS","AUS",1978-04-30,87.5,"M","Index","Indicative","RBA","Monthly","F11 Exchange Rates","Australian Dollar Trade-weighted Index"
"475","A2718577A","Credits, Total goods ;","AUS","AUS",1978-05-01,969,"M","$ Millions","Seasonally Adjusted",NA,"Monthly","TABLE 1. GOODS, Summary: Seasonally adjusted and trend estimates, Current prices",NA
"476","A2718594C","Balance on goods ;","AUS","AUS",1978-05-01,23,"M","$ Millions","Seasonally Adjusted",NA,"Monthly","TABLE 1. GOODS, Summary: Seasonally adjusted and trend estimates, Current prices",NA
"477","DLCACS","Credit; Total; Seasonally adjusted","AUS","AUS",1978-05-31,46.652,"M","$ billion","Seasonally Adjusted","RBA","Monthly","D2 Lending And Credit Aggregates","Credit; Total; Seasonally adjusted – Includes securitisations – For series breaks see Series Breaks"
"478","FXRTWI","Trade-weighted Index May 1970 = 100","AUS","AUS",1978-05-31,87.3,"M","Index","Indicative","RBA","Monthly","F11 Exchange Rates","Australian Dollar Trade-weighted Index"
"479","A2304418T","Gross domestic product: Current prices ;","AUS","AUS",1978-06-01,27372,"Q","$ Millions","Seasonally Adjusted",NA,"Quarterly","Table 1. Key National Accounts Aggregates",NA
"480","A2325846C","Index Numbers ; All groups CPI ; Australia ;","AUS","AUS",1978-06-01,21.7,"Q","Index Numbers","Original",NA,"Quarterly","TABLES 1 and 2. CPI: All Groups, Index Numbers and Percentage Changes",NA
"481","A2718577A","Credits, Total goods ;","AUS","AUS",1978-06-01,1091,"M","$ Millions","Seasonally Adjusted",NA,"Monthly","TABLE 1. GOODS, Summary: Seasonally adjusted and trend estimates, Current prices",NA
"482","A2718594C","Balance on goods ;","AUS","AUS",1978-06-01,88,"M","$ Millions","Seasonally Adjusted",NA,"Monthly","TABLE 1. GOODS, Summary: Seasonally adjusted and trend estimates, Current prices",NA
"483","DLCACS","Credit; Total; Seasonally adjusted","AUS","AUS",1978-06-30,47.089,"M","$ billion","Seasonally Adjusted","RBA","Monthly","D2 Lending And Credit Aggregates","Credit; Total; Seasonally adjusted – Includes securitisations – For series breaks see Series Breaks"
"484","FXRTWI","Trade-weighted Index May 1970 = 100","AUS","AUS",1978-06-30,86.2,"M","Index","Indicative","RBA","Monthly","F11 Exchange Rates","Australian Dollar Trade-weighted Index"
"485","A2718577A","Credits, Total goods ;","AUS","AUS",1978-07-01,1091,"M","$ Millions","Seasonally Adjusted",NA,"Monthly","TABLE 1. GOODS, Summary: Seasonally adjusted and trend estimates, Current prices",NA
"486","A2718594C","Balance on goods ;","AUS","AUS",1978-07-01,30,"M","$ Millions","Seasonally Adjusted",NA,"Monthly","TABLE 1. GOODS, Summary: Seasonally adjusted and trend estimates, Current prices",NA
"487","DLCACS","Credit; Total; Seasonally adjusted","AUS","AUS",1978-07-31,47.39,"M","$ billion","Seasonally Adjusted","RBA","Monthly","D2 Lending And Credit Aggregates","Credit; Total; Seasonally adjusted – Includes securitisations – For series breaks see Series Breaks"
"488","FXRTWI","Trade-weighted Index May 1970 = 100","AUS","AUS",1978-07-31,84.7,"M","Index","Indicative","RBA","Monthly","F11 Exchange Rates","Australian Dollar Trade-weighted Index"
"489","A2718577A","Credits, Total goods ;","AUS","AUS",1978-08-01,999,"M","$ Millions","Seasonally Adjusted",NA,"Monthly","TABLE 1. GOODS, Summary: Seasonally adjusted and trend estimates, Current prices",NA
"490","A2718594C","Balance on goods ;","AUS","AUS",1978-08-01,-56,"M","$ Millions","Seasonally Adjusted",NA,"Monthly","TABLE 1. GOODS, Summary: Seasonally adjusted and trend estimates, Current prices",NA
"491","DLCACS","Credit; Total; Seasonally adjusted","AUS","AUS",1978-08-31,47.839,"M","$ billion","Seasonally Adjusted","RBA","Monthly","D2 Lending And Credit Aggregates","Credit; Total; Seasonally adjusted – Includes securitisations – For series breaks see Series Breaks"
"492","FXRTWI","Trade-weighted Index May 1970 = 100","AUS","AUS",1978-08-31,83.7,"M","Index","Indicative","RBA","Monthly","F11 Exchange Rates","Australian Dollar Trade-weighted Index"
"493","A2304418T","Gross domestic product: Current prices ;","AUS","AUS",1978-09-01,28290,"Q","$ Millions","Seasonally Adjusted",NA,"Quarterly","Table 1. Key National Accounts Aggregates",NA
"494","A2325846C","Index Numbers ; All groups CPI ; Australia ;","AUS","AUS",1978-09-01,22.1,"Q","Index Numbers","Original",NA,"Quarterly","TABLES 1 and 2. CPI: All Groups, Index Numbers and Percentage Changes",NA
"495","A2718577A","Credits, Total goods ;","AUS","AUS",1978-09-01,989,"M","$ Millions","Seasonally Adjusted",NA,"Monthly","TABLE 1. GOODS, Summary: Seasonally adjusted and trend estimates, Current prices",NA
"496","A2718594C","Balance on goods ;","AUS","AUS",1978-09-01,-61,"M","$ Millions","Seasonally Adjusted",NA,"Monthly","TABLE 1. GOODS, Summary: Seasonally adjusted and trend estimates, Current prices",NA
"497","DLCACS","Credit; Total; Seasonally adjusted","AUS","AUS",1978-09-30,48.463,"M","$ billion","Seasonally Adjusted","RBA","Monthly","D2 Lending And Credit Aggregates","Credit; Total; Seasonally adjusted – Includes securitisations – For series breaks see Series Breaks"
"498","FXRTWI","Trade-weighted Index May 1970 = 100","AUS","AUS",1978-09-30,83.6,"M","Index","Indicative","RBA","Monthly","F11 Exchange Rates","Australian Dollar Trade-weighted Index"
"499","A2718577A","Credits, Total goods ;","AUS","AUS",1978-10-01,1059,"M","$ Millions","Seasonally Adjusted",NA,"Monthly","TABLE 1. GOODS, Summary: Seasonally adjusted and trend estimates, Current prices",NA
"500","A2718594C","Balance on goods ;","AUS","AUS",1978-10-01,-47,"M","$ Millions","Seasonally Adjusted",NA,"Monthly","TABLE 1. GOODS, Summary: Seasonally adjusted and trend estimates, Current prices",NA
"501","DLCACS","Credit; Total; Seasonally adjusted","AUS","AUS",1978-10-31,49.192,"M","$ billion","Seasonally Adjusted","RBA","Monthly","D2 Lending And Credit Aggregates","Credit; Total; Seasonally adjusted – Includes securitisations – For series breaks see Series Breaks"
"502","FXRTWI","Trade-weighted Index May 1970 = 100","AUS","AUS",1978-10-31,82.2,"M","Index","Indicative","RBA","Monthly","F11 Exchange Rates","Australian Dollar Trade-weighted Index"
"503","A2718577A","Credits, Total goods ;","AUS","AUS",1978-11-01,1163,"M","$ Millions","Seasonally Adjusted",NA,"Monthly","TABLE 1. GOODS, Summary: Seasonally adjusted and trend estimates, Current prices",NA
"504","A2718594C","Balance on goods ;","AUS","AUS",1978-11-01,2,"M","$ Millions","Seasonally Adjusted",NA,"Monthly","TABLE 1. GOODS, Summary: Seasonally adjusted and trend estimates, Current prices",NA
"505","DLCACS","Credit; Total; Seasonally adjusted","AUS","AUS",1978-11-30,49.798,"M","$ billion","Seasonally Adjusted","RBA","Monthly","D2 Lending And Credit Aggregates","Credit; Total; Seasonally adjusted – Includes securitisations – For series breaks see Series Breaks"
"506","FXRTWI","Trade-weighted Index May 1970 = 100","AUS","AUS",1978-11-30,83.2,"M","Index","Indicative","RBA","Monthly","F11 Exchange Rates","Australian Dollar Trade-weighted Index"
"507","A2304418T","Gross domestic product: Current prices ;","AUS","AUS",1978-12-01,29035,"Q","$ Millions","Seasonally Adjusted",NA,"Quarterly","Table 1. Key National Accounts Aggregates",NA
"508","A2325846C","Index Numbers ; All groups CPI ; Australia ;","AUS","AUS",1978-12-01,22.6,"Q","Index Numbers","Original",NA,"Quarterly","TABLES 1 and 2. CPI: All Groups, Index Numbers and Percentage Changes",NA
"509","A2718577A","Credits, Total goods ;","AUS","AUS",1978-12-01,1153,"M","$ Millions","Seasonally Adjusted",NA,"Monthly","TABLE 1. GOODS, Summary: Seasonally adjusted and trend estimates, Current prices",NA
"510","A2718594C","Balance on goods ;","AUS","AUS",1978-12-01,2,"M","$ Millions","Seasonally Adjusted",NA,"Monthly","TABLE 1. GOODS, Summary: Seasonally adjusted and trend estimates, Current prices",NA
"511","DLCACS","Credit; Total; Seasonally adjusted","AUS","AUS",1978-12-31,50.481,"M","$ billion","Seasonally Adjusted","RBA","Monthly","D2 Lending And Credit Aggregates","Credit; Total; Seasonally adjusted – Includes securitisations – For series breaks see Series Breaks"
"512","FXRTWI","Trade-weighted Index May 1970 = 100","AUS","AUS",1978-12-31,82.7,"M","Index","Indicative","RBA","Monthly","F11 Exchange Rates","Australian Dollar Trade-weighted Index"
"513","A2718577A","Credits, Total goods ;","AUS","AUS",1979-01-01,1251,"M","$ Millions","Seasonally Adjusted",NA,"Monthly","TABLE 1. GOODS, Summary: Seasonally adjusted and trend estimates, Current prices",NA
"514","A2718594C","Balance on goods ;","AUS","AUS",1979-01-01,151,"M","$ Millions","Seasonally Adjusted",NA,"Monthly","TABLE 1. GOODS, Summary: Seasonally adjusted and trend estimates, Current prices",NA
"515","DLCACS","Credit; Total; Seasonally adjusted","AUS","AUS",1979-01-31,50.973,"M","$ billion","Seasonally Adjusted","RBA","Monthly","D2 Lending And Credit Aggregates","Credit; Total; Seasonally adjusted – Includes securitisations – For series breaks see Series Breaks"
"516","FXRTWI","Trade-weighted Index May 1970 = 100","AUS","AUS",1979-01-31,82.8,"M","Index","Indicative","RBA","Monthly","F11 Exchange Rates","Australian Dollar Trade-weighted Index"
"517","A2718577A","Credits, Total goods ;","AUS","AUS",1979-02-01,1215,"M","$ Millions","Seasonally Adjusted",NA,"Monthly","TABLE 1. GOODS, Summary: Seasonally adjusted and trend estimates, Current prices",NA
"518","A2718594C","Balance on goods ;","AUS","AUS",1979-02-01,133,"M","$ Millions","Seasonally Adjusted",NA,"Monthly","TABLE 1. GOODS, Summary: Seasonally adjusted and trend estimates, Current prices",NA
"519","DLCACS","Credit; Total; Seasonally adjusted","AUS","AUS",1979-02-28,51.747,"M","$ billion","Seasonally Adjusted","RBA","Monthly","D2 Lending And Credit Aggregates","Credit; Total; Seasonally adjusted – Includes securitisations – For series breaks see Series Breaks"
"520","FXRTWI","Trade-weighted Index May 1970 = 100","AUS","AUS",1979-02-28,82.4,"M","Index","Indicative","RBA","Monthly","F11 Exchange Rates","Australian Dollar Trade-weighted Index"
"521","A2304418T","Gross domestic product: Current prices ;","AUS","AUS",1979-03-01,30491,"Q","$ Millions","Seasonally Adjusted",NA,"Quarterly","Table 1. Key National Accounts Aggregates",NA
"522","A2325846C","Index Numbers ; All groups CPI ; Australia ;","AUS","AUS",1979-03-01,23,"Q","Index Numbers","Original",NA,"Quarterly","TABLES 1 and 2. CPI: All Groups, Index Numbers and Percentage Changes",NA
"523","A2718577A","Credits, Total goods ;","AUS","AUS",1979-03-01,1233,"M","$ Millions","Seasonally Adjusted",NA,"Monthly","TABLE 1. GOODS, Summary: Seasonally adjusted and trend estimates, Current prices",NA
"524","A2718594C","Balance on goods ;","AUS","AUS",1979-03-01,120,"M","$ Millions","Seasonally Adjusted",NA,"Monthly","TABLE 1. GOODS, Summary: Seasonally adjusted and trend estimates, Current prices",NA
"525","DLCACS","Credit; Total; Seasonally adjusted","AUS","AUS",1979-03-31,52.411,"M","$ billion","Seasonally Adjusted","RBA","Monthly","D2 Lending And Credit Aggregates","Credit; Total; Seasonally adjusted – Includes securitisations – For series breaks see Series Breaks"
"526","FXRTWI","Trade-weighted Index May 1970 = 100","AUS","AUS",1979-03-31,82.3,"M","Index","Indicative","RBA","Monthly","F11 Exchange Rates","Australian Dollar Trade-weighted Index"
"527","A2718577A","Credits, Total goods ;","AUS","AUS",1979-04-01,1286,"M","$ Millions","Seasonally Adjusted",NA,"Monthly","TABLE 1. GOODS, Summary: Seasonally adjusted and trend estimates, Current prices",NA
"528","A2718594C","Balance on goods ;","AUS","AUS",1979-04-01,121,"M","$ Millions","Seasonally Adjusted",NA,"Monthly","TABLE 1. GOODS, Summary: Seasonally adjusted and trend estimates, Current prices",NA
"529","DLCACS","Credit; Total; Seasonally adjusted","AUS","AUS",1979-04-30,53.176,"M","$ billion","Seasonally Adjusted","RBA","Monthly","D2 Lending And Credit Aggregates","Credit; Total; Seasonally adjusted – Includes securitisations – For series breaks see Series Breaks"
"530","FXRTWI","Trade-weighted Index May 1970 = 100","AUS","AUS",1979-04-30,82.8,"M","Index","Indicative","RBA","Monthly","F11 Exchange Rates","Australian Dollar Trade-weighted Index"
"531","A2718577A","Credits, Total goods ;","AUS","AUS",1979-05-01,1413,"M","$ Millions","Seasonally Adjusted",NA,"Monthly","TABLE 1. GOODS, Summary: Seasonally adjusted and trend estimates, Current prices",NA
"532","A2718594C","Balance on goods ;","AUS","AUS",1979-05-01,202,"M","$ Millions","Seasonally Adjusted",NA,"Monthly","TABLE 1. GOODS, Summary: Seasonally adjusted and trend estimates, Current prices",NA
"533","DLCACS","Credit; Total; Seasonally adjusted","AUS","AUS",1979-05-31,53.658,"M","$ billion","Seasonally Adjusted","RBA","Monthly","D2 Lending And Credit Aggregates","Credit; Total; Seasonally adjusted – Includes securitisations – For series breaks see Series Breaks"
"534","FXRTWI","Trade-weighted Index May 1970 = 100","AUS","AUS",1979-05-31,83.1,"M","Index","Indicative","RBA","Monthly","F11 Exchange Rates","Australian Dollar Trade-weighted Index"
"535","A2304418T","Gross domestic product: Current prices ;","AUS","AUS",1979-06-01,30960,"Q","$ Millions","Seasonally Adjusted",NA,"Quarterly","Table 1. Key National Accounts Aggregates",NA
"536","A2325846C","Index Numbers ; All groups CPI ; Australia ;","AUS","AUS",1979-06-01,23.6,"Q","Index Numbers","Original",NA,"Quarterly","TABLES 1 and 2. CPI: All Groups, Index Numbers and Percentage Changes",NA
"537","A2718577A","Credits, Total goods ;","AUS","AUS",1979-06-01,1356,"M","$ Millions","Seasonally Adjusted",NA,"Monthly","TABLE 1. GOODS, Summary: Seasonally adjusted and trend estimates, Current prices",NA
"538","A2718594C","Balance on goods ;","AUS","AUS",1979-06-01,85,"M","$ Millions","Seasonally Adjusted",NA,"Monthly","TABLE 1. GOODS, Summary: Seasonally adjusted and trend estimates, Current prices",NA
"539","DLCACS","Credit; Total; Seasonally adjusted","AUS","AUS",1979-06-30,54.838,"M","$ billion","Seasonally Adjusted","RBA","Monthly","D2 Lending And Credit Aggregates","Credit; Total; Seasonally adjusted – Includes securitisations – For series breaks see Series Breaks"
"540","FXRTWI","Trade-weighted Index May 1970 = 100","AUS","AUS",1979-06-30,83.1,"M","Index","Indicative","RBA","Monthly","F11 Exchange Rates","Australian Dollar Trade-weighted Index"
"541","A2718577A","Credits, Total goods ;","AUS","AUS",1979-07-01,1394,"M","$ Millions","Seasonally Adjusted",NA,"Monthly","TABLE 1. GOODS, Summary: Seasonally adjusted and trend estimates, Current prices",NA
"542","A2718594C","Balance on goods ;","AUS","AUS",1979-07-01,212,"M","$ Millions","Seasonally Adjusted",NA,"Monthly","TABLE 1. GOODS, Summary: Seasonally adjusted and trend estimates, Current prices",NA
"543","DLCACS","Credit; Total; Seasonally adjusted","AUS","AUS",1979-07-31,55.436,"M","$ billion","Seasonally Adjusted","RBA","Monthly","D2 Lending And Credit Aggregates","Credit; Total; Seasonally adjusted – Includes securitisations – For series breaks see Series Breaks"
"544","FXRTWI","Trade-weighted Index May 1970 = 100","AUS","AUS",1979-07-31,83.3,"M","Index","Indicative","RBA","Monthly","F11 Exchange Rates","Australian Dollar Trade-weighted Index"
"545","A2718577A","Credits, Total goods ;","AUS","AUS",1979-08-01,1356,"M","$ Millions","Seasonally Adjusted",NA,"Monthly","TABLE 1. GOODS, Summary: Seasonally adjusted and trend estimates, Current prices",NA
"546","A2718594C","Balance on goods ;","AUS","AUS",1979-08-01,88,"M","$ Millions","Seasonally Adjusted",NA,"Monthly","TABLE 1. GOODS, Summary: Seasonally adjusted and trend estimates, Current prices",NA
"547","DLCACS","Credit; Total; Seasonally adjusted","AUS","AUS",1979-08-31,56.266,"M","$ billion","Seasonally Adjusted","RBA","Monthly","D2 Lending And Credit Aggregates","Credit; Total; Seasonally adjusted – Includes securitisations – For series breaks see Series Breaks"
"548","FXRTWI","Trade-weighted Index May 1970 = 100","AUS","AUS",1979-08-31,83.5,"M","Index","Indicative","RBA","Monthly","F11 Exchange Rates","Australian Dollar Trade-weighted Index"
"549","A2304418T","Gross domestic product: Current prices ;","AUS","AUS",1979-09-01,32032,"Q","$ Millions","Seasonally Adjusted",NA,"Quarterly","Table 1. Key National Accounts Aggregates",NA
"550","A2325846C","Index Numbers ; All groups CPI ; Australia ;","AUS","AUS",1979-09-01,24.2,"Q","Index Numbers","Original",NA,"Quarterly","TABLES 1 and 2. CPI: All Groups, Index Numbers and Percentage Changes",NA
"551","A2718577A","Credits, Total goods ;","AUS","AUS",1979-09-01,1480,"M","$ Millions","Seasonally Adjusted",NA,"Monthly","TABLE 1. GOODS, Summary: Seasonally adjusted and trend estimates, Current prices",NA
"552","A2718594C","Balance on goods ;","AUS","AUS",1979-09-01,302,"M","$ Millions","Seasonally Adjusted",NA,"Monthly","TABLE 1. GOODS, Summary: Seasonally adjusted and trend estimates, Current prices",NA
"553","DLCACS","Credit; Total; Seasonally adjusted","AUS","AUS",1979-09-30,57.185,"M","$ billion","Seasonally Adjusted","RBA","Monthly","D2 Lending And Credit Aggregates","Credit; Total; Seasonally adjusted – Includes securitisations – For series breaks see Series Breaks"
"554","FXRTWI","Trade-weighted Index May 1970 = 100","AUS","AUS",1979-09-30,83.5,"M","Index","Indicative","RBA","Monthly","F11 Exchange Rates","Australian Dollar Trade-weighted Index"
"555","A2718577A","Credits, Total goods ;","AUS","AUS",1979-10-01,1670,"M","$ Millions","Seasonally Adjusted",NA,"Monthly","TABLE 1. GOODS, Summary: Seasonally adjusted and trend estimates, Current prices",NA
"556","A2718594C","Balance on goods ;","AUS","AUS",1979-10-01,397,"M","$ Millions","Seasonally Adjusted",NA,"Monthly","TABLE 1. GOODS, Summary: Seasonally adjusted and trend estimates, Current prices",NA
"557","DLCACS","Credit; Total; Seasonally adjusted","AUS","AUS",1979-10-31,57.847,"M","$ billion","Seasonally Adjusted","RBA","Monthly","D2 Lending And Credit Aggregates","Credit; Total; Seasonally adjusted – Includes securitisations – For series breaks see Series Breaks"
"558","FXRTWI","Trade-weighted Index May 1970 = 100","AUS","AUS",1979-10-31,83.8,"M","Index","Indicative","RBA","Monthly","F11 Exchange Rates","Australian Dollar Trade-weighted Index"
"559","A2718577A","Credits, Total goods ;","AUS","AUS",1979-11-01,1679,"M","$ Millions","Seasonally Adjusted",NA,"Monthly","TABLE 1. GOODS, Summary: Seasonally adjusted and trend estimates, Current prices",NA
"560","A2718594C","Balance on goods ;","AUS","AUS",1979-11-01,324,"M","$ Millions","Seasonally Adjusted",NA,"Monthly","TABLE 1. GOODS, Summary: Seasonally adjusted and trend estimates, Current prices",NA
"561","DLCACS","Credit; Total; Seasonally adjusted","AUS","AUS",1979-11-30,58.826,"M","$ billion","Seasonally Adjusted","RBA","Monthly","D2 Lending And Credit Aggregates","Credit; Total; Seasonally adjusted – Includes securitisations – For series breaks see Series Breaks"
"562","FXRTWI","Trade-weighted Index May 1970 = 100","AUS","AUS",1979-11-30,83.6,"M","Index","Indicative","RBA","Monthly","F11 Exchange Rates","Australian Dollar Trade-weighted Index"
"563","A2304418T","Gross domestic product: Current prices ;","AUS","AUS",1979-12-01,33310,"Q","$ Millions","Seasonally Adjusted",NA,"Quarterly","Table 1. Key National Accounts Aggregates",NA
"564","A2325846C","Index Numbers ; All groups CPI ; Australia ;","AUS","AUS",1979-12-01,24.9,"Q","Index Numbers","Original",NA,"Quarterly","TABLES 1 and 2. CPI: All Groups, Index Numbers and Percentage Changes",NA
"565","A2718577A","Credits, Total goods ;","AUS","AUS",1979-12-01,1596,"M","$ Millions","Seasonally Adjusted",NA,"Monthly","TABLE 1. GOODS, Summary: Seasonally adjusted and trend estimates, Current prices",NA
"566","A2718594C","Balance on goods ;","AUS","AUS",1979-12-01,250,"M","$ Millions","Seasonally Adjusted",NA,"Monthly","TABLE 1. GOODS, Summary: Seasonally adjusted and trend estimates, Current prices",NA
"567","DLCACS","Credit; Total; Seasonally adjusted","AUS","AUS",1979-12-31,59.498,"M","$ billion","Seasonally Adjusted","RBA","Monthly","D2 Lending And Credit Aggregates","Credit; Total; Seasonally adjusted – Includes securitisations – For series breaks see Series Breaks"
"568","FXRTWI","Trade-weighted Index May 1970 = 100","AUS","AUS",1979-12-31,83.3,"M","Index","Indicative","RBA","Monthly","F11 Exchange Rates","Australian Dollar Trade-weighted Index"
"569","A2718577A","Credits, Total goods ;","AUS","AUS",1980-01-01,1638,"M","$ Millions","Seasonally Adjusted",NA,"Monthly","TABLE 1. GOODS, Summary: Seasonally adjusted and trend estimates, Current prices",NA
"570","A2718594C","Balance on goods ;","AUS","AUS",1980-01-01,106,"M","$ Millions","Seasonally Adjusted",NA,"Monthly","TABLE 1. GOODS, Summary: Seasonally adjusted and trend estimates, Current prices",NA
"571","DLCACS","Credit; Total; Seasonally adjusted","AUS","AUS",1980-01-31,60.176,"M","$ billion","Seasonally Adjusted","RBA","Monthly","D2 Lending And Credit Aggregates","Credit; Total; Seasonally adjusted – Includes securitisations – For series breaks see Series Breaks"
"572","FXRTWI","Trade-weighted Index May 1970 = 100","AUS","AUS",1980-01-31,83.2,"M","Index","Indicative","RBA","Monthly","F11 Exchange Rates","Australian Dollar Trade-weighted Index"
"573","A2718577A","Credits, Total goods ;","AUS","AUS",1980-02-01,1690,"M","$ Millions","Seasonally Adjusted",NA,"Monthly","TABLE 1. GOODS, Summary: Seasonally adjusted and trend estimates, Current prices",NA
"574","A2718594C","Balance on goods ;","AUS","AUS",1980-02-01,352,"M","$ Millions","Seasonally Adjusted",NA,"Monthly","TABLE 1. GOODS, Summary: Seasonally adjusted and trend estimates, Current prices",NA
"575","DLCACS","Credit; Total; Seasonally adjusted","AUS","AUS",1980-02-29,61.137,"M","$ billion","Seasonally Adjusted","RBA","Monthly","D2 Lending And Credit Aggregates","Credit; Total; Seasonally adjusted – Includes securitisations – For series breaks see Series Breaks"
"576","FXRTWI","Trade-weighted Index May 1970 = 100","AUS","AUS",1980-02-29,83.5,"M","Index","Indicative","RBA","Monthly","F11 Exchange Rates","Australian Dollar Trade-weighted Index"
"577","A2304418T","Gross domestic product: Current prices ;","AUS","AUS",1980-03-01,34220,"Q","$ Millions","Seasonally Adjusted",NA,"Quarterly","Table 1. Key National Accounts Aggregates",NA
"578","A2325846C","Index Numbers ; All groups CPI ; Australia ;","AUS","AUS",1980-03-01,25.4,"Q","Index Numbers","Original",NA,"Quarterly","TABLES 1 and 2. CPI: All Groups, Index Numbers and Percentage Changes",NA
"579","A2718577A","Credits, Total goods ;","AUS","AUS",1980-03-01,1631,"M","$ Millions","Seasonally Adjusted",NA,"Monthly","TABLE 1. GOODS, Summary: Seasonally adjusted and trend estimates, Current prices",NA
"580","A2718594C","Balance on goods ;","AUS","AUS",1980-03-01,267,"M","$ Millions","Seasonally Adjusted",NA,"Monthly","TABLE 1. GOODS, Summary: Seasonally adjusted and trend estimates, Current prices",NA
"581","DLCACS","Credit; Total; Seasonally adjusted","AUS","AUS",1980-03-31,61.934,"M","$ billion","Seasonally Adjusted","RBA","Monthly","D2 Lending And Credit Aggregates","Credit; Total; Seasonally adjusted – Includes securitisations – For series breaks see Series Breaks"
"582","FXRTWI","Trade-weighted Index May 1970 = 100","AUS","AUS",1980-03-31,84.4,"M","Index","Indicative","RBA","Monthly","F11 Exchange Rates","Australian Dollar Trade-weighted Index"
"583","A2718577A","Credits, Total goods ;","AUS","AUS",1980-04-01,1600,"M","$ Millions","Seasonally Adjusted",NA,"Monthly","TABLE 1. GOODS, Summary: Seasonally adjusted and trend estimates, Current prices",NA
"584","A2718594C","Balance on goods ;","AUS","AUS",1980-04-01,345,"M","$ Millions","Seasonally Adjusted",NA,"Monthly","TABLE 1. GOODS, Summary: Seasonally adjusted and trend estimates, Current prices",NA
"585","DLCACS","Credit; Total; Seasonally adjusted","AUS","AUS",1980-04-30,62.693,"M","$ billion","Seasonally Adjusted","RBA","Monthly","D2 Lending And Credit Aggregates","Credit; Total; Seasonally adjusted – Includes securitisations – For series breaks see Series Breaks"
"586","FXRTWI","Trade-weighted Index May 1970 = 100","AUS","AUS",1980-04-30,84.5,"M","Index","Indicative","RBA","Monthly","F11 Exchange Rates","Australian Dollar Trade-weighted Index"
"587","A2718577A","Credits, Total goods ;","AUS","AUS",1980-05-01,1484,"M","$ Millions","Seasonally Adjusted",NA,"Monthly","TABLE 1. GOODS, Summary: Seasonally adjusted and trend estimates, Current prices",NA
"588","A2718594C","Balance on goods ;","AUS","AUS",1980-05-01,25,"M","$ Millions","Seasonally Adjusted",NA,"Monthly","TABLE 1. GOODS, Summary: Seasonally adjusted and trend estimates, Current prices",NA
"589","DLCACS","Credit; Total; Seasonally adjusted","AUS","AUS",1980-05-31,63.561,"M","$ billion","Seasonally Adjusted","RBA","Monthly","D2 Lending And Credit Aggregates","Credit; Total; Seasonally adjusted – Includes securitisations – For series breaks see Series Breaks"
"590","FXRTWI","Trade-weighted Index May 1970 = 100","AUS","AUS",1980-05-31,84.8,"M","Index","Indicative","RBA","Monthly","F11 Exchange Rates","Australian Dollar Trade-weighted Index"
"591","A2304418T","Gross domestic product: Current prices ;","AUS","AUS",1980-06-01,34990,"Q","$ Millions","Seasonally Adjusted",NA,"Quarterly","Table 1. Key National Accounts Aggregates",NA
"592","A2325846C","Index Numbers ; All groups CPI ; Australia ;","AUS","AUS",1980-06-01,26.2,"Q","Index Numbers","Original",NA,"Quarterly","TABLES 1 and 2. CPI: All Groups, Index Numbers and Percentage Changes",NA
"593","A2718577A","Credits, Total goods ;","AUS","AUS",1980-06-01,1760,"M","$ Millions","Seasonally Adjusted",NA,"Monthly","TABLE 1. GOODS, Summary: Seasonally adjusted and trend estimates, Current prices",NA
"594","A2718594C","Balance on goods ;","AUS","AUS",1980-06-01,305,"M","$ Millions","Seasonally Adjusted",NA,"Monthly","TABLE 1. GOODS, Summary: Seasonally adjusted and trend estimates, Current prices",NA
"595","DLCACS","Credit; Total; Seasonally adjusted","AUS","AUS",1980-06-30,64.219,"M","$ billion","Seasonally Adjusted","RBA","Monthly","D2 Lending And Credit Aggregates","Credit; Total; Seasonally adjusted – Includes securitisations – For series breaks see Series Breaks"
"596","FXRTWI","Trade-weighted Index May 1970 = 100","AUS","AUS",1980-06-30,85,"M","Index","Indicative","RBA","Monthly","F11 Exchange Rates","Australian Dollar Trade-weighted Index"
"597","A2718577A","Credits, Total goods ;","AUS","AUS",1980-07-01,1624,"M","$ Millions","Seasonally Adjusted",NA,"Monthly","TABLE 1. GOODS, Summary: Seasonally adjusted and trend estimates, Current prices",NA
"598","A2718594C","Balance on goods ;","AUS","AUS",1980-07-01,26,"M","$ Millions","Seasonally Adjusted",NA,"Monthly","TABLE 1. GOODS, Summary: Seasonally adjusted and trend estimates, Current prices",NA
"599","DLCACS","Credit; Total; Seasonally adjusted","AUS","AUS",1980-07-31,65.285,"M","$ billion","Seasonally Adjusted","RBA","Monthly","D2 Lending And Credit Aggregates","Credit; Total; Seasonally adjusted – Includes securitisations – For series breaks see Series Breaks"
"600","FXRTWI","Trade-weighted Index May 1970 = 100","AUS","AUS",1980-07-31,85.5,"M","Index","Indicative","RBA","Monthly","F11 Exchange Rates","Australian Dollar Trade-weighted Index"
"601","A2718577A","Credits, Total goods ;","AUS","AUS",1980-08-01,1451,"M","$ Millions","Seasonally Adjusted",NA,"Monthly","TABLE 1. GOODS, Summary: Seasonally adjusted and trend estimates, Current prices",NA
"602","A2718594C","Balance on goods ;","AUS","AUS",1980-08-01,-89,"M","$ Millions","Seasonally Adjusted",NA,"Monthly","TABLE 1. GOODS, Summary: Seasonally adjusted and trend estimates, Current prices",NA
"603","DLCACS","Credit; Total; Seasonally adjusted","AUS","AUS",1980-08-31,66.069,"M","$ billion","Seasonally Adjusted","RBA","Monthly","D2 Lending And Credit Aggregates","Credit; Total; Seasonally adjusted – Includes securitisations – For series breaks see Series Breaks"
"604","FXRTWI","Trade-weighted Index May 1970 = 100","AUS","AUS",1980-08-31,85.8,"M","Index","Indicative","RBA","Monthly","F11 Exchange Rates","Australian Dollar Trade-weighted Index"
"605","A2304418T","Gross domestic product: Current prices ;","AUS","AUS",1980-09-01,36148,"Q","$ Millions","Seasonally Adjusted",NA,"Quarterly","Table 1. Key National Accounts Aggregates",NA
"606","A2325846C","Index Numbers ; All groups CPI ; Australia ;","AUS","AUS",1980-09-01,26.6,"Q","Index Numbers","Original",NA,"Quarterly","TABLES 1 and 2. CPI: All Groups, Index Numbers and Percentage Changes",NA
"607","A2718577A","Credits, Total goods ;","AUS","AUS",1980-09-01,1542,"M","$ Millions","Seasonally Adjusted",NA,"Monthly","TABLE 1. GOODS, Summary: Seasonally adjusted and trend estimates, Current prices",NA
"608","A2718594C","Balance on goods ;","AUS","AUS",1980-09-01,-66,"M","$ Millions","Seasonally Adjusted",NA,"Monthly","TABLE 1. GOODS, Summary: Seasonally adjusted and trend estimates, Current prices",NA
"609","DLCACS","Credit; Total; Seasonally adjusted","AUS","AUS",1980-09-30,66.775,"M","$ billion","Seasonally Adjusted","RBA","Monthly","D2 Lending And Credit Aggregates","Credit; Total; Seasonally adjusted – Includes securitisations – For series breaks see Series Breaks"
"610","FXRTWI","Trade-weighted Index May 1970 = 100","AUS","AUS",1980-09-30,85.8,"M","Index","Indicative","RBA","Monthly","F11 Exchange Rates","Australian Dollar Trade-weighted Index"
"611","A2718577A","Credits, Total goods ;","AUS","AUS",1980-10-01,1570,"M","$ Millions","Seasonally Adjusted",NA,"Monthly","TABLE 1. GOODS, Summary: Seasonally adjusted and trend estimates, Current prices",NA
"612","A2718594C","Balance on goods ;","AUS","AUS",1980-10-01,-91,"M","$ Millions","Seasonally Adjusted",NA,"Monthly","TABLE 1. GOODS, Summary: Seasonally adjusted and trend estimates, Current prices",NA
"613","DLCACS","Credit; Total; Seasonally adjusted","AUS","AUS",1980-10-31,67.885,"M","$ billion","Seasonally Adjusted","RBA","Monthly","D2 Lending And Credit Aggregates","Credit; Total; Seasonally adjusted – Includes securitisations – For series breaks see Series Breaks"
"614","FXRTWI","Trade-weighted Index May 1970 = 100","AUS","AUS",1980-10-31,86.2,"M","Index","Indicative","RBA","Monthly","F11 Exchange Rates","Australian Dollar Trade-weighted Index"
"615","A2718577A","Credits, Total goods ;","AUS","AUS",1980-11-01,1623,"M","$ Millions","Seasonally Adjusted",NA,"Monthly","TABLE 1. GOODS, Summary: Seasonally adjusted and trend estimates, Current prices",NA
"616","A2718594C","Balance on goods ;","AUS","AUS",1980-11-01,130,"M","$ Millions","Seasonally Adjusted",NA,"Monthly","TABLE 1. GOODS, Summary: Seasonally adjusted and trend estimates, Current prices",NA
"617","DLCACS","Credit; Total; Seasonally adjusted","AUS","AUS",1980-11-30,68.841,"M","$ billion","Seasonally Adjusted","RBA","Monthly","D2 Lending And Credit Aggregates","Credit; Total; Seasonally adjusted – Includes securitisations – For series breaks see Series Breaks"
"618","FXRTWI","Trade-weighted Index May 1970 = 100","AUS","AUS",1980-11-30,86.8,"M","Index","Indicative","RBA","Monthly","F11 Exchange Rates","Australian Dollar Trade-weighted Index"
"619","A2304418T","Gross domestic product: Current prices ;","AUS","AUS",1980-12-01,37805,"Q","$ Millions","Seasonally Adjusted",NA,"Quarterly","Table 1. Key National Accounts Aggregates",NA
"620","A2325846C","Index Numbers ; All groups CPI ; Australia ;","AUS","AUS",1980-12-01,27.2,"Q","Index Numbers","Original",NA,"Quarterly","TABLES 1 and 2. CPI: All Groups, Index Numbers and Percentage Changes",NA
"621","A2718577A","Credits, Total goods ;","AUS","AUS",1980-12-01,1568,"M","$ Millions","Seasonally Adjusted",NA,"Monthly","TABLE 1. GOODS, Summary: Seasonally adjusted and trend estimates, Current prices",NA
"622","A2718594C","Balance on goods ;","AUS","AUS",1980-12-01,-47,"M","$ Millions","Seasonally Adjusted",NA,"Monthly","TABLE 1. GOODS, Summary: Seasonally adjusted and trend estimates, Current prices",NA
"623","DLCACS","Credit; Total; Seasonally adjusted","AUS","AUS",1980-12-31,69.761,"M","$ billion","Seasonally Adjusted","RBA","Monthly","D2 Lending And Credit Aggregates","Credit; Total; Seasonally adjusted – Includes securitisations – For series breaks see Series Breaks"
"624","FXRTWI","Trade-weighted Index May 1970 = 100","AUS","AUS",1980-12-31,87.1,"M","Index","Indicative","RBA","Monthly","F11 Exchange Rates","Australian Dollar Trade-weighted Index"
"625","A2718577A","Credits, Total goods ;","AUS","AUS",1981-01-01,1704,"M","$ Millions","Seasonally Adjusted",NA,"Monthly","TABLE 1. GOODS, Summary: Seasonally adjusted and trend estimates, Current prices",NA
"626","A2718594C","Balance on goods ;","AUS","AUS",1981-01-01,289,"M","$ Millions","Seasonally Adjusted",NA,"Monthly","TABLE 1. GOODS, Summary: Seasonally adjusted and trend estimates, Current prices",NA
"627","DLCACS","Credit; Total; Seasonally adjusted","AUS","AUS",1981-01-31,70.863,"M","$ billion","Seasonally Adjusted","RBA","Monthly","D2 Lending And Credit Aggregates","Credit; Total; Seasonally adjusted – Includes securitisations – For series breaks see Series Breaks"
"628","FXRTWI","Trade-weighted Index May 1970 = 100","AUS","AUS",1981-01-31,87.5,"M","Index","Indicative","RBA","Monthly","F11 Exchange Rates","Australian Dollar Trade-weighted Index"
"629","A2718577A","Credits, Total goods ;","AUS","AUS",1981-02-01,1577,"M","$ Millions","Seasonally Adjusted",NA,"Monthly","TABLE 1. GOODS, Summary: Seasonally adjusted and trend estimates, Current prices",NA
"630","A2718594C","Balance on goods ;","AUS","AUS",1981-02-01,-75,"M","$ Millions","Seasonally Adjusted",NA,"Monthly","TABLE 1. GOODS, Summary: Seasonally adjusted and trend estimates, Current prices",NA
"631","DLCACS","Credit; Total; Seasonally adjusted","AUS","AUS",1981-02-28,71.653,"M","$ billion","Seasonally Adjusted","RBA","Monthly","D2 Lending And Credit Aggregates","Credit; Total; Seasonally adjusted – Includes securitisations – For series breaks see Series Breaks"
"632","FXRTWI","Trade-weighted Index May 1970 = 100","AUS","AUS",1981-02-28,88.2,"M","Index","Indicative","RBA","Monthly","F11 Exchange Rates","Australian Dollar Trade-weighted Index"
"633","A2304418T","Gross domestic product: Current prices ;","AUS","AUS",1981-03-01,38555,"Q","$ Millions","Seasonally Adjusted",NA,"Quarterly","Table 1. Key National Accounts Aggregates",NA
"634","A2325846C","Index Numbers ; All groups CPI ; Australia ;","AUS","AUS",1981-03-01,27.8,"Q","Index Numbers","Original",NA,"Quarterly","TABLES 1 and 2. CPI: All Groups, Index Numbers and Percentage Changes",NA
"635","A2718577A","Credits, Total goods ;","AUS","AUS",1981-03-01,1528,"M","$ Millions","Seasonally Adjusted",NA,"Monthly","TABLE 1. GOODS, Summary: Seasonally adjusted and trend estimates, Current prices",NA
"636","A2718594C","Balance on goods ;","AUS","AUS",1981-03-01,-238,"M","$ Millions","Seasonally Adjusted",NA,"Monthly","TABLE 1. GOODS, Summary: Seasonally adjusted and trend estimates, Current prices",NA
"637","DLCACS","Credit; Total; Seasonally adjusted","AUS","AUS",1981-03-31,72.687,"M","$ billion","Seasonally Adjusted","RBA","Monthly","D2 Lending And Credit Aggregates","Credit; Total; Seasonally adjusted – Includes securitisations – For series breaks see Series Breaks"
"638","FXRTWI","Trade-weighted Index May 1970 = 100","AUS","AUS",1981-03-31,88.8,"M","Index","Indicative","RBA","Monthly","F11 Exchange Rates","Australian Dollar Trade-weighted Index"
"639","A2718577A","Credits, Total goods ;","AUS","AUS",1981-04-01,1681,"M","$ Millions","Seasonally Adjusted",NA,"Monthly","TABLE 1. GOODS, Summary: Seasonally adjusted and trend estimates, Current prices",NA
"640","A2718594C","Balance on goods ;","AUS","AUS",1981-04-01,-52,"M","$ Millions","Seasonally Adjusted",NA,"Monthly","TABLE 1. GOODS, Summary: Seasonally adjusted and trend estimates, Current prices",NA
"641","DLCACS","Credit; Total; Seasonally adjusted","AUS","AUS",1981-04-30,73.798,"M","$ billion","Seasonally Adjusted","RBA","Monthly","D2 Lending And Credit Aggregates","Credit; Total; Seasonally adjusted – Includes securitisations – For series breaks see Series Breaks"
"642","FXRTWI","Trade-weighted Index May 1970 = 100","AUS","AUS",1981-04-30,89.5,"M","Index","Indicative","RBA","Monthly","F11 Exchange Rates","Australian Dollar Trade-weighted Index"
"643","A2718577A","Credits, Total goods ;","AUS","AUS",1981-05-01,1644,"M","$ Millions","Seasonally Adjusted",NA,"Monthly","TABLE 1. GOODS, Summary: Seasonally adjusted and trend estimates, Current prices",NA
"644","A2718594C","Balance on goods ;","AUS","AUS",1981-05-01,83,"M","$ Millions","Seasonally Adjusted",NA,"Monthly","TABLE 1. GOODS, Summary: Seasonally adjusted and trend estimates, Current prices",NA
"645","DLCACS","Credit; Total; Seasonally adjusted","AUS","AUS",1981-05-31,75.129,"M","$ billion","Seasonally Adjusted","RBA","Monthly","D2 Lending And Credit Aggregates","Credit; Total; Seasonally adjusted – Includes securitisations – For series breaks see Series Breaks"
"646","FXRTWI","Trade-weighted Index May 1970 = 100","AUS","AUS",1981-05-31,90.8,"M","Index","Indicative","RBA","Monthly","F11 Exchange Rates","Australian Dollar Trade-weighted Index"
"647","A2304418T","Gross domestic product: Current prices ;","AUS","AUS",1981-06-01,39988,"Q","$ Millions","Seasonally Adjusted",NA,"Quarterly","Table 1. Key National Accounts Aggregates",NA
"648","A2325846C","Index Numbers ; All groups CPI ; Australia ;","AUS","AUS",1981-06-01,28.4,"Q","Index Numbers","Original",NA,"Quarterly","TABLES 1 and 2. CPI: All Groups, Index Numbers and Percentage Changes",NA
"649","A2718577A","Credits, Total goods ;","AUS","AUS",1981-06-01,1634,"M","$ Millions","Seasonally Adjusted",NA,"Monthly","TABLE 1. GOODS, Summary: Seasonally adjusted and trend estimates, Current prices",NA
"650","A2718594C","Balance on goods ;","AUS","AUS",1981-06-01,-170,"M","$ Millions","Seasonally Adjusted",NA,"Monthly","TABLE 1. GOODS, Summary: Seasonally adjusted and trend estimates, Current prices",NA
"651","DLCACS","Credit; Total; Seasonally adjusted","AUS","AUS",1981-06-30,76.232,"M","$ billion","Seasonally Adjusted","RBA","Monthly","D2 Lending And Credit Aggregates","Credit; Total; Seasonally adjusted – Includes securitisations – For series breaks see Series Breaks"
"652","FXRTWI","Trade-weighted Index May 1970 = 100","AUS","AUS",1981-06-30,92.9,"M","Index","Indicative","RBA","Monthly","F11 Exchange Rates","Australian Dollar Trade-weighted Index"
"653","A2718577A","Credits, Total goods ;","AUS","AUS",1981-07-01,1456,"M","$ Millions","Seasonally Adjusted",NA,"Monthly","TABLE 1. GOODS, Summary: Seasonally adjusted and trend estimates, Current prices",NA
"654","A2718594C","Balance on goods ;","AUS","AUS",1981-07-01,-361,"M","$ Millions","Seasonally Adjusted",NA,"Monthly","TABLE 1. GOODS, Summary: Seasonally adjusted and trend estimates, Current prices",NA
"655","DLCACS","Credit; Total; Seasonally adjusted","AUS","AUS",1981-07-31,77.59,"M","$ billion","Seasonally Adjusted","RBA","Monthly","D2 Lending And Credit Aggregates","Credit; Total; Seasonally adjusted – Includes securitisations – For series breaks see Series Breaks"
"656","FXRTWI","Trade-weighted Index May 1970 = 100","AUS","AUS",1981-07-31,94.2,"M","Index","Indicative","RBA","Monthly","F11 Exchange Rates","Australian Dollar Trade-weighted Index"
"657","A2718577A","Credits, Total goods ;","AUS","AUS",1981-08-01,1620,"M","$ Millions","Seasonally Adjusted",NA,"Monthly","TABLE 1. GOODS, Summary: Seasonally adjusted and trend estimates, Current prices",NA
"658","A2718594C","Balance on goods ;","AUS","AUS",1981-08-01,-101,"M","$ Millions","Seasonally Adjusted",NA,"Monthly","TABLE 1. GOODS, Summary: Seasonally adjusted and trend estimates, Current prices",NA
"659","DLCACS","Credit; Total; Seasonally adjusted","AUS","AUS",1981-08-31,78.695,"M","$ billion","Seasonally Adjusted","RBA","Monthly","D2 Lending And Credit Aggregates","Credit; Total; Seasonally adjusted – Includes securitisations – For series breaks see Series Breaks"
"660","FXRTWI","Trade-weighted Index May 1970 = 100","AUS","AUS",1981-08-31,94.4,"M","Index","Indicative","RBA","Monthly","F11 Exchange Rates","Australian Dollar Trade-weighted Index"
"661","A2304418T","Gross domestic product: Current prices ;","AUS","AUS",1981-09-01,42160,"Q","$ Millions","Seasonally Adjusted",NA,"Quarterly","Table 1. Key National Accounts Aggregates",NA
"662","A2325846C","Index Numbers ; All groups CPI ; Australia ;","AUS","AUS",1981-09-01,29,"Q","Index Numbers","Original",NA,"Quarterly","TABLES 1 and 2. CPI: All Groups, Index Numbers and Percentage Changes",NA
"663","A2718577A","Credits, Total goods ;","AUS","AUS",1981-09-01,1620,"M","$ Millions","Seasonally Adjusted",NA,"Monthly","TABLE 1. GOODS, Summary: Seasonally adjusted and trend estimates, Current prices",NA
"664","A2718594C","Balance on goods ;","AUS","AUS",1981-09-01,-54,"M","$ Millions","Seasonally Adjusted",NA,"Monthly","TABLE 1. GOODS, Summary: Seasonally adjusted and trend estimates, Current prices",NA
"665","DLCACS","Credit; Total; Seasonally adjusted","AUS","AUS",1981-09-30,79.726,"M","$ billion","Seasonally Adjusted","RBA","Monthly","D2 Lending And Credit Aggregates","Credit; Total; Seasonally adjusted – Includes securitisations – For series breaks see Series Breaks"
"666","FXRTWI","Trade-weighted Index May 1970 = 100","AUS","AUS",1981-09-30,93.8,"M","Index","Indicative","RBA","Monthly","F11 Exchange Rates","Australian Dollar Trade-weighted Index"
"667","A2718577A","Credits, Total goods ;","AUS","AUS",1981-10-01,1479,"M","$ Millions","Seasonally Adjusted",NA,"Monthly","TABLE 1. GOODS, Summary: Seasonally adjusted and trend estimates, Current prices",NA
"668","A2718594C","Balance on goods ;","AUS","AUS",1981-10-01,-484,"M","$ Millions","Seasonally Adjusted",NA,"Monthly","TABLE 1. GOODS, Summary: Seasonally adjusted and trend estimates, Current prices",NA
"669","DLCACS","Credit; Total; Seasonally adjusted","AUS","AUS",1981-10-31,80.795,"M","$ billion","Seasonally Adjusted","RBA","Monthly","D2 Lending And Credit Aggregates","Credit; Total; Seasonally adjusted – Includes securitisations – For series breaks see Series Breaks"
"670","FXRTWI","Trade-weighted Index May 1970 = 100","AUS","AUS",1981-10-31,93,"M","Index","Indicative","RBA","Monthly","F11 Exchange Rates","Australian Dollar Trade-weighted Index"
"671","A2718577A","Credits, Total goods ;","AUS","AUS",1981-11-01,1530,"M","$ Millions","Seasonally Adjusted",NA,"Monthly","TABLE 1. GOODS, Summary: Seasonally adjusted and trend estimates, Current prices",NA
"672","A2718594C","Balance on goods ;","AUS","AUS",1981-11-01,-267,"M","$ Millions","Seasonally Adjusted",NA,"Monthly","TABLE 1. GOODS, Summary: Seasonally adjusted and trend estimates, Current prices",NA
"673","DLCACS","Credit; Total; Seasonally adjusted","AUS","AUS",1981-11-30,81.833,"M","$ billion","Seasonally Adjusted","RBA","Monthly","D2 Lending And Credit Aggregates","Credit; Total; Seasonally adjusted – Includes securitisations – For series breaks see Series Breaks"
"674","FXRTWI","Trade-weighted Index May 1970 = 100","AUS","AUS",1981-11-30,91.2,"M","Index","Indicative","RBA","Monthly","F11 Exchange Rates","Australian Dollar Trade-weighted Index"
"675","A2304418T","Gross domestic product: Current prices ;","AUS","AUS",1981-12-01,43357,"Q","$ Millions","Seasonally Adjusted",NA,"Quarterly","Table 1. Key National Accounts Aggregates",NA
"676","A2325846C","Index Numbers ; All groups CPI ; Australia ;","AUS","AUS",1981-12-01,30.2,"Q","Index Numbers","Original",NA,"Quarterly","TABLES 1 and 2. CPI: All Groups, Index Numbers and Percentage Changes",NA
"677","A2718577A","Credits, Total goods ;","AUS","AUS",1981-12-01,1501,"M","$ Millions","Seasonally Adjusted",NA,"Monthly","TABLE 1. GOODS, Summary: Seasonally adjusted and trend estimates, Current prices",NA
"678","A2718594C","Balance on goods ;","AUS","AUS",1981-12-01,-180,"M","$ Millions","Seasonally Adjusted",NA,"Monthly","TABLE 1. GOODS, Summary: Seasonally adjusted and trend estimates, Current prices",NA
"679","DLCACS","Credit; Total; Seasonally adjusted","AUS","AUS",1981-12-31,83.039,"M","$ billion","Seasonally Adjusted","RBA","Monthly","D2 Lending And Credit Aggregates","Credit; Total; Seasonally adjusted – Includes securitisations – For series breaks see Series Breaks"
"680","FXRTWI","Trade-weighted Index May 1970 = 100","AUS","AUS",1981-12-31,90.5,"M","Index","Indicative","RBA","Monthly","F11 Exchange Rates","Australian Dollar Trade-weighted Index"
"681","A2718577A","Credits, Total goods ;","AUS","AUS",1982-01-01,1574,"M","$ Millions","Seasonally Adjusted",NA,"Monthly","TABLE 1. GOODS, Summary: Seasonally adjusted and trend estimates, Current prices",NA
"682","A2718594C","Balance on goods ;","AUS","AUS",1982-01-01,-346,"M","$ Millions","Seasonally Adjusted",NA,"Monthly","TABLE 1. GOODS, Summary: Seasonally adjusted and trend estimates, Current prices",NA
"683","DLCACS","Credit; Total; Seasonally adjusted","AUS","AUS",1982-01-31,84.566,"M","$ billion","Seasonally Adjusted","RBA","Monthly","D2 Lending And Credit Aggregates","Credit; Total; Seasonally adjusted – Includes securitisations – For series breaks see Series Breaks"
"684","FXRTWI","Trade-weighted Index May 1970 = 100","AUS","AUS",1982-01-31,90.1,"M","Index","Indicative","RBA","Monthly","F11 Exchange Rates","Australian Dollar Trade-weighted Index"
"685","A2718577A","Credits, Total goods ;","AUS","AUS",1982-02-01,1715,"M","$ Millions","Seasonally Adjusted",NA,"Monthly","TABLE 1. GOODS, Summary: Seasonally adjusted and trend estimates, Current prices",NA
"686","A2718594C","Balance on goods ;","AUS","AUS",1982-02-01,-317,"M","$ Millions","Seasonally Adjusted",NA,"Monthly","TABLE 1. GOODS, Summary: Seasonally adjusted and trend estimates, Current prices",NA
"687","DLCACS","Credit; Total; Seasonally adjusted","AUS","AUS",1982-02-28,85.623,"M","$ billion","Seasonally Adjusted","RBA","Monthly","D2 Lending And Credit Aggregates","Credit; Total; Seasonally adjusted – Includes securitisations – For series breaks see Series Breaks"
"688","FXRTWI","Trade-weighted Index May 1970 = 100","AUS","AUS",1982-02-28,89.2,"M","Index","Indicative","RBA","Monthly","F11 Exchange Rates","Australian Dollar Trade-weighted Index"
"689","A2304418T","Gross domestic product: Current prices ;","AUS","AUS",1982-03-01,44286,"Q","$ Millions","Seasonally Adjusted",NA,"Quarterly","Table 1. Key National Accounts Aggregates",NA
"690","A2325846C","Index Numbers ; All groups CPI ; Australia ;","AUS","AUS",1982-03-01,30.8,"Q","Index Numbers","Original",NA,"Quarterly","TABLES 1 and 2. CPI: All Groups, Index Numbers and Percentage Changes",NA
"691","A2718577A","Credits, Total goods ;","AUS","AUS",1982-03-01,1758,"M","$ Millions","Seasonally Adjusted",NA,"Monthly","TABLE 1. GOODS, Summary: Seasonally adjusted and trend estimates, Current prices",NA
"692","A2718594C","Balance on goods ;","AUS","AUS",1982-03-01,-365,"M","$ Millions","Seasonally Adjusted",NA,"Monthly","TABLE 1. GOODS, Summary: Seasonally adjusted and trend estimates, Current prices",NA
"693","DLCACS","Credit; Total; Seasonally adjusted","AUS","AUS",1982-03-31,86.732,"M","$ billion","Seasonally Adjusted","RBA","Monthly","D2 Lending And Credit Aggregates","Credit; Total; Seasonally adjusted – Includes securitisations – For series breaks see Series Breaks"
"694","FXRTWI","Trade-weighted Index May 1970 = 100","AUS","AUS",1982-03-31,88.8,"M","Index","Indicative","RBA","Monthly","F11 Exchange Rates","Australian Dollar Trade-weighted Index"
"695","A2718577A","Credits, Total goods ;","AUS","AUS",1982-04-01,1700,"M","$ Millions","Seasonally Adjusted",NA,"Monthly","TABLE 1. GOODS, Summary: Seasonally adjusted and trend estimates, Current prices",NA
"696","A2718594C","Balance on goods ;","AUS","AUS",1982-04-01,-389,"M","$ Millions","Seasonally Adjusted",NA,"Monthly","TABLE 1. GOODS, Summary: Seasonally adjusted and trend estimates, Current prices",NA
"697","DLCACS","Credit; Total; Seasonally adjusted","AUS","AUS",1982-04-30,88.279,"M","$ billion","Seasonally Adjusted","RBA","Monthly","D2 Lending And Credit Aggregates","Credit; Total; Seasonally adjusted – Includes securitisations – For series breaks see Series Breaks"
"698","FXRTWI","Trade-weighted Index May 1970 = 100","AUS","AUS",1982-04-30,88.2,"M","Index","Indicative","RBA","Monthly","F11 Exchange Rates","Australian Dollar Trade-weighted Index"
"699","A2718577A","Credits, Total goods ;","AUS","AUS",1982-05-01,1915,"M","$ Millions","Seasonally Adjusted",NA,"Monthly","TABLE 1. GOODS, Summary: Seasonally adjusted and trend estimates, Current prices",NA
"700","A2718594C","Balance on goods ;","AUS","AUS",1982-05-01,-47,"M","$ Millions","Seasonally Adjusted",NA,"Monthly","TABLE 1. GOODS, Summary: Seasonally adjusted and trend estimates, Current prices",NA
"701","DLCACS","Credit; Total; Seasonally adjusted","AUS","AUS",1982-05-31,88.878,"M","$ billion","Seasonally Adjusted","RBA","Monthly","D2 Lending And Credit Aggregates","Credit; Total; Seasonally adjusted – Includes securitisations – For series breaks see Series Breaks"
"702","FXRTWI","Trade-weighted Index May 1970 = 100","AUS","AUS",1982-05-31,88,"M","Index","Indicative","RBA","Monthly","F11 Exchange Rates","Australian Dollar Trade-weighted Index"
"703","A2304418T","Gross domestic product: Current prices ;","AUS","AUS",1982-06-01,45974,"Q","$ Millions","Seasonally Adjusted",NA,"Quarterly","Table 1. Key National Accounts Aggregates",NA
"704","A2325846C","Index Numbers ; All groups CPI ; Australia ;","AUS","AUS",1982-06-01,31.5,"Q","Index Numbers","Original",NA,"Quarterly","TABLES 1 and 2. CPI: All Groups, Index Numbers and Percentage Changes",NA
"705","A2718577A","Credits, Total goods ;","AUS","AUS",1982-06-01,1718,"M","$ Millions","Seasonally Adjusted",NA,"Monthly","TABLE 1. GOODS, Summary: Seasonally adjusted and trend estimates, Current prices",NA
"706","A2718594C","Balance on goods ;","AUS","AUS",1982-06-01,-210,"M","$ Millions","Seasonally Adjusted",NA,"Monthly","TABLE 1. GOODS, Summary: Seasonally adjusted and trend estimates, Current prices",NA
"707","DLCACS","Credit; Total; Seasonally adjusted","AUS","AUS",1982-06-30,89.693,"M","$ billion","Seasonally Adjusted","RBA","Monthly","D2 Lending And Credit Aggregates","Credit; Total; Seasonally adjusted – Includes securitisations – For series breaks see Series Breaks"
"708","FXRTWI","Trade-weighted Index May 1970 = 100","AUS","AUS",1982-06-30,88.2,"M","Index","Indicative","RBA","Monthly","F11 Exchange Rates","Australian Dollar Trade-weighted Index"
"709","GCPIOCPMTMQP","Quarterly trimmed mean inflation","AUS","AUS",1982-06-30,2.5,"Q","Per cent","Seasonally Adjusted","ABS","Quarterly","G1 Consumer Price Inflation","Consumer price index; Trimmed mean; Quarterly change (in per cent)"
"710","A2718577A","Credits, Total goods ;","AUS","AUS",1982-07-01,1866,"M","$ Millions","Seasonally Adjusted",NA,"Monthly","TABLE 1. GOODS, Summary: Seasonally adjusted and trend estimates, Current prices",NA
"711","A2718594C","Balance on goods ;","AUS","AUS",1982-07-01,-138,"M","$ Millions","Seasonally Adjusted",NA,"Monthly","TABLE 1. GOODS, Summary: Seasonally adjusted and trend estimates, Current prices",NA
"712","DLCACS","Credit; Total; Seasonally adjusted","AUS","AUS",1982-07-31,90.927,"M","$ billion","Seasonally Adjusted","RBA","Monthly","D2 Lending And Credit Aggregates","Credit; Total; Seasonally adjusted – Includes securitisations – For series breaks see Series Breaks"
"713","FXRTWI","Trade-weighted Index May 1970 = 100","AUS","AUS",1982-07-31,86.1,"M","Index","Indicative","RBA","Monthly","F11 Exchange Rates","Australian Dollar Trade-weighted Index"
"714","GRCPAISDR","Commodity prices – SDR","AUS","AUS",1982-07-31,37.7613536293876,"M","Index, 2023/24=100","Original","RBA","Monthly","I2 Commodity Prices","Index of commodity prices; All items; SDR"
"715","A2718577A","Credits, Total goods ;","AUS","AUS",1982-08-01,1650,"M","$ Millions","Seasonally Adjusted",NA,"Monthly","TABLE 1. GOODS, Summary: Seasonally adjusted and trend estimates, Current prices",NA
"716","A2718594C","Balance on goods ;","AUS","AUS",1982-08-01,-250,"M","$ Millions","Seasonally Adjusted",NA,"Monthly","TABLE 1. GOODS, Summary: Seasonally adjusted and trend estimates, Current prices",NA
"717","DLCACS","Credit; Total; Seasonally adjusted","AUS","AUS",1982-08-31,92.001,"M","$ billion","Seasonally Adjusted","RBA","Monthly","D2 Lending And Credit Aggregates","Credit; Total; Seasonally adjusted – Includes securitisations – For series breaks see Series Breaks"
"718","FXRTWI","Trade-weighted Index May 1970 = 100","AUS","AUS",1982-08-31,84.1,"M","Index","Indicative","RBA","Monthly","F11 Exchange Rates","Australian Dollar Trade-weighted Index"
"719","GRCPAISDR","Commodity prices – SDR","AUS","AUS",1982-08-31,37.6291121542054,"M","Index, 2023/24=100","Original","RBA","Monthly","I2 Commodity Prices","Index of commodity prices; All items; SDR"
"720","A2304418T","Gross domestic product: Current prices ;","AUS","AUS",1982-09-01,46558,"Q","$ Millions","Seasonally Adjusted",NA,"Quarterly","Table 1. Key National Accounts Aggregates",NA
"721","A2325846C","Index Numbers ; All groups CPI ; Australia ;","AUS","AUS",1982-09-01,32.6,"Q","Index Numbers","Original",NA,"Quarterly","TABLES 1 and 2. CPI: All Groups, Index Numbers and Percentage Changes",NA
"722","A2718577A","Credits, Total goods ;","AUS","AUS",1982-09-01,1812,"M","$ Millions","Seasonally Adjusted",NA,"Monthly","TABLE 1. GOODS, Summary: Seasonally adjusted and trend estimates, Current prices",NA
"723","A2718594C","Balance on goods ;","AUS","AUS",1982-09-01,42,"M","$ Millions","Seasonally Adjusted",NA,"Monthly","TABLE 1. GOODS, Summary: Seasonally adjusted and trend estimates, Current prices",NA
"724","DLCACS","Credit; Total; Seasonally adjusted","AUS","AUS",1982-09-30,92.91,"M","$ billion","Seasonally Adjusted","RBA","Monthly","D2 Lending And Credit Aggregates","Credit; Total; Seasonally adjusted – Includes securitisations – For series breaks see Series Breaks"
"725","FXRTWI","Trade-weighted Index May 1970 = 100","AUS","AUS",1982-09-30,83.8,"M","Index","Indicative","RBA","Monthly","F11 Exchange Rates","Australian Dollar Trade-weighted Index"
"726","GCPIOCPMTMQP","Quarterly trimmed mean inflation","AUS","AUS",1982-09-30,3,"Q","Per cent","Seasonally Adjusted","ABS","Quarterly","G1 Consumer Price Inflation","Consumer price index; Trimmed mean; Quarterly change (in per cent)"
"727","GRCPAISDR","Commodity prices – SDR","AUS","AUS",1982-09-30,38.4675324381769,"M","Index, 2023/24=100","Original","RBA","Monthly","I2 Commodity Prices","Index of commodity prices; All items; SDR"
"728","A2718577A","Credits, Total goods ;","AUS","AUS",1982-10-01,1852,"M","$ Millions","Seasonally Adjusted",NA,"Monthly","TABLE 1. GOODS, Summary: Seasonally adjusted and trend estimates, Current prices",NA
"729","A2718594C","Balance on goods ;","AUS","AUS",1982-10-01,-156,"M","$ Millions","Seasonally Adjusted",NA,"Monthly","TABLE 1. GOODS, Summary: Seasonally adjusted and trend estimates, Current prices",NA
"730","DLCACS","Credit; Total; Seasonally adjusted","AUS","AUS",1982-10-31,93.452,"M","$ billion","Seasonally Adjusted","RBA","Monthly","D2 Lending And Credit Aggregates","Credit; Total; Seasonally adjusted – Includes securitisations – For series breaks see Series Breaks"
"731","FXRTWI","Trade-weighted Index May 1970 = 100","AUS","AUS",1982-10-31,83.9,"M","Index","Indicative","RBA","Monthly","F11 Exchange Rates","Australian Dollar Trade-weighted Index"
"732","GRCPAISDR","Commodity prices – SDR","AUS","AUS",1982-10-31,38.5838093811096,"M","Index, 2023/24=100","Original","RBA","Monthly","I2 Commodity Prices","Index of commodity prices; All items; SDR"
"733","A2718577A","Credits, Total goods ;","AUS","AUS",1982-11-01,1801,"M","$ Millions","Seasonally Adjusted",NA,"Monthly","TABLE 1. GOODS, Summary: Seasonally adjusted and trend estimates, Current prices",NA
"734","A2718594C","Balance on goods ;","AUS","AUS",1982-11-01,-6,"M","$ Millions","Seasonally Adjusted",NA,"Monthly","TABLE 1. GOODS, Summary: Seasonally adjusted and trend estimates, Current prices",NA
"735","DLCACS","Credit; Total; Seasonally adjusted","AUS","AUS",1982-11-30,94.255,"M","$ billion","Seasonally Adjusted","RBA","Monthly","D2 Lending And Credit Aggregates","Credit; Total; Seasonally adjusted – Includes securitisations – For series breaks see Series Breaks"
"736","FXRTWI","Trade-weighted Index May 1970 = 100","AUS","AUS",1982-11-30,83.5,"M","Index","Indicative","RBA","Monthly","F11 Exchange Rates","Australian Dollar Trade-weighted Index"
"737","GRCPAISDR","Commodity prices – SDR","AUS","AUS",1982-11-30,38.7604109546672,"M","Index, 2023/24=100","Original","RBA","Monthly","I2 Commodity Prices","Index of commodity prices; All items; SDR"
"738","A2304418T","Gross domestic product: Current prices ;","AUS","AUS",1982-12-01,47284,"Q","$ Millions","Seasonally Adjusted",NA,"Quarterly","Table 1. Key National Accounts Aggregates",NA
"739","A2325846C","Index Numbers ; All groups CPI ; Australia ;","AUS","AUS",1982-12-01,33.6,"Q","Index Numbers","Original",NA,"Quarterly","TABLES 1 and 2. CPI: All Groups, Index Numbers and Percentage Changes",NA
"740","A2718577A","Credits, Total goods ;","AUS","AUS",1982-12-01,1859,"M","$ Millions","Seasonally Adjusted",NA,"Monthly","TABLE 1. GOODS, Summary: Seasonally adjusted and trend estimates, Current prices",NA
"741","A2718594C","Balance on goods ;","AUS","AUS",1982-12-01,38,"M","$ Millions","Seasonally Adjusted",NA,"Monthly","TABLE 1. GOODS, Summary: Seasonally adjusted and trend estimates, Current prices",NA
"742","DLCACS","Credit; Total; Seasonally adjusted","AUS","AUS",1982-12-31,94.381,"M","$ billion","Seasonally Adjusted","RBA","Monthly","D2 Lending And Credit Aggregates","Credit; Total; Seasonally adjusted – Includes securitisations – For series breaks see Series Breaks"
"743","FXRTWI","Trade-weighted Index May 1970 = 100","AUS","AUS",1982-12-31,83.4,"M","Index","Indicative","RBA","Monthly","F11 Exchange Rates","Australian Dollar Trade-weighted Index"
"744","GCPIOCPMTMQP","Quarterly trimmed mean inflation","AUS","AUS",1982-12-31,2.6,"Q","Per cent","Seasonally Adjusted","ABS","Quarterly","G1 Consumer Price Inflation","Consumer price index; Trimmed mean; Quarterly change (in per cent)"
"745","GRCPAISDR","Commodity prices – SDR","AUS","AUS",1982-12-31,38.160080002802,"M","Index, 2023/24=100","Original","RBA","Monthly","I2 Commodity Prices","Index of commodity prices; All items; SDR"
"746","A2718577A","Credits, Total goods ;","AUS","AUS",1983-01-01,1591,"M","$ Millions","Seasonally Adjusted",NA,"Monthly","TABLE 1. GOODS, Summary: Seasonally adjusted and trend estimates, Current prices",NA
"747","A2718594C","Balance on goods ;","AUS","AUS",1983-01-01,-81,"M","$ Millions","Seasonally Adjusted",NA,"Monthly","TABLE 1. GOODS, Summary: Seasonally adjusted and trend estimates, Current prices",NA
"748","DLCACS","Credit; Total; Seasonally adjusted","AUS","AUS",1983-01-31,95.181,"M","$ billion","Seasonally Adjusted","RBA","Monthly","D2 Lending And Credit Aggregates","Credit; Total; Seasonally adjusted – Includes securitisations – For series breaks see Series Breaks"
"749","FXRTWI","Trade-weighted Index May 1970 = 100","AUS","AUS",1983-01-31,83.6,"M","Index","Indicative","RBA","Monthly","F11 Exchange Rates","Australian Dollar Trade-weighted Index"
"750","GRCPAISDR","Commodity prices – SDR","AUS","AUS",1983-01-31,38.7528721850163,"M","Index, 2023/24=100","Original","RBA","Monthly","I2 Commodity Prices","Index of commodity prices; All items; SDR"
"751","A2718577A","Credits, Total goods ;","AUS","AUS",1983-02-01,1674,"M","$ Millions","Seasonally Adjusted",NA,"Monthly","TABLE 1. GOODS, Summary: Seasonally adjusted and trend estimates, Current prices",NA
"752","A2718594C","Balance on goods ;","AUS","AUS",1983-02-01,-54,"M","$ Millions","Seasonally Adjusted",NA,"Monthly","TABLE 1. GOODS, Summary: Seasonally adjusted and trend estimates, Current prices",NA
"753","DLCACS","Credit; Total; Seasonally adjusted","AUS","AUS",1983-02-28,97.695,"M","$ billion","Seasonally Adjusted","RBA","Monthly","D2 Lending And Credit Aggregates","Credit; Total; Seasonally adjusted – Includes securitisations – For series breaks see Series Breaks"
"754","FXRTWI","Trade-weighted Index May 1970 = 100","AUS","AUS",1983-02-28,82.4,"M","Index","Indicative","RBA","Monthly","F11 Exchange Rates","Australian Dollar Trade-weighted Index"
"755","GRCPAISDR","Commodity prices – SDR","AUS","AUS",1983-02-28,39.4847049036076,"M","Index, 2023/24=100","Original","RBA","Monthly","I2 Commodity Prices","Index of commodity prices; All items; SDR"
"756","A2304418T","Gross domestic product: Current prices ;","AUS","AUS",1983-03-01,47696,"Q","$ Millions","Seasonally Adjusted",NA,"Quarterly","Table 1. Key National Accounts Aggregates",NA
"757","A2325846C","Index Numbers ; All groups CPI ; Australia ;","AUS","AUS",1983-03-01,34.3,"Q","Index Numbers","Original",NA,"Quarterly","TABLES 1 and 2. CPI: All Groups, Index Numbers and Percentage Changes",NA
"758","A2718577A","Credits, Total goods ;","AUS","AUS",1983-03-01,1758,"M","$ Millions","Seasonally Adjusted",NA,"Monthly","TABLE 1. GOODS, Summary: Seasonally adjusted and trend estimates, Current prices",NA
"759","A2718594C","Balance on goods ;","AUS","AUS",1983-03-01,-85,"M","$ Millions","Seasonally Adjusted",NA,"Monthly","TABLE 1. GOODS, Summary: Seasonally adjusted and trend estimates, Current prices",NA
"760","DLCACS","Credit; Total; Seasonally adjusted","AUS","AUS",1983-03-31,99.72,"M","$ billion","Seasonally Adjusted","RBA","Monthly","D2 Lending And Credit Aggregates","Credit; Total; Seasonally adjusted – Includes securitisations – For series breaks see Series Breaks"
"761","FXRTWI","Trade-weighted Index May 1970 = 100","AUS","AUS",1983-03-31,76.1,"M","Index","Indicative","RBA","Monthly","F11 Exchange Rates","Australian Dollar Trade-weighted Index"
"762","GCPIOCPMTMQP","Quarterly trimmed mean inflation","AUS","AUS",1983-03-31,2.2,"Q","Per cent","Seasonally Adjusted","ABS","Quarterly","G1 Consumer Price Inflation","Consumer price index; Trimmed mean; Quarterly change (in per cent)"
"763","GRCPAISDR","Commodity prices – SDR","AUS","AUS",1983-03-31,38.2163768434187,"M","Index, 2023/24=100","Original","RBA","Monthly","I2 Commodity Prices","Index of commodity prices; All items; SDR"
"764","A2718577A","Credits, Total goods ;","AUS","AUS",1983-04-01,1847,"M","$ Millions","Seasonally Adjusted",NA,"Monthly","TABLE 1. GOODS, Summary: Seasonally adjusted and trend estimates, Current prices",NA
"765","A2718594C","Balance on goods ;","AUS","AUS",1983-04-01,27,"M","$ Millions","Seasonally Adjusted",NA,"Monthly","TABLE 1. GOODS, Summary: Seasonally adjusted and trend estimates, Current prices",NA
"766","DLCACS","Credit; Total; Seasonally adjusted","AUS","AUS",1983-04-30,99.886,"M","$ billion","Seasonally Adjusted","RBA","Monthly","D2 Lending And Credit Aggregates","Credit; Total; Seasonally adjusted – Includes securitisations – For series breaks see Series Breaks"
"767","FXRTWI","Trade-weighted Index May 1970 = 100","AUS","AUS",1983-04-30,76.2,"M","Index","Indicative","RBA","Monthly","F11 Exchange Rates","Australian Dollar Trade-weighted Index"
"768","GRCPAISDR","Commodity prices – SDR","AUS","AUS",1983-04-30,38.3663870572513,"M","Index, 2023/24=100","Original","RBA","Monthly","I2 Commodity Prices","Index of commodity prices; All items; SDR"
"769","A2718577A","Credits, Total goods ;","AUS","AUS",1983-05-01,1827,"M","$ Millions","Seasonally Adjusted",NA,"Monthly","TABLE 1. GOODS, Summary: Seasonally adjusted and trend estimates, Current prices",NA
"770","A2718594C","Balance on goods ;","AUS","AUS",1983-05-01,91,"M","$ Millions","Seasonally Adjusted",NA,"Monthly","TABLE 1. GOODS, Summary: Seasonally adjusted and trend estimates, Current prices",NA
"771","DLCACS","Credit; Total; Seasonally adjusted","AUS","AUS",1983-05-31,100.548,"M","$ billion","Seasonally Adjusted","RBA","Monthly","D2 Lending And Credit Aggregates","Credit; Total; Seasonally adjusted – Includes securitisations – For series breaks see Series Breaks"
"772","FXRTWI","Trade-weighted Index May 1970 = 100","AUS","AUS",1983-05-31,77.6,"M","Index","Indicative","RBA","Monthly","F11 Exchange Rates","Australian Dollar Trade-weighted Index"
"773","GRCPAISDR","Commodity prices – SDR","AUS","AUS",1983-05-31,38.791444822308,"M","Index, 2023/24=100","Original","RBA","Monthly","I2 Commodity Prices","Index of commodity prices; All items; SDR"
"774","A2304418T","Gross domestic product: Current prices ;","AUS","AUS",1983-06-01,48207,"Q","$ Millions","Seasonally Adjusted",NA,"Quarterly","Table 1. Key National Accounts Aggregates",NA
"775","A2325846C","Index Numbers ; All groups CPI ; Australia ;","AUS","AUS",1983-06-01,35,"Q","Index Numbers","Original",NA,"Quarterly","TABLES 1 and 2. CPI: All Groups, Index Numbers and Percentage Changes",NA
"776","A2718577A","Credits, Total goods ;","AUS","AUS",1983-06-01,1778,"M","$ Millions","Seasonally Adjusted",NA,"Monthly","TABLE 1. GOODS, Summary: Seasonally adjusted and trend estimates, Current prices",NA
"777","A2718594C","Balance on goods ;","AUS","AUS",1983-06-01,-91,"M","$ Millions","Seasonally Adjusted",NA,"Monthly","TABLE 1. GOODS, Summary: Seasonally adjusted and trend estimates, Current prices",NA
"778","DLCACS","Credit; Total; Seasonally adjusted","AUS","AUS",1983-06-30,101.183,"M","$ billion","Seasonally Adjusted","RBA","Monthly","D2 Lending And Credit Aggregates","Credit; Total; Seasonally adjusted – Includes securitisations – For series breaks see Series Breaks"
"779","FXRTWI","Trade-weighted Index May 1970 = 100","AUS","AUS",1983-06-30,77.7,"M","Index","Indicative","RBA","Monthly","F11 Exchange Rates","Australian Dollar Trade-weighted Index"
"780","GCPIOCPMTMQP","Quarterly trimmed mean inflation","AUS","AUS",1983-06-30,1.8,"Q","Per cent","Seasonally Adjusted","ABS","Quarterly","G1 Consumer Price Inflation","Consumer price index; Trimmed mean; Quarterly change (in per cent)"
"781","GRCPAISDR","Commodity prices – SDR","AUS","AUS",1983-06-30,38.9792545161062,"M","Index, 2023/24=100","Original","RBA","Monthly","I2 Commodity Prices","Index of commodity prices; All items; SDR"
"782","A2718577A","Credits, Total goods ;","AUS","AUS",1983-07-01,1788,"M","$ Millions","Seasonally Adjusted",NA,"Monthly","TABLE 1. GOODS, Summary: Seasonally adjusted and trend estimates, Current prices",NA
"783","A2718594C","Balance on goods ;","AUS","AUS",1983-07-01,-83,"M","$ Millions","Seasonally Adjusted",NA,"Monthly","TABLE 1. GOODS, Summary: Seasonally adjusted and trend estimates, Current prices",NA
"784","DLCACS","Credit; Total; Seasonally adjusted","AUS","AUS",1983-07-31,101.588,"M","$ billion","Seasonally Adjusted","RBA","Monthly","D2 Lending And Credit Aggregates","Credit; Total; Seasonally adjusted – Includes securitisations – For series breaks see Series Breaks"
"785","FXRTWI","Trade-weighted Index May 1970 = 100","AUS","AUS",1983-07-31,78.8,"M","Index","Indicative","RBA","Monthly","F11 Exchange Rates","Australian Dollar Trade-weighted Index"
"786","GRCPAISDR","Commodity prices – SDR","AUS","AUS",1983-07-31,38.7815528938577,"M","Index, 2023/24=100","Original","RBA","Monthly","I2 Commodity Prices","Index of commodity prices; All items; SDR"
"787","A2718577A","Credits, Total goods ;","AUS","AUS",1983-08-01,1780,"M","$ Millions","Seasonally Adjusted",NA,"Monthly","TABLE 1. GOODS, Summary: Seasonally adjusted and trend estimates, Current prices",NA
"788","A2718594C","Balance on goods ;","AUS","AUS",1983-08-01,-67,"M","$ Millions","Seasonally Adjusted",NA,"Monthly","TABLE 1. GOODS, Summary: Seasonally adjusted and trend estimates, Current prices",NA
"789","DLCACS","Credit; Total; Seasonally adjusted","AUS","AUS",1983-08-31,102.32,"M","$ billion","Seasonally Adjusted","RBA","Monthly","D2 Lending And Credit Aggregates","Credit; Total; Seasonally adjusted – Includes securitisations – For series breaks see Series Breaks"
"790","FXRTWI","Trade-weighted Index May 1970 = 100","AUS","AUS",1983-08-31,79.6,"M","Index","Indicative","RBA","Monthly","F11 Exchange Rates","Australian Dollar Trade-weighted Index"
"791","GRCPAISDR","Commodity prices – SDR","AUS","AUS",1983-08-31,39.7662429149443,"M","Index, 2023/24=100","Original","RBA","Monthly","I2 Commodity Prices","Index of commodity prices; All items; SDR"
"792","A2304418T","Gross domestic product: Current prices ;","AUS","AUS",1983-09-01,50999,"Q","$ Millions","Seasonally Adjusted",NA,"Quarterly","Table 1. Key National Accounts Aggregates",NA
"793","A2325846C","Index Numbers ; All groups CPI ; Australia ;","AUS","AUS",1983-09-01,35.6,"Q","Index Numbers","Original",NA,"Quarterly","TABLES 1 and 2. CPI: All Groups, Index Numbers and Percentage Changes",NA
"794","A2718577A","Credits, Total goods ;","AUS","AUS",1983-09-01,1911,"M","$ Millions","Seasonally Adjusted",NA,"Monthly","TABLE 1. GOODS, Summary: Seasonally adjusted and trend estimates, Current prices",NA
"795","A2718594C","Balance on goods ;","AUS","AUS",1983-09-01,103,"M","$ Millions","Seasonally Adjusted",NA,"Monthly","TABLE 1. GOODS, Summary: Seasonally adjusted and trend estimates, Current prices",NA
"796","DLCACS","Credit; Total; Seasonally adjusted","AUS","AUS",1983-09-30,102.851,"M","$ billion","Seasonally Adjusted","RBA","Monthly","D2 Lending And Credit Aggregates","Credit; Total; Seasonally adjusted – Includes securitisations – For series breaks see Series Breaks"
"797","FXRTWI","Trade-weighted Index May 1970 = 100","AUS","AUS",1983-09-30,80.4,"M","Index","Indicative","RBA","Monthly","F11 Exchange Rates","Australian Dollar Trade-weighted Index"
"798","GCPIOCPMTMQP","Quarterly trimmed mean inflation","AUS","AUS",1983-09-30,1.5,"Q","Per cent","Seasonally Adjusted","ABS","Quarterly","G1 Consumer Price Inflation","Consumer price index; Trimmed mean; Quarterly change (in per cent)"
"799","GRCPAISDR","Commodity prices – SDR","AUS","AUS",1983-09-30,39.2578858548699,"M","Index, 2023/24=100","Original","RBA","Monthly","I2 Commodity Prices","Index of commodity prices; All items; SDR"
"800","A2718577A","Credits, Total goods ;","AUS","AUS",1983-10-01,1941,"M","$ Millions","Seasonally Adjusted",NA,"Monthly","TABLE 1. GOODS, Summary: Seasonally adjusted and trend estimates, Current prices",NA
"801","A2718594C","Balance on goods ;","AUS","AUS",1983-10-01,38,"M","$ Millions","Seasonally Adjusted",NA,"Monthly","TABLE 1. GOODS, Summary: Seasonally adjusted and trend estimates, Current prices",NA
"802","DLCACS","Credit; Total; Seasonally adjusted","AUS","AUS",1983-10-31,102.983,"M","$ billion","Seasonally Adjusted","RBA","Monthly","D2 Lending And Credit Aggregates","Credit; Total; Seasonally adjusted – Includes securitisations – For series breaks see Series Breaks"
"803","FXRTWI","Trade-weighted Index May 1970 = 100","AUS","AUS",1983-10-31,81.7,"M","Index","Indicative","RBA","Monthly","F11 Exchange Rates","Australian Dollar Trade-weighted Index"
"804","GRCPAISDR","Commodity prices – SDR","AUS","AUS",1983-10-31,39.0258924791597,"M","Index, 2023/24=100","Original","RBA","Monthly","I2 Commodity Prices","Index of commodity prices; All items; SDR"
"805","A2718577A","Credits, Total goods ;","AUS","AUS",1983-11-01,1983,"M","$ Millions","Seasonally Adjusted",NA,"Monthly","TABLE 1. GOODS, Summary: Seasonally adjusted and trend estimates, Current prices",NA
"806","A2718594C","Balance on goods ;","AUS","AUS",1983-11-01,163,"M","$ Millions","Seasonally Adjusted",NA,"Monthly","TABLE 1. GOODS, Summary: Seasonally adjusted and trend estimates, Current prices",NA
"807","DLCACS","Credit; Total; Seasonally adjusted","AUS","AUS",1983-11-30,104.665,"M","$ billion","Seasonally Adjusted","RBA","Monthly","D2 Lending And Credit Aggregates","Credit; Total; Seasonally adjusted – Includes securitisations – For series breaks see Series Breaks"
"808","FXRTWI","Trade-weighted Index May 1970 = 100","AUS","AUS",1983-11-30,82,"M","Index","Indicative","RBA","Monthly","F11 Exchange Rates","Australian Dollar Trade-weighted Index"
"809","GRCPAISDR","Commodity prices – SDR","AUS","AUS",1983-11-30,38.3932118987828,"M","Index, 2023/24=100","Original","RBA","Monthly","I2 Commodity Prices","Index of commodity prices; All items; SDR"
"810","A2304418T","Gross domestic product: Current prices ;","AUS","AUS",1983-12-01,52410,"Q","$ Millions","Seasonally Adjusted",NA,"Quarterly","Table 1. Key National Accounts Aggregates",NA
"811","A2325846C","Index Numbers ; All groups CPI ; Australia ;","AUS","AUS",1983-12-01,36.5,"Q","Index Numbers","Original",NA,"Quarterly","TABLES 1 and 2. CPI: All Groups, Index Numbers and Percentage Changes",NA
"812","A2718577A","Credits, Total goods ;","AUS","AUS",1983-12-01,2113,"M","$ Millions","Seasonally Adjusted",NA,"Monthly","TABLE 1. GOODS, Summary: Seasonally adjusted and trend estimates, Current prices",NA
"813","A2718594C","Balance on goods ;","AUS","AUS",1983-12-01,191,"M","$ Millions","Seasonally Adjusted",NA,"Monthly","TABLE 1. GOODS, Summary: Seasonally adjusted and trend estimates, Current prices",NA
"814","FXRTWI","Trade-weighted Index May 1970 = 100","AUS","AUS",1983-12-12,83,"D","Index","Indicative","RBA","Daily","Historical Daily Exchange Rates Of The Australian Dollar Against:","Australian Dollar Trade-weighted Index"
"815","FXRTWI","Trade-weighted Index May 1970 = 100","AUS","AUS",1983-12-13,81.6,"D","Index","Indicative","RBA","Daily","Historical Daily Exchange Rates Of The Australian Dollar Against:","Australian Dollar Trade-weighted Index"
"816","FXRTWI","Trade-weighted Index May 1970 = 100","AUS","AUS",1983-12-14,81.7,"D","Index","Indicative","RBA","Daily","Historical Daily Exchange Rates Of The Australian Dollar Against:","Australian Dollar Trade-weighted Index"
"817","FXRTWI","Trade-weighted Index May 1970 = 100","AUS","AUS",1983-12-15,81.3,"D","Index","Indicative","RBA","Daily","Historical Daily Exchange Rates Of The Australian Dollar Against:","Australian Dollar Trade-weighted Index"
"818","FXRTWI","Trade-weighted Index May 1970 = 100","AUS","AUS",1983-12-16,80.9,"D","Index","Indicative","RBA","Daily","Historical Daily Exchange Rates Of The Australian Dollar Against:","Australian Dollar Trade-weighted Index"
"819","FXRTWI","Trade-weighted Index May 1970 = 100","AUS","AUS",1983-12-19,79.7,"D","Index","Indicative","RBA","Daily","Historical Daily Exchange Rates Of The Australian Dollar Against:","Australian Dollar Trade-weighted Index"
"820","FXRTWI","Trade-weighted Index May 1970 = 100","AUS","AUS",1983-12-20,79.8,"D","Index","Indicative","RBA","Daily","Historical Daily Exchange Rates Of The Australian Dollar Against:","Australian Dollar Trade-weighted Index"
"821","FXRTWI","Trade-weighted Index May 1970 = 100","AUS","AUS",1983-12-21,80.7,"D","Index","Indicative","RBA","Daily","Historical Daily Exchange Rates Of The Australian Dollar Against:","Australian Dollar Trade-weighted Index"
"822","FXRTWI","Trade-weighted Index May 1970 = 100","AUS","AUS",1983-12-22,81.5,"D","Index","Indicative","RBA","Daily","Historical Daily Exchange Rates Of The Australian Dollar Against:","Australian Dollar Trade-weighted Index"
"823","FXRTWI","Trade-weighted Index May 1970 = 100","AUS","AUS",1983-12-23,81.4,"D","Index","Indicative","RBA","Daily","Historical Daily Exchange Rates Of The Australian Dollar Against:","Australian Dollar Trade-weighted Index"
"824","FXRTWI","Trade-weighted Index May 1970 = 100","AUS","AUS",1983-12-28,81.2,"D","Index","Indicative","RBA","Daily","Historical Daily Exchange Rates Of The Australian Dollar Against:","Australian Dollar Trade-weighted Index"
"825","FXRTWI","Trade-weighted Index May 1970 = 100","AUS","AUS",1983-12-29,80.6,"D","Index","Indicative","RBA","Daily","Historical Daily Exchange Rates Of The Australian Dollar Against:","Australian Dollar Trade-weighted Index"
"826","FXRTWI","Trade-weighted Index May 1970 = 100","AUS","AUS",1983-12-30,81.1,"D","Index","Indicative","RBA","Daily","Historical Daily Exchange Rates Of The Australian Dollar Against:","Australian Dollar Trade-weighted Index"
"827","DLCACS","Credit; Total; Seasonally adjusted","AUS","AUS",1983-12-31,106.181,"M","$ billion","Seasonally Adjusted","RBA","Monthly","D2 Lending And Credit Aggregates","Credit; Total; Seasonally adjusted – Includes securitisations – For series breaks see Series Breaks"
"828","FXRTWI","Trade-weighted Index May 1970 = 100","AUS","AUS",1983-12-31,81.1,"M","Index","Indicative","RBA","Monthly","F11 Exchange Rates","Australian Dollar Trade-weighted Index"
"829","GCPIOCPMTMQP","Quarterly trimmed mean inflation","AUS","AUS",1983-12-31,2.1,"Q","Per cent","Seasonally Adjusted","ABS","Quarterly","G1 Consumer Price Inflation","Consumer price index; Trimmed mean; Quarterly change (in per cent)"
"830","GRCPAISDR","Commodity prices – SDR","AUS","AUS",1983-12-31,38.2068140541603,"M","Index, 2023/24=100","Original","RBA","Monthly","I2 Commodity Prices","Index of commodity prices; All items; SDR"
"831","A2718577A","Credits, Total goods ;","AUS","AUS",1984-01-01,1983,"M","$ Millions","Seasonally Adjusted",NA,"Monthly","TABLE 1. GOODS, Summary: Seasonally adjusted and trend estimates, Current prices",NA
"832","A2718594C","Balance on goods ;","AUS","AUS",1984-01-01,11,"M","$ Millions","Seasonally Adjusted",NA,"Monthly","TABLE 1. GOODS, Summary: Seasonally adjusted and trend estimates, Current prices",NA
"833","FXRTWI","Trade-weighted Index May 1970 = 100","AUS","AUS",1984-01-03,81.2,"D","Index","Indicative","RBA","Daily","Historical Daily Exchange Rates Of The Australian Dollar Against:","Australian Dollar Trade-weighted Index"
"834","FXRTWI","Trade-weighted Index May 1970 = 100","AUS","AUS",1984-01-04,81.4,"D","Index","Indicative","RBA","Daily","Historical Daily Exchange Rates Of The Australian Dollar Against:","Australian Dollar Trade-weighted Index"
"835","FXRTWI","Trade-weighted Index May 1970 = 100","AUS","AUS",1984-01-05,81.5,"D","Index","Indicative","RBA","Daily","Historical Daily Exchange Rates Of The Australian Dollar Against:","Australian Dollar Trade-weighted Index"
"836","FXRTWI","Trade-weighted Index May 1970 = 100","AUS","AUS",1984-01-06,81.9,"D","Index","Indicative","RBA","Daily","Historical Daily Exchange Rates Of The Australian Dollar Against:","Australian Dollar Trade-weighted Index"
"837","FXRTWI","Trade-weighted Index May 1970 = 100","AUS","AUS",1984-01-09,82.6,"D","Index","Indicative","RBA","Daily","Historical Daily Exchange Rates Of The Australian Dollar Against:","Australian Dollar Trade-weighted Index"
"838","FXRTWI","Trade-weighted Index May 1970 = 100","AUS","AUS",1984-01-10,82.6,"D","Index","Indicative","RBA","Daily","Historical Daily Exchange Rates Of The Australian Dollar Against:","Australian Dollar Trade-weighted Index"
"839","FXRTWI","Trade-weighted Index May 1970 = 100","AUS","AUS",1984-01-11,82.7,"D","Index","Indicative","RBA","Daily","Historical Daily Exchange Rates Of The Australian Dollar Against:","Australian Dollar Trade-weighted Index"
"840","FXRTWI","Trade-weighted Index May 1970 = 100","AUS","AUS",1984-01-12,82.5,"D","Index","Indicative","RBA","Daily","Historical Daily Exchange Rates Of The Australian Dollar Against:","Australian Dollar Trade-weighted Index"
"841","FXRTWI","Trade-weighted Index May 1970 = 100","AUS","AUS",1984-01-13,82.4,"D","Index","Indicative","RBA","Daily","Historical Daily Exchange Rates Of The Australian Dollar Against:","Australian Dollar Trade-weighted Index"
"842","FXRTWI","Trade-weighted Index May 1970 = 100","AUS","AUS",1984-01-16,82,"D","Index","Indicative","RBA","Daily","Historical Daily Exchange Rates Of The Australian Dollar Against:","Australian Dollar Trade-weighted Index"
"843","FXRTWI","Trade-weighted Index May 1970 = 100","AUS","AUS",1984-01-17,81.9,"D","Index","Indicative","RBA","Daily","Historical Daily Exchange Rates Of The Australian Dollar Against:","Australian Dollar Trade-weighted Index"
"844","FXRTWI","Trade-weighted Index May 1970 = 100","AUS","AUS",1984-01-18,82,"D","Index","Indicative","RBA","Daily","Historical Daily Exchange Rates Of The Australian Dollar Against:","Australian Dollar Trade-weighted Index"
"845","FXRTWI","Trade-weighted Index May 1970 = 100","AUS","AUS",1984-01-19,81.6,"D","Index","Indicative","RBA","Daily","Historical Daily Exchange Rates Of The Australian Dollar Against:","Australian Dollar Trade-weighted Index"
"846","FXRTWI","Trade-weighted Index May 1970 = 100","AUS","AUS",1984-01-20,81.8,"D","Index","Indicative","RBA","Daily","Historical Daily Exchange Rates Of The Australian Dollar Against:","Australian Dollar Trade-weighted Index"
"847","FXRTWI","Trade-weighted Index May 1970 = 100","AUS","AUS",1984-01-23,82.1,"D","Index","Indicative","RBA","Daily","Historical Daily Exchange Rates Of The Australian Dollar Against:","Australian Dollar Trade-weighted Index"
"848","FXRTWI","Trade-weighted Index May 1970 = 100","AUS","AUS",1984-01-24,82.5,"D","Index","Indicative","RBA","Daily","Historical Daily Exchange Rates Of The Australian Dollar Against:","Australian Dollar Trade-weighted Index"
"849","FXRTWI","Trade-weighted Index May 1970 = 100","AUS","AUS",1984-01-25,82.7,"D","Index","Indicative","RBA","Daily","Historical Daily Exchange Rates Of The Australian Dollar Against:","Australian Dollar Trade-weighted Index"
"850","FXRTWI","Trade-weighted Index May 1970 = 100","AUS","AUS",1984-01-26,82.6,"D","Index","Indicative","RBA","Daily","Historical Daily Exchange Rates Of The Australian Dollar Against:","Australian Dollar Trade-weighted Index"
"851","FXRTWI","Trade-weighted Index May 1970 = 100","AUS","AUS",1984-01-27,83.1,"D","Index","Indicative","RBA","Daily","Historical Daily Exchange Rates Of The Australian Dollar Against:","Australian Dollar Trade-weighted Index"
"852","DLCACS","Credit; Total; Seasonally adjusted","AUS","AUS",1984-01-31,107.196,"M","$ billion","Seasonally Adjusted","RBA","Monthly","D2 Lending And Credit Aggregates","Credit; Total; Seasonally adjusted – Includes securitisations – For series breaks see Series Breaks"
"853","FXRTWI","Trade-weighted Index May 1970 = 100","AUS","AUS",1984-01-31,83.5,"D","Index","Indicative","RBA","Daily","Historical Daily Exchange Rates Of The Australian Dollar Against:","Australian Dollar Trade-weighted Index"
"854","FXRTWI","Trade-weighted Index May 1970 = 100","AUS","AUS",1984-01-31,83.5,"M","Index","Indicative","RBA","Monthly","F11 Exchange Rates","Australian Dollar Trade-weighted Index"
"855","GRCPAISDR","Commodity prices – SDR","AUS","AUS",1984-01-31,38.6091301333361,"M","Index, 2023/24=100","Original","RBA","Monthly","I2 Commodity Prices","Index of commodity prices; All items; SDR"
"856","A2718577A","Credits, Total goods ;","AUS","AUS",1984-02-01,1954,"M","$ Millions","Seasonally Adjusted",NA,"Monthly","TABLE 1. GOODS, Summary: Seasonally adjusted and trend estimates, Current prices",NA
"857","A2718594C","Balance on goods ;","AUS","AUS",1984-02-01,-52,"M","$ Millions","Seasonally Adjusted",NA,"Monthly","TABLE 1. GOODS, Summary: Seasonally adjusted and trend estimates, Current prices",NA
"858","FXRTWI","Trade-weighted Index May 1970 = 100","AUS","AUS",1984-02-01,83.7,"D","Index","Indicative","RBA","Daily","Historical Daily Exchange Rates Of The Australian Dollar Against:","Australian Dollar Trade-weighted Index"
"859","FXRTWI","Trade-weighted Index May 1970 = 100","AUS","AUS",1984-02-02,83.7,"D","Index","Indicative","RBA","Daily","Historical Daily Exchange Rates Of The Australian Dollar Against:","Australian Dollar Trade-weighted Index"
"860","FXRTWI","Trade-weighted Index May 1970 = 100","AUS","AUS",1984-02-03,83.6,"D","Index","Indicative","RBA","Daily","Historical Daily Exchange Rates Of The Australian Dollar Against:","Australian Dollar Trade-weighted Index"
"861","FXRTWI","Trade-weighted Index May 1970 = 100","AUS","AUS",1984-02-06,83.4,"D","Index","Indicative","RBA","Daily","Historical Daily Exchange Rates Of The Australian Dollar Against:","Australian Dollar Trade-weighted Index"
"862","FXRTWI","Trade-weighted Index May 1970 = 100","AUS","AUS",1984-02-07,83.5,"D","Index","Indicative","RBA","Daily","Historical Daily Exchange Rates Of The Australian Dollar Against:","Australian Dollar Trade-weighted Index"
"863","FXRTWI","Trade-weighted Index May 1970 = 100","AUS","AUS",1984-02-08,83.8,"D","Index","Indicative","RBA","Daily","Historical Daily Exchange Rates Of The Australian Dollar Against:","Australian Dollar Trade-weighted Index"
"864","FXRTWI","Trade-weighted Index May 1970 = 100","AUS","AUS",1984-02-09,84.1,"D","Index","Indicative","RBA","Daily","Historical Daily Exchange Rates Of The Australian Dollar Against:","Australian Dollar Trade-weighted Index"
"865","FXRTWI","Trade-weighted Index May 1970 = 100","AUS","AUS",1984-02-10,84.4,"D","Index","Indicative","RBA","Daily","Historical Daily Exchange Rates Of The Australian Dollar Against:","Australian Dollar Trade-weighted Index"
"866","FXRTWI","Trade-weighted Index May 1970 = 100","AUS","AUS",1984-02-13,84.3,"D","Index","Indicative","RBA","Daily","Historical Daily Exchange Rates Of The Australian Dollar Against:","Australian Dollar Trade-weighted Index"
"867","FXRTWI","Trade-weighted Index May 1970 = 100","AUS","AUS",1984-02-14,84.5,"D","Index","Indicative","RBA","Daily","Historical Daily Exchange Rates Of The Australian Dollar Against:","Australian Dollar Trade-weighted Index"
"868","FXRTWI","Trade-weighted Index May 1970 = 100","AUS","AUS",1984-02-15,84.6,"D","Index","Indicative","RBA","Daily","Historical Daily Exchange Rates Of The Australian Dollar Against:","Australian Dollar Trade-weighted Index"
"869","FXRTWI","Trade-weighted Index May 1970 = 100","AUS","AUS",1984-02-16,85.3,"D","Index","Indicative","RBA","Daily","Historical Daily Exchange Rates Of The Australian Dollar Against:","Australian Dollar Trade-weighted Index"
"870","FXRTWI","Trade-weighted Index May 1970 = 100","AUS","AUS",1984-02-17,85,"D","Index","Indicative","RBA","Daily","Historical Daily Exchange Rates Of The Australian Dollar Against:","Australian Dollar Trade-weighted Index"
"871","FXRTWI","Trade-weighted Index May 1970 = 100","AUS","AUS",1984-02-20,85.1,"D","Index","Indicative","RBA","Daily","Historical Daily Exchange Rates Of The Australian Dollar Against:","Australian Dollar Trade-weighted Index"
"872","FXRTWI","Trade-weighted Index May 1970 = 100","AUS","AUS",1984-02-21,84.2,"D","Index","Indicative","RBA","Daily","Historical Daily Exchange Rates Of The Australian Dollar Against:","Australian Dollar Trade-weighted Index"
"873","FXRTWI","Trade-weighted Index May 1970 = 100","AUS","AUS",1984-02-22,84.5,"D","Index","Indicative","RBA","Daily","Historical Daily Exchange Rates Of The Australian Dollar Against:","Australian Dollar Trade-weighted Index"
"874","FXRTWI","Trade-weighted Index May 1970 = 100","AUS","AUS",1984-02-23,84.8,"D","Index","Indicative","RBA","Daily","Historical Daily Exchange Rates Of The Australian Dollar Against:","Australian Dollar Trade-weighted Index"
"875","FXRTWI","Trade-weighted Index May 1970 = 100","AUS","AUS",1984-02-24,84.7,"D","Index","Indicative","RBA","Daily","Historical Daily Exchange Rates Of The Australian Dollar Against:","Australian Dollar Trade-weighted Index"
"876","FXRTWI","Trade-weighted Index May 1970 = 100","AUS","AUS",1984-02-27,84.5,"D","Index","Indicative","RBA","Daily","Historical Daily Exchange Rates Of The Australian Dollar Against:","Australian Dollar Trade-weighted Index"
"877","FXRTWI","Trade-weighted Index May 1970 = 100","AUS","AUS",1984-02-28,84.3,"D","Index","Indicative","RBA","Daily","Historical Daily Exchange Rates Of The Australian Dollar Against:","Australian Dollar Trade-weighted Index"
"878","DLCACS","Credit; Total; Seasonally adjusted","AUS","AUS",1984-02-29,107.968,"M","$ billion","Seasonally Adjusted","RBA","Monthly","D2 Lending And Credit Aggregates","Credit; Total; Seasonally adjusted – Includes securitisations – For series breaks see Series Breaks"
"879","FXRTWI","Trade-weighted Index May 1970 = 100","AUS","AUS",1984-02-29,84.2,"D","Index","Indicative","RBA","Daily","Historical Daily Exchange Rates Of The Australian Dollar Against:","Australian Dollar Trade-weighted Index"
"880","FXRTWI","Trade-weighted Index May 1970 = 100","AUS","AUS",1984-02-29,84.2,"M","Index","Indicative","RBA","Monthly","F11 Exchange Rates","Australian Dollar Trade-weighted Index"
"881","GRCPAISDR","Commodity prices – SDR","AUS","AUS",1984-02-29,38.4648413819819,"M","Index, 2023/24=100","Original","RBA","Monthly","I2 Commodity Prices","Index of commodity prices; All items; SDR"
"882","A2304418T","Gross domestic product: Current prices ;","AUS","AUS",1984-03-01,54572,"Q","$ Millions","Seasonally Adjusted",NA,"Quarterly","Table 1. Key National Accounts Aggregates",NA
"883","A2325846C","Index Numbers ; All groups CPI ; Australia ;","AUS","AUS",1984-03-01,36.3,"Q","Index Numbers","Original",NA,"Quarterly","TABLES 1 and 2. CPI: All Groups, Index Numbers and Percentage Changes",NA
"884","A2718577A","Credits, Total goods ;","AUS","AUS",1984-03-01,2053,"M","$ Millions","Seasonally Adjusted",NA,"Monthly","TABLE 1. GOODS, Summary: Seasonally adjusted and trend estimates, Current prices",NA
"885","A2718594C","Balance on goods ;","AUS","AUS",1984-03-01,-130,"M","$ Millions","Seasonally Adjusted",NA,"Monthly","TABLE 1. GOODS, Summary: Seasonally adjusted and trend estimates, Current prices",NA
"886","FXRTWI","Trade-weighted Index May 1970 = 100","AUS","AUS",1984-03-01,84.3,"D","Index","Indicative","RBA","Daily","Historical Daily Exchange Rates Of The Australian Dollar Against:","Australian Dollar Trade-weighted Index"
"887","FXRTWI","Trade-weighted Index May 1970 = 100","AUS","AUS",1984-03-02,84.2,"D","Index","Indicative","RBA","Daily","Historical Daily Exchange Rates Of The Australian Dollar Against:","Australian Dollar Trade-weighted Index"
"888","FXRTWI","Trade-weighted Index May 1970 = 100","AUS","AUS",1984-03-05,84.1,"D","Index","Indicative","RBA","Daily","Historical Daily Exchange Rates Of The Australian Dollar Against:","Australian Dollar Trade-weighted Index"
"889","FXRTWI","Trade-weighted Index May 1970 = 100","AUS","AUS",1984-03-06,84.1,"D","Index","Indicative","RBA","Daily","Historical Daily Exchange Rates Of The Australian Dollar Against:","Australian Dollar Trade-weighted Index"
"890","FXRTWI","Trade-weighted Index May 1970 = 100","AUS","AUS",1984-03-07,84.1,"D","Index","Indicative","RBA","Daily","Historical Daily Exchange Rates Of The Australian Dollar Against:","Australian Dollar Trade-weighted Index"
"891","FXRTWI","Trade-weighted Index May 1970 = 100","AUS","AUS",1984-03-08,84.1,"D","Index","Indicative","RBA","Daily","Historical Daily Exchange Rates Of The Australian Dollar Against:","Australian Dollar Trade-weighted Index"
"892","FXRTWI","Trade-weighted Index May 1970 = 100","AUS","AUS",1984-03-09,84.1,"D","Index","Indicative","RBA","Daily","Historical Daily Exchange Rates Of The Australian Dollar Against:","Australian Dollar Trade-weighted Index"
"893","FXRTWI","Trade-weighted Index May 1970 = 100","AUS","AUS",1984-03-12,84.6,"D","Index","Indicative","RBA","Daily","Historical Daily Exchange Rates Of The Australian Dollar Against:","Australian Dollar Trade-weighted Index"
"894","FXRTWI","Trade-weighted Index May 1970 = 100","AUS","AUS",1984-03-13,85.1,"D","Index","Indicative","RBA","Daily","Historical Daily Exchange Rates Of The Australian Dollar Against:","Australian Dollar Trade-weighted Index"
"895","FXRTWI","Trade-weighted Index May 1970 = 100","AUS","AUS",1984-03-14,85.1,"D","Index","Indicative","RBA","Daily","Historical Daily Exchange Rates Of The Australian Dollar Against:","Australian Dollar Trade-weighted Index"
"896","FXRTWI","Trade-weighted Index May 1970 = 100","AUS","AUS",1984-03-15,85.3,"D","Index","Indicative","RBA","Daily","Historical Daily Exchange Rates Of The Australian Dollar Against:","Australian Dollar Trade-weighted Index"
"897","FXRTWI","Trade-weighted Index May 1970 = 100","AUS","AUS",1984-03-16,85.6,"D","Index","Indicative","RBA","Daily","Historical Daily Exchange Rates Of The Australian Dollar Against:","Australian Dollar Trade-weighted Index"
"898","FXRTWI","Trade-weighted Index May 1970 = 100","AUS","AUS",1984-03-19,85,"D","Index","Indicative","RBA","Daily","Historical Daily Exchange Rates Of The Australian Dollar Against:","Australian Dollar Trade-weighted Index"
"899","FXRTWI","Trade-weighted Index May 1970 = 100","AUS","AUS",1984-03-20,85.2,"D","Index","Indicative","RBA","Daily","Historical Daily Exchange Rates Of The Australian Dollar Against:","Australian Dollar Trade-weighted Index"
"900","FXRTWI","Trade-weighted Index May 1970 = 100","AUS","AUS",1984-03-21,85.2,"D","Index","Indicative","RBA","Daily","Historical Daily Exchange Rates Of The Australian Dollar Against:","Australian Dollar Trade-weighted Index"
"901","FXRTWI","Trade-weighted Index May 1970 = 100","AUS","AUS",1984-03-22,83.9,"D","Index","Indicative","RBA","Daily","Historical Daily Exchange Rates Of The Australian Dollar Against:","Australian Dollar Trade-weighted Index"
"902","FXRTWI","Trade-weighted Index May 1970 = 100","AUS","AUS",1984-03-23,83.8,"D","Index","Indicative","RBA","Daily","Historical Daily Exchange Rates Of The Australian Dollar Against:","Australian Dollar Trade-weighted Index"
"903","FXRTWI","Trade-weighted Index May 1970 = 100","AUS","AUS",1984-03-26,84.3,"D","Index","Indicative","RBA","Daily","Historical Daily Exchange Rates Of The Australian Dollar Against:","Australian Dollar Trade-weighted Index"
"904","FXRTWI","Trade-weighted Index May 1970 = 100","AUS","AUS",1984-03-27,83.9,"D","Index","Indicative","RBA","Daily","Historical Daily Exchange Rates Of The Australian Dollar Against:","Australian Dollar Trade-weighted Index"
"905","FXRTWI","Trade-weighted Index May 1970 = 100","AUS","AUS",1984-03-28,83.2,"D","Index","Indicative","RBA","Daily","Historical Daily Exchange Rates Of The Australian Dollar Against:","Australian Dollar Trade-weighted Index"
"906","FXRTWI","Trade-weighted Index May 1970 = 100","AUS","AUS",1984-03-29,82.8,"D","Index","Indicative","RBA","Daily","Historical Daily Exchange Rates Of The Australian Dollar Against:","Australian Dollar Trade-weighted Index"
"907","FXRTWI","Trade-weighted Index May 1970 = 100","AUS","AUS",1984-03-30,82.9,"D","Index","Indicative","RBA","Daily","Historical Daily Exchange Rates Of The Australian Dollar Against:","Australian Dollar Trade-weighted Index"
"908","DLCACS","Credit; Total; Seasonally adjusted","AUS","AUS",1984-03-31,109.737,"M","$ billion","Seasonally Adjusted","RBA","Monthly","D2 Lending And Credit Aggregates","Credit; Total; Seasonally adjusted – Includes securitisations – For series breaks see Series Breaks"
"909","FXRTWI","Trade-weighted Index May 1970 = 100","AUS","AUS",1984-03-31,82.9,"M","Index","Indicative","RBA","Monthly","F11 Exchange Rates","Australian Dollar Trade-weighted Index"
"910","GCPIOCPMTMQP","Quarterly trimmed mean inflation","AUS","AUS",1984-03-31,1.3,"Q","Per cent","Seasonally Adjusted","ABS","Quarterly","G1 Consumer Price Inflation","Consumer price index; Trimmed mean; Quarterly change (in per cent)"
"911","GRCPAISDR","Commodity prices – SDR","AUS","AUS",1984-03-31,38.6282649682961,"M","Index, 2023/24=100","Original","RBA","Monthly","I2 Commodity Prices","Index of commodity prices; All items; SDR"
"912","A2718577A","Credits, Total goods ;","AUS","AUS",1984-04-01,1967,"M","$ Millions","Seasonally Adjusted",NA,"Monthly","TABLE 1. GOODS, Summary: Seasonally adjusted and trend estimates, Current prices",NA
"913","A2718594C","Balance on goods ;","AUS","AUS",1984-04-01,149,"M","$ Millions","Seasonally Adjusted",NA,"Monthly","TABLE 1. GOODS, Summary: Seasonally adjusted and trend estimates, Current prices",NA
"914","FXRTWI","Trade-weighted Index May 1970 = 100","AUS","AUS",1984-04-02,83.2,"D","Index","Indicative","RBA","Daily","Historical Daily Exchange Rates Of The Australian Dollar Against:","Australian Dollar Trade-weighted Index"
"915","FXRTWI","Trade-weighted Index May 1970 = 100","AUS","AUS",1984-04-03,83.5,"D","Index","Indicative","RBA","Daily","Historical Daily Exchange Rates Of The Australian Dollar Against:","Australian Dollar Trade-weighted Index"
"916","FXRTWI","Trade-weighted Index May 1970 = 100","AUS","AUS",1984-04-04,83.5,"D","Index","Indicative","RBA","Daily","Historical Daily Exchange Rates Of The Australian Dollar Against:","Australian Dollar Trade-weighted Index"
"917","FXRTWI","Trade-weighted Index May 1970 = 100","AUS","AUS",1984-04-05,82.9,"D","Index","Indicative","RBA","Daily","Historical Daily Exchange Rates Of The Australian Dollar Against:","Australian Dollar Trade-weighted Index"
"918","FXRTWI","Trade-weighted Index May 1970 = 100","AUS","AUS",1984-04-06,81.9,"D","Index","Indicative","RBA","Daily","Historical Daily Exchange Rates Of The Australian Dollar Against:","Australian Dollar Trade-weighted Index"
"919","FXRTWI","Trade-weighted Index May 1970 = 100","AUS","AUS",1984-04-09,81.1,"D","Index","Indicative","RBA","Daily","Historical Daily Exchange Rates Of The Australian Dollar Against:","Australian Dollar Trade-weighted Index"
"920","FXRTWI","Trade-weighted Index May 1970 = 100","AUS","AUS",1984-04-10,81.5,"D","Index","Indicative","RBA","Daily","Historical Daily Exchange Rates Of The Australian Dollar Against:","Australian Dollar Trade-weighted Index"
"921","FXRTWI","Trade-weighted Index May 1970 = 100","AUS","AUS",1984-04-11,81.8,"D","Index","Indicative","RBA","Daily","Historical Daily Exchange Rates Of The Australian Dollar Against:","Australian Dollar Trade-weighted Index"
"922","FXRTWI","Trade-weighted Index May 1970 = 100","AUS","AUS",1984-04-12,81.8,"D","Index","Indicative","RBA","Daily","Historical Daily Exchange Rates Of The Australian Dollar Against:","Australian Dollar Trade-weighted Index"
"923","FXRTWI","Trade-weighted Index May 1970 = 100","AUS","AUS",1984-04-13,81.5,"D","Index","Indicative","RBA","Daily","Historical Daily Exchange Rates Of The Australian Dollar Against:","Australian Dollar Trade-weighted Index"
"924","FXRTWI","Trade-weighted Index May 1970 = 100","AUS","AUS",1984-04-16,81.8,"D","Index","Indicative","RBA","Daily","Historical Daily Exchange Rates Of The Australian Dollar Against:","Australian Dollar Trade-weighted Index"
"925","FXRTWI","Trade-weighted Index May 1970 = 100","AUS","AUS",1984-04-17,82,"D","Index","Indicative","RBA","Daily","Historical Daily Exchange Rates Of The Australian Dollar Against:","Australian Dollar Trade-weighted Index"
"926","FXRTWI","Trade-weighted Index May 1970 = 100","AUS","AUS",1984-04-18,82.1,"D","Index","Indicative","RBA","Daily","Historical Daily Exchange Rates Of The Australian Dollar Against:","Australian Dollar Trade-weighted Index"
"927","FXRTWI","Trade-weighted Index May 1970 = 100","AUS","AUS",1984-04-19,82.2,"D","Index","Indicative","RBA","Daily","Historical Daily Exchange Rates Of The Australian Dollar Against:","Australian Dollar Trade-weighted Index"
"928","FXRTWI","Trade-weighted Index May 1970 = 100","AUS","AUS",1984-04-24,82.2,"D","Index","Indicative","RBA","Daily","Historical Daily Exchange Rates Of The Australian Dollar Against:","Australian Dollar Trade-weighted Index"
"929","FXRTWI","Trade-weighted Index May 1970 = 100","AUS","AUS",1984-04-26,82.3,"D","Index","Indicative","RBA","Daily","Historical Daily Exchange Rates Of The Australian Dollar Against:","Australian Dollar Trade-weighted Index"
"930","FXRTWI","Trade-weighted Index May 1970 = 100","AUS","AUS",1984-04-27,82.6,"D","Index","Indicative","RBA","Daily","Historical Daily Exchange Rates Of The Australian Dollar Against:","Australian Dollar Trade-weighted Index"
"931","DLCACS","Credit; Total; Seasonally adjusted","AUS","AUS",1984-04-30,111.361,"M","$ billion","Seasonally Adjusted","RBA","Monthly","D2 Lending And Credit Aggregates","Credit; Total; Seasonally adjusted – Includes securitisations – For series breaks see Series Breaks"
"932","FXRTWI","Trade-weighted Index May 1970 = 100","AUS","AUS",1984-04-30,82.6,"D","Index","Indicative","RBA","Daily","Historical Daily Exchange Rates Of The Australian Dollar Against:","Australian Dollar Trade-weighted Index"
"933","FXRTWI","Trade-weighted Index May 1970 = 100","AUS","AUS",1984-04-30,82.6,"M","Index","Indicative","RBA","Monthly","F11 Exchange Rates","Australian Dollar Trade-weighted Index"
"934","GRCPAISDR","Commodity prices – SDR","AUS","AUS",1984-04-30,37.6318048106102,"M","Index, 2023/24=100","Original","RBA","Monthly","I2 Commodity Prices","Index of commodity prices; All items; SDR"
"935","A2718577A","Credits, Total goods ;","AUS","AUS",1984-05-01,2109,"M","$ Millions","Seasonally Adjusted",NA,"Monthly","TABLE 1. GOODS, Summary: Seasonally adjusted and trend estimates, Current prices",NA
"936","A2718594C","Balance on goods ;","AUS","AUS",1984-05-01,-157,"M","$ Millions","Seasonally Adjusted",NA,"Monthly","TABLE 1. GOODS, Summary: Seasonally adjusted and trend estimates, Current prices",NA
"937","FXRTWI","Trade-weighted Index May 1970 = 100","AUS","AUS",1984-05-01,83,"D","Index","Indicative","RBA","Daily","Historical Daily Exchange Rates Of The Australian Dollar Against:","Australian Dollar Trade-weighted Index"
"938","FXRTWI","Trade-weighted Index May 1970 = 100","AUS","AUS",1984-05-02,83.3,"D","Index","Indicative","RBA","Daily","Historical Daily Exchange Rates Of The Australian Dollar Against:","Australian Dollar Trade-weighted Index"
"939","FXRTWI","Trade-weighted Index May 1970 = 100","AUS","AUS",1984-05-03,83.6,"D","Index","Indicative","RBA","Daily","Historical Daily Exchange Rates Of The Australian Dollar Against:","Australian Dollar Trade-weighted Index"
"940","FXRTWI","Trade-weighted Index May 1970 = 100","AUS","AUS",1984-05-04,83,"D","Index","Indicative","RBA","Daily","Historical Daily Exchange Rates Of The Australian Dollar Against:","Australian Dollar Trade-weighted Index"
"941","FXRTWI","Trade-weighted Index May 1970 = 100","AUS","AUS",1984-05-07,83,"D","Index","Indicative","RBA","Daily","Historical Daily Exchange Rates Of The Australian Dollar Against:","Australian Dollar Trade-weighted Index"
"942","FXRTWI","Trade-weighted Index May 1970 = 100","AUS","AUS",1984-05-08,82.8,"D","Index","Indicative","RBA","Daily","Historical Daily Exchange Rates Of The Australian Dollar Against:","Australian Dollar Trade-weighted Index"
"943","FXRTWI","Trade-weighted Index May 1970 = 100","AUS","AUS",1984-05-09,82.2,"D","Index","Indicative","RBA","Daily","Historical Daily Exchange Rates Of The Australian Dollar Against:","Australian Dollar Trade-weighted Index"
"944","FXRTWI","Trade-weighted Index May 1970 = 100","AUS","AUS",1984-05-10,82.1,"D","Index","Indicative","RBA","Daily","Historical Daily Exchange Rates Of The Australian Dollar Against:","Australian Dollar Trade-weighted Index"
"945","FXRTWI","Trade-weighted Index May 1970 = 100","AUS","AUS",1984-05-11,82,"D","Index","Indicative","RBA","Daily","Historical Daily Exchange Rates Of The Australian Dollar Against:","Australian Dollar Trade-weighted Index"
"946","FXRTWI","Trade-weighted Index May 1970 = 100","AUS","AUS",1984-05-14,81.6,"D","Index","Indicative","RBA","Daily","Historical Daily Exchange Rates Of The Australian Dollar Against:","Australian Dollar Trade-weighted Index"
"947","FXRTWI","Trade-weighted Index May 1970 = 100","AUS","AUS",1984-05-15,81.5,"D","Index","Indicative","RBA","Daily","Historical Daily Exchange Rates Of The Australian Dollar Against:","Australian Dollar Trade-weighted Index"
"948","FXRTWI","Trade-weighted Index May 1970 = 100","AUS","AUS",1984-05-16,81.7,"D","Index","Indicative","RBA","Daily","Historical Daily Exchange Rates Of The Australian Dollar Against:","Australian Dollar Trade-weighted Index"
"949","FXRTWI","Trade-weighted Index May 1970 = 100","AUS","AUS",1984-05-17,81.6,"D","Index","Indicative","RBA","Daily","Historical Daily Exchange Rates Of The Australian Dollar Against:","Australian Dollar Trade-weighted Index"
"950","FXRTWI","Trade-weighted Index May 1970 = 100","AUS","AUS",1984-05-18,81.3,"D","Index","Indicative","RBA","Daily","Historical Daily Exchange Rates Of The Australian Dollar Against:","Australian Dollar Trade-weighted Index"
"951","FXRTWI","Trade-weighted Index May 1970 = 100","AUS","AUS",1984-05-21,81.2,"D","Index","Indicative","RBA","Daily","Historical Daily Exchange Rates Of The Australian Dollar Against:","Australian Dollar Trade-weighted Index"
"952","FXRTWI","Trade-weighted Index May 1970 = 100","AUS","AUS",1984-05-22,81.7,"D","Index","Indicative","RBA","Daily","Historical Daily Exchange Rates Of The Australian Dollar Against:","Australian Dollar Trade-weighted Index"
"953","FXRTWI","Trade-weighted Index May 1970 = 100","AUS","AUS",1984-05-23,82,"D","Index","Indicative","RBA","Daily","Historical Daily Exchange Rates Of The Australian Dollar Against:","Australian Dollar Trade-weighted Index"
"954","FXRTWI","Trade-weighted Index May 1970 = 100","AUS","AUS",1984-05-24,81.9,"D","Index","Indicative","RBA","Daily","Historical Daily Exchange Rates Of The Australian Dollar Against:","Australian Dollar Trade-weighted Index"
"955","FXRTWI","Trade-weighted Index May 1970 = 100","AUS","AUS",1984-05-25,81.6,"D","Index","Indicative","RBA","Daily","Historical Daily Exchange Rates Of The Australian Dollar Against:","Australian Dollar Trade-weighted Index"
"956","FXRTWI","Trade-weighted Index May 1970 = 100","AUS","AUS",1984-05-28,81.5,"D","Index","Indicative","RBA","Daily","Historical Daily Exchange Rates Of The Australian Dollar Against:","Australian Dollar Trade-weighted Index"
"957","FXRTWI","Trade-weighted Index May 1970 = 100","AUS","AUS",1984-05-29,81.4,"D","Index","Indicative","RBA","Daily","Historical Daily Exchange Rates Of The Australian Dollar Against:","Australian Dollar Trade-weighted Index"
"958","FXRTWI","Trade-weighted Index May 1970 = 100","AUS","AUS",1984-05-30,81.5,"D","Index","Indicative","RBA","Daily","Historical Daily Exchange Rates Of The Australian Dollar Against:","Australian Dollar Trade-weighted Index"
"959","DLCACS","Credit; Total; Seasonally adjusted","AUS","AUS",1984-05-31,112.197,"M","$ billion","Seasonally Adjusted","RBA","Monthly","D2 Lending And Credit Aggregates","Credit; Total; Seasonally adjusted – Includes securitisations – For series breaks see Series Breaks"
"960","FXRTWI","Trade-weighted Index May 1970 = 100","AUS","AUS",1984-05-31,81.6,"D","Index","Indicative","RBA","Daily","Historical Daily Exchange Rates Of The Australian Dollar Against:","Australian Dollar Trade-weighted Index"
"961","FXRTWI","Trade-weighted Index May 1970 = 100","AUS","AUS",1984-05-31,81.6,"M","Index","Indicative","RBA","Monthly","F11 Exchange Rates","Australian Dollar Trade-weighted Index"
"962","GRCPAISDR","Commodity prices – SDR","AUS","AUS",1984-05-31,37.8569379954687,"M","Index, 2023/24=100","Original","RBA","Monthly","I2 Commodity Prices","Index of commodity prices; All items; SDR"
"963","A2304418T","Gross domestic product: Current prices ;","AUS","AUS",1984-06-01,55819,"Q","$ Millions","Seasonally Adjusted",NA,"Quarterly","Table 1. Key National Accounts Aggregates",NA
"964","A2325846C","Index Numbers ; All groups CPI ; Australia ;","AUS","AUS",1984-06-01,36.4,"Q","Index Numbers","Original",NA,"Quarterly","TABLES 1 and 2. CPI: All Groups, Index Numbers and Percentage Changes",NA
"965","A2718577A","Credits, Total goods ;","AUS","AUS",1984-06-01,2250,"M","$ Millions","Seasonally Adjusted",NA,"Monthly","TABLE 1. GOODS, Summary: Seasonally adjusted and trend estimates, Current prices",NA
"966","A2718594C","Balance on goods ;","AUS","AUS",1984-06-01,-40,"M","$ Millions","Seasonally Adjusted",NA,"Monthly","TABLE 1. GOODS, Summary: Seasonally adjusted and trend estimates, Current prices",NA
"967","FXRTWI","Trade-weighted Index May 1970 = 100","AUS","AUS",1984-06-01,81.5,"D","Index","Indicative","RBA","Daily","Historical Daily Exchange Rates Of The Australian Dollar Against:","Australian Dollar Trade-weighted Index"
"968","FXRTWI","Trade-weighted Index May 1970 = 100","AUS","AUS",1984-06-04,81.5,"D","Index","Indicative","RBA","Daily","Historical Daily Exchange Rates Of The Australian Dollar Against:","Australian Dollar Trade-weighted Index"
"969","FXRTWI","Trade-weighted Index May 1970 = 100","AUS","AUS",1984-06-05,81,"D","Index","Indicative","RBA","Daily","Historical Daily Exchange Rates Of The Australian Dollar Against:","Australian Dollar Trade-weighted Index"
"970","FXRTWI","Trade-weighted Index May 1970 = 100","AUS","AUS",1984-06-06,80.8,"D","Index","Indicative","RBA","Daily","Historical Daily Exchange Rates Of The Australian Dollar Against:","Australian Dollar Trade-weighted Index"
"971","FXRTWI","Trade-weighted Index May 1970 = 100","AUS","AUS",1984-06-07,81,"D","Index","Indicative","RBA","Daily","Historical Daily Exchange Rates Of The Australian Dollar Against:","Australian Dollar Trade-weighted Index"
"972","FXRTWI","Trade-weighted Index May 1970 = 100","AUS","AUS",1984-06-08,81.1,"D","Index","Indicative","RBA","Daily","Historical Daily Exchange Rates Of The Australian Dollar Against:","Australian Dollar Trade-weighted Index"
"973","FXRTWI","Trade-weighted Index May 1970 = 100","AUS","AUS",1984-06-12,81.2,"D","Index","Indicative","RBA","Daily","Historical Daily Exchange Rates Of The Australian Dollar Against:","Australian Dollar Trade-weighted Index"
"974","FXRTWI","Trade-weighted Index May 1970 = 100","AUS","AUS",1984-06-13,81.2,"D","Index","Indicative","RBA","Daily","Historical Daily Exchange Rates Of The Australian Dollar Against:","Australian Dollar Trade-weighted Index"
"975","FXRTWI","Trade-weighted Index May 1970 = 100","AUS","AUS",1984-06-14,81,"D","Index","Indicative","RBA","Daily","Historical Daily Exchange Rates Of The Australian Dollar Against:","Australian Dollar Trade-weighted Index"
"976","FXRTWI","Trade-weighted Index May 1970 = 100","AUS","AUS",1984-06-15,80.5,"D","Index","Indicative","RBA","Daily","Historical Daily Exchange Rates Of The Australian Dollar Against:","Australian Dollar Trade-weighted Index"
"977","FXRTWI","Trade-weighted Index May 1970 = 100","AUS","AUS",1984-06-18,80.3,"D","Index","Indicative","RBA","Daily","Historical Daily Exchange Rates Of The Australian Dollar Against:","Australian Dollar Trade-weighted Index"
"978","FXRTWI","Trade-weighted Index May 1970 = 100","AUS","AUS",1984-06-19,80.4,"D","Index","Indicative","RBA","Daily","Historical Daily Exchange Rates Of The Australian Dollar Against:","Australian Dollar Trade-weighted Index"
"979","FXRTWI","Trade-weighted Index May 1970 = 100","AUS","AUS",1984-06-20,80.5,"D","Index","Indicative","RBA","Daily","Historical Daily Exchange Rates Of The Australian Dollar Against:","Australian Dollar Trade-weighted Index"
"980","FXRTWI","Trade-weighted Index May 1970 = 100","AUS","AUS",1984-06-21,79.7,"D","Index","Indicative","RBA","Daily","Historical Daily Exchange Rates Of The Australian Dollar Against:","Australian Dollar Trade-weighted Index"
"981","FXRTWI","Trade-weighted Index May 1970 = 100","AUS","AUS",1984-06-22,79.3,"D","Index","Indicative","RBA","Daily","Historical Daily Exchange Rates Of The Australian Dollar Against:","Australian Dollar Trade-weighted Index"
"982","FXRTWI","Trade-weighted Index May 1970 = 100","AUS","AUS",1984-06-25,78.7,"D","Index","Indicative","RBA","Daily","Historical Daily Exchange Rates Of The Australian Dollar Against:","Australian Dollar Trade-weighted Index"
"983","FXRTWI","Trade-weighted Index May 1970 = 100","AUS","AUS",1984-06-26,78.8,"D","Index","Indicative","RBA","Daily","Historical Daily Exchange Rates Of The Australian Dollar Against:","Australian Dollar Trade-weighted Index"
"984","FXRTWI","Trade-weighted Index May 1970 = 100","AUS","AUS",1984-06-27,79.3,"D","Index","Indicative","RBA","Daily","Historical Daily Exchange Rates Of The Australian Dollar Against:","Australian Dollar Trade-weighted Index"
"985","FXRTWI","Trade-weighted Index May 1970 = 100","AUS","AUS",1984-06-28,79.3,"D","Index","Indicative","RBA","Daily","Historical Daily Exchange Rates Of The Australian Dollar Against:","Australian Dollar Trade-weighted Index"
"986","FXRTWI","Trade-weighted Index May 1970 = 100","AUS","AUS",1984-06-29,79.2,"D","Index","Indicative","RBA","Daily","Historical Daily Exchange Rates Of The Australian Dollar Against:","Australian Dollar Trade-weighted Index"
"987","DLCACS","Credit; Total; Seasonally adjusted","AUS","AUS",1984-06-30,115.004,"M","$ billion","Seasonally Adjusted","RBA","Monthly","D2 Lending And Credit Aggregates","Credit; Total; Seasonally adjusted – Includes securitisations – For series breaks see Series Breaks"
"988","FXRTWI","Trade-weighted Index May 1970 = 100","AUS","AUS",1984-06-30,79.2,"M","Index","Indicative","RBA","Monthly","F11 Exchange Rates","Australian Dollar Trade-weighted Index"
"989","GCPIOCPMTMQP","Quarterly trimmed mean inflation","AUS","AUS",1984-06-30,1.5,"Q","Per cent","Seasonally Adjusted","ABS","Quarterly","G1 Consumer Price Inflation","Consumer price index; Trimmed mean; Quarterly change (in per cent)"
"990","GRCPAISDR","Commodity prices – SDR","AUS","AUS",1984-06-30,37.4465301273494,"M","Index, 2023/24=100","Original","RBA","Monthly","I2 Commodity Prices","Index of commodity prices; All items; SDR"
"991","A2718577A","Credits, Total goods ;","AUS","AUS",1984-07-01,2416,"M","$ Millions","Seasonally Adjusted",NA,"Monthly","TABLE 1. GOODS, Summary: Seasonally adjusted and trend estimates, Current prices",NA
"992","A2718594C","Balance on goods ;","AUS","AUS",1984-07-01,-163,"M","$ Millions","Seasonally Adjusted",NA,"Monthly","TABLE 1. GOODS, Summary: Seasonally adjusted and trend estimates, Current prices",NA
"993","FXRTWI","Trade-weighted Index May 1970 = 100","AUS","AUS",1984-07-02,78.9,"D","Index","Indicative","RBA","Daily","Historical Daily Exchange Rates Of The Australian Dollar Against:","Australian Dollar Trade-weighted Index"
"994","FXRTWI","Trade-weighted Index May 1970 = 100","AUS","AUS",1984-07-03,79.2,"D","Index","Indicative","RBA","Daily","Historical Daily Exchange Rates Of The Australian Dollar Against:","Australian Dollar Trade-weighted Index"
"995","FXRTWI","Trade-weighted Index May 1970 = 100","AUS","AUS",1984-07-04,79.1,"D","Index","Indicative","RBA","Daily","Historical Daily Exchange Rates Of The Australian Dollar Against:","Australian Dollar Trade-weighted Index"
"996","FXRTWI","Trade-weighted Index May 1970 = 100","AUS","AUS",1984-07-05,78.9,"D","Index","Indicative","RBA","Daily","Historical Daily Exchange Rates Of The Australian Dollar Against:","Australian Dollar Trade-weighted Index"
"997","FXRTWI","Trade-weighted Index May 1970 = 100","AUS","AUS",1984-07-06,78,"D","Index","Indicative","RBA","Daily","Historical Daily Exchange Rates Of The Australian Dollar Against:","Australian Dollar Trade-weighted Index"
"998","FXRTWI","Trade-weighted Index May 1970 = 100","AUS","AUS",1984-07-09,77.7,"D","Index","Indicative","RBA","Daily","Historical Daily Exchange Rates Of The Australian Dollar Against:","Australian Dollar Trade-weighted Index"
"999","FXRTWI","Trade-weighted Index May 1970 = 100","AUS","AUS",1984-07-10,77.2,"D","Index","Indicative","RBA","Daily","Historical Daily Exchange Rates Of The Australian Dollar Against:","Australian Dollar Trade-weighted Index"
"1000","FXRTWI","Trade-weighted Index May 1970 = 100","AUS","AUS",1984-07-11,76.6,"D","Index","Indicative","RBA","Daily","Historical Daily Exchange Rates Of The Australian Dollar Against:","Australian Dollar Trade-weighted Index"
"1001","FXRTWI","Trade-weighted Index May 1970 = 100","AUS","AUS",1984-07-12,77,"D","Index","Indicative","RBA","Daily","Historical Daily Exchange Rates Of The Australian Dollar Against:","Australian Dollar Trade-weighted Index"
"1002","FXRTWI","Trade-weighted Index May 1970 = 100","AUS","AUS",1984-07-13,78.2,"D","Index","Indicative","RBA","Daily","Historical Daily Exchange Rates Of The Australian Dollar Against:","Australian Dollar Trade-weighted Index"
"1003","FXRTWI","Trade-weighted Index May 1970 = 100","AUS","AUS",1984-07-16,78,"D","Index","Indicative","RBA","Daily","Historical Daily Exchange Rates Of The Australian Dollar Against:","Australian Dollar Trade-weighted Index"
"1004","FXRTWI","Trade-weighted Index May 1970 = 100","AUS","AUS",1984-07-17,77.4,"D","Index","Indicative","RBA","Daily","Historical Daily Exchange Rates Of The Australian Dollar Against:","Australian Dollar Trade-weighted Index"
"1005","FXRTWI","Trade-weighted Index May 1970 = 100","AUS","AUS",1984-07-18,78,"D","Index","Indicative","RBA","Daily","Historical Daily Exchange Rates Of The Australian Dollar Against:","Australian Dollar Trade-weighted Index"
"1006","FXRTWI","Trade-weighted Index May 1970 = 100","AUS","AUS",1984-07-19,78.2,"D","Index","Indicative","RBA","Daily","Historical Daily Exchange Rates Of The Australian Dollar Against:","Australian Dollar Trade-weighted Index"
"1007","FXRTWI","Trade-weighted Index May 1970 = 100","AUS","AUS",1984-07-20,78.2,"D","Index","Indicative","RBA","Daily","Historical Daily Exchange Rates Of The Australian Dollar Against:","Australian Dollar Trade-weighted Index"
"1008","FXRTWI","Trade-weighted Index May 1970 = 100","AUS","AUS",1984-07-23,77.9,"D","Index","Indicative","RBA","Daily","Historical Daily Exchange Rates Of The Australian Dollar Against:","Australian Dollar Trade-weighted Index"
"1009","FXRTWI","Trade-weighted Index May 1970 = 100","AUS","AUS",1984-07-24,77.9,"D","Index","Indicative","RBA","Daily","Historical Daily Exchange Rates Of The Australian Dollar Against:","Australian Dollar Trade-weighted Index"
"1010","FXRTWI","Trade-weighted Index May 1970 = 100","AUS","AUS",1984-07-25,78.4,"D","Index","Indicative","RBA","Daily","Historical Daily Exchange Rates Of The Australian Dollar Against:","Australian Dollar Trade-weighted Index"
"1011","FXRTWI","Trade-weighted Index May 1970 = 100","AUS","AUS",1984-07-26,79,"D","Index","Indicative","RBA","Daily","Historical Daily Exchange Rates Of The Australian Dollar Against:","Australian Dollar Trade-weighted Index"
"1012","FXRTWI","Trade-weighted Index May 1970 = 100","AUS","AUS",1984-07-27,79,"D","Index","Indicative","RBA","Daily","Historical Daily Exchange Rates Of The Australian Dollar Against:","Australian Dollar Trade-weighted Index"
"1013","FXRTWI","Trade-weighted Index May 1970 = 100","AUS","AUS",1984-07-30,78.5,"D","Index","Indicative","RBA","Daily","Historical Daily Exchange Rates Of The Australian Dollar Against:","Australian Dollar Trade-weighted Index"
"1014","DLCACS","Credit; Total; Seasonally adjusted","AUS","AUS",1984-07-31,115.002,"M","$ billion","Seasonally Adjusted","RBA","Monthly","D2 Lending And Credit Aggregates","Credit; Total; Seasonally adjusted – Includes securitisations – For series breaks see Series Breaks"
"1015","FXRTWI","Trade-weighted Index May 1970 = 100","AUS","AUS",1984-07-31,78.7,"D","Index","Indicative","RBA","Daily","Historical Daily Exchange Rates Of The Australian Dollar Against:","Australian Dollar Trade-weighted Index"
"1016","FXRTWI","Trade-weighted Index May 1970 = 100","AUS","AUS",1984-07-31,78.7,"M","Index","Indicative","RBA","Monthly","F11 Exchange Rates","Australian Dollar Trade-weighted Index"
"1017","GRCPAISDR","Commodity prices – SDR","AUS","AUS",1984-07-31,36.4108011873958,"M","Index, 2023/24=100","Original","RBA","Monthly","I2 Commodity Prices","Index of commodity prices; All items; SDR"
"1018","A2718577A","Credits, Total goods ;","AUS","AUS",1984-08-01,2399,"M","$ Millions","Seasonally Adjusted",NA,"Monthly","TABLE 1. GOODS, Summary: Seasonally adjusted and trend estimates, Current prices",NA
"1019","A2718594C","Balance on goods ;","AUS","AUS",1984-08-01,36,"M","$ Millions","Seasonally Adjusted",NA,"Monthly","TABLE 1. GOODS, Summary: Seasonally adjusted and trend estimates, Current prices",NA
"1020","FXRTWI","Trade-weighted Index May 1970 = 100","AUS","AUS",1984-08-01,78.9,"D","Index","Indicative","RBA","Daily","Historical Daily Exchange Rates Of The Australian Dollar Against:","Australian Dollar Trade-weighted Index"
"1021","FXRTWI","Trade-weighted Index May 1970 = 100","AUS","AUS",1984-08-02,79,"D","Index","Indicative","RBA","Daily","Historical Daily Exchange Rates Of The Australian Dollar Against:","Australian Dollar Trade-weighted Index"
"1022","FXRTWI","Trade-weighted Index May 1970 = 100","AUS","AUS",1984-08-03,79.2,"D","Index","Indicative","RBA","Daily","Historical Daily Exchange Rates Of The Australian Dollar Against:","Australian Dollar Trade-weighted Index"
"1023","FXRTWI","Trade-weighted Index May 1970 = 100","AUS","AUS",1984-08-06,79.5,"D","Index","Indicative","RBA","Daily","Historical Daily Exchange Rates Of The Australian Dollar Against:","Australian Dollar Trade-weighted Index"
"1024","FXRTWI","Trade-weighted Index May 1970 = 100","AUS","AUS",1984-08-07,79.2,"D","Index","Indicative","RBA","Daily","Historical Daily Exchange Rates Of The Australian Dollar Against:","Australian Dollar Trade-weighted Index"
"1025","FXRTWI","Trade-weighted Index May 1970 = 100","AUS","AUS",1984-08-08,79.9,"D","Index","Indicative","RBA","Daily","Historical Daily Exchange Rates Of The Australian Dollar Against:","Australian Dollar Trade-weighted Index"
"1026","FXRTWI","Trade-weighted Index May 1970 = 100","AUS","AUS",1984-08-09,79.7,"D","Index","Indicative","RBA","Daily","Historical Daily Exchange Rates Of The Australian Dollar Against:","Australian Dollar Trade-weighted Index"
"1027","FXRTWI","Trade-weighted Index May 1970 = 100","AUS","AUS",1984-08-10,79.5,"D","Index","Indicative","RBA","Daily","Historical Daily Exchange Rates Of The Australian Dollar Against:","Australian Dollar Trade-weighted Index"
"1028","FXRTWI","Trade-weighted Index May 1970 = 100","AUS","AUS",1984-08-13,79.7,"D","Index","Indicative","RBA","Daily","Historical Daily Exchange Rates Of The Australian Dollar Against:","Australian Dollar Trade-weighted Index"
"1029","FXRTWI","Trade-weighted Index May 1970 = 100","AUS","AUS",1984-08-14,79.4,"D","Index","Indicative","RBA","Daily","Historical Daily Exchange Rates Of The Australian Dollar Against:","Australian Dollar Trade-weighted Index"
"1030","FXRTWI","Trade-weighted Index May 1970 = 100","AUS","AUS",1984-08-15,79.4,"D","Index","Indicative","RBA","Daily","Historical Daily Exchange Rates Of The Australian Dollar Against:","Australian Dollar Trade-weighted Index"
"1031","FXRTWI","Trade-weighted Index May 1970 = 100","AUS","AUS",1984-08-16,79.5,"D","Index","Indicative","RBA","Daily","Historical Daily Exchange Rates Of The Australian Dollar Against:","Australian Dollar Trade-weighted Index"
"1032","FXRTWI","Trade-weighted Index May 1970 = 100","AUS","AUS",1984-08-17,79.7,"D","Index","Indicative","RBA","Daily","Historical Daily Exchange Rates Of The Australian Dollar Against:","Australian Dollar Trade-weighted Index"
"1033","FXRTWI","Trade-weighted Index May 1970 = 100","AUS","AUS",1984-08-20,80.4,"D","Index","Indicative","RBA","Daily","Historical Daily Exchange Rates Of The Australian Dollar Against:","Australian Dollar Trade-weighted Index"
"1034","FXRTWI","Trade-weighted Index May 1970 = 100","AUS","AUS",1984-08-21,80.5,"D","Index","Indicative","RBA","Daily","Historical Daily Exchange Rates Of The Australian Dollar Against:","Australian Dollar Trade-weighted Index"
"1035","FXRTWI","Trade-weighted Index May 1970 = 100","AUS","AUS",1984-08-22,80.7,"D","Index","Indicative","RBA","Daily","Historical Daily Exchange Rates Of The Australian Dollar Against:","Australian Dollar Trade-weighted Index"
"1036","FXRTWI","Trade-weighted Index May 1970 = 100","AUS","AUS",1984-08-23,80.5,"D","Index","Indicative","RBA","Daily","Historical Daily Exchange Rates Of The Australian Dollar Against:","Australian Dollar Trade-weighted Index"
"1037","FXRTWI","Trade-weighted Index May 1970 = 100","AUS","AUS",1984-08-24,80.7,"D","Index","Indicative","RBA","Daily","Historical Daily Exchange Rates Of The Australian Dollar Against:","Australian Dollar Trade-weighted Index"
"1038","FXRTWI","Trade-weighted Index May 1970 = 100","AUS","AUS",1984-08-27,80.3,"D","Index","Indicative","RBA","Daily","Historical Daily Exchange Rates Of The Australian Dollar Against:","Australian Dollar Trade-weighted Index"
"1039","FXRTWI","Trade-weighted Index May 1970 = 100","AUS","AUS",1984-08-28,80.3,"D","Index","Indicative","RBA","Daily","Historical Daily Exchange Rates Of The Australian Dollar Against:","Australian Dollar Trade-weighted Index"
"1040","FXRTWI","Trade-weighted Index May 1970 = 100","AUS","AUS",1984-08-29,80.5,"D","Index","Indicative","RBA","Daily","Historical Daily Exchange Rates Of The Australian Dollar Against:","Australian Dollar Trade-weighted Index"
"1041","FXRTWI","Trade-weighted Index May 1970 = 100","AUS","AUS",1984-08-30,80.3,"D","Index","Indicative","RBA","Daily","Historical Daily Exchange Rates Of The Australian Dollar Against:","Australian Dollar Trade-weighted Index"
"1042","DLCACS","Credit; Total; Seasonally adjusted","AUS","AUS",1984-08-31,116.752,"M","$ billion","Seasonally Adjusted","RBA","Monthly","D2 Lending And Credit Aggregates","Credit; Total; Seasonally adjusted – Includes securitisations – For series breaks see Series Breaks"
"1043","FXRTWI","Trade-weighted Index May 1970 = 100","AUS","AUS",1984-08-31,80.2,"D","Index","Indicative","RBA","Daily","Historical Daily Exchange Rates Of The Australian Dollar Against:","Australian Dollar Trade-weighted Index"
"1044","FXRTWI","Trade-weighted Index May 1970 = 100","AUS","AUS",1984-08-31,80.1,"M","Index","Indicative","RBA","Monthly","F11 Exchange Rates","Australian Dollar Trade-weighted Index"
"1045","GRCPAISDR","Commodity prices – SDR","AUS","AUS",1984-08-31,36.8615620634009,"M","Index, 2023/24=100","Original","RBA","Monthly","I2 Commodity Prices","Index of commodity prices; All items; SDR"
"1046","A2304418T","Gross domestic product: Current prices ;","AUS","AUS",1984-09-01,56487,"Q","$ Millions","Seasonally Adjusted",NA,"Quarterly","Table 1. Key National Accounts Aggregates",NA
"1047","A2325846C","Index Numbers ; All groups CPI ; Australia ;","AUS","AUS",1984-09-01,36.9,"Q","Index Numbers","Original",NA,"Quarterly","TABLES 1 and 2. CPI: All Groups, Index Numbers and Percentage Changes",NA
"1048","A2718577A","Credits, Total goods ;","AUS","AUS",1984-09-01,2426,"M","$ Millions","Seasonally Adjusted",NA,"Monthly","TABLE 1. GOODS, Summary: Seasonally adjusted and trend estimates, Current prices",NA
"1049","A2718594C","Balance on goods ;","AUS","AUS",1984-09-01,-155,"M","$ Millions","Seasonally Adjusted",NA,"Monthly","TABLE 1. GOODS, Summary: Seasonally adjusted and trend estimates, Current prices",NA
"1050","FXRTWI","Trade-weighted Index May 1970 = 100","AUS","AUS",1984-09-03,79.9,"D","Index","Indicative","RBA","Daily","Historical Daily Exchange Rates Of The Australian Dollar Against:","Australian Dollar Trade-weighted Index"
"1051","FXRTWI","Trade-weighted Index May 1970 = 100","AUS","AUS",1984-09-04,79.8,"D","Index","Indicative","RBA","Daily","Historical Daily Exchange Rates Of The Australian Dollar Against:","Australian Dollar Trade-weighted Index"
"1052","FXRTWI","Trade-weighted Index May 1970 = 100","AUS","AUS",1984-09-05,79.2,"D","Index","Indicative","RBA","Daily","Historical Daily Exchange Rates Of The Australian Dollar Against:","Australian Dollar Trade-weighted Index"
"1053","FXRTWI","Trade-weighted Index May 1970 = 100","AUS","AUS",1984-09-06,79.4,"D","Index","Indicative","RBA","Daily","Historical Daily Exchange Rates Of The Australian Dollar Against:","Australian Dollar Trade-weighted Index"
"1054","FXRTWI","Trade-weighted Index May 1970 = 100","AUS","AUS",1984-09-07,79.3,"D","Index","Indicative","RBA","Daily","Historical Daily Exchange Rates Of The Australian Dollar Against:","Australian Dollar Trade-weighted Index"
"1055","FXRTWI","Trade-weighted Index May 1970 = 100","AUS","AUS",1984-09-10,79.4,"D","Index","Indicative","RBA","Daily","Historical Daily Exchange Rates Of The Australian Dollar Against:","Australian Dollar Trade-weighted Index"
"1056","FXRTWI","Trade-weighted Index May 1970 = 100","AUS","AUS",1984-09-11,79.9,"D","Index","Indicative","RBA","Daily","Historical Daily Exchange Rates Of The Australian Dollar Against:","Australian Dollar Trade-weighted Index"
"1057","FXRTWI","Trade-weighted Index May 1970 = 100","AUS","AUS",1984-09-12,80,"D","Index","Indicative","RBA","Daily","Historical Daily Exchange Rates Of The Australian Dollar Against:","Australian Dollar Trade-weighted Index"
"1058","FXRTWI","Trade-weighted Index May 1970 = 100","AUS","AUS",1984-09-13,79.9,"D","Index","Indicative","RBA","Daily","Historical Daily Exchange Rates Of The Australian Dollar Against:","Australian Dollar Trade-weighted Index"
"1059","FXRTWI","Trade-weighted Index May 1970 = 100","AUS","AUS",1984-09-14,79.9,"D","Index","Indicative","RBA","Daily","Historical Daily Exchange Rates Of The Australian Dollar Against:","Australian Dollar Trade-weighted Index"
"1060","FXRTWI","Trade-weighted Index May 1970 = 100","AUS","AUS",1984-09-17,79.8,"D","Index","Indicative","RBA","Daily","Historical Daily Exchange Rates Of The Australian Dollar Against:","Australian Dollar Trade-weighted Index"
"1061","FXRTWI","Trade-weighted Index May 1970 = 100","AUS","AUS",1984-09-18,80.2,"D","Index","Indicative","RBA","Daily","Historical Daily Exchange Rates Of The Australian Dollar Against:","Australian Dollar Trade-weighted Index"
"1062","FXRTWI","Trade-weighted Index May 1970 = 100","AUS","AUS",1984-09-19,80.6,"D","Index","Indicative","RBA","Daily","Historical Daily Exchange Rates Of The Australian Dollar Against:","Australian Dollar Trade-weighted Index"
"1063","FXRTWI","Trade-weighted Index May 1970 = 100","AUS","AUS",1984-09-20,80.4,"D","Index","Indicative","RBA","Daily","Historical Daily Exchange Rates Of The Australian Dollar Against:","Australian Dollar Trade-weighted Index"
"1064","FXRTWI","Trade-weighted Index May 1970 = 100","AUS","AUS",1984-09-21,80.7,"D","Index","Indicative","RBA","Daily","Historical Daily Exchange Rates Of The Australian Dollar Against:","Australian Dollar Trade-weighted Index"
"1065","FXRTWI","Trade-weighted Index May 1970 = 100","AUS","AUS",1984-09-24,80.1,"D","Index","Indicative","RBA","Daily","Historical Daily Exchange Rates Of The Australian Dollar Against:","Australian Dollar Trade-weighted Index"
"1066","FXRTWI","Trade-weighted Index May 1970 = 100","AUS","AUS",1984-09-25,80,"D","Index","Indicative","RBA","Daily","Historical Daily Exchange Rates Of The Australian Dollar Against:","Australian Dollar Trade-weighted Index"
"1067","FXRTWI","Trade-weighted Index May 1970 = 100","AUS","AUS",1984-09-26,80.1,"D","Index","Indicative","RBA","Daily","Historical Daily Exchange Rates Of The Australian Dollar Against:","Australian Dollar Trade-weighted Index"
"1068","FXRTWI","Trade-weighted Index May 1970 = 100","AUS","AUS",1984-09-27,80.2,"D","Index","Indicative","RBA","Daily","Historical Daily Exchange Rates Of The Australian Dollar Against:","Australian Dollar Trade-weighted Index"
"1069","FXRTWI","Trade-weighted Index May 1970 = 100","AUS","AUS",1984-09-28,80.3,"D","Index","Indicative","RBA","Daily","Historical Daily Exchange Rates Of The Australian Dollar Against:","Australian Dollar Trade-weighted Index"
"1070","DLCACS","Credit; Total; Seasonally adjusted","AUS","AUS",1984-09-30,118.984,"M","$ billion","Seasonally Adjusted","RBA","Monthly","D2 Lending And Credit Aggregates","Credit; Total; Seasonally adjusted – Includes securitisations – For series breaks see Series Breaks"
"1071","FXRTWI","Trade-weighted Index May 1970 = 100","AUS","AUS",1984-09-30,80.3,"M","Index","Indicative","RBA","Monthly","F11 Exchange Rates","Australian Dollar Trade-weighted Index"
"1072","GCPIOCPMTMQP","Quarterly trimmed mean inflation","AUS","AUS",1984-09-30,1.2,"Q","Per cent","Seasonally Adjusted","ABS","Quarterly","G1 Consumer Price Inflation","Consumer price index; Trimmed mean; Quarterly change (in per cent)"
"1073","GRCPAISDR","Commodity prices – SDR","AUS","AUS",1984-09-30,36.767751609703,"M","Index, 2023/24=100","Original","RBA","Monthly","I2 Commodity Prices","Index of commodity prices; All items; SDR"
"1074","A2718577A","Credits, Total goods ;","AUS","AUS",1984-10-01,2269,"M","$ Millions","Seasonally Adjusted",NA,"Monthly","TABLE 1. GOODS, Summary: Seasonally adjusted and trend estimates, Current prices",NA
"1075","A2718594C","Balance on goods ;","AUS","AUS",1984-10-01,-57,"M","$ Millions","Seasonally Adjusted",NA,"Monthly","TABLE 1. GOODS, Summary: Seasonally adjusted and trend estimates, Current prices",NA
"1076","FXRTWI","Trade-weighted Index May 1970 = 100","AUS","AUS",1984-10-01,80.4,"D","Index","Indicative","RBA","Daily","Historical Daily Exchange Rates Of The Australian Dollar Against:","Australian Dollar Trade-weighted Index"
"1077","FXRTWI","Trade-weighted Index May 1970 = 100","AUS","AUS",1984-10-02,80.3,"D","Index","Indicative","RBA","Daily","Historical Daily Exchange Rates Of The Australian Dollar Against:","Australian Dollar Trade-weighted Index"
"1078","FXRTWI","Trade-weighted Index May 1970 = 100","AUS","AUS",1984-10-03,80,"D","Index","Indicative","RBA","Daily","Historical Daily Exchange Rates Of The Australian Dollar Against:","Australian Dollar Trade-weighted Index"
"1079","FXRTWI","Trade-weighted Index May 1970 = 100","AUS","AUS",1984-10-04,80.4,"D","Index","Indicative","RBA","Daily","Historical Daily Exchange Rates Of The Australian Dollar Against:","Australian Dollar Trade-weighted Index"
"1080","FXRTWI","Trade-weighted Index May 1970 = 100","AUS","AUS",1984-10-05,80.4,"D","Index","Indicative","RBA","Daily","Historical Daily Exchange Rates Of The Australian Dollar Against:","Australian Dollar Trade-weighted Index"
"1081","FXRTWI","Trade-weighted Index May 1970 = 100","AUS","AUS",1984-10-08,80.5,"D","Index","Indicative","RBA","Daily","Historical Daily Exchange Rates Of The Australian Dollar Against:","Australian Dollar Trade-weighted Index"
"1082","FXRTWI","Trade-weighted Index May 1970 = 100","AUS","AUS",1984-10-09,80.6,"D","Index","Indicative","RBA","Daily","Historical Daily Exchange Rates Of The Australian Dollar Against:","Australian Dollar Trade-weighted Index"
"1083","FXRTWI","Trade-weighted Index May 1970 = 100","AUS","AUS",1984-10-10,80.7,"D","Index","Indicative","RBA","Daily","Historical Daily Exchange Rates Of The Australian Dollar Against:","Australian Dollar Trade-weighted Index"
"1084","FXRTWI","Trade-weighted Index May 1970 = 100","AUS","AUS",1984-10-11,80.7,"D","Index","Indicative","RBA","Daily","Historical Daily Exchange Rates Of The Australian Dollar Against:","Australian Dollar Trade-weighted Index"
"1085","FXRTWI","Trade-weighted Index May 1970 = 100","AUS","AUS",1984-10-12,80.9,"D","Index","Indicative","RBA","Daily","Historical Daily Exchange Rates Of The Australian Dollar Against:","Australian Dollar Trade-weighted Index"
"1086","FXRTWI","Trade-weighted Index May 1970 = 100","AUS","AUS",1984-10-15,80.9,"D","Index","Indicative","RBA","Daily","Historical Daily Exchange Rates Of The Australian Dollar Against:","Australian Dollar Trade-weighted Index"
"1087","FXRTWI","Trade-weighted Index May 1970 = 100","AUS","AUS",1984-10-16,81,"D","Index","Indicative","RBA","Daily","Historical Daily Exchange Rates Of The Australian Dollar Against:","Australian Dollar Trade-weighted Index"
"1088","FXRTWI","Trade-weighted Index May 1970 = 100","AUS","AUS",1984-10-17,81.2,"D","Index","Indicative","RBA","Daily","Historical Daily Exchange Rates Of The Australian Dollar Against:","Australian Dollar Trade-weighted Index"
"1089","FXRTWI","Trade-weighted Index May 1970 = 100","AUS","AUS",1984-10-18,81.2,"D","Index","Indicative","RBA","Daily","Historical Daily Exchange Rates Of The Australian Dollar Against:","Australian Dollar Trade-weighted Index"
"1090","FXRTWI","Trade-weighted Index May 1970 = 100","AUS","AUS",1984-10-19,81.1,"D","Index","Indicative","RBA","Daily","Historical Daily Exchange Rates Of The Australian Dollar Against:","Australian Dollar Trade-weighted Index"
"1091","FXRTWI","Trade-weighted Index May 1970 = 100","AUS","AUS",1984-10-22,81.2,"D","Index","Indicative","RBA","Daily","Historical Daily Exchange Rates Of The Australian Dollar Against:","Australian Dollar Trade-weighted Index"
"1092","FXRTWI","Trade-weighted Index May 1970 = 100","AUS","AUS",1984-10-23,81.1,"D","Index","Indicative","RBA","Daily","Historical Daily Exchange Rates Of The Australian Dollar Against:","Australian Dollar Trade-weighted Index"
"1093","FXRTWI","Trade-weighted Index May 1970 = 100","AUS","AUS",1984-10-24,81.4,"D","Index","Indicative","RBA","Daily","Historical Daily Exchange Rates Of The Australian Dollar Against:","Australian Dollar Trade-weighted Index"
"1094","FXRTWI","Trade-weighted Index May 1970 = 100","AUS","AUS",1984-10-25,81.7,"D","Index","Indicative","RBA","Daily","Historical Daily Exchange Rates Of The Australian Dollar Against:","Australian Dollar Trade-weighted Index"
"1095","FXRTWI","Trade-weighted Index May 1970 = 100","AUS","AUS",1984-10-26,81.9,"D","Index","Indicative","RBA","Daily","Historical Daily Exchange Rates Of The Australian Dollar Against:","Australian Dollar Trade-weighted Index"
"1096","FXRTWI","Trade-weighted Index May 1970 = 100","AUS","AUS",1984-10-29,81.5,"D","Index","Indicative","RBA","Daily","Historical Daily Exchange Rates Of The Australian Dollar Against:","Australian Dollar Trade-weighted Index"
"1097","FXRTWI","Trade-weighted Index May 1970 = 100","AUS","AUS",1984-10-30,81.6,"D","Index","Indicative","RBA","Daily","Historical Daily Exchange Rates Of The Australian Dollar Against:","Australian Dollar Trade-weighted Index"
"1098","DLCACS","Credit; Total; Seasonally adjusted","AUS","AUS",1984-10-31,121.127,"M","$ billion","Seasonally Adjusted","RBA","Monthly","D2 Lending And Credit Aggregates","Credit; Total; Seasonally adjusted – Includes securitisations – For series breaks see Series Breaks"
"1099","FXRTWI","Trade-weighted Index May 1970 = 100","AUS","AUS",1984-10-31,82,"D","Index","Indicative","RBA","Daily","Historical Daily Exchange Rates Of The Australian Dollar Against:","Australian Dollar Trade-weighted Index"
"1100","FXRTWI","Trade-weighted Index May 1970 = 100","AUS","AUS",1984-10-31,82,"M","Index","Indicative","RBA","Monthly","F11 Exchange Rates","Australian Dollar Trade-weighted Index"
"1101","GRCPAISDR","Commodity prices – SDR","AUS","AUS",1984-10-31,37.0869090841281,"M","Index, 2023/24=100","Original","RBA","Monthly","I2 Commodity Prices","Index of commodity prices; All items; SDR"
"1102","A2718577A","Credits, Total goods ;","AUS","AUS",1984-11-01,2391,"M","$ Millions","Seasonally Adjusted",NA,"Monthly","TABLE 1. GOODS, Summary: Seasonally adjusted and trend estimates, Current prices",NA
"1103","A2718594C","Balance on goods ;","AUS","AUS",1984-11-01,-66,"M","$ Millions","Seasonally Adjusted",NA,"Monthly","TABLE 1. GOODS, Summary: Seasonally adjusted and trend estimates, Current prices",NA
"1104","FXRTWI","Trade-weighted Index May 1970 = 100","AUS","AUS",1984-11-01,82.2,"D","Index","Indicative","RBA","Daily","Historical Daily Exchange Rates Of The Australian Dollar Against:","Australian Dollar Trade-weighted Index"
"1105","FXRTWI","Trade-weighted Index May 1970 = 100","AUS","AUS",1984-11-02,82.2,"D","Index","Indicative","RBA","Daily","Historical Daily Exchange Rates Of The Australian Dollar Against:","Australian Dollar Trade-weighted Index"
"1106","FXRTWI","Trade-weighted Index May 1970 = 100","AUS","AUS",1984-11-05,82.4,"D","Index","Indicative","RBA","Daily","Historical Daily Exchange Rates Of The Australian Dollar Against:","Australian Dollar Trade-weighted Index"
"1107","FXRTWI","Trade-weighted Index May 1970 = 100","AUS","AUS",1984-11-06,82.1,"D","Index","Indicative","RBA","Daily","Historical Daily Exchange Rates Of The Australian Dollar Against:","Australian Dollar Trade-weighted Index"
"1108","FXRTWI","Trade-weighted Index May 1970 = 100","AUS","AUS",1984-11-07,82.2,"D","Index","Indicative","RBA","Daily","Historical Daily Exchange Rates Of The Australian Dollar Against:","Australian Dollar Trade-weighted Index"
"1109","FXRTWI","Trade-weighted Index May 1970 = 100","AUS","AUS",1984-11-08,82.2,"D","Index","Indicative","RBA","Daily","Historical Daily Exchange Rates Of The Australian Dollar Against:","Australian Dollar Trade-weighted Index"
"1110","FXRTWI","Trade-weighted Index May 1970 = 100","AUS","AUS",1984-11-09,82.2,"D","Index","Indicative","RBA","Daily","Historical Daily Exchange Rates Of The Australian Dollar Against:","Australian Dollar Trade-weighted Index"
"1111","FXRTWI","Trade-weighted Index May 1970 = 100","AUS","AUS",1984-11-12,82.2,"D","Index","Indicative","RBA","Daily","Historical Daily Exchange Rates Of The Australian Dollar Against:","Australian Dollar Trade-weighted Index"
"1112","FXRTWI","Trade-weighted Index May 1970 = 100","AUS","AUS",1984-11-13,82.2,"D","Index","Indicative","RBA","Daily","Historical Daily Exchange Rates Of The Australian Dollar Against:","Australian Dollar Trade-weighted Index"
"1113","FXRTWI","Trade-weighted Index May 1970 = 100","AUS","AUS",1984-11-14,82.2,"D","Index","Indicative","RBA","Daily","Historical Daily Exchange Rates Of The Australian Dollar Against:","Australian Dollar Trade-weighted Index"
"1114","FXRTWI","Trade-weighted Index May 1970 = 100","AUS","AUS",1984-11-15,82.2,"D","Index","Indicative","RBA","Daily","Historical Daily Exchange Rates Of The Australian Dollar Against:","Australian Dollar Trade-weighted Index"
"1115","FXRTWI","Trade-weighted Index May 1970 = 100","AUS","AUS",1984-11-16,82.1,"D","Index","Indicative","RBA","Daily","Historical Daily Exchange Rates Of The Australian Dollar Against:","Australian Dollar Trade-weighted Index"
"1116","FXRTWI","Trade-weighted Index May 1970 = 100","AUS","AUS",1984-11-19,82.4,"D","Index","Indicative","RBA","Daily","Historical Daily Exchange Rates Of The Australian Dollar Against:","Australian Dollar Trade-weighted Index"
"1117","FXRTWI","Trade-weighted Index May 1970 = 100","AUS","AUS",1984-11-20,82.4,"D","Index","Indicative","RBA","Daily","Historical Daily Exchange Rates Of The Australian Dollar Against:","Australian Dollar Trade-weighted Index"
"1118","FXRTWI","Trade-weighted Index May 1970 = 100","AUS","AUS",1984-11-21,82.4,"D","Index","Indicative","RBA","Daily","Historical Daily Exchange Rates Of The Australian Dollar Against:","Australian Dollar Trade-weighted Index"
"1119","FXRTWI","Trade-weighted Index May 1970 = 100","AUS","AUS",1984-11-22,82.5,"D","Index","Indicative","RBA","Daily","Historical Daily Exchange Rates Of The Australian Dollar Against:","Australian Dollar Trade-weighted Index"
"1120","FXRTWI","Trade-weighted Index May 1970 = 100","AUS","AUS",1984-11-23,82.6,"D","Index","Indicative","RBA","Daily","Historical Daily Exchange Rates Of The Australian Dollar Against:","Australian Dollar Trade-weighted Index"
"1121","FXRTWI","Trade-weighted Index May 1970 = 100","AUS","AUS",1984-11-26,82.6,"D","Index","Indicative","RBA","Daily","Historical Daily Exchange Rates Of The Australian Dollar Against:","Australian Dollar Trade-weighted Index"
"1122","FXRTWI","Trade-weighted Index May 1970 = 100","AUS","AUS",1984-11-27,82.8,"D","Index","Indicative","RBA","Daily","Historical Daily Exchange Rates Of The Australian Dollar Against:","Australian Dollar Trade-weighted Index"
"1123","FXRTWI","Trade-weighted Index May 1970 = 100","AUS","AUS",1984-11-28,83.1,"D","Index","Indicative","RBA","Daily","Historical Daily Exchange Rates Of The Australian Dollar Against:","Australian Dollar Trade-weighted Index"
"1124","FXRTWI","Trade-weighted Index May 1970 = 100","AUS","AUS",1984-11-29,83.5,"D","Index","Indicative","RBA","Daily","Historical Daily Exchange Rates Of The Australian Dollar Against:","Australian Dollar Trade-weighted Index"
"1125","DLCACS","Credit; Total; Seasonally adjusted","AUS","AUS",1984-11-30,123.284,"M","$ billion","Seasonally Adjusted","RBA","Monthly","D2 Lending And Credit Aggregates","Credit; Total; Seasonally adjusted – Includes securitisations – For series breaks see Series Breaks"
"1126","FXRTWI","Trade-weighted Index May 1970 = 100","AUS","AUS",1984-11-30,83.5,"D","Index","Indicative","RBA","Daily","Historical Daily Exchange Rates Of The Australian Dollar Against:","Australian Dollar Trade-weighted Index"
"1127","FXRTWI","Trade-weighted Index May 1970 = 100","AUS","AUS",1984-11-30,83.5,"M","Index","Indicative","RBA","Monthly","F11 Exchange Rates","Australian Dollar Trade-weighted Index"
"1128","GRCPAISDR","Commodity prices – SDR","AUS","AUS",1984-11-30,37.5117327220446,"M","Index, 2023/24=100","Original","RBA","Monthly","I2 Commodity Prices","Index of commodity prices; All items; SDR"
"1129","A2304418T","Gross domestic product: Current prices ;","AUS","AUS",1984-12-01,57421,"Q","$ Millions","Seasonally Adjusted",NA,"Quarterly","Table 1. Key National Accounts Aggregates",NA
"1130","A2325846C","Index Numbers ; All groups CPI ; Australia ;","AUS","AUS",1984-12-01,37.4,"Q","Index Numbers","Original",NA,"Quarterly","TABLES 1 and 2. CPI: All Groups, Index Numbers and Percentage Changes",NA
"1131","A2718577A","Credits, Total goods ;","AUS","AUS",1984-12-01,2237,"M","$ Millions","Seasonally Adjusted",NA,"Monthly","TABLE 1. GOODS, Summary: Seasonally adjusted and trend estimates, Current prices",NA
"1132","A2718594C","Balance on goods ;","AUS","AUS",1984-12-01,-129,"M","$ Millions","Seasonally Adjusted",NA,"Monthly","TABLE 1. GOODS, Summary: Seasonally adjusted and trend estimates, Current prices",NA
"1133","FXRTWI","Trade-weighted Index May 1970 = 100","AUS","AUS",1984-12-03,83.4,"D","Index","Indicative","RBA","Daily","Historical Daily Exchange Rates Of The Australian Dollar Against:","Australian Dollar Trade-weighted Index"
"1134","FXRTWI","Trade-weighted Index May 1970 = 100","AUS","AUS",1984-12-04,83.1,"D","Index","Indicative","RBA","Daily","Historical Daily Exchange Rates Of The Australian Dollar Against:","Australian Dollar Trade-weighted Index"
"1135","FXRTWI","Trade-weighted Index May 1970 = 100","AUS","AUS",1984-12-05,82.8,"D","Index","Indicative","RBA","Daily","Historical Daily Exchange Rates Of The Australian Dollar Against:","Australian Dollar Trade-weighted Index"
"1136","FXRTWI","Trade-weighted Index May 1970 = 100","AUS","AUS",1984-12-06,82.8,"D","Index","Indicative","RBA","Daily","Historical Daily Exchange Rates Of The Australian Dollar Against:","Australian Dollar Trade-weighted Index"
"1137","FXRTWI","Trade-weighted Index May 1970 = 100","AUS","AUS",1984-12-07,82.5,"D","Index","Indicative","RBA","Daily","Historical Daily Exchange Rates Of The Australian Dollar Against:","Australian Dollar Trade-weighted Index"
"1138","FXRTWI","Trade-weighted Index May 1970 = 100","AUS","AUS",1984-12-10,82.1,"D","Index","Indicative","RBA","Daily","Historical Daily Exchange Rates Of The Australian Dollar Against:","Australian Dollar Trade-weighted Index"
"1139","FXRTWI","Trade-weighted Index May 1970 = 100","AUS","AUS",1984-12-11,82.1,"D","Index","Indicative","RBA","Daily","Historical Daily Exchange Rates Of The Australian Dollar Against:","Australian Dollar Trade-weighted Index"
"1140","FXRTWI","Trade-weighted Index May 1970 = 100","AUS","AUS",1984-12-12,82.4,"D","Index","Indicative","RBA","Daily","Historical Daily Exchange Rates Of The Australian Dollar Against:","Australian Dollar Trade-weighted Index"
"1141","FXRTWI","Trade-weighted Index May 1970 = 100","AUS","AUS",1984-12-13,82.3,"D","Index","Indicative","RBA","Daily","Historical Daily Exchange Rates Of The Australian Dollar Against:","Australian Dollar Trade-weighted Index"
"1142","FXRTWI","Trade-weighted Index May 1970 = 100","AUS","AUS",1984-12-14,81.9,"D","Index","Indicative","RBA","Daily","Historical Daily Exchange Rates Of The Australian Dollar Against:","Australian Dollar Trade-weighted Index"
"1143","FXRTWI","Trade-weighted Index May 1970 = 100","AUS","AUS",1984-12-17,81.7,"D","Index","Indicative","RBA","Daily","Historical Daily Exchange Rates Of The Australian Dollar Against:","Australian Dollar Trade-weighted Index"
"1144","FXRTWI","Trade-weighted Index May 1970 = 100","AUS","AUS",1984-12-18,81.4,"D","Index","Indicative","RBA","Daily","Historical Daily Exchange Rates Of The Australian Dollar Against:","Australian Dollar Trade-weighted Index"
"1145","FXRTWI","Trade-weighted Index May 1970 = 100","AUS","AUS",1984-12-19,81.3,"D","Index","Indicative","RBA","Daily","Historical Daily Exchange Rates Of The Australian Dollar Against:","Australian Dollar Trade-weighted Index"
"1146","FXRTWI","Trade-weighted Index May 1970 = 100","AUS","AUS",1984-12-20,81.2,"D","Index","Indicative","RBA","Daily","Historical Daily Exchange Rates Of The Australian Dollar Against:","Australian Dollar Trade-weighted Index"
"1147","FXRTWI","Trade-weighted Index May 1970 = 100","AUS","AUS",1984-12-21,81.4,"D","Index","Indicative","RBA","Daily","Historical Daily Exchange Rates Of The Australian Dollar Against:","Australian Dollar Trade-weighted Index"
"1148","FXRTWI","Trade-weighted Index May 1970 = 100","AUS","AUS",1984-12-24,81.6,"D","Index","Indicative","RBA","Daily","Historical Daily Exchange Rates Of The Australian Dollar Against:","Australian Dollar Trade-weighted Index"
"1149","FXRTWI","Trade-weighted Index May 1970 = 100","AUS","AUS",1984-12-27,81.4,"D","Index","Indicative","RBA","Daily","Historical Daily Exchange Rates Of The Australian Dollar Against:","Australian Dollar Trade-weighted Index"
"1150","FXRTWI","Trade-weighted Index May 1970 = 100","AUS","AUS",1984-12-28,81.3,"D","Index","Indicative","RBA","Daily","Historical Daily Exchange Rates Of The Australian Dollar Against:","Australian Dollar Trade-weighted Index"
"1151","DLCACS","Credit; Total; Seasonally adjusted","AUS","AUS",1984-12-31,124.977,"M","$ billion","Seasonally Adjusted","RBA","Monthly","D2 Lending And Credit Aggregates","Credit; Total; Seasonally adjusted – Includes securitisations – For series breaks see Series Breaks"
"1152","FXRTWI","Trade-weighted Index May 1970 = 100","AUS","AUS",1984-12-31,81.3,"M","Index","Indicative","RBA","Monthly","F11 Exchange Rates","Australian Dollar Trade-weighted Index"
"1153","GCPIOCPMTMQP","Quarterly trimmed mean inflation","AUS","AUS",1984-12-31,1.3,"Q","Per cent","Seasonally Adjusted","ABS","Quarterly","G1 Consumer Price Inflation","Consumer price index; Trimmed mean; Quarterly change (in per cent)"
"1154","GRCPAISDR","Commodity prices – SDR","AUS","AUS",1984-12-31,36.6209231031507,"M","Index, 2023/24=100","Original","RBA","Monthly","I2 Commodity Prices","Index of commodity prices; All items; SDR"
"1155","A2718577A","Credits, Total goods ;","AUS","AUS",1985-01-01,2290,"M","$ Millions","Seasonally Adjusted",NA,"Monthly","TABLE 1. GOODS, Summary: Seasonally adjusted and trend estimates, Current prices",NA
"1156","A2718594C","Balance on goods ;","AUS","AUS",1985-01-01,-177,"M","$ Millions","Seasonally Adjusted",NA,"Monthly","TABLE 1. GOODS, Summary: Seasonally adjusted and trend estimates, Current prices",NA
"1157","FXRTWI","Trade-weighted Index May 1970 = 100","AUS","AUS",1985-01-02,80.8,"D","Index","Indicative","RBA","Daily","Historical Daily Exchange Rates Of The Australian Dollar Against:","Australian Dollar Trade-weighted Index"
"1158","FXRTWI","Trade-weighted Index May 1970 = 100","AUS","AUS",1985-01-03,79.8,"D","Index","Indicative","RBA","Daily","Historical Daily Exchange Rates Of The Australian Dollar Against:","Australian Dollar Trade-weighted Index"
"1159","FXRTWI","Trade-weighted Index May 1970 = 100","AUS","AUS",1985-01-04,80.8,"D","Index","Indicative","RBA","Daily","Historical Daily Exchange Rates Of The Australian Dollar Against:","Australian Dollar Trade-weighted Index"
"1160","FXRTWI","Trade-weighted Index May 1970 = 100","AUS","AUS",1985-01-07,80.3,"D","Index","Indicative","RBA","Daily","Historical Daily Exchange Rates Of The Australian Dollar Against:","Australian Dollar Trade-weighted Index"
"1161","FXRTWI","Trade-weighted Index May 1970 = 100","AUS","AUS",1985-01-08,80.5,"D","Index","Indicative","RBA","Daily","Historical Daily Exchange Rates Of The Australian Dollar Against:","Australian Dollar Trade-weighted Index"
"1162","FXRTWI","Trade-weighted Index May 1970 = 100","AUS","AUS",1985-01-09,80.3,"D","Index","Indicative","RBA","Daily","Historical Daily Exchange Rates Of The Australian Dollar Against:","Australian Dollar Trade-weighted Index"
"1163","FXRTWI","Trade-weighted Index May 1970 = 100","AUS","AUS",1985-01-10,80.8,"D","Index","Indicative","RBA","Daily","Historical Daily Exchange Rates Of The Australian Dollar Against:","Australian Dollar Trade-weighted Index"
"1164","FXRTWI","Trade-weighted Index May 1970 = 100","AUS","AUS",1985-01-11,81.4,"D","Index","Indicative","RBA","Daily","Historical Daily Exchange Rates Of The Australian Dollar Against:","Australian Dollar Trade-weighted Index"
"1165","FXRTWI","Trade-weighted Index May 1970 = 100","AUS","AUS",1985-01-14,81.6,"D","Index","Indicative","RBA","Daily","Historical Daily Exchange Rates Of The Australian Dollar Against:","Australian Dollar Trade-weighted Index"
"1166","FXRTWI","Trade-weighted Index May 1970 = 100","AUS","AUS",1985-01-15,81.2,"D","Index","Indicative","RBA","Daily","Historical Daily Exchange Rates Of The Australian Dollar Against:","Australian Dollar Trade-weighted Index"
"1167","FXRTWI","Trade-weighted Index May 1970 = 100","AUS","AUS",1985-01-16,81.3,"D","Index","Indicative","RBA","Daily","Historical Daily Exchange Rates Of The Australian Dollar Against:","Australian Dollar Trade-weighted Index"
"1168","FXRTWI","Trade-weighted Index May 1970 = 100","AUS","AUS",1985-01-17,81.2,"D","Index","Indicative","RBA","Daily","Historical Daily Exchange Rates Of The Australian Dollar Against:","Australian Dollar Trade-weighted Index"
"1169","FXRTWI","Trade-weighted Index May 1970 = 100","AUS","AUS",1985-01-18,81,"D","Index","Indicative","RBA","Daily","Historical Daily Exchange Rates Of The Australian Dollar Against:","Australian Dollar Trade-weighted Index"
"1170","FXRTWI","Trade-weighted Index May 1970 = 100","AUS","AUS",1985-01-21,80.9,"D","Index","Indicative","RBA","Daily","Historical Daily Exchange Rates Of The Australian Dollar Against:","Australian Dollar Trade-weighted Index"
"1171","FXRTWI","Trade-weighted Index May 1970 = 100","AUS","AUS",1985-01-22,80.5,"D","Index","Indicative","RBA","Daily","Historical Daily Exchange Rates Of The Australian Dollar Against:","Australian Dollar Trade-weighted Index"
"1172","FXRTWI","Trade-weighted Index May 1970 = 100","AUS","AUS",1985-01-23,80.5,"D","Index","Indicative","RBA","Daily","Historical Daily Exchange Rates Of The Australian Dollar Against:","Australian Dollar Trade-weighted Index"
"1173","FXRTWI","Trade-weighted Index May 1970 = 100","AUS","AUS",1985-01-24,80.7,"D","Index","Indicative","RBA","Daily","Historical Daily Exchange Rates Of The Australian Dollar Against:","Australian Dollar Trade-weighted Index"
"1174","FXRTWI","Trade-weighted Index May 1970 = 100","AUS","AUS",1985-01-25,80.6,"D","Index","Indicative","RBA","Daily","Historical Daily Exchange Rates Of The Australian Dollar Against:","Australian Dollar Trade-weighted Index"
"1175","FXRTWI","Trade-weighted Index May 1970 = 100","AUS","AUS",1985-01-29,81,"D","Index","Indicative","RBA","Daily","Historical Daily Exchange Rates Of The Australian Dollar Against:","Australian Dollar Trade-weighted Index"
"1176","FXRTWI","Trade-weighted Index May 1970 = 100","AUS","AUS",1985-01-30,80.9,"D","Index","Indicative","RBA","Daily","Historical Daily Exchange Rates Of The Australian Dollar Against:","Australian Dollar Trade-weighted Index"
"1177","DLCACS","Credit; Total; Seasonally adjusted","AUS","AUS",1985-01-31,126.994,"M","$ billion","Seasonally Adjusted","RBA","Monthly","D2 Lending And Credit Aggregates","Credit; Total; Seasonally adjusted – Includes securitisations – For series breaks see Series Breaks"
"1178","FXRTWI","Trade-weighted Index May 1970 = 100","AUS","AUS",1985-01-31,80.8,"D","Index","Indicative","RBA","Daily","Historical Daily Exchange Rates Of The Australian Dollar Against:","Australian Dollar Trade-weighted Index"
"1179","FXRTWI","Trade-weighted Index May 1970 = 100","AUS","AUS",1985-01-31,80.8,"M","Index","Indicative","RBA","Monthly","F11 Exchange Rates","Australian Dollar Trade-weighted Index"
"1180","GRCPAISDR","Commodity prices – SDR","AUS","AUS",1985-01-31,36.9062942880989,"M","Index, 2023/24=100","Original","RBA","Monthly","I2 Commodity Prices","Index of commodity prices; All items; SDR"
"1181","A2718577A","Credits, Total goods ;","AUS","AUS",1985-02-01,2474,"M","$ Millions","Seasonally Adjusted",NA,"Monthly","TABLE 1. GOODS, Summary: Seasonally adjusted and trend estimates, Current prices",NA
"1182","A2718594C","Balance on goods ;","AUS","AUS",1985-02-01,24,"M","$ Millions","Seasonally Adjusted",NA,"Monthly","TABLE 1. GOODS, Summary: Seasonally adjusted and trend estimates, Current prices",NA
"1183","FXRTWI","Trade-weighted Index May 1970 = 100","AUS","AUS",1985-02-01,80.7,"D","Index","Indicative","RBA","Daily","Historical Daily Exchange Rates Of The Australian Dollar Against:","Australian Dollar Trade-weighted Index"
"1184","FXRTWI","Trade-weighted Index May 1970 = 100","AUS","AUS",1985-02-04,79.3,"D","Index","Indicative","RBA","Daily","Historical Daily Exchange Rates Of The Australian Dollar Against:","Australian Dollar Trade-weighted Index"
"1185","FXRTWI","Trade-weighted Index May 1970 = 100","AUS","AUS",1985-02-05,78.6,"D","Index","Indicative","RBA","Daily","Historical Daily Exchange Rates Of The Australian Dollar Against:","Australian Dollar Trade-weighted Index"
"1186","FXRTWI","Trade-weighted Index May 1970 = 100","AUS","AUS",1985-02-06,78.3,"D","Index","Indicative","RBA","Daily","Historical Daily Exchange Rates Of The Australian Dollar Against:","Australian Dollar Trade-weighted Index"
"1187","FXRTWI","Trade-weighted Index May 1970 = 100","AUS","AUS",1985-02-07,77,"D","Index","Indicative","RBA","Daily","Historical Daily Exchange Rates Of The Australian Dollar Against:","Australian Dollar Trade-weighted Index"
"1188","FXRTWI","Trade-weighted Index May 1970 = 100","AUS","AUS",1985-02-08,77.9,"D","Index","Indicative","RBA","Daily","Historical Daily Exchange Rates Of The Australian Dollar Against:","Australian Dollar Trade-weighted Index"
"1189","FXRTWI","Trade-weighted Index May 1970 = 100","AUS","AUS",1985-02-11,77,"D","Index","Indicative","RBA","Daily","Historical Daily Exchange Rates Of The Australian Dollar Against:","Australian Dollar Trade-weighted Index"
"1190","FXRTWI","Trade-weighted Index May 1970 = 100","AUS","AUS",1985-02-12,75.8,"D","Index","Indicative","RBA","Daily","Historical Daily Exchange Rates Of The Australian Dollar Against:","Australian Dollar Trade-weighted Index"
"1191","FXRTWI","Trade-weighted Index May 1970 = 100","AUS","AUS",1985-02-13,75.1,"D","Index","Indicative","RBA","Daily","Historical Daily Exchange Rates Of The Australian Dollar Against:","Australian Dollar Trade-weighted Index"
"1192","FXRTWI","Trade-weighted Index May 1970 = 100","AUS","AUS",1985-02-14,75.1,"D","Index","Indicative","RBA","Daily","Historical Daily Exchange Rates Of The Australian Dollar Against:","Australian Dollar Trade-weighted Index"
"1193","FXRTWI","Trade-weighted Index May 1970 = 100","AUS","AUS",1985-02-15,74.7,"D","Index","Indicative","RBA","Daily","Historical Daily Exchange Rates Of The Australian Dollar Against:","Australian Dollar Trade-weighted Index"
"1194","FXRTWI","Trade-weighted Index May 1970 = 100","AUS","AUS",1985-02-18,74.6,"D","Index","Indicative","RBA","Daily","Historical Daily Exchange Rates Of The Australian Dollar Against:","Australian Dollar Trade-weighted Index"
"1195","FXRTWI","Trade-weighted Index May 1970 = 100","AUS","AUS",1985-02-19,71.9,"D","Index","Indicative","RBA","Daily","Historical Daily Exchange Rates Of The Australian Dollar Against:","Australian Dollar Trade-weighted Index"
"1196","FXRTWI","Trade-weighted Index May 1970 = 100","AUS","AUS",1985-02-20,69.8,"D","Index","Indicative","RBA","Daily","Historical Daily Exchange Rates Of The Australian Dollar Against:","Australian Dollar Trade-weighted Index"
"1197","FXRTWI","Trade-weighted Index May 1970 = 100","AUS","AUS",1985-02-21,71.6,"D","Index","Indicative","RBA","Daily","Historical Daily Exchange Rates Of The Australian Dollar Against:","Australian Dollar Trade-weighted Index"
"1198","FXRTWI","Trade-weighted Index May 1970 = 100","AUS","AUS",1985-02-22,72.4,"D","Index","Indicative","RBA","Daily","Historical Daily Exchange Rates Of The Australian Dollar Against:","Australian Dollar Trade-weighted Index"
"1199","FXRTWI","Trade-weighted Index May 1970 = 100","AUS","AUS",1985-02-25,71.9,"D","Index","Indicative","RBA","Daily","Historical Daily Exchange Rates Of The Australian Dollar Against:","Australian Dollar Trade-weighted Index"
"1200","FXRTWI","Trade-weighted Index May 1970 = 100","AUS","AUS",1985-02-26,71.7,"D","Index","Indicative","RBA","Daily","Historical Daily Exchange Rates Of The Australian Dollar Against:","Australian Dollar Trade-weighted Index"
"1201","FXRTWI","Trade-weighted Index May 1970 = 100","AUS","AUS",1985-02-27,71.5,"D","Index","Indicative","RBA","Daily","Historical Daily Exchange Rates Of The Australian Dollar Against:","Australian Dollar Trade-weighted Index"
"1202","DLCACS","Credit; Total; Seasonally adjusted","AUS","AUS",1985-02-28,128.73,"M","$ billion","Seasonally Adjusted","RBA","Monthly","D2 Lending And Credit Aggregates","Credit; Total; Seasonally adjusted – Includes securitisations – For series breaks see Series Breaks"
"1203","FXRTWI","Trade-weighted Index May 1970 = 100","AUS","AUS",1985-02-28,72.3,"D","Index","Indicative","RBA","Daily","Historical Daily Exchange Rates Of The Australian Dollar Against:","Australian Dollar Trade-weighted Index"
"1204","FXRTWI","Trade-weighted Index May 1970 = 100","AUS","AUS",1985-02-28,72.3,"M","Index","Indicative","RBA","Monthly","F11 Exchange Rates","Australian Dollar Trade-weighted Index"
"1205","GRCPAISDR","Commodity prices – SDR","AUS","AUS",1985-02-28,36.6881278937416,"M","Index, 2023/24=100","Original","RBA","Monthly","I2 Commodity Prices","Index of commodity prices; All items; SDR"
"1206","A2304418T","Gross domestic product: Current prices ;","AUS","AUS",1985-03-01,59623,"Q","$ Millions","Seasonally Adjusted",NA,"Quarterly","Table 1. Key National Accounts Aggregates",NA
"1207","A2325846C","Index Numbers ; All groups CPI ; Australia ;","AUS","AUS",1985-03-01,37.9,"Q","Index Numbers","Original",NA,"Quarterly","TABLES 1 and 2. CPI: All Groups, Index Numbers and Percentage Changes",NA
"1208","A2718577A","Credits, Total goods ;","AUS","AUS",1985-03-01,2807,"M","$ Millions","Seasonally Adjusted",NA,"Monthly","TABLE 1. GOODS, Summary: Seasonally adjusted and trend estimates, Current prices",NA
"1209","A2718594C","Balance on goods ;","AUS","AUS",1985-03-01,405,"M","$ Millions","Seasonally Adjusted",NA,"Monthly","TABLE 1. GOODS, Summary: Seasonally adjusted and trend estimates, Current prices",NA
"1210","FXRTWI","Trade-weighted Index May 1970 = 100","AUS","AUS",1985-03-01,72,"D","Index","Indicative","RBA","Daily","Historical Daily Exchange Rates Of The Australian Dollar Against:","Australian Dollar Trade-weighted Index"
"1211","FXRTWI","Trade-weighted Index May 1970 = 100","AUS","AUS",1985-03-04,72.2,"D","Index","Indicative","RBA","Daily","Historical Daily Exchange Rates Of The Australian Dollar Against:","Australian Dollar Trade-weighted Index"
"1212","FXRTWI","Trade-weighted Index May 1970 = 100","AUS","AUS",1985-03-05,71,"D","Index","Indicative","RBA","Daily","Historical Daily Exchange Rates Of The Australian Dollar Against:","Australian Dollar Trade-weighted Index"
"1213","FXRTWI","Trade-weighted Index May 1970 = 100","AUS","AUS",1985-03-06,70,"D","Index","Indicative","RBA","Daily","Historical Daily Exchange Rates Of The Australian Dollar Against:","Australian Dollar Trade-weighted Index"
"1214","FXRTWI","Trade-weighted Index May 1970 = 100","AUS","AUS",1985-03-07,70.3,"D","Index","Indicative","RBA","Daily","Historical Daily Exchange Rates Of The Australian Dollar Against:","Australian Dollar Trade-weighted Index"
"1215","FXRTWI","Trade-weighted Index May 1970 = 100","AUS","AUS",1985-03-08,70.5,"D","Index","Indicative","RBA","Daily","Historical Daily Exchange Rates Of The Australian Dollar Against:","Australian Dollar Trade-weighted Index"
"1216","FXRTWI","Trade-weighted Index May 1970 = 100","AUS","AUS",1985-03-11,70.8,"D","Index","Indicative","RBA","Daily","Historical Daily Exchange Rates Of The Australian Dollar Against:","Australian Dollar Trade-weighted Index"
"1217","FXRTWI","Trade-weighted Index May 1970 = 100","AUS","AUS",1985-03-12,71.1,"D","Index","Indicative","RBA","Daily","Historical Daily Exchange Rates Of The Australian Dollar Against:","Australian Dollar Trade-weighted Index"
"1218","FXRTWI","Trade-weighted Index May 1970 = 100","AUS","AUS",1985-03-13,70.8,"D","Index","Indicative","RBA","Daily","Historical Daily Exchange Rates Of The Australian Dollar Against:","Australian Dollar Trade-weighted Index"
"1219","FXRTWI","Trade-weighted Index May 1970 = 100","AUS","AUS",1985-03-14,70.2,"D","Index","Indicative","RBA","Daily","Historical Daily Exchange Rates Of The Australian Dollar Against:","Australian Dollar Trade-weighted Index"
"1220","FXRTWI","Trade-weighted Index May 1970 = 100","AUS","AUS",1985-03-15,69.9,"D","Index","Indicative","RBA","Daily","Historical Daily Exchange Rates Of The Australian Dollar Against:","Australian Dollar Trade-weighted Index"
"1221","FXRTWI","Trade-weighted Index May 1970 = 100","AUS","AUS",1985-03-18,70.1,"D","Index","Indicative","RBA","Daily","Historical Daily Exchange Rates Of The Australian Dollar Against:","Australian Dollar Trade-weighted Index"
"1222","FXRTWI","Trade-weighted Index May 1970 = 100","AUS","AUS",1985-03-19,70.2,"D","Index","Indicative","RBA","Daily","Historical Daily Exchange Rates Of The Australian Dollar Against:","Australian Dollar Trade-weighted Index"
"1223","FXRTWI","Trade-weighted Index May 1970 = 100","AUS","AUS",1985-03-20,70.6,"D","Index","Indicative","RBA","Daily","Historical Daily Exchange Rates Of The Australian Dollar Against:","Australian Dollar Trade-weighted Index"
"1224","FXRTWI","Trade-weighted Index May 1970 = 100","AUS","AUS",1985-03-21,69.6,"D","Index","Indicative","RBA","Daily","Historical Daily Exchange Rates Of The Australian Dollar Against:","Australian Dollar Trade-weighted Index"
"1225","FXRTWI","Trade-weighted Index May 1970 = 100","AUS","AUS",1985-03-22,69.8,"D","Index","Indicative","RBA","Daily","Historical Daily Exchange Rates Of The Australian Dollar Against:","Australian Dollar Trade-weighted Index"
"1226","FXRTWI","Trade-weighted Index May 1970 = 100","AUS","AUS",1985-03-25,69.7,"D","Index","Indicative","RBA","Daily","Historical Daily Exchange Rates Of The Australian Dollar Against:","Australian Dollar Trade-weighted Index"
"1227","FXRTWI","Trade-weighted Index May 1970 = 100","AUS","AUS",1985-03-26,69.7,"D","Index","Indicative","RBA","Daily","Historical Daily Exchange Rates Of The Australian Dollar Against:","Australian Dollar Trade-weighted Index"
"1228","FXRTWI","Trade-weighted Index May 1970 = 100","AUS","AUS",1985-03-27,69.8,"D","Index","Indicative","RBA","Daily","Historical Daily Exchange Rates Of The Australian Dollar Against:","Australian Dollar Trade-weighted Index"
"1229","FXRTWI","Trade-weighted Index May 1970 = 100","AUS","AUS",1985-03-28,69.9,"D","Index","Indicative","RBA","Daily","Historical Daily Exchange Rates Of The Australian Dollar Against:","Australian Dollar Trade-weighted Index"
"1230","FXRTWI","Trade-weighted Index May 1970 = 100","AUS","AUS",1985-03-29,69.2,"D","Index","Indicative","RBA","Daily","Historical Daily Exchange Rates Of The Australian Dollar Against:","Australian Dollar Trade-weighted Index"
"1231","DLCACS","Credit; Total; Seasonally adjusted","AUS","AUS",1985-03-31,130.732,"M","$ billion","Seasonally Adjusted","RBA","Monthly","D2 Lending And Credit Aggregates","Credit; Total; Seasonally adjusted – Includes securitisations – For series breaks see Series Breaks"
"1232","FXRTWI","Trade-weighted Index May 1970 = 100","AUS","AUS",1985-03-31,69.2,"M","Index","Indicative","RBA","Monthly","F11 Exchange Rates","Australian Dollar Trade-weighted Index"
"1233","GCPIOCPMTMQP","Quarterly trimmed mean inflation","AUS","AUS",1985-03-31,1.7,"Q","Per cent","Seasonally Adjusted","ABS","Quarterly","G1 Consumer Price Inflation","Consumer price index; Trimmed mean; Quarterly change (in per cent)"
"1234","GRCPAISDR","Commodity prices – SDR","AUS","AUS",1985-03-31,36.6308474990527,"M","Index, 2023/24=100","Original","RBA","Monthly","I2 Commodity Prices","Index of commodity prices; All items; SDR"
"1235","A2718577A","Credits, Total goods ;","AUS","AUS",1985-04-01,2730,"M","$ Millions","Seasonally Adjusted",NA,"Monthly","TABLE 1. GOODS, Summary: Seasonally adjusted and trend estimates, Current prices",NA
"1236","A2718594C","Balance on goods ;","AUS","AUS",1985-04-01,15,"M","$ Millions","Seasonally Adjusted",NA,"Monthly","TABLE 1. GOODS, Summary: Seasonally adjusted and trend estimates, Current prices",NA
"1237","FXRTWI","Trade-weighted Index May 1970 = 100","AUS","AUS",1985-04-01,68.7,"D","Index","Indicative","RBA","Daily","Historical Daily Exchange Rates Of The Australian Dollar Against:","Australian Dollar Trade-weighted Index"
"1238","FXRTWI","Trade-weighted Index May 1970 = 100","AUS","AUS",1985-04-02,66.4,"D","Index","Indicative","RBA","Daily","Historical Daily Exchange Rates Of The Australian Dollar Against:","Australian Dollar Trade-weighted Index"
"1239","FXRTWI","Trade-weighted Index May 1970 = 100","AUS","AUS",1985-04-03,65.7,"D","Index","Indicative","RBA","Daily","Historical Daily Exchange Rates Of The Australian Dollar Against:","Australian Dollar Trade-weighted Index"
"1240","FXRTWI","Trade-weighted Index May 1970 = 100","AUS","AUS",1985-04-04,65,"D","Index","Indicative","RBA","Daily","Historical Daily Exchange Rates Of The Australian Dollar Against:","Australian Dollar Trade-weighted Index"
"1241","FXRTWI","Trade-weighted Index May 1970 = 100","AUS","AUS",1985-04-09,66.1,"D","Index","Indicative","RBA","Daily","Historical Daily Exchange Rates Of The Australian Dollar Against:","Australian Dollar Trade-weighted Index"
"1242","FXRTWI","Trade-weighted Index May 1970 = 100","AUS","AUS",1985-04-10,65.9,"D","Index","Indicative","RBA","Daily","Historical Daily Exchange Rates Of The Australian Dollar Against:","Australian Dollar Trade-weighted Index"
"1243","FXRTWI","Trade-weighted Index May 1970 = 100","AUS","AUS",1985-04-11,66.2,"D","Index","Indicative","RBA","Daily","Historical Daily Exchange Rates Of The Australian Dollar Against:","Australian Dollar Trade-weighted Index"
"1244","FXRTWI","Trade-weighted Index May 1970 = 100","AUS","AUS",1985-04-12,65.8,"D","Index","Indicative","RBA","Daily","Historical Daily Exchange Rates Of The Australian Dollar Against:","Australian Dollar Trade-weighted Index"
"1245","FXRTWI","Trade-weighted Index May 1970 = 100","AUS","AUS",1985-04-15,65.3,"D","Index","Indicative","RBA","Daily","Historical Daily Exchange Rates Of The Australian Dollar Against:","Australian Dollar Trade-weighted Index"
"1246","FXRTWI","Trade-weighted Index May 1970 = 100","AUS","AUS",1985-04-16,65.5,"D","Index","Indicative","RBA","Daily","Historical Daily Exchange Rates Of The Australian Dollar Against:","Australian Dollar Trade-weighted Index"
"1247","FXRTWI","Trade-weighted Index May 1970 = 100","AUS","AUS",1985-04-17,64.7,"D","Index","Indicative","RBA","Daily","Historical Daily Exchange Rates Of The Australian Dollar Against:","Australian Dollar Trade-weighted Index"
"1248","FXRTWI","Trade-weighted Index May 1970 = 100","AUS","AUS",1985-04-18,62.6,"D","Index","Indicative","RBA","Daily","Historical Daily Exchange Rates Of The Australian Dollar Against:","Australian Dollar Trade-weighted Index"
"1249","FXRTWI","Trade-weighted Index May 1970 = 100","AUS","AUS",1985-04-19,62.1,"D","Index","Indicative","RBA","Daily","Historical Daily Exchange Rates Of The Australian Dollar Against:","Australian Dollar Trade-weighted Index"
"1250","FXRTWI","Trade-weighted Index May 1970 = 100","AUS","AUS",1985-04-22,61.4,"D","Index","Indicative","RBA","Daily","Historical Daily Exchange Rates Of The Australian Dollar Against:","Australian Dollar Trade-weighted Index"
"1251","FXRTWI","Trade-weighted Index May 1970 = 100","AUS","AUS",1985-04-23,62.3,"D","Index","Indicative","RBA","Daily","Historical Daily Exchange Rates Of The Australian Dollar Against:","Australian Dollar Trade-weighted Index"
"1252","FXRTWI","Trade-weighted Index May 1970 = 100","AUS","AUS",1985-04-24,64.5,"D","Index","Indicative","RBA","Daily","Historical Daily Exchange Rates Of The Australian Dollar Against:","Australian Dollar Trade-weighted Index"
"1253","FXRTWI","Trade-weighted Index May 1970 = 100","AUS","AUS",1985-04-26,64.8,"D","Index","Indicative","RBA","Daily","Historical Daily Exchange Rates Of The Australian Dollar Against:","Australian Dollar Trade-weighted Index"
"1254","FXRTWI","Trade-weighted Index May 1970 = 100","AUS","AUS",1985-04-29,65.2,"D","Index","Indicative","RBA","Daily","Historical Daily Exchange Rates Of The Australian Dollar Against:","Australian Dollar Trade-weighted Index"
"1255","DLCACS","Credit; Total; Seasonally adjusted","AUS","AUS",1985-04-30,132.436,"M","$ billion","Seasonally Adjusted","RBA","Monthly","D2 Lending And Credit Aggregates","Credit; Total; Seasonally adjusted – Includes securitisations – For series breaks see Series Breaks"
"1256","FXRTWI","Trade-weighted Index May 1970 = 100","AUS","AUS",1985-04-30,64.2,"D","Index","Indicative","RBA","Daily","Historical Daily Exchange Rates Of The Australian Dollar Against:","Australian Dollar Trade-weighted Index"
"1257","FXRTWI","Trade-weighted Index May 1970 = 100","AUS","AUS",1985-04-30,64.2,"M","Index","Indicative","RBA","Monthly","F11 Exchange Rates","Australian Dollar Trade-weighted Index"
"1258","GRCPAISDR","Commodity prices – SDR","AUS","AUS",1985-04-30,35.2062346648556,"M","Index, 2023/24=100","Original","RBA","Monthly","I2 Commodity Prices","Index of commodity prices; All items; SDR"
"1259","A2718577A","Credits, Total goods ;","AUS","AUS",1985-05-01,2909,"M","$ Millions","Seasonally Adjusted",NA,"Monthly","TABLE 1. GOODS, Summary: Seasonally adjusted and trend estimates, Current prices",NA
"1260","A2718594C","Balance on goods ;","AUS","AUS",1985-05-01,46,"M","$ Millions","Seasonally Adjusted",NA,"Monthly","TABLE 1. GOODS, Summary: Seasonally adjusted and trend estimates, Current prices",NA
"1261","FXRTWI","Trade-weighted Index May 1970 = 100","AUS","AUS",1985-05-01,64.3,"D","Index","Indicative","RBA","Daily","Historical Daily Exchange Rates Of The Australian Dollar Against:","Australian Dollar Trade-weighted Index"
"1262","FXRTWI","Trade-weighted Index May 1970 = 100","AUS","AUS",1985-05-02,64.4,"D","Index","Indicative","RBA","Daily","Historical Daily Exchange Rates Of The Australian Dollar Against:","Australian Dollar Trade-weighted Index"
"1263","FXRTWI","Trade-weighted Index May 1970 = 100","AUS","AUS",1985-05-03,65.6,"D","Index","Indicative","RBA","Daily","Historical Daily Exchange Rates Of The Australian Dollar Against:","Australian Dollar Trade-weighted Index"
"1264","FXRTWI","Trade-weighted Index May 1970 = 100","AUS","AUS",1985-05-06,66.5,"D","Index","Indicative","RBA","Daily","Historical Daily Exchange Rates Of The Australian Dollar Against:","Australian Dollar Trade-weighted Index"
"1265","FXRTWI","Trade-weighted Index May 1970 = 100","AUS","AUS",1985-05-07,66.2,"D","Index","Indicative","RBA","Daily","Historical Daily Exchange Rates Of The Australian Dollar Against:","Australian Dollar Trade-weighted Index"
"1266","FXRTWI","Trade-weighted Index May 1970 = 100","AUS","AUS",1985-05-08,67.8,"D","Index","Indicative","RBA","Daily","Historical Daily Exchange Rates Of The Australian Dollar Against:","Australian Dollar Trade-weighted Index"
"1267","FXRTWI","Trade-weighted Index May 1970 = 100","AUS","AUS",1985-05-09,68.5,"D","Index","Indicative","RBA","Daily","Historical Daily Exchange Rates Of The Australian Dollar Against:","Australian Dollar Trade-weighted Index"
"1268","FXRTWI","Trade-weighted Index May 1970 = 100","AUS","AUS",1985-05-10,68.2,"D","Index","Indicative","RBA","Daily","Historical Daily Exchange Rates Of The Australian Dollar Against:","Australian Dollar Trade-weighted Index"
"1269","FXRTWI","Trade-weighted Index May 1970 = 100","AUS","AUS",1985-05-13,68.5,"D","Index","Indicative","RBA","Daily","Historical Daily Exchange Rates Of The Australian Dollar Against:","Australian Dollar Trade-weighted Index"
"1270","FXRTWI","Trade-weighted Index May 1970 = 100","AUS","AUS",1985-05-14,69,"D","Index","Indicative","RBA","Daily","Historical Daily Exchange Rates Of The Australian Dollar Against:","Australian Dollar Trade-weighted Index"
"1271","FXRTWI","Trade-weighted Index May 1970 = 100","AUS","AUS",1985-05-15,68,"D","Index","Indicative","RBA","Daily","Historical Daily Exchange Rates Of The Australian Dollar Against:","Australian Dollar Trade-weighted Index"
"1272","FXRTWI","Trade-weighted Index May 1970 = 100","AUS","AUS",1985-05-16,67,"D","Index","Indicative","RBA","Daily","Historical Daily Exchange Rates Of The Australian Dollar Against:","Australian Dollar Trade-weighted Index"
"1273","FXRTWI","Trade-weighted Index May 1970 = 100","AUS","AUS",1985-05-17,67.1,"D","Index","Indicative","RBA","Daily","Historical Daily Exchange Rates Of The Australian Dollar Against:","Australian Dollar Trade-weighted Index"
"1274","FXRTWI","Trade-weighted Index May 1970 = 100","AUS","AUS",1985-05-20,67.8,"D","Index","Indicative","RBA","Daily","Historical Daily Exchange Rates Of The Australian Dollar Against:","Australian Dollar Trade-weighted Index"
"1275","FXRTWI","Trade-weighted Index May 1970 = 100","AUS","AUS",1985-05-21,67.9,"D","Index","Indicative","RBA","Daily","Historical Daily Exchange Rates Of The Australian Dollar Against:","Australian Dollar Trade-weighted Index"
"1276","FXRTWI","Trade-weighted Index May 1970 = 100","AUS","AUS",1985-05-22,68,"D","Index","Indicative","RBA","Daily","Historical Daily Exchange Rates Of The Australian Dollar Against:","Australian Dollar Trade-weighted Index"
"1277","FXRTWI","Trade-weighted Index May 1970 = 100","AUS","AUS",1985-05-23,67.1,"D","Index","Indicative","RBA","Daily","Historical Daily Exchange Rates Of The Australian Dollar Against:","Australian Dollar Trade-weighted Index"
"1278","FXRTWI","Trade-weighted Index May 1970 = 100","AUS","AUS",1985-05-24,66.9,"D","Index","Indicative","RBA","Daily","Historical Daily Exchange Rates Of The Australian Dollar Against:","Australian Dollar Trade-weighted Index"
"1279","FXRTWI","Trade-weighted Index May 1970 = 100","AUS","AUS",1985-05-27,65.6,"D","Index","Indicative","RBA","Daily","Historical Daily Exchange Rates Of The Australian Dollar Against:","Australian Dollar Trade-weighted Index"
"1280","FXRTWI","Trade-weighted Index May 1970 = 100","AUS","AUS",1985-05-28,64.7,"D","Index","Indicative","RBA","Daily","Historical Daily Exchange Rates Of The Australian Dollar Against:","Australian Dollar Trade-weighted Index"
"1281","FXRTWI","Trade-weighted Index May 1970 = 100","AUS","AUS",1985-05-29,65,"D","Index","Indicative","RBA","Daily","Historical Daily Exchange Rates Of The Australian Dollar Against:","Australian Dollar Trade-weighted Index"
"1282","FXRTWI","Trade-weighted Index May 1970 = 100","AUS","AUS",1985-05-30,65.4,"D","Index","Indicative","RBA","Daily","Historical Daily Exchange Rates Of The Australian Dollar Against:","Australian Dollar Trade-weighted Index"
"1283","DLCACS","Credit; Total; Seasonally adjusted","AUS","AUS",1985-05-31,135.039,"M","$ billion","Seasonally Adjusted","RBA","Monthly","D2 Lending And Credit Aggregates","Credit; Total; Seasonally adjusted – Includes securitisations – For series breaks see Series Breaks"
"1284","FXRTWI","Trade-weighted Index May 1970 = 100","AUS","AUS",1985-05-31,64.8,"D","Index","Indicative","RBA","Daily","Historical Daily Exchange Rates Of The Australian Dollar Against:","Australian Dollar Trade-weighted Index"
"1285","FXRTWI","Trade-weighted Index May 1970 = 100","AUS","AUS",1985-05-31,64.8,"M","Index","Indicative","RBA","Monthly","F11 Exchange Rates","Australian Dollar Trade-weighted Index"
"1286","GRCPAISDR","Commodity prices – SDR","AUS","AUS",1985-05-31,35.3285941521346,"M","Index, 2023/24=100","Original","RBA","Monthly","I2 Commodity Prices","Index of commodity prices; All items; SDR"
"1287","A2304418T","Gross domestic product: Current prices ;","AUS","AUS",1985-06-01,61954,"Q","$ Millions","Seasonally Adjusted",NA,"Quarterly","Table 1. Key National Accounts Aggregates",NA
"1288","A2325846C","Index Numbers ; All groups CPI ; Australia ;","AUS","AUS",1985-06-01,38.8,"Q","Index Numbers","Original",NA,"Quarterly","TABLES 1 and 2. CPI: All Groups, Index Numbers and Percentage Changes",NA
"1289","A2718577A","Credits, Total goods ;","AUS","AUS",1985-06-01,2852,"M","$ Millions","Seasonally Adjusted",NA,"Monthly","TABLE 1. GOODS, Summary: Seasonally adjusted and trend estimates, Current prices",NA
"1290","A2718594C","Balance on goods ;","AUS","AUS",1985-06-01,-92,"M","$ Millions","Seasonally Adjusted",NA,"Monthly","TABLE 1. GOODS, Summary: Seasonally adjusted and trend estimates, Current prices",NA
"1291","FXRTWI","Trade-weighted Index May 1970 = 100","AUS","AUS",1985-06-03,64.9,"D","Index","Indicative","RBA","Daily","Historical Daily Exchange Rates Of The Australian Dollar Against:","Australian Dollar Trade-weighted Index"
"1292","FXRTWI","Trade-weighted Index May 1970 = 100","AUS","AUS",1985-06-04,64.9,"D","Index","Indicative","RBA","Daily","Historical Daily Exchange Rates Of The Australian Dollar Against:","Australian Dollar Trade-weighted Index"
"1293","FXRTWI","Trade-weighted Index May 1970 = 100","AUS","AUS",1985-06-05,64.5,"D","Index","Indicative","RBA","Daily","Historical Daily Exchange Rates Of The Australian Dollar Against:","Australian Dollar Trade-weighted Index"
"1294","FXRTWI","Trade-weighted Index May 1970 = 100","AUS","AUS",1985-06-06,64.8,"D","Index","Indicative","RBA","Daily","Historical Daily Exchange Rates Of The Australian Dollar Against:","Australian Dollar Trade-weighted Index"
"1295","FXRTWI","Trade-weighted Index May 1970 = 100","AUS","AUS",1985-06-07,65,"D","Index","Indicative","RBA","Daily","Historical Daily Exchange Rates Of The Australian Dollar Against:","Australian Dollar Trade-weighted Index"
"1296","FXRTWI","Trade-weighted Index May 1970 = 100","AUS","AUS",1985-06-11,65.1,"D","Index","Indicative","RBA","Daily","Historical Daily Exchange Rates Of The Australian Dollar Against:","Australian Dollar Trade-weighted Index"
"1297","FXRTWI","Trade-weighted Index May 1970 = 100","AUS","AUS",1985-06-12,65.8,"D","Index","Indicative","RBA","Daily","Historical Daily Exchange Rates Of The Australian Dollar Against:","Australian Dollar Trade-weighted Index"
"1298","FXRTWI","Trade-weighted Index May 1970 = 100","AUS","AUS",1985-06-13,65.3,"D","Index","Indicative","RBA","Daily","Historical Daily Exchange Rates Of The Australian Dollar Against:","Australian Dollar Trade-weighted Index"
"1299","FXRTWI","Trade-weighted Index May 1970 = 100","AUS","AUS",1985-06-14,65.3,"D","Index","Indicative","RBA","Daily","Historical Daily Exchange Rates Of The Australian Dollar Against:","Australian Dollar Trade-weighted Index"
"1300","FXRTWI","Trade-weighted Index May 1970 = 100","AUS","AUS",1985-06-17,64.8,"D","Index","Indicative","RBA","Daily","Historical Daily Exchange Rates Of The Australian Dollar Against:","Australian Dollar Trade-weighted Index"
"1301","FXRTWI","Trade-weighted Index May 1970 = 100","AUS","AUS",1985-06-18,64.6,"D","Index","Indicative","RBA","Daily","Historical Daily Exchange Rates Of The Australian Dollar Against:","Australian Dollar Trade-weighted Index"
"1302","FXRTWI","Trade-weighted Index May 1970 = 100","AUS","AUS",1985-06-19,65.1,"D","Index","Indicative","RBA","Daily","Historical Daily Exchange Rates Of The Australian Dollar Against:","Australian Dollar Trade-weighted Index"
"1303","FXRTWI","Trade-weighted Index May 1970 = 100","AUS","AUS",1985-06-20,64.9,"D","Index","Indicative","RBA","Daily","Historical Daily Exchange Rates Of The Australian Dollar Against:","Australian Dollar Trade-weighted Index"
"1304","FXRTWI","Trade-weighted Index May 1970 = 100","AUS","AUS",1985-06-21,65.3,"D","Index","Indicative","RBA","Daily","Historical Daily Exchange Rates Of The Australian Dollar Against:","Australian Dollar Trade-weighted Index"
"1305","FXRTWI","Trade-weighted Index May 1970 = 100","AUS","AUS",1985-06-24,65,"D","Index","Indicative","RBA","Daily","Historical Daily Exchange Rates Of The Australian Dollar Against:","Australian Dollar Trade-weighted Index"
"1306","FXRTWI","Trade-weighted Index May 1970 = 100","AUS","AUS",1985-06-25,65,"D","Index","Indicative","RBA","Daily","Historical Daily Exchange Rates Of The Australian Dollar Against:","Australian Dollar Trade-weighted Index"
"1307","FXRTWI","Trade-weighted Index May 1970 = 100","AUS","AUS",1985-06-26,65.4,"D","Index","Indicative","RBA","Daily","Historical Daily Exchange Rates Of The Australian Dollar Against:","Australian Dollar Trade-weighted Index"
"1308","FXRTWI","Trade-weighted Index May 1970 = 100","AUS","AUS",1985-06-27,65.3,"D","Index","Indicative","RBA","Daily","Historical Daily Exchange Rates Of The Australian Dollar Against:","Australian Dollar Trade-weighted Index"
"1309","FXRTWI","Trade-weighted Index May 1970 = 100","AUS","AUS",1985-06-28,65,"D","Index","Indicative","RBA","Daily","Historical Daily Exchange Rates Of The Australian Dollar Against:","Australian Dollar Trade-weighted Index"
"1310","DLCACS","Credit; Total; Seasonally adjusted","AUS","AUS",1985-06-30,137.615,"M","$ billion","Seasonally Adjusted","RBA","Monthly","D2 Lending And Credit Aggregates","Credit; Total; Seasonally adjusted – Includes securitisations – For series breaks see Series Breaks"
"1311","FXRTWI","Trade-weighted Index May 1970 = 100","AUS","AUS",1985-06-30,65,"M","Index","Indicative","RBA","Monthly","F11 Exchange Rates","Australian Dollar Trade-weighted Index"
"1312","GCPIOCPMTMQP","Quarterly trimmed mean inflation","AUS","AUS",1985-06-30,2.1,"Q","Per cent","Seasonally Adjusted","ABS","Quarterly","G1 Consumer Price Inflation","Consumer price index; Trimmed mean; Quarterly change (in per cent)"
"1313","GRCPAISDR","Commodity prices – SDR","AUS","AUS",1985-06-30,34.2487833066338,"M","Index, 2023/24=100","Original","RBA","Monthly","I2 Commodity Prices","Index of commodity prices; All items; SDR"
"1314","A2718577A","Credits, Total goods ;","AUS","AUS",1985-07-01,2910,"M","$ Millions","Seasonally Adjusted",NA,"Monthly","TABLE 1. GOODS, Summary: Seasonally adjusted and trend estimates, Current prices",NA
"1315","A2718594C","Balance on goods ;","AUS","AUS",1985-07-01,-121,"M","$ Millions","Seasonally Adjusted",NA,"Monthly","TABLE 1. GOODS, Summary: Seasonally adjusted and trend estimates, Current prices",NA
"1316","FXRTWI","Trade-weighted Index May 1970 = 100","AUS","AUS",1985-07-01,65,"D","Index","Indicative","RBA","Daily","Historical Daily Exchange Rates Of The Australian Dollar Against:","Australian Dollar Trade-weighted Index"
"1317","FXRTWI","Trade-weighted Index May 1970 = 100","AUS","AUS",1985-07-02,65,"D","Index","Indicative","RBA","Daily","Historical Daily Exchange Rates Of The Australian Dollar Against:","Australian Dollar Trade-weighted Index"
"1318","FXRTWI","Trade-weighted Index May 1970 = 100","AUS","AUS",1985-07-03,65,"D","Index","Indicative","RBA","Daily","Historical Daily Exchange Rates Of The Australian Dollar Against:","Australian Dollar Trade-weighted Index"
"1319","FXRTWI","Trade-weighted Index May 1970 = 100","AUS","AUS",1985-07-04,65.1,"D","Index","Indicative","RBA","Daily","Historical Daily Exchange Rates Of The Australian Dollar Against:","Australian Dollar Trade-weighted Index"
"1320","FXRTWI","Trade-weighted Index May 1970 = 100","AUS","AUS",1985-07-05,65.5,"D","Index","Indicative","RBA","Daily","Historical Daily Exchange Rates Of The Australian Dollar Against:","Australian Dollar Trade-weighted Index"
"1321","FXRTWI","Trade-weighted Index May 1970 = 100","AUS","AUS",1985-07-08,65.7,"D","Index","Indicative","RBA","Daily","Historical Daily Exchange Rates Of The Australian Dollar Against:","Australian Dollar Trade-weighted Index"
"1322","FXRTWI","Trade-weighted Index May 1970 = 100","AUS","AUS",1985-07-09,65.9,"D","Index","Indicative","RBA","Daily","Historical Daily Exchange Rates Of The Australian Dollar Against:","Australian Dollar Trade-weighted Index"
"1323","FXRTWI","Trade-weighted Index May 1970 = 100","AUS","AUS",1985-07-10,65.9,"D","Index","Indicative","RBA","Daily","Historical Daily Exchange Rates Of The Australian Dollar Against:","Australian Dollar Trade-weighted Index"
"1324","FXRTWI","Trade-weighted Index May 1970 = 100","AUS","AUS",1985-07-11,66.7,"D","Index","Indicative","RBA","Daily","Historical Daily Exchange Rates Of The Australian Dollar Against:","Australian Dollar Trade-weighted Index"
"1325","FXRTWI","Trade-weighted Index May 1970 = 100","AUS","AUS",1985-07-12,66.9,"D","Index","Indicative","RBA","Daily","Historical Daily Exchange Rates Of The Australian Dollar Against:","Australian Dollar Trade-weighted Index"
"1326","FXRTWI","Trade-weighted Index May 1970 = 100","AUS","AUS",1985-07-15,67.1,"D","Index","Indicative","RBA","Daily","Historical Daily Exchange Rates Of The Australian Dollar Against:","Australian Dollar Trade-weighted Index"
"1327","FXRTWI","Trade-weighted Index May 1970 = 100","AUS","AUS",1985-07-16,67.2,"D","Index","Indicative","RBA","Daily","Historical Daily Exchange Rates Of The Australian Dollar Against:","Australian Dollar Trade-weighted Index"
"1328","FXRTWI","Trade-weighted Index May 1970 = 100","AUS","AUS",1985-07-17,67,"D","Index","Indicative","RBA","Daily","Historical Daily Exchange Rates Of The Australian Dollar Against:","Australian Dollar Trade-weighted Index"
"1329","FXRTWI","Trade-weighted Index May 1970 = 100","AUS","AUS",1985-07-18,67.6,"D","Index","Indicative","RBA","Daily","Historical Daily Exchange Rates Of The Australian Dollar Against:","Australian Dollar Trade-weighted Index"
"1330","FXRTWI","Trade-weighted Index May 1970 = 100","AUS","AUS",1985-07-19,67.6,"D","Index","Indicative","RBA","Daily","Historical Daily Exchange Rates Of The Australian Dollar Against:","Australian Dollar Trade-weighted Index"
"1331","FXRTWI","Trade-weighted Index May 1970 = 100","AUS","AUS",1985-07-22,67.8,"D","Index","Indicative","RBA","Daily","Historical Daily Exchange Rates Of The Australian Dollar Against:","Australian Dollar Trade-weighted Index"
"1332","FXRTWI","Trade-weighted Index May 1970 = 100","AUS","AUS",1985-07-23,67.8,"D","Index","Indicative","RBA","Daily","Historical Daily Exchange Rates Of The Australian Dollar Against:","Australian Dollar Trade-weighted Index"
"1333","FXRTWI","Trade-weighted Index May 1970 = 100","AUS","AUS",1985-07-24,67.6,"D","Index","Indicative","RBA","Daily","Historical Daily Exchange Rates Of The Australian Dollar Against:","Australian Dollar Trade-weighted Index"
"1334","FXRTWI","Trade-weighted Index May 1970 = 100","AUS","AUS",1985-07-25,66.9,"D","Index","Indicative","RBA","Daily","Historical Daily Exchange Rates Of The Australian Dollar Against:","Australian Dollar Trade-weighted Index"
"1335","FXRTWI","Trade-weighted Index May 1970 = 100","AUS","AUS",1985-07-26,67,"D","Index","Indicative","RBA","Daily","Historical Daily Exchange Rates Of The Australian Dollar Against:","Australian Dollar Trade-weighted Index"
"1336","FXRTWI","Trade-weighted Index May 1970 = 100","AUS","AUS",1985-07-29,67.6,"D","Index","Indicative","RBA","Daily","Historical Daily Exchange Rates Of The Australian Dollar Against:","Australian Dollar Trade-weighted Index"
"1337","FXRTWI","Trade-weighted Index May 1970 = 100","AUS","AUS",1985-07-30,67.8,"D","Index","Indicative","RBA","Daily","Historical Daily Exchange Rates Of The Australian Dollar Against:","Australian Dollar Trade-weighted Index"
"1338","DLCACS","Credit; Total; Seasonally adjusted","AUS","AUS",1985-07-31,140.377,"M","$ billion","Seasonally Adjusted","RBA","Monthly","D2 Lending And Credit Aggregates","Credit; Total; Seasonally adjusted – Includes securitisations – For series breaks see Series Breaks"
"1339","FXRTWI","Trade-weighted Index May 1970 = 100","AUS","AUS",1985-07-31,68.5,"D","Index","Indicative","RBA","Daily","Historical Daily Exchange Rates Of The Australian Dollar Against:","Australian Dollar Trade-weighted Index"
"1340","FXRTWI","Trade-weighted Index May 1970 = 100","AUS","AUS",1985-07-31,68.5,"M","Index","Indicative","RBA","Monthly","F11 Exchange Rates","Australian Dollar Trade-weighted Index"
"1341","GRCPAISDR","Commodity prices – SDR","AUS","AUS",1985-07-31,33.7975593106079,"M","Index, 2023/24=100","Original","RBA","Monthly","I2 Commodity Prices","Index of commodity prices; All items; SDR"
"1342","A2718577A","Credits, Total goods ;","AUS","AUS",1985-08-01,2790,"M","$ Millions","Seasonally Adjusted",NA,"Monthly","TABLE 1. GOODS, Summary: Seasonally adjusted and trend estimates, Current prices",NA
"1343","A2718594C","Balance on goods ;","AUS","AUS",1985-08-01,-207,"M","$ Millions","Seasonally Adjusted",NA,"Monthly","TABLE 1. GOODS, Summary: Seasonally adjusted and trend estimates, Current prices",NA
"1344","FXRTWI","Trade-weighted Index May 1970 = 100","AUS","AUS",1985-08-01,68.2,"D","Index","Indicative","RBA","Daily","Historical Daily Exchange Rates Of The Australian Dollar Against:","Australian Dollar Trade-weighted Index"
"1345","FXRTWI","Trade-weighted Index May 1970 = 100","AUS","AUS",1985-08-02,67.5,"D","Index","Indicative","RBA","Daily","Historical Daily Exchange Rates Of The Australian Dollar Against:","Australian Dollar Trade-weighted Index"
"1346","FXRTWI","Trade-weighted Index May 1970 = 100","AUS","AUS",1985-08-05,67.8,"D","Index","Indicative","RBA","Daily","Historical Daily Exchange Rates Of The Australian Dollar Against:","Australian Dollar Trade-weighted Index"
"1347","FXRTWI","Trade-weighted Index May 1970 = 100","AUS","AUS",1985-08-06,67.5,"D","Index","Indicative","RBA","Daily","Historical Daily Exchange Rates Of The Australian Dollar Against:","Australian Dollar Trade-weighted Index"
"1348","FXRTWI","Trade-weighted Index May 1970 = 100","AUS","AUS",1985-08-07,66.7,"D","Index","Indicative","RBA","Daily","Historical Daily Exchange Rates Of The Australian Dollar Against:","Australian Dollar Trade-weighted Index"
"1349","FXRTWI","Trade-weighted Index May 1970 = 100","AUS","AUS",1985-08-08,66.9,"D","Index","Indicative","RBA","Daily","Historical Daily Exchange Rates Of The Australian Dollar Against:","Australian Dollar Trade-weighted Index"
"1350","FXRTWI","Trade-weighted Index May 1970 = 100","AUS","AUS",1985-08-09,66.9,"D","Index","Indicative","RBA","Daily","Historical Daily Exchange Rates Of The Australian Dollar Against:","Australian Dollar Trade-weighted Index"
"1351","FXRTWI","Trade-weighted Index May 1970 = 100","AUS","AUS",1985-08-12,67.5,"D","Index","Indicative","RBA","Daily","Historical Daily Exchange Rates Of The Australian Dollar Against:","Australian Dollar Trade-weighted Index"
"1352","FXRTWI","Trade-weighted Index May 1970 = 100","AUS","AUS",1985-08-13,67,"D","Index","Indicative","RBA","Daily","Historical Daily Exchange Rates Of The Australian Dollar Against:","Australian Dollar Trade-weighted Index"
"1353","FXRTWI","Trade-weighted Index May 1970 = 100","AUS","AUS",1985-08-14,66.7,"D","Index","Indicative","RBA","Daily","Historical Daily Exchange Rates Of The Australian Dollar Against:","Australian Dollar Trade-weighted Index"
"1354","FXRTWI","Trade-weighted Index May 1970 = 100","AUS","AUS",1985-08-15,66.5,"D","Index","Indicative","RBA","Daily","Historical Daily Exchange Rates Of The Australian Dollar Against:","Australian Dollar Trade-weighted Index"
"1355","FXRTWI","Trade-weighted Index May 1970 = 100","AUS","AUS",1985-08-16,65.9,"D","Index","Indicative","RBA","Daily","Historical Daily Exchange Rates Of The Australian Dollar Against:","Australian Dollar Trade-weighted Index"
"1356","FXRTWI","Trade-weighted Index May 1970 = 100","AUS","AUS",1985-08-19,66.3,"D","Index","Indicative","RBA","Daily","Historical Daily Exchange Rates Of The Australian Dollar Against:","Australian Dollar Trade-weighted Index"
"1357","FXRTWI","Trade-weighted Index May 1970 = 100","AUS","AUS",1985-08-20,66.4,"D","Index","Indicative","RBA","Daily","Historical Daily Exchange Rates Of The Australian Dollar Against:","Australian Dollar Trade-weighted Index"
"1358","FXRTWI","Trade-weighted Index May 1970 = 100","AUS","AUS",1985-08-21,66.5,"D","Index","Indicative","RBA","Daily","Historical Daily Exchange Rates Of The Australian Dollar Against:","Australian Dollar Trade-weighted Index"
"1359","FXRTWI","Trade-weighted Index May 1970 = 100","AUS","AUS",1985-08-22,66.3,"D","Index","Indicative","RBA","Daily","Historical Daily Exchange Rates Of The Australian Dollar Against:","Australian Dollar Trade-weighted Index"
"1360","FXRTWI","Trade-weighted Index May 1970 = 100","AUS","AUS",1985-08-23,66.3,"D","Index","Indicative","RBA","Daily","Historical Daily Exchange Rates Of The Australian Dollar Against:","Australian Dollar Trade-weighted Index"
"1361","FXRTWI","Trade-weighted Index May 1970 = 100","AUS","AUS",1985-08-26,66.3,"D","Index","Indicative","RBA","Daily","Historical Daily Exchange Rates Of The Australian Dollar Against:","Australian Dollar Trade-weighted Index"
"1362","FXRTWI","Trade-weighted Index May 1970 = 100","AUS","AUS",1985-08-27,66.3,"D","Index","Indicative","RBA","Daily","Historical Daily Exchange Rates Of The Australian Dollar Against:","Australian Dollar Trade-weighted Index"
"1363","FXRTWI","Trade-weighted Index May 1970 = 100","AUS","AUS",1985-08-28,66.2,"D","Index","Indicative","RBA","Daily","Historical Daily Exchange Rates Of The Australian Dollar Against:","Australian Dollar Trade-weighted Index"
"1364","FXRTWI","Trade-weighted Index May 1970 = 100","AUS","AUS",1985-08-29,66.3,"D","Index","Indicative","RBA","Daily","Historical Daily Exchange Rates Of The Australian Dollar Against:","Australian Dollar Trade-weighted Index"
"1365","FXRTWI","Trade-weighted Index May 1970 = 100","AUS","AUS",1985-08-30,66.4,"D","Index","Indicative","RBA","Daily","Historical Daily Exchange Rates Of The Australian Dollar Against:","Australian Dollar Trade-weighted Index"
"1366","DLCACS","Credit; Total; Seasonally adjusted","AUS","AUS",1985-08-31,143.043,"M","$ billion","Seasonally Adjusted","RBA","Monthly","D2 Lending And Credit Aggregates","Credit; Total; Seasonally adjusted – Includes securitisations – For series breaks see Series Breaks"
"1367","FXRTWI","Trade-weighted Index May 1970 = 100","AUS","AUS",1985-08-31,66.4,"M","Index","Indicative","RBA","Monthly","F11 Exchange Rates","Australian Dollar Trade-weighted Index"
"1368","GRCPAISDR","Commodity prices – SDR","AUS","AUS",1985-08-31,33.254591544025,"M","Index, 2023/24=100","Original","RBA","Monthly","I2 Commodity Prices","Index of commodity prices; All items; SDR"
"1369","A2302956R","South Australia ; STATE FINAL DEMAND ;","SA","SA",1985-09-01,14089,"Q","$ Millions","Seasonally Adjusted",NA,"Quarterly","Table 25. State Final Demand, Summary Components by State: Chain volume measures",NA
"1370","A2302984X","Western Australia ; STATE FINAL DEMAND ;","WA","WA",1985-09-01,17273,"Q","$ Millions","Seasonally Adjusted",NA,"Quarterly","Table 25. State Final Demand, Summary Components by State: Chain volume measures",NA
"1371","A2303012X","Tasmania ; STATE FINAL DEMAND ;","TAS","TAS",1985-09-01,4816,"Q","$ Millions","Seasonally Adjusted",NA,"Quarterly","Table 25. State Final Demand, Summary Components by State: Chain volume measures",NA
"1372","A2303040J","Northern Territory ; STATE FINAL DEMAND ;","NT","NT",1985-09-01,2627,"Q","$ Millions","Seasonally Adjusted",NA,"Quarterly","Table 25. State Final Demand, Summary Components by State: Chain volume measures",NA
"1373","A2303068K","Australian Capital Territory ; STATE FINAL DEMAND ;","ACT","ACT",1985-09-01,5094,"Q","$ Millions","Seasonally Adjusted",NA,"Quarterly","Table 25. State Final Demand, Summary Components by State: Chain volume measures",NA
"1374","A2303111F","New South Wales ; STATE FINAL DEMAND ;","NSW","NSW",1985-09-01,62774,"Q","$ Millions","Seasonally Adjusted",NA,"Quarterly","Table 25. State Final Demand, Summary Components by State: Chain volume measures",NA
"1375","A2303139J","Victoria ; STATE FINAL DEMAND ;","VIC","VIC",1985-09-01,45833,"Q","$ Millions","Seasonally Adjusted",NA,"Quarterly","Table 25. State Final Demand, Summary Components by State: Chain volume measures",NA
"1376","A2303187A","Queensland ; STATE FINAL DEMAND ;","QLD","QLD",1985-09-01,28990,"Q","$ Millions","Seasonally Adjusted",NA,"Quarterly","Table 25. State Final Demand, Summary Components by State: Chain volume measures",NA
"1377","A2304418T","Gross domestic product: Current prices ;","AUS","AUS",1985-09-01,63394,"Q","$ Millions","Seasonally Adjusted",NA,"Quarterly","Table 1. Key National Accounts Aggregates",NA
"1378","A2325846C","Index Numbers ; All groups CPI ; Australia ;","AUS","AUS",1985-09-01,39.7,"Q","Index Numbers","Original",NA,"Quarterly","TABLES 1 and 2. CPI: All Groups, Index Numbers and Percentage Changes",NA
"1379","A2718577A","Credits, Total goods ;","AUS","AUS",1985-09-01,2627,"M","$ Millions","Seasonally Adjusted",NA,"Monthly","TABLE 1. GOODS, Summary: Seasonally adjusted and trend estimates, Current prices",NA
"1380","A2718594C","Balance on goods ;","AUS","AUS",1985-09-01,-355,"M","$ Millions","Seasonally Adjusted",NA,"Monthly","TABLE 1. GOODS, Summary: Seasonally adjusted and trend estimates, Current prices",NA
"1381","FXRTWI","Trade-weighted Index May 1970 = 100","AUS","AUS",1985-09-02,66.2,"D","Index","Indicative","RBA","Daily","Historical Daily Exchange Rates Of The Australian Dollar Against:","Australian Dollar Trade-weighted Index"
"1382","FXRTWI","Trade-weighted Index May 1970 = 100","AUS","AUS",1985-09-03,65.4,"D","Index","Indicative","RBA","Daily","Historical Daily Exchange Rates Of The Australian Dollar Against:","Australian Dollar Trade-weighted Index"
"1383","FXRTWI","Trade-weighted Index May 1970 = 100","AUS","AUS",1985-09-04,65.2,"D","Index","Indicative","RBA","Daily","Historical Daily Exchange Rates Of The Australian Dollar Against:","Australian Dollar Trade-weighted Index"
"1384","FXRTWI","Trade-weighted Index May 1970 = 100","AUS","AUS",1985-09-05,65.6,"D","Index","Indicative","RBA","Daily","Historical Daily Exchange Rates Of The Australian Dollar Against:","Australian Dollar Trade-weighted Index"
"1385","FXRTWI","Trade-weighted Index May 1970 = 100","AUS","AUS",1985-09-06,65.7,"D","Index","Indicative","RBA","Daily","Historical Daily Exchange Rates Of The Australian Dollar Against:","Australian Dollar Trade-weighted Index"
"1386","FXRTWI","Trade-weighted Index May 1970 = 100","AUS","AUS",1985-09-09,65,"D","Index","Indicative","RBA","Daily","Historical Daily Exchange Rates Of The Australian Dollar Against:","Australian Dollar Trade-weighted Index"
"1387","FXRTWI","Trade-weighted Index May 1970 = 100","AUS","AUS",1985-09-10,64.7,"D","Index","Indicative","RBA","Daily","Historical Daily Exchange Rates Of The Australian Dollar Against:","Australian Dollar Trade-weighted Index"
"1388","FXRTWI","Trade-weighted Index May 1970 = 100","AUS","AUS",1985-09-11,64.9,"D","Index","Indicative","RBA","Daily","Historical Daily Exchange Rates Of The Australian Dollar Against:","Australian Dollar Trade-weighted Index"
"1389","FXRTWI","Trade-weighted Index May 1970 = 100","AUS","AUS",1985-09-12,65,"D","Index","Indicative","RBA","Daily","Historical Daily Exchange Rates Of The Australian Dollar Against:","Australian Dollar Trade-weighted Index"
"1390","FXRTWI","Trade-weighted Index May 1970 = 100","AUS","AUS",1985-09-13,65,"D","Index","Indicative","RBA","Daily","Historical Daily Exchange Rates Of The Australian Dollar Against:","Australian Dollar Trade-weighted Index"
"1391","FXRTWI","Trade-weighted Index May 1970 = 100","AUS","AUS",1985-09-16,65.2,"D","Index","Indicative","RBA","Daily","Historical Daily Exchange Rates Of The Australian Dollar Against:","Australian Dollar Trade-weighted Index"
"1392","FXRTWI","Trade-weighted Index May 1970 = 100","AUS","AUS",1985-09-17,65.3,"D","Index","Indicative","RBA","Daily","Historical Daily Exchange Rates Of The Australian Dollar Against:","Australian Dollar Trade-weighted Index"
"1393","FXRTWI","Trade-weighted Index May 1970 = 100","AUS","AUS",1985-09-18,65.3,"D","Index","Indicative","RBA","Daily","Historical Daily Exchange Rates Of The Australian Dollar Against:","Australian Dollar Trade-weighted Index"
"1394","FXRTWI","Trade-weighted Index May 1970 = 100","AUS","AUS",1985-09-19,65.2,"D","Index","Indicative","RBA","Daily","Historical Daily Exchange Rates Of The Australian Dollar Against:","Australian Dollar Trade-weighted Index"
"1395","FXRTWI","Trade-weighted Index May 1970 = 100","AUS","AUS",1985-09-20,65.2,"D","Index","Indicative","RBA","Daily","Historical Daily Exchange Rates Of The Australian Dollar Against:","Australian Dollar Trade-weighted Index"
"1396","FXRTWI","Trade-weighted Index May 1970 = 100","AUS","AUS",1985-09-23,66,"D","Index","Indicative","RBA","Daily","Historical Daily Exchange Rates Of The Australian Dollar Against:","Australian Dollar Trade-weighted Index"
"1397","FXRTWI","Trade-weighted Index May 1970 = 100","AUS","AUS",1985-09-24,66.4,"D","Index","Indicative","RBA","Daily","Historical Daily Exchange Rates Of The Australian Dollar Against:","Australian Dollar Trade-weighted Index"
"1398","FXRTWI","Trade-weighted Index May 1970 = 100","AUS","AUS",1985-09-25,65.9,"D","Index","Indicative","RBA","Daily","Historical Daily Exchange Rates Of The Australian Dollar Against:","Australian Dollar Trade-weighted Index"
"1399","FXRTWI","Trade-weighted Index May 1970 = 100","AUS","AUS",1985-09-26,65.9,"D","Index","Indicative","RBA","Daily","Historical Daily Exchange Rates Of The Australian Dollar Against:","Australian Dollar Trade-weighted Index"
"1400","FXRTWI","Trade-weighted Index May 1970 = 100","AUS","AUS",1985-09-27,65.6,"D","Index","Indicative","RBA","Daily","Historical Daily Exchange Rates Of The Australian Dollar Against:","Australian Dollar Trade-weighted Index"
"1401","DLCACS","Credit; Total; Seasonally adjusted","AUS","AUS",1985-09-30,145.842,"M","$ billion","Seasonally Adjusted","RBA","Monthly","D2 Lending And Credit Aggregates","Credit; Total; Seasonally adjusted – Includes securitisations – For series breaks see Series Breaks"
"1402","FXRTWI","Trade-weighted Index May 1970 = 100","AUS","AUS",1985-09-30,64.8,"D","Index","Indicative","RBA","Daily","Historical Daily Exchange Rates Of The Australian Dollar Against:","Australian Dollar Trade-weighted Index"
"1403","FXRTWI","Trade-weighted Index May 1970 = 100","AUS","AUS",1985-09-30,64.8,"M","Index","Indicative","RBA","Monthly","F11 Exchange Rates","Australian Dollar Trade-weighted Index"
"1404","GCPIOCPMTMQP","Quarterly trimmed mean inflation","AUS","AUS",1985-09-30,2.1,"Q","Per cent","Seasonally Adjusted","ABS","Quarterly","G1 Consumer Price Inflation","Consumer price index; Trimmed mean; Quarterly change (in per cent)"
"1405","GRCPAISDR","Commodity prices – SDR","AUS","AUS",1985-09-30,33.4479701942119,"M","Index, 2023/24=100","Original","RBA","Monthly","I2 Commodity Prices","Index of commodity prices; All items; SDR"
"1406","A2718577A","Credits, Total goods ;","AUS","AUS",1985-10-01,2771,"M","$ Millions","Seasonally Adjusted",NA,"Monthly","TABLE 1. GOODS, Summary: Seasonally adjusted and trend estimates, Current prices",NA
"1407","A2718594C","Balance on goods ;","AUS","AUS",1985-10-01,-208,"M","$ Millions","Seasonally Adjusted",NA,"Monthly","TABLE 1. GOODS, Summary: Seasonally adjusted and trend estimates, Current prices",NA
"1408","FXRTWI","Trade-weighted Index May 1970 = 100","AUS","AUS",1985-10-01,64.5,"D","Index","Indicative","RBA","Daily","Historical Daily Exchange Rates Of The Australian Dollar Against:","Australian Dollar Trade-weighted Index"
"1409","FXRTWI","Trade-weighted Index May 1970 = 100","AUS","AUS",1985-10-02,64.7,"D","Index","Indicative","RBA","Daily","Historical Daily Exchange Rates Of The Australian Dollar Against:","Australian Dollar Trade-weighted Index"
"1410","FXRTWI","Trade-weighted Index May 1970 = 100","AUS","AUS",1985-10-03,64.4,"D","Index","Indicative","RBA","Daily","Historical Daily Exchange Rates Of The Australian Dollar Against:","Australian Dollar Trade-weighted Index"
"1411","FXRTWI","Trade-weighted Index May 1970 = 100","AUS","AUS",1985-10-04,64.9,"D","Index","Indicative","RBA","Daily","Historical Daily Exchange Rates Of The Australian Dollar Against:","Australian Dollar Trade-weighted Index"
"1412","FXRTWI","Trade-weighted Index May 1970 = 100","AUS","AUS",1985-10-07,64.1,"D","Index","Indicative","RBA","Daily","Historical Daily Exchange Rates Of The Australian Dollar Against:","Australian Dollar Trade-weighted Index"
"1413","FXRTWI","Trade-weighted Index May 1970 = 100","AUS","AUS",1985-10-08,64.2,"D","Index","Indicative","RBA","Daily","Historical Daily Exchange Rates Of The Australian Dollar Against:","Australian Dollar Trade-weighted Index"
"1414","FXRTWI","Trade-weighted Index May 1970 = 100","AUS","AUS",1985-10-09,64,"D","Index","Indicative","RBA","Daily","Historical Daily Exchange Rates Of The Australian Dollar Against:","Australian Dollar Trade-weighted Index"
"1415","FXRTWI","Trade-weighted Index May 1970 = 100","AUS","AUS",1985-10-10,63.7,"D","Index","Indicative","RBA","Daily","Historical Daily Exchange Rates Of The Australian Dollar Against:","Australian Dollar Trade-weighted Index"
"1416","FXRTWI","Trade-weighted Index May 1970 = 100","AUS","AUS",1985-10-11,64.1,"D","Index","Indicative","RBA","Daily","Historical Daily Exchange Rates Of The Australian Dollar Against:","Australian Dollar Trade-weighted Index"
"1417","FXRTWI","Trade-weighted Index May 1970 = 100","AUS","AUS",1985-10-14,64,"D","Index","Indicative","RBA","Daily","Historical Daily Exchange Rates Of The Australian Dollar Against:","Australian Dollar Trade-weighted Index"
"1418","FXRTWI","Trade-weighted Index May 1970 = 100","AUS","AUS",1985-10-15,63.9,"D","Index","Indicative","RBA","Daily","Historical Daily Exchange Rates Of The Australian Dollar Against:","Australian Dollar Trade-weighted Index"
"1419","FXRTWI","Trade-weighted Index May 1970 = 100","AUS","AUS",1985-10-16,63.8,"D","Index","Indicative","RBA","Daily","Historical Daily Exchange Rates Of The Australian Dollar Against:","Australian Dollar Trade-weighted Index"
"1420","FXRTWI","Trade-weighted Index May 1970 = 100","AUS","AUS",1985-10-17,64,"D","Index","Indicative","RBA","Daily","Historical Daily Exchange Rates Of The Australian Dollar Against:","Australian Dollar Trade-weighted Index"
"1421","FXRTWI","Trade-weighted Index May 1970 = 100","AUS","AUS",1985-10-18,63.9,"D","Index","Indicative","RBA","Daily","Historical Daily Exchange Rates Of The Australian Dollar Against:","Australian Dollar Trade-weighted Index"
"1422","FXRTWI","Trade-weighted Index May 1970 = 100","AUS","AUS",1985-10-21,63.9,"D","Index","Indicative","RBA","Daily","Historical Daily Exchange Rates Of The Australian Dollar Against:","Australian Dollar Trade-weighted Index"
"1423","FXRTWI","Trade-weighted Index May 1970 = 100","AUS","AUS",1985-10-22,63.9,"D","Index","Indicative","RBA","Daily","Historical Daily Exchange Rates Of The Australian Dollar Against:","Australian Dollar Trade-weighted Index"
"1424","FXRTWI","Trade-weighted Index May 1970 = 100","AUS","AUS",1985-10-23,63.9,"D","Index","Indicative","RBA","Daily","Historical Daily Exchange Rates Of The Australian Dollar Against:","Australian Dollar Trade-weighted Index"
"1425","FXRTWI","Trade-weighted Index May 1970 = 100","AUS","AUS",1985-10-24,63.8,"D","Index","Indicative","RBA","Daily","Historical Daily Exchange Rates Of The Australian Dollar Against:","Australian Dollar Trade-weighted Index"
"1426","FXRTWI","Trade-weighted Index May 1970 = 100","AUS","AUS",1985-10-25,63.8,"D","Index","Indicative","RBA","Daily","Historical Daily Exchange Rates Of The Australian Dollar Against:","Australian Dollar Trade-weighted Index"
"1427","FXRTWI","Trade-weighted Index May 1970 = 100","AUS","AUS",1985-10-28,63.8,"D","Index","Indicative","RBA","Daily","Historical Daily Exchange Rates Of The Australian Dollar Against:","Australian Dollar Trade-weighted Index"
"1428","FXRTWI","Trade-weighted Index May 1970 = 100","AUS","AUS",1985-10-29,63.6,"D","Index","Indicative","RBA","Daily","Historical Daily Exchange Rates Of The Australian Dollar Against:","Australian Dollar Trade-weighted Index"
"1429","FXRTWI","Trade-weighted Index May 1970 = 100","AUS","AUS",1985-10-30,63.5,"D","Index","Indicative","RBA","Daily","Historical Daily Exchange Rates Of The Australian Dollar Against:","Australian Dollar Trade-weighted Index"
"1430","DLCACS","Credit; Total; Seasonally adjusted","AUS","AUS",1985-10-31,148.921,"M","$ billion","Seasonally Adjusted","RBA","Monthly","D2 Lending And Credit Aggregates","Credit; Total; Seasonally adjusted – Includes securitisations – For series breaks see Series Breaks"
"1431","FXRTWI","Trade-weighted Index May 1970 = 100","AUS","AUS",1985-10-31,63.4,"D","Index","Indicative","RBA","Daily","Historical Daily Exchange Rates Of The Australian Dollar Against:","Australian Dollar Trade-weighted Index"
"1432","FXRTWI","Trade-weighted Index May 1970 = 100","AUS","AUS",1985-10-31,63.4,"M","Index","Indicative","RBA","Monthly","F11 Exchange Rates","Australian Dollar Trade-weighted Index"
"1433","GRCPAISDR","Commodity prices – SDR","AUS","AUS",1985-10-31,32.4045672974369,"M","Index, 2023/24=100","Original","RBA","Monthly","I2 Commodity Prices","Index of commodity prices; All items; SDR"
"1434","A2718577A","Credits, Total goods ;","AUS","AUS",1985-11-01,2735,"M","$ Millions","Seasonally Adjusted",NA,"Monthly","TABLE 1. GOODS, Summary: Seasonally adjusted and trend estimates, Current prices",NA
"1435","A2718594C","Balance on goods ;","AUS","AUS",1985-11-01,-282,"M","$ Millions","Seasonally Adjusted",NA,"Monthly","TABLE 1. GOODS, Summary: Seasonally adjusted and trend estimates, Current prices",NA
"1436","FXRTWI","Trade-weighted Index May 1970 = 100","AUS","AUS",1985-11-01,63.2,"D","Index","Indicative","RBA","Daily","Historical Daily Exchange Rates Of The Australian Dollar Against:","Australian Dollar Trade-weighted Index"
"1437","FXRTWI","Trade-weighted Index May 1970 = 100","AUS","AUS",1985-11-04,62,"D","Index","Indicative","RBA","Daily","Historical Daily Exchange Rates Of The Australian Dollar Against:","Australian Dollar Trade-weighted Index"
"1438","FXRTWI","Trade-weighted Index May 1970 = 100","AUS","AUS",1985-11-05,60.3,"D","Index","Indicative","RBA","Daily","Historical Daily Exchange Rates Of The Australian Dollar Against:","Australian Dollar Trade-weighted Index"
"1439","FXRTWI","Trade-weighted Index May 1970 = 100","AUS","AUS",1985-11-06,59.3,"D","Index","Indicative","RBA","Daily","Historical Daily Exchange Rates Of The Australian Dollar Against:","Australian Dollar Trade-weighted Index"
"1440","FXRTWI","Trade-weighted Index May 1970 = 100","AUS","AUS",1985-11-07,59.9,"D","Index","Indicative","RBA","Daily","Historical Daily Exchange Rates Of The Australian Dollar Against:","Australian Dollar Trade-weighted Index"
"1441","FXRTWI","Trade-weighted Index May 1970 = 100","AUS","AUS",1985-11-08,60.8,"D","Index","Indicative","RBA","Daily","Historical Daily Exchange Rates Of The Australian Dollar Against:","Australian Dollar Trade-weighted Index"
"1442","FXRTWI","Trade-weighted Index May 1970 = 100","AUS","AUS",1985-11-11,60.2,"D","Index","Indicative","RBA","Daily","Historical Daily Exchange Rates Of The Australian Dollar Against:","Australian Dollar Trade-weighted Index"
"1443","FXRTWI","Trade-weighted Index May 1970 = 100","AUS","AUS",1985-11-12,59.2,"D","Index","Indicative","RBA","Daily","Historical Daily Exchange Rates Of The Australian Dollar Against:","Australian Dollar Trade-weighted Index"
"1444","FXRTWI","Trade-weighted Index May 1970 = 100","AUS","AUS",1985-11-13,59.4,"D","Index","Indicative","RBA","Daily","Historical Daily Exchange Rates Of The Australian Dollar Against:","Australian Dollar Trade-weighted Index"
"1445","FXRTWI","Trade-weighted Index May 1970 = 100","AUS","AUS",1985-11-14,60.5,"D","Index","Indicative","RBA","Daily","Historical Daily Exchange Rates Of The Australian Dollar Against:","Australian Dollar Trade-weighted Index"
"1446","FXRTWI","Trade-weighted Index May 1970 = 100","AUS","AUS",1985-11-15,60.3,"D","Index","Indicative","RBA","Daily","Historical Daily Exchange Rates Of The Australian Dollar Against:","Australian Dollar Trade-weighted Index"
"1447","FXRTWI","Trade-weighted Index May 1970 = 100","AUS","AUS",1985-11-18,60.5,"D","Index","Indicative","RBA","Daily","Historical Daily Exchange Rates Of The Australian Dollar Against:","Australian Dollar Trade-weighted Index"
"1448","FXRTWI","Trade-weighted Index May 1970 = 100","AUS","AUS",1985-11-19,60.5,"D","Index","Indicative","RBA","Daily","Historical Daily Exchange Rates Of The Australian Dollar Against:","Australian Dollar Trade-weighted Index"
"1449","FXRTWI","Trade-weighted Index May 1970 = 100","AUS","AUS",1985-11-20,61,"D","Index","Indicative","RBA","Daily","Historical Daily Exchange Rates Of The Australian Dollar Against:","Australian Dollar Trade-weighted Index"
"1450","FXRTWI","Trade-weighted Index May 1970 = 100","AUS","AUS",1985-11-21,60.8,"D","Index","Indicative","RBA","Daily","Historical Daily Exchange Rates Of The Australian Dollar Against:","Australian Dollar Trade-weighted Index"
"1451","FXRTWI","Trade-weighted Index May 1970 = 100","AUS","AUS",1985-11-22,61,"D","Index","Indicative","RBA","Daily","Historical Daily Exchange Rates Of The Australian Dollar Against:","Australian Dollar Trade-weighted Index"
"1452","FXRTWI","Trade-weighted Index May 1970 = 100","AUS","AUS",1985-11-25,61.8,"D","Index","Indicative","RBA","Daily","Historical Daily Exchange Rates Of The Australian Dollar Against:","Australian Dollar Trade-weighted Index"
"1453","FXRTWI","Trade-weighted Index May 1970 = 100","AUS","AUS",1985-11-26,61.5,"D","Index","Indicative","RBA","Daily","Historical Daily Exchange Rates Of The Australian Dollar Against:","Australian Dollar Trade-weighted Index"
"1454","FXRTWI","Trade-weighted Index May 1970 = 100","AUS","AUS",1985-11-27,61.4,"D","Index","Indicative","RBA","Daily","Historical Daily Exchange Rates Of The Australian Dollar Against:","Australian Dollar Trade-weighted Index"
"1455","FXRTWI","Trade-weighted Index May 1970 = 100","AUS","AUS",1985-11-28,61,"D","Index","Indicative","RBA","Daily","Historical Daily Exchange Rates Of The Australian Dollar Against:","Australian Dollar Trade-weighted Index"
"1456","FXRTWI","Trade-weighted Index May 1970 = 100","AUS","AUS",1985-11-29,60.9,"D","Index","Indicative","RBA","Daily","Historical Daily Exchange Rates Of The Australian Dollar Against:","Australian Dollar Trade-weighted Index"
"1457","DLCACS","Credit; Total; Seasonally adjusted","AUS","AUS",1985-11-30,151.906,"M","$ billion","Seasonally Adjusted","RBA","Monthly","D2 Lending And Credit Aggregates","Credit; Total; Seasonally adjusted – Includes securitisations – For series breaks see Series Breaks"
"1458","FXRTWI","Trade-weighted Index May 1970 = 100","AUS","AUS",1985-11-30,60.9,"M","Index","Indicative","RBA","Monthly","F11 Exchange Rates","Australian Dollar Trade-weighted Index"
"1459","GRCPAISDR","Commodity prices – SDR","AUS","AUS",1985-11-30,32.1011751446648,"M","Index, 2023/24=100","Original","RBA","Monthly","I2 Commodity Prices","Index of commodity prices; All items; SDR"
"1460","A2302956R","South Australia ; STATE FINAL DEMAND ;","SA","SA",1985-12-01,14416,"Q","$ Millions","Seasonally Adjusted",NA,"Quarterly","Table 25. State Final Demand, Summary Components by State: Chain volume measures",NA
"1461","A2302984X","Western Australia ; STATE FINAL DEMAND ;","WA","WA",1985-12-01,17300,"Q","$ Millions","Seasonally Adjusted",NA,"Quarterly","Table 25. State Final Demand, Summary Components by State: Chain volume measures",NA
"1462","A2303012X","Tasmania ; STATE FINAL DEMAND ;","TAS","TAS",1985-12-01,4950,"Q","$ Millions","Seasonally Adjusted",NA,"Quarterly","Table 25. State Final Demand, Summary Components by State: Chain volume measures",NA
"1463","A2303040J","Northern Territory ; STATE FINAL DEMAND ;","NT","NT",1985-12-01,2534,"Q","$ Millions","Seasonally Adjusted",NA,"Quarterly","Table 25. State Final Demand, Summary Components by State: Chain volume measures",NA
"1464","A2303068K","Australian Capital Territory ; STATE FINAL DEMAND ;","ACT","ACT",1985-12-01,4760,"Q","$ Millions","Seasonally Adjusted",NA,"Quarterly","Table 25. State Final Demand, Summary Components by State: Chain volume measures",NA
"1465","A2303111F","New South Wales ; STATE FINAL DEMAND ;","NSW","NSW",1985-12-01,64190,"Q","$ Millions","Seasonally Adjusted",NA,"Quarterly","Table 25. State Final Demand, Summary Components by State: Chain volume measures",NA
"1466","A2303139J","Victoria ; STATE FINAL DEMAND ;","VIC","VIC",1985-12-01,46165,"Q","$ Millions","Seasonally Adjusted",NA,"Quarterly","Table 25. State Final Demand, Summary Components by State: Chain volume measures",NA
"1467","A2303187A","Queensland ; STATE FINAL DEMAND ;","QLD","QLD",1985-12-01,29370,"Q","$ Millions","Seasonally Adjusted",NA,"Quarterly","Table 25. State Final Demand, Summary Components by State: Chain volume measures",NA
"1468","A2304418T","Gross domestic product: Current prices ;","AUS","AUS",1985-12-01,64626,"Q","$ Millions","Seasonally Adjusted",NA,"Quarterly","Table 1. Key National Accounts Aggregates",NA
"1469","A2325846C","Index Numbers ; All groups CPI ; Australia ;","AUS","AUS",1985-12-01,40.5,"Q","Index Numbers","Original",NA,"Quarterly","TABLES 1 and 2. CPI: All Groups, Index Numbers and Percentage Changes",NA
"1470","A2718577A","Credits, Total goods ;","AUS","AUS",1985-12-01,2912,"M","$ Millions","Seasonally Adjusted",NA,"Monthly","TABLE 1. GOODS, Summary: Seasonally adjusted and trend estimates, Current prices",NA
"1471","A2718594C","Balance on goods ;","AUS","AUS",1985-12-01,-359,"M","$ Millions","Seasonally Adjusted",NA,"Monthly","TABLE 1. GOODS, Summary: Seasonally adjusted and trend estimates, Current prices",NA
"1472","FXRTWI","Trade-weighted Index May 1970 = 100","AUS","AUS",1985-12-02,60.8,"D","Index","Indicative","RBA","Daily","Historical Daily Exchange Rates Of The Australian Dollar Against:","Australian Dollar Trade-weighted Index"
"1473","FXRTWI","Trade-weighted Index May 1970 = 100","AUS","AUS",1985-12-03,60.4,"D","Index","Indicative","RBA","Daily","Historical Daily Exchange Rates Of The Australian Dollar Against:","Australian Dollar Trade-weighted Index"
"1474","FXRTWI","Trade-weighted Index May 1970 = 100","AUS","AUS",1985-12-04,60.6,"D","Index","Indicative","RBA","Daily","Historical Daily Exchange Rates Of The Australian Dollar Against:","Australian Dollar Trade-weighted Index"
"1475","FXRTWI","Trade-weighted Index May 1970 = 100","AUS","AUS",1985-12-05,60.8,"D","Index","Indicative","RBA","Daily","Historical Daily Exchange Rates Of The Australian Dollar Against:","Australian Dollar Trade-weighted Index"
"1476","FXRTWI","Trade-weighted Index May 1970 = 100","AUS","AUS",1985-12-06,60.6,"D","Index","Indicative","RBA","Daily","Historical Daily Exchange Rates Of The Australian Dollar Against:","Australian Dollar Trade-weighted Index"
"1477","FXRTWI","Trade-weighted Index May 1970 = 100","AUS","AUS",1985-12-09,60.5,"D","Index","Indicative","RBA","Daily","Historical Daily Exchange Rates Of The Australian Dollar Against:","Australian Dollar Trade-weighted Index"
"1478","FXRTWI","Trade-weighted Index May 1970 = 100","AUS","AUS",1985-12-10,60.7,"D","Index","Indicative","RBA","Daily","Historical Daily Exchange Rates Of The Australian Dollar Against:","Australian Dollar Trade-weighted Index"
"1479","FXRTWI","Trade-weighted Index May 1970 = 100","AUS","AUS",1985-12-11,61.2,"D","Index","Indicative","RBA","Daily","Historical Daily Exchange Rates Of The Australian Dollar Against:","Australian Dollar Trade-weighted Index"
"1480","FXRTWI","Trade-weighted Index May 1970 = 100","AUS","AUS",1985-12-12,61.3,"D","Index","Indicative","RBA","Daily","Historical Daily Exchange Rates Of The Australian Dollar Against:","Australian Dollar Trade-weighted Index"
"1481","FXRTWI","Trade-weighted Index May 1970 = 100","AUS","AUS",1985-12-13,61.2,"D","Index","Indicative","RBA","Daily","Historical Daily Exchange Rates Of The Australian Dollar Against:","Australian Dollar Trade-weighted Index"
"1482","FXRTWI","Trade-weighted Index May 1970 = 100","AUS","AUS",1985-12-16,61.3,"D","Index","Indicative","RBA","Daily","Historical Daily Exchange Rates Of The Australian Dollar Against:","Australian Dollar Trade-weighted Index"
"1483","FXRTWI","Trade-weighted Index May 1970 = 100","AUS","AUS",1985-12-17,60.9,"D","Index","Indicative","RBA","Daily","Historical Daily Exchange Rates Of The Australian Dollar Against:","Australian Dollar Trade-weighted Index"
"1484","FXRTWI","Trade-weighted Index May 1970 = 100","AUS","AUS",1985-12-18,60.9,"D","Index","Indicative","RBA","Daily","Historical Daily Exchange Rates Of The Australian Dollar Against:","Australian Dollar Trade-weighted Index"
"1485","FXRTWI","Trade-weighted Index May 1970 = 100","AUS","AUS",1985-12-19,61.2,"D","Index","Indicative","RBA","Daily","Historical Daily Exchange Rates Of The Australian Dollar Against:","Australian Dollar Trade-weighted Index"
"1486","FXRTWI","Trade-weighted Index May 1970 = 100","AUS","AUS",1985-12-20,61.3,"D","Index","Indicative","RBA","Daily","Historical Daily Exchange Rates Of The Australian Dollar Against:","Australian Dollar Trade-weighted Index"
"1487","FXRTWI","Trade-weighted Index May 1970 = 100","AUS","AUS",1985-12-23,61.1,"D","Index","Indicative","RBA","Daily","Historical Daily Exchange Rates Of The Australian Dollar Against:","Australian Dollar Trade-weighted Index"
"1488","FXRTWI","Trade-weighted Index May 1970 = 100","AUS","AUS",1985-12-24,61.1,"D","Index","Indicative","RBA","Daily","Historical Daily Exchange Rates Of The Australian Dollar Against:","Australian Dollar Trade-weighted Index"
"1489","FXRTWI","Trade-weighted Index May 1970 = 100","AUS","AUS",1985-12-27,61,"D","Index","Indicative","RBA","Daily","Historical Daily Exchange Rates Of The Australian Dollar Against:","Australian Dollar Trade-weighted Index"
"1490","FXRTWI","Trade-weighted Index May 1970 = 100","AUS","AUS",1985-12-30,60.9,"D","Index","Indicative","RBA","Daily","Historical Daily Exchange Rates Of The Australian Dollar Against:","Australian Dollar Trade-weighted Index"
"1491","DLCACS","Credit; Total; Seasonally adjusted","AUS","AUS",1985-12-31,153.88,"M","$ billion","Seasonally Adjusted","RBA","Monthly","D2 Lending And Credit Aggregates","Credit; Total; Seasonally adjusted – Includes securitisations – For series breaks see Series Breaks"
"1492","FXRTWI","Trade-weighted Index May 1970 = 100","AUS","AUS",1985-12-31,60.7,"D","Index","Indicative","RBA","Daily","Historical Daily Exchange Rates Of The Australian Dollar Against:","Australian Dollar Trade-weighted Index"
"1493","FXRTWI","Trade-weighted Index May 1970 = 100","AUS","AUS",1985-12-31,60.7,"M","Index","Indicative","RBA","Monthly","F11 Exchange Rates","Australian Dollar Trade-weighted Index"
"1494","GCPIOCPMTMQP","Quarterly trimmed mean inflation","AUS","AUS",1985-12-31,2,"Q","Per cent","Seasonally Adjusted","ABS","Quarterly","G1 Consumer Price Inflation","Consumer price index; Trimmed mean; Quarterly change (in per cent)"
"1495","GRCPAISDR","Commodity prices – SDR","AUS","AUS",1985-12-31,31.9382696921995,"M","Index, 2023/24=100","Original","RBA","Monthly","I2 Commodity Prices","Index of commodity prices; All items; SDR"
"1496","A2718577A","Credits, Total goods ;","AUS","AUS",1986-01-01,2683,"M","$ Millions","Seasonally Adjusted",NA,"Monthly","TABLE 1. GOODS, Summary: Seasonally adjusted and trend estimates, Current prices",NA
"1497","A2718594C","Balance on goods ;","AUS","AUS",1986-01-01,-457,"M","$ Millions","Seasonally Adjusted",NA,"Monthly","TABLE 1. GOODS, Summary: Seasonally adjusted and trend estimates, Current prices",NA
"1498","FXRTWI","Trade-weighted Index May 1970 = 100","AUS","AUS",1986-01-02,60.6,"D","Index","Indicative","RBA","Daily","Historical Daily Exchange Rates Of The Australian Dollar Against:","Australian Dollar Trade-weighted Index"
"1499","FXRTWI","Trade-weighted Index May 1970 = 100","AUS","AUS",1986-01-03,60.7,"D","Index","Indicative","RBA","Daily","Historical Daily Exchange Rates Of The Australian Dollar Against:","Australian Dollar Trade-weighted Index"
"1500","FXRTWI","Trade-weighted Index May 1970 = 100","AUS","AUS",1986-01-06,60.9,"D","Index","Indicative","RBA","Daily","Historical Daily Exchange Rates Of The Australian Dollar Against:","Australian Dollar Trade-weighted Index"
"1501","FXRTWI","Trade-weighted Index May 1970 = 100","AUS","AUS",1986-01-07,60.7,"D","Index","Indicative","RBA","Daily","Historical Daily Exchange Rates Of The Australian Dollar Against:","Australian Dollar Trade-weighted Index"
"1502","FXRTWI","Trade-weighted Index May 1970 = 100","AUS","AUS",1986-01-08,61.3,"D","Index","Indicative","RBA","Daily","Historical Daily Exchange Rates Of The Australian Dollar Against:","Australian Dollar Trade-weighted Index"
"1503","FXRTWI","Trade-weighted Index May 1970 = 100","AUS","AUS",1986-01-09,61.7,"D","Index","Indicative","RBA","Daily","Historical Daily Exchange Rates Of The Australian Dollar Against:","Australian Dollar Trade-weighted Index"
"1504","FXRTWI","Trade-weighted Index May 1970 = 100","AUS","AUS",1986-01-10,61.6,"D","Index","Indicative","RBA","Daily","Historical Daily Exchange Rates Of The Australian Dollar Against:","Australian Dollar Trade-weighted Index"
"1505","FXRTWI","Trade-weighted Index May 1970 = 100","AUS","AUS",1986-01-13,61.9,"D","Index","Indicative","RBA","Daily","Historical Daily Exchange Rates Of The Australian Dollar Against:","Australian Dollar Trade-weighted Index"
"1506","FXRTWI","Trade-weighted Index May 1970 = 100","AUS","AUS",1986-01-14,61.7,"D","Index","Indicative","RBA","Daily","Historical Daily Exchange Rates Of The Australian Dollar Against:","Australian Dollar Trade-weighted Index"
"1507","FXRTWI","Trade-weighted Index May 1970 = 100","AUS","AUS",1986-01-15,61.8,"D","Index","Indicative","RBA","Daily","Historical Daily Exchange Rates Of The Australian Dollar Against:","Australian Dollar Trade-weighted Index"
"1508","FXRTWI","Trade-weighted Index May 1970 = 100","AUS","AUS",1986-01-16,62.2,"D","Index","Indicative","RBA","Daily","Historical Daily Exchange Rates Of The Australian Dollar Against:","Australian Dollar Trade-weighted Index"
"1509","FXRTWI","Trade-weighted Index May 1970 = 100","AUS","AUS",1986-01-17,62.2,"D","Index","Indicative","RBA","Daily","Historical Daily Exchange Rates Of The Australian Dollar Against:","Australian Dollar Trade-weighted Index"
"1510","FXRTWI","Trade-weighted Index May 1970 = 100","AUS","AUS",1986-01-20,62.2,"D","Index","Indicative","RBA","Daily","Historical Daily Exchange Rates Of The Australian Dollar Against:","Australian Dollar Trade-weighted Index"
"1511","FXRTWI","Trade-weighted Index May 1970 = 100","AUS","AUS",1986-01-21,62.4,"D","Index","Indicative","RBA","Daily","Historical Daily Exchange Rates Of The Australian Dollar Against:","Australian Dollar Trade-weighted Index"
"1512","FXRTWI","Trade-weighted Index May 1970 = 100","AUS","AUS",1986-01-22,63.1,"D","Index","Indicative","RBA","Daily","Historical Daily Exchange Rates Of The Australian Dollar Against:","Australian Dollar Trade-weighted Index"
"1513","FXRTWI","Trade-weighted Index May 1970 = 100","AUS","AUS",1986-01-23,63.5,"D","Index","Indicative","RBA","Daily","Historical Daily Exchange Rates Of The Australian Dollar Against:","Australian Dollar Trade-weighted Index"
"1514","FXRTWI","Trade-weighted Index May 1970 = 100","AUS","AUS",1986-01-24,63.2,"D","Index","Indicative","RBA","Daily","Historical Daily Exchange Rates Of The Australian Dollar Against:","Australian Dollar Trade-weighted Index"
"1515","FXRTWI","Trade-weighted Index May 1970 = 100","AUS","AUS",1986-01-28,62.9,"D","Index","Indicative","RBA","Daily","Historical Daily Exchange Rates Of The Australian Dollar Against:","Australian Dollar Trade-weighted Index"
"1516","FXRTWI","Trade-weighted Index May 1970 = 100","AUS","AUS",1986-01-29,62.8,"D","Index","Indicative","RBA","Daily","Historical Daily Exchange Rates Of The Australian Dollar Against:","Australian Dollar Trade-weighted Index"
"1517","FXRTWI","Trade-weighted Index May 1970 = 100","AUS","AUS",1986-01-30,62.7,"D","Index","Indicative","RBA","Daily","Historical Daily Exchange Rates Of The Australian Dollar Against:","Australian Dollar Trade-weighted Index"
"1518","DLCACS","Credit; Total; Seasonally adjusted","AUS","AUS",1986-01-31,155.618,"M","$ billion","Seasonally Adjusted","RBA","Monthly","D2 Lending And Credit Aggregates","Credit; Total; Seasonally adjusted – Includes securitisations – For series breaks see Series Breaks"
"1519","FXRTWI","Trade-weighted Index May 1970 = 100","AUS","AUS",1986-01-31,62.7,"D","Index","Indicative","RBA","Daily","Historical Daily Exchange Rates Of The Australian Dollar Against:","Australian Dollar Trade-weighted Index"
"1520","FXRTWI","Trade-weighted Index May 1970 = 100","AUS","AUS",1986-01-31,62.7,"M","Index","Indicative","RBA","Monthly","F11 Exchange Rates","Australian Dollar Trade-weighted Index"
"1521","GRCPAISDR","Commodity prices – SDR","AUS","AUS",1986-01-31,31.8561796773029,"M","Index, 2023/24=100","Original","RBA","Monthly","I2 Commodity Prices","Index of commodity prices; All items; SDR"
"1522","A2718577A","Credits, Total goods ;","AUS","AUS",1986-02-01,2767,"M","$ Millions","Seasonally Adjusted",NA,"Monthly","TABLE 1. GOODS, Summary: Seasonally adjusted and trend estimates, Current prices",NA
"1523","A2718594C","Balance on goods ;","AUS","AUS",1986-02-01,-104,"M","$ Millions","Seasonally Adjusted",NA,"Monthly","TABLE 1. GOODS, Summary: Seasonally adjusted and trend estimates, Current prices",NA
"1524","FXRTWI","Trade-weighted Index May 1970 = 100","AUS","AUS",1986-02-03,61.9,"D","Index","Indicative","RBA","Daily","Historical Daily Exchange Rates Of The Australian Dollar Against:","Australian Dollar Trade-weighted Index"
"1525","FXRTWI","Trade-weighted Index May 1970 = 100","AUS","AUS",1986-02-04,61.2,"D","Index","Indicative","RBA","Daily","Historical Daily Exchange Rates Of The Australian Dollar Against:","Australian Dollar Trade-weighted Index"
"1526","FXRTWI","Trade-weighted Index May 1970 = 100","AUS","AUS",1986-02-05,61,"D","Index","Indicative","RBA","Daily","Historical Daily Exchange Rates Of The Australian Dollar Against:","Australian Dollar Trade-weighted Index"
"1527","FXRTWI","Trade-weighted Index May 1970 = 100","AUS","AUS",1986-02-06,61.1,"D","Index","Indicative","RBA","Daily","Historical Daily Exchange Rates Of The Australian Dollar Against:","Australian Dollar Trade-weighted Index"
"1528","FXRTWI","Trade-weighted Index May 1970 = 100","AUS","AUS",1986-02-07,60.7,"D","Index","Indicative","RBA","Daily","Historical Daily Exchange Rates Of The Australian Dollar Against:","Australian Dollar Trade-weighted Index"
"1529","FXRTWI","Trade-weighted Index May 1970 = 100","AUS","AUS",1986-02-10,60.7,"D","Index","Indicative","RBA","Daily","Historical Daily Exchange Rates Of The Australian Dollar Against:","Australian Dollar Trade-weighted Index"
"1530","FXRTWI","Trade-weighted Index May 1970 = 100","AUS","AUS",1986-02-11,60.1,"D","Index","Indicative","RBA","Daily","Historical Daily Exchange Rates Of The Australian Dollar Against:","Australian Dollar Trade-weighted Index"
"1531","FXRTWI","Trade-weighted Index May 1970 = 100","AUS","AUS",1986-02-12,59.7,"D","Index","Indicative","RBA","Daily","Historical Daily Exchange Rates Of The Australian Dollar Against:","Australian Dollar Trade-weighted Index"
"1532","FXRTWI","Trade-weighted Index May 1970 = 100","AUS","AUS",1986-02-13,59.6,"D","Index","Indicative","RBA","Daily","Historical Daily Exchange Rates Of The Australian Dollar Against:","Australian Dollar Trade-weighted Index"
"1533","FXRTWI","Trade-weighted Index May 1970 = 100","AUS","AUS",1986-02-14,60.5,"D","Index","Indicative","RBA","Daily","Historical Daily Exchange Rates Of The Australian Dollar Against:","Australian Dollar Trade-weighted Index"
"1534","FXRTWI","Trade-weighted Index May 1970 = 100","AUS","AUS",1986-02-17,60.2,"D","Index","Indicative","RBA","Daily","Historical Daily Exchange Rates Of The Australian Dollar Against:","Australian Dollar Trade-weighted Index"
"1535","FXRTWI","Trade-weighted Index May 1970 = 100","AUS","AUS",1986-02-18,60.1,"D","Index","Indicative","RBA","Daily","Historical Daily Exchange Rates Of The Australian Dollar Against:","Australian Dollar Trade-weighted Index"
"1536","FXRTWI","Trade-weighted Index May 1970 = 100","AUS","AUS",1986-02-19,60.4,"D","Index","Indicative","RBA","Daily","Historical Daily Exchange Rates Of The Australian Dollar Against:","Australian Dollar Trade-weighted Index"
"1537","FXRTWI","Trade-weighted Index May 1970 = 100","AUS","AUS",1986-02-20,60.6,"D","Index","Indicative","RBA","Daily","Historical Daily Exchange Rates Of The Australian Dollar Against:","Australian Dollar Trade-weighted Index"
"1538","FXRTWI","Trade-weighted Index May 1970 = 100","AUS","AUS",1986-02-21,60.3,"D","Index","Indicative","RBA","Daily","Historical Daily Exchange Rates Of The Australian Dollar Against:","Australian Dollar Trade-weighted Index"
"1539","FXRTWI","Trade-weighted Index May 1970 = 100","AUS","AUS",1986-02-24,60.3,"D","Index","Indicative","RBA","Daily","Historical Daily Exchange Rates Of The Australian Dollar Against:","Australian Dollar Trade-weighted Index"
"1540","FXRTWI","Trade-weighted Index May 1970 = 100","AUS","AUS",1986-02-25,60.5,"D","Index","Indicative","RBA","Daily","Historical Daily Exchange Rates Of The Australian Dollar Against:","Australian Dollar Trade-weighted Index"
"1541","FXRTWI","Trade-weighted Index May 1970 = 100","AUS","AUS",1986-02-26,60.8,"D","Index","Indicative","RBA","Daily","Historical Daily Exchange Rates Of The Australian Dollar Against:","Australian Dollar Trade-weighted Index"
"1542","FXRTWI","Trade-weighted Index May 1970 = 100","AUS","AUS",1986-02-27,60.2,"D","Index","Indicative","RBA","Daily","Historical Daily Exchange Rates Of The Australian Dollar Against:","Australian Dollar Trade-weighted Index"
"1543","DLCACS","Credit; Total; Seasonally adjusted","AUS","AUS",1986-02-28,158.587,"M","$ billion","Seasonally Adjusted","RBA","Monthly","D2 Lending And Credit Aggregates","Credit; Total; Seasonally adjusted – Includes securitisations – For series breaks see Series Breaks"
"1544","FXRTWI","Trade-weighted Index May 1970 = 100","AUS","AUS",1986-02-28,59.9,"D","Index","Indicative","RBA","Daily","Historical Daily Exchange Rates Of The Australian Dollar Against:","Australian Dollar Trade-weighted Index"
"1545","FXRTWI","Trade-weighted Index May 1970 = 100","AUS","AUS",1986-02-28,59.8,"M","Index","Indicative","RBA","Monthly","F11 Exchange Rates","Australian Dollar Trade-weighted Index"
"1546","GRCPAISDR","Commodity prices – SDR","AUS","AUS",1986-02-28,30.0326996781971,"M","Index, 2023/24=100","Original","RBA","Monthly","I2 Commodity Prices","Index of commodity prices; All items; SDR"
"1547","A2302956R","South Australia ; STATE FINAL DEMAND ;","SA","SA",1986-03-01,14324,"Q","$ Millions","Seasonally Adjusted",NA,"Quarterly","Table 25. State Final Demand, Summary Components by State: Chain volume measures",NA
"1548","A2302984X","Western Australia ; STATE FINAL DEMAND ;","WA","WA",1986-03-01,17820,"Q","$ Millions","Seasonally Adjusted",NA,"Quarterly","Table 25. State Final Demand, Summary Components by State: Chain volume measures",NA
"1549","A2303012X","Tasmania ; STATE FINAL DEMAND ;","TAS","TAS",1986-03-01,4942,"Q","$ Millions","Seasonally Adjusted",NA,"Quarterly","Table 25. State Final Demand, Summary Components by State: Chain volume measures",NA
"1550","A2303040J","Northern Territory ; STATE FINAL DEMAND ;","NT","NT",1986-03-01,2608,"Q","$ Millions","Seasonally Adjusted",NA,"Quarterly","Table 25. State Final Demand, Summary Components by State: Chain volume measures",NA
"1551","A2303068K","Australian Capital Territory ; STATE FINAL DEMAND ;","ACT","ACT",1986-03-01,4395,"Q","$ Millions","Seasonally Adjusted",NA,"Quarterly","Table 25. State Final Demand, Summary Components by State: Chain volume measures",NA
"1552","A2303111F","New South Wales ; STATE FINAL DEMAND ;","NSW","NSW",1986-03-01,63858,"Q","$ Millions","Seasonally Adjusted",NA,"Quarterly","Table 25. State Final Demand, Summary Components by State: Chain volume measures",NA
"1553","A2303139J","Victoria ; STATE FINAL DEMAND ;","VIC","VIC",1986-03-01,46473,"Q","$ Millions","Seasonally Adjusted",NA,"Quarterly","Table 25. State Final Demand, Summary Components by State: Chain volume measures",NA
"1554","A2303187A","Queensland ; STATE FINAL DEMAND ;","QLD","QLD",1986-03-01,29423,"Q","$ Millions","Seasonally Adjusted",NA,"Quarterly","Table 25. State Final Demand, Summary Components by State: Chain volume measures",NA
"1555","A2304418T","Gross domestic product: Current prices ;","AUS","AUS",1986-03-01,65847,"Q","$ Millions","Seasonally Adjusted",NA,"Quarterly","Table 1. Key National Accounts Aggregates",NA
"1556","A2325846C","Index Numbers ; All groups CPI ; Australia ;","AUS","AUS",1986-03-01,41.4,"Q","Index Numbers","Original",NA,"Quarterly","TABLES 1 and 2. CPI: All Groups, Index Numbers and Percentage Changes",NA
"1557","A2718577A","Credits, Total goods ;","AUS","AUS",1986-03-01,2615,"M","$ Millions","Seasonally Adjusted",NA,"Monthly","TABLE 1. GOODS, Summary: Seasonally adjusted and trend estimates, Current prices",NA
"1558","A2718594C","Balance on goods ;","AUS","AUS",1986-03-01,-515,"M","$ Millions","Seasonally Adjusted",NA,"Monthly","TABLE 1. GOODS, Summary: Seasonally adjusted and trend estimates, Current prices",NA
"1559","FXRTWI","Trade-weighted Index May 1970 = 100","AUS","AUS",1986-03-03,59.5,"D","Index","Indicative","RBA","Daily","Historical Daily Exchange Rates Of The Australian Dollar Against:","Australian Dollar Trade-weighted Index"
"1560","FXRTWI","Trade-weighted Index May 1970 = 100","AUS","AUS",1986-03-04,59.7,"D","Index","Indicative","RBA","Daily","Historical Daily Exchange Rates Of The Australian Dollar Against:","Australian Dollar Trade-weighted Index"
"1561","FXRTWI","Trade-weighted Index May 1970 = 100","AUS","AUS",1986-03-05,59.9,"D","Index","Indicative","RBA","Daily","Historical Daily Exchange Rates Of The Australian Dollar Against:","Australian Dollar Trade-weighted Index"
"1562","FXRTWI","Trade-weighted Index May 1970 = 100","AUS","AUS",1986-03-06,60,"D","Index","Indicative","RBA","Daily","Historical Daily Exchange Rates Of The Australian Dollar Against:","Australian Dollar Trade-weighted Index"
"1563","FXRTWI","Trade-weighted Index May 1970 = 100","AUS","AUS",1986-03-07,59.9,"D","Index","Indicative","RBA","Daily","Historical Daily Exchange Rates Of The Australian Dollar Against:","Australian Dollar Trade-weighted Index"
"1564","FXRTWI","Trade-weighted Index May 1970 = 100","AUS","AUS",1986-03-10,60,"D","Index","Indicative","RBA","Daily","Historical Daily Exchange Rates Of The Australian Dollar Against:","Australian Dollar Trade-weighted Index"
"1565","FXRTWI","Trade-weighted Index May 1970 = 100","AUS","AUS",1986-03-11,60.2,"D","Index","Indicative","RBA","Daily","Historical Daily Exchange Rates Of The Australian Dollar Against:","Australian Dollar Trade-weighted Index"
"1566","FXRTWI","Trade-weighted Index May 1970 = 100","AUS","AUS",1986-03-12,60.3,"D","Index","Indicative","RBA","Daily","Historical Daily Exchange Rates Of The Australian Dollar Against:","Australian Dollar Trade-weighted Index"
"1567","FXRTWI","Trade-weighted Index May 1970 = 100","AUS","AUS",1986-03-13,60.3,"D","Index","Indicative","RBA","Daily","Historical Daily Exchange Rates Of The Australian Dollar Against:","Australian Dollar Trade-weighted Index"
"1568","FXRTWI","Trade-weighted Index May 1970 = 100","AUS","AUS",1986-03-14,59.9,"D","Index","Indicative","RBA","Daily","Historical Daily Exchange Rates Of The Australian Dollar Against:","Australian Dollar Trade-weighted Index"
"1569","FXRTWI","Trade-weighted Index May 1970 = 100","AUS","AUS",1986-03-17,59.8,"D","Index","Indicative","RBA","Daily","Historical Daily Exchange Rates Of The Australian Dollar Against:","Australian Dollar Trade-weighted Index"
"1570","FXRTWI","Trade-weighted Index May 1970 = 100","AUS","AUS",1986-03-18,60.4,"D","Index","Indicative","RBA","Daily","Historical Daily Exchange Rates Of The Australian Dollar Against:","Australian Dollar Trade-weighted Index"
"1571","FXRTWI","Trade-weighted Index May 1970 = 100","AUS","AUS",1986-03-19,60.5,"D","Index","Indicative","RBA","Daily","Historical Daily Exchange Rates Of The Australian Dollar Against:","Australian Dollar Trade-weighted Index"
"1572","FXRTWI","Trade-weighted Index May 1970 = 100","AUS","AUS",1986-03-20,60.4,"D","Index","Indicative","RBA","Daily","Historical Daily Exchange Rates Of The Australian Dollar Against:","Australian Dollar Trade-weighted Index"
"1573","FXRTWI","Trade-weighted Index May 1970 = 100","AUS","AUS",1986-03-21,60.5,"D","Index","Indicative","RBA","Daily","Historical Daily Exchange Rates Of The Australian Dollar Against:","Australian Dollar Trade-weighted Index"
"1574","FXRTWI","Trade-weighted Index May 1970 = 100","AUS","AUS",1986-03-24,60.9,"D","Index","Indicative","RBA","Daily","Historical Daily Exchange Rates Of The Australian Dollar Against:","Australian Dollar Trade-weighted Index"
"1575","FXRTWI","Trade-weighted Index May 1970 = 100","AUS","AUS",1986-03-25,61.8,"D","Index","Indicative","RBA","Daily","Historical Daily Exchange Rates Of The Australian Dollar Against:","Australian Dollar Trade-weighted Index"
"1576","FXRTWI","Trade-weighted Index May 1970 = 100","AUS","AUS",1986-03-26,61.6,"D","Index","Indicative","RBA","Daily","Historical Daily Exchange Rates Of The Australian Dollar Against:","Australian Dollar Trade-weighted Index"
"1577","FXRTWI","Trade-weighted Index May 1970 = 100","AUS","AUS",1986-03-27,61.1,"D","Index","Indicative","RBA","Daily","Historical Daily Exchange Rates Of The Australian Dollar Against:","Australian Dollar Trade-weighted Index"
"1578","DLCACS","Credit; Total; Seasonally adjusted","AUS","AUS",1986-03-31,160.526,"M","$ billion","Seasonally Adjusted","RBA","Monthly","D2 Lending And Credit Aggregates","Credit; Total; Seasonally adjusted – Includes securitisations – For series breaks see Series Breaks"
"1579","FXRTWI","Trade-weighted Index May 1970 = 100","AUS","AUS",1986-03-31,61.1,"M","Index","Indicative","RBA","Monthly","F11 Exchange Rates","Australian Dollar Trade-weighted Index"
"1580","GCPIOCPMTMQP","Quarterly trimmed mean inflation","AUS","AUS",1986-03-31,2.2,"Q","Per cent","Seasonally Adjusted","ABS","Quarterly","G1 Consumer Price Inflation","Consumer price index; Trimmed mean; Quarterly change (in per cent)"
"1581","GRCPAISDR","Commodity prices – SDR","AUS","AUS",1986-03-31,29.7646188924929,"M","Index, 2023/24=100","Original","RBA","Monthly","I2 Commodity Prices","Index of commodity prices; All items; SDR"
"1582","A2718577A","Credits, Total goods ;","AUS","AUS",1986-04-01,2599,"M","$ Millions","Seasonally Adjusted",NA,"Monthly","TABLE 1. GOODS, Summary: Seasonally adjusted and trend estimates, Current prices",NA
"1583","A2718594C","Balance on goods ;","AUS","AUS",1986-04-01,-484,"M","$ Millions","Seasonally Adjusted",NA,"Monthly","TABLE 1. GOODS, Summary: Seasonally adjusted and trend estimates, Current prices",NA
"1584","FXRTWI","Trade-weighted Index May 1970 = 100","AUS","AUS",1986-04-01,61.3,"D","Index","Indicative","RBA","Daily","Historical Daily Exchange Rates Of The Australian Dollar Against:","Australian Dollar Trade-weighted Index"
"1585","FXRTWI","Trade-weighted Index May 1970 = 100","AUS","AUS",1986-04-02,61.7,"D","Index","Indicative","RBA","Daily","Historical Daily Exchange Rates Of The Australian Dollar Against:","Australian Dollar Trade-weighted Index"
"1586","FXRTWI","Trade-weighted Index May 1970 = 100","AUS","AUS",1986-04-03,61.7,"D","Index","Indicative","RBA","Daily","Historical Daily Exchange Rates Of The Australian Dollar Against:","Australian Dollar Trade-weighted Index"
"1587","FXRTWI","Trade-weighted Index May 1970 = 100","AUS","AUS",1986-04-04,62,"D","Index","Indicative","RBA","Daily","Historical Daily Exchange Rates Of The Australian Dollar Against:","Australian Dollar Trade-weighted Index"
"1588","FXRTWI","Trade-weighted Index May 1970 = 100","AUS","AUS",1986-04-07,62.2,"D","Index","Indicative","RBA","Daily","Historical Daily Exchange Rates Of The Australian Dollar Against:","Australian Dollar Trade-weighted Index"
"1589","FXRTWI","Trade-weighted Index May 1970 = 100","AUS","AUS",1986-04-08,62.2,"D","Index","Indicative","RBA","Daily","Historical Daily Exchange Rates Of The Australian Dollar Against:","Australian Dollar Trade-weighted Index"
"1590","FXRTWI","Trade-weighted Index May 1970 = 100","AUS","AUS",1986-04-09,61.7,"D","Index","Indicative","RBA","Daily","Historical Daily Exchange Rates Of The Australian Dollar Against:","Australian Dollar Trade-weighted Index"
"1591","FXRTWI","Trade-weighted Index May 1970 = 100","AUS","AUS",1986-04-10,61.5,"D","Index","Indicative","RBA","Daily","Historical Daily Exchange Rates Of The Australian Dollar Against:","Australian Dollar Trade-weighted Index"
"1592","FXRTWI","Trade-weighted Index May 1970 = 100","AUS","AUS",1986-04-11,61,"D","Index","Indicative","RBA","Daily","Historical Daily Exchange Rates Of The Australian Dollar Against:","Australian Dollar Trade-weighted Index"
"1593","FXRTWI","Trade-weighted Index May 1970 = 100","AUS","AUS",1986-04-14,61.2,"D","Index","Indicative","RBA","Daily","Historical Daily Exchange Rates Of The Australian Dollar Against:","Australian Dollar Trade-weighted Index"
"1594","FXRTWI","Trade-weighted Index May 1970 = 100","AUS","AUS",1986-04-15,61.1,"D","Index","Indicative","RBA","Daily","Historical Daily Exchange Rates Of The Australian Dollar Against:","Australian Dollar Trade-weighted Index"
"1595","FXRTWI","Trade-weighted Index May 1970 = 100","AUS","AUS",1986-04-16,61.1,"D","Index","Indicative","RBA","Daily","Historical Daily Exchange Rates Of The Australian Dollar Against:","Australian Dollar Trade-weighted Index"
"1596","FXRTWI","Trade-weighted Index May 1970 = 100","AUS","AUS",1986-04-17,60.8,"D","Index","Indicative","RBA","Daily","Historical Daily Exchange Rates Of The Australian Dollar Against:","Australian Dollar Trade-weighted Index"
"1597","FXRTWI","Trade-weighted Index May 1970 = 100","AUS","AUS",1986-04-18,60.5,"D","Index","Indicative","RBA","Daily","Historical Daily Exchange Rates Of The Australian Dollar Against:","Australian Dollar Trade-weighted Index"
"1598","FXRTWI","Trade-weighted Index May 1970 = 100","AUS","AUS",1986-04-21,60.6,"D","Index","Indicative","RBA","Daily","Historical Daily Exchange Rates Of The Australian Dollar Against:","Australian Dollar Trade-weighted Index"
"1599","FXRTWI","Trade-weighted Index May 1970 = 100","AUS","AUS",1986-04-22,60.7,"D","Index","Indicative","RBA","Daily","Historical Daily Exchange Rates Of The Australian Dollar Against:","Australian Dollar Trade-weighted Index"
"1600","FXRTWI","Trade-weighted Index May 1970 = 100","AUS","AUS",1986-04-23,61,"D","Index","Indicative","RBA","Daily","Historical Daily Exchange Rates Of The Australian Dollar Against:","Australian Dollar Trade-weighted Index"
"1601","FXRTWI","Trade-weighted Index May 1970 = 100","AUS","AUS",1986-04-24,60.6,"D","Index","Indicative","RBA","Daily","Historical Daily Exchange Rates Of The Australian Dollar Against:","Australian Dollar Trade-weighted Index"
"1602","FXRTWI","Trade-weighted Index May 1970 = 100","AUS","AUS",1986-04-28,61.3,"D","Index","Indicative","RBA","Daily","Historical Daily Exchange Rates Of The Australian Dollar Against:","Australian Dollar Trade-weighted Index"
"1603","FXRTWI","Trade-weighted Index May 1970 = 100","AUS","AUS",1986-04-29,61.3,"D","Index","Indicative","RBA","Daily","Historical Daily Exchange Rates Of The Australian Dollar Against:","Australian Dollar Trade-weighted Index"
"1604","DLCACS","Credit; Total; Seasonally adjusted","AUS","AUS",1986-04-30,163.516,"M","$ billion","Seasonally Adjusted","RBA","Monthly","D2 Lending And Credit Aggregates","Credit; Total; Seasonally adjusted – Includes securitisations – For series breaks see Series Breaks"
"1605","FXRTWI","Trade-weighted Index May 1970 = 100","AUS","AUS",1986-04-30,61.4,"D","Index","Indicative","RBA","Daily","Historical Daily Exchange Rates Of The Australian Dollar Against:","Australian Dollar Trade-weighted Index"
"1606","FXRTWI","Trade-weighted Index May 1970 = 100","AUS","AUS",1986-04-30,61.4,"M","Index","Indicative","RBA","Monthly","F11 Exchange Rates","Australian Dollar Trade-weighted Index"
"1607","GRCPAISDR","Commodity prices – SDR","AUS","AUS",1986-04-30,29.7052074901192,"M","Index, 2023/24=100","Original","RBA","Monthly","I2 Commodity Prices","Index of commodity prices; All items; SDR"
"1608","A2718577A","Credits, Total goods ;","AUS","AUS",1986-05-01,2607,"M","$ Millions","Seasonally Adjusted",NA,"Monthly","TABLE 1. GOODS, Summary: Seasonally adjusted and trend estimates, Current prices",NA
"1609","A2718594C","Balance on goods ;","AUS","AUS",1986-05-01,-190,"M","$ Millions","Seasonally Adjusted",NA,"Monthly","TABLE 1. GOODS, Summary: Seasonally adjusted and trend estimates, Current prices",NA
"1610","FXRTWI","Trade-weighted Index May 1970 = 100","AUS","AUS",1986-05-01,61.4,"D","Index","Indicative","RBA","Daily","Historical Daily Exchange Rates Of The Australian Dollar Against:","Australian Dollar Trade-weighted Index"
"1611","FXRTWI","Trade-weighted Index May 1970 = 100","AUS","AUS",1986-05-02,61.4,"D","Index","Indicative","RBA","Daily","Historical Daily Exchange Rates Of The Australian Dollar Against:","Australian Dollar Trade-weighted Index"
"1612","FXRTWI","Trade-weighted Index May 1970 = 100","AUS","AUS",1986-05-05,61.4,"D","Index","Indicative","RBA","Daily","Historical Daily Exchange Rates Of The Australian Dollar Against:","Australian Dollar Trade-weighted Index"
"1613","FXRTWI","Trade-weighted Index May 1970 = 100","AUS","AUS",1986-05-06,61.3,"D","Index","Indicative","RBA","Daily","Historical Daily Exchange Rates Of The Australian Dollar Against:","Australian Dollar Trade-weighted Index"
"1614","FXRTWI","Trade-weighted Index May 1970 = 100","AUS","AUS",1986-05-07,61.2,"D","Index","Indicative","RBA","Daily","Historical Daily Exchange Rates Of The Australian Dollar Against:","Australian Dollar Trade-weighted Index"
"1615","FXRTWI","Trade-weighted Index May 1970 = 100","AUS","AUS",1986-05-08,61.2,"D","Index","Indicative","RBA","Daily","Historical Daily Exchange Rates Of The Australian Dollar Against:","Australian Dollar Trade-weighted Index"
"1616","FXRTWI","Trade-weighted Index May 1970 = 100","AUS","AUS",1986-05-09,61.3,"D","Index","Indicative","RBA","Daily","Historical Daily Exchange Rates Of The Australian Dollar Against:","Australian Dollar Trade-weighted Index"
"1617","FXRTWI","Trade-weighted Index May 1970 = 100","AUS","AUS",1986-05-12,61.3,"D","Index","Indicative","RBA","Daily","Historical Daily Exchange Rates Of The Australian Dollar Against:","Australian Dollar Trade-weighted Index"
"1618","FXRTWI","Trade-weighted Index May 1970 = 100","AUS","AUS",1986-05-13,61,"D","Index","Indicative","RBA","Daily","Historical Daily Exchange Rates Of The Australian Dollar Against:","Australian Dollar Trade-weighted Index"
"1619","FXRTWI","Trade-weighted Index May 1970 = 100","AUS","AUS",1986-05-14,59.1,"D","Index","Indicative","RBA","Daily","Historical Daily Exchange Rates Of The Australian Dollar Against:","Australian Dollar Trade-weighted Index"
"1620","FXRTWI","Trade-weighted Index May 1970 = 100","AUS","AUS",1986-05-15,59.3,"D","Index","Indicative","RBA","Daily","Historical Daily Exchange Rates Of The Australian Dollar Against:","Australian Dollar Trade-weighted Index"
"1621","FXRTWI","Trade-weighted Index May 1970 = 100","AUS","AUS",1986-05-16,59.7,"D","Index","Indicative","RBA","Daily","Historical Daily Exchange Rates Of The Australian Dollar Against:","Australian Dollar Trade-weighted Index"
"1622","FXRTWI","Trade-weighted Index May 1970 = 100","AUS","AUS",1986-05-19,60.5,"D","Index","Indicative","RBA","Daily","Historical Daily Exchange Rates Of The Australian Dollar Against:","Australian Dollar Trade-weighted Index"
"1623","FXRTWI","Trade-weighted Index May 1970 = 100","AUS","AUS",1986-05-20,60.7,"D","Index","Indicative","RBA","Daily","Historical Daily Exchange Rates Of The Australian Dollar Against:","Australian Dollar Trade-weighted Index"
"1624","FXRTWI","Trade-weighted Index May 1970 = 100","AUS","AUS",1986-05-21,60.8,"D","Index","Indicative","RBA","Daily","Historical Daily Exchange Rates Of The Australian Dollar Against:","Australian Dollar Trade-weighted Index"
"1625","FXRTWI","Trade-weighted Index May 1970 = 100","AUS","AUS",1986-05-22,60,"D","Index","Indicative","RBA","Daily","Historical Daily Exchange Rates Of The Australian Dollar Against:","Australian Dollar Trade-weighted Index"
"1626","FXRTWI","Trade-weighted Index May 1970 = 100","AUS","AUS",1986-05-23,60.3,"D","Index","Indicative","RBA","Daily","Historical Daily Exchange Rates Of The Australian Dollar Against:","Australian Dollar Trade-weighted Index"
"1627","FXRTWI","Trade-weighted Index May 1970 = 100","AUS","AUS",1986-05-26,60.6,"D","Index","Indicative","RBA","Daily","Historical Daily Exchange Rates Of The Australian Dollar Against:","Australian Dollar Trade-weighted Index"
"1628","FXRTWI","Trade-weighted Index May 1970 = 100","AUS","AUS",1986-05-27,60.9,"D","Index","Indicative","RBA","Daily","Historical Daily Exchange Rates Of The Australian Dollar Against:","Australian Dollar Trade-weighted Index"
"1629","FXRTWI","Trade-weighted Index May 1970 = 100","AUS","AUS",1986-05-28,60.8,"D","Index","Indicative","RBA","Daily","Historical Daily Exchange Rates Of The Australian Dollar Against:","Australian Dollar Trade-weighted Index"
"1630","FXRTWI","Trade-weighted Index May 1970 = 100","AUS","AUS",1986-05-29,60.8,"D","Index","Indicative","RBA","Daily","Historical Daily Exchange Rates Of The Australian Dollar Against:","Australian Dollar Trade-weighted Index"
"1631","FXRTWI","Trade-weighted Index May 1970 = 100","AUS","AUS",1986-05-30,60.7,"D","Index","Indicative","RBA","Daily","Historical Daily Exchange Rates Of The Australian Dollar Against:","Australian Dollar Trade-weighted Index"
"1632","DLCACS","Credit; Total; Seasonally adjusted","AUS","AUS",1986-05-31,165.766,"M","$ billion","Seasonally Adjusted","RBA","Monthly","D2 Lending And Credit Aggregates","Credit; Total; Seasonally adjusted – Includes securitisations – For series breaks see Series Breaks"
"1633","FXRTWI","Trade-weighted Index May 1970 = 100","AUS","AUS",1986-05-31,60.7,"M","Index","Indicative","RBA","Monthly","F11 Exchange Rates","Australian Dollar Trade-weighted Index"
"1634","GRCPAISDR","Commodity prices – SDR","AUS","AUS",1986-05-31,29.1091478871412,"M","Index, 2023/24=100","Original","RBA","Monthly","I2 Commodity Prices","Index of commodity prices; All items; SDR"
"1635","A2302956R","South Australia ; STATE FINAL DEMAND ;","SA","SA",1986-06-01,14737,"Q","$ Millions","Seasonally Adjusted",NA,"Quarterly","Table 25. State Final Demand, Summary Components by State: Chain volume measures",NA
"1636","A2302984X","Western Australia ; STATE FINAL DEMAND ;","WA","WA",1986-06-01,17983,"Q","$ Millions","Seasonally Adjusted",NA,"Quarterly","Table 25. State Final Demand, Summary Components by State: Chain volume measures",NA
"1637","A2303012X","Tasmania ; STATE FINAL DEMAND ;","TAS","TAS",1986-06-01,4995,"Q","$ Millions","Seasonally Adjusted",NA,"Quarterly","Table 25. State Final Demand, Summary Components by State: Chain volume measures",NA
"1638","A2303040J","Northern Territory ; STATE FINAL DEMAND ;","NT","NT",1986-06-01,2712,"Q","$ Millions","Seasonally Adjusted",NA,"Quarterly","Table 25. State Final Demand, Summary Components by State: Chain volume measures",NA
"1639","A2303068K","Australian Capital Territory ; STATE FINAL DEMAND ;","ACT","ACT",1986-06-01,4447,"Q","$ Millions","Seasonally Adjusted",NA,"Quarterly","Table 25. State Final Demand, Summary Components by State: Chain volume measures",NA
"1640","A2303111F","New South Wales ; STATE FINAL DEMAND ;","NSW","NSW",1986-06-01,65688,"Q","$ Millions","Seasonally Adjusted",NA,"Quarterly","Table 25. State Final Demand, Summary Components by State: Chain volume measures",NA
"1641","A2303139J","Victoria ; STATE FINAL DEMAND ;","VIC","VIC",1986-06-01,47459,"Q","$ Millions","Seasonally Adjusted",NA,"Quarterly","Table 25. State Final Demand, Summary Components by State: Chain volume measures",NA
"1642","A2303187A","Queensland ; STATE FINAL DEMAND ;","QLD","QLD",1986-06-01,29223,"Q","$ Millions","Seasonally Adjusted",NA,"Quarterly","Table 25. State Final Demand, Summary Components by State: Chain volume measures",NA
"1643","A2304418T","Gross domestic product: Current prices ;","AUS","AUS",1986-06-01,67029,"Q","$ Millions","Seasonally Adjusted",NA,"Quarterly","Table 1. Key National Accounts Aggregates",NA
"1644","A2325846C","Index Numbers ; All groups CPI ; Australia ;","AUS","AUS",1986-06-01,42.1,"Q","Index Numbers","Original",NA,"Quarterly","TABLES 1 and 2. CPI: All Groups, Index Numbers and Percentage Changes",NA
"1645","A2718577A","Credits, Total goods ;","AUS","AUS",1986-06-01,2543,"M","$ Millions","Seasonally Adjusted",NA,"Monthly","TABLE 1. GOODS, Summary: Seasonally adjusted and trend estimates, Current prices",NA
"1646","A2718594C","Balance on goods ;","AUS","AUS",1986-06-01,-243,"M","$ Millions","Seasonally Adjusted",NA,"Monthly","TABLE 1. GOODS, Summary: Seasonally adjusted and trend estimates, Current prices",NA
"1647","FXRTWI","Trade-weighted Index May 1970 = 100","AUS","AUS",1986-06-02,60.6,"D","Index","Indicative","RBA","Daily","Historical Daily Exchange Rates Of The Australian Dollar Against:","Australian Dollar Trade-weighted Index"
"1648","FXRTWI","Trade-weighted Index May 1970 = 100","AUS","AUS",1986-06-03,60.1,"D","Index","Indicative","RBA","Daily","Historical Daily Exchange Rates Of The Australian Dollar Against:","Australian Dollar Trade-weighted Index"
"1649","FXRTWI","Trade-weighted Index May 1970 = 100","AUS","AUS",1986-06-04,59.2,"D","Index","Indicative","RBA","Daily","Historical Daily Exchange Rates Of The Australian Dollar Against:","Australian Dollar Trade-weighted Index"
"1650","FXRTWI","Trade-weighted Index May 1970 = 100","AUS","AUS",1986-06-05,59.2,"D","Index","Indicative","RBA","Daily","Historical Daily Exchange Rates Of The Australian Dollar Against:","Australian Dollar Trade-weighted Index"
"1651","FXRTWI","Trade-weighted Index May 1970 = 100","AUS","AUS",1986-06-06,57.9,"D","Index","Indicative","RBA","Daily","Historical Daily Exchange Rates Of The Australian Dollar Against:","Australian Dollar Trade-weighted Index"
"1652","FXRTWI","Trade-weighted Index May 1970 = 100","AUS","AUS",1986-06-10,58,"D","Index","Indicative","RBA","Daily","Historical Daily Exchange Rates Of The Australian Dollar Against:","Australian Dollar Trade-weighted Index"
"1653","FXRTWI","Trade-weighted Index May 1970 = 100","AUS","AUS",1986-06-11,58.2,"D","Index","Indicative","RBA","Daily","Historical Daily Exchange Rates Of The Australian Dollar Against:","Australian Dollar Trade-weighted Index"
"1654","FXRTWI","Trade-weighted Index May 1970 = 100","AUS","AUS",1986-06-12,57.4,"D","Index","Indicative","RBA","Daily","Historical Daily Exchange Rates Of The Australian Dollar Against:","Australian Dollar Trade-weighted Index"
"1655","FXRTWI","Trade-weighted Index May 1970 = 100","AUS","AUS",1986-06-13,57.8,"D","Index","Indicative","RBA","Daily","Historical Daily Exchange Rates Of The Australian Dollar Against:","Australian Dollar Trade-weighted Index"
"1656","FXRTWI","Trade-weighted Index May 1970 = 100","AUS","AUS",1986-06-16,58,"D","Index","Indicative","RBA","Daily","Historical Daily Exchange Rates Of The Australian Dollar Against:","Australian Dollar Trade-weighted Index"
"1657","FXRTWI","Trade-weighted Index May 1970 = 100","AUS","AUS",1986-06-17,58.4,"D","Index","Indicative","RBA","Daily","Historical Daily Exchange Rates Of The Australian Dollar Against:","Australian Dollar Trade-weighted Index"
"1658","FXRTWI","Trade-weighted Index May 1970 = 100","AUS","AUS",1986-06-18,58.2,"D","Index","Indicative","RBA","Daily","Historical Daily Exchange Rates Of The Australian Dollar Against:","Australian Dollar Trade-weighted Index"
"1659","FXRTWI","Trade-weighted Index May 1970 = 100","AUS","AUS",1986-06-19,58.3,"D","Index","Indicative","RBA","Daily","Historical Daily Exchange Rates Of The Australian Dollar Against:","Australian Dollar Trade-weighted Index"
"1660","FXRTWI","Trade-weighted Index May 1970 = 100","AUS","AUS",1986-06-20,58.3,"D","Index","Indicative","RBA","Daily","Historical Daily Exchange Rates Of The Australian Dollar Against:","Australian Dollar Trade-weighted Index"
"1661","FXRTWI","Trade-weighted Index May 1970 = 100","AUS","AUS",1986-06-23,57.7,"D","Index","Indicative","RBA","Daily","Historical Daily Exchange Rates Of The Australian Dollar Against:","Australian Dollar Trade-weighted Index"
"1662","FXRTWI","Trade-weighted Index May 1970 = 100","AUS","AUS",1986-06-24,57.2,"D","Index","Indicative","RBA","Daily","Historical Daily Exchange Rates Of The Australian Dollar Against:","Australian Dollar Trade-weighted Index"
"1663","FXRTWI","Trade-weighted Index May 1970 = 100","AUS","AUS",1986-06-25,55.8,"D","Index","Indicative","RBA","Daily","Historical Daily Exchange Rates Of The Australian Dollar Against:","Australian Dollar Trade-weighted Index"
"1664","FXRTWI","Trade-weighted Index May 1970 = 100","AUS","AUS",1986-06-26,56.3,"D","Index","Indicative","RBA","Daily","Historical Daily Exchange Rates Of The Australian Dollar Against:","Australian Dollar Trade-weighted Index"
"1665","FXRTWI","Trade-weighted Index May 1970 = 100","AUS","AUS",1986-06-27,56.2,"D","Index","Indicative","RBA","Daily","Historical Daily Exchange Rates Of The Australian Dollar Against:","Australian Dollar Trade-weighted Index"
"1666","DLCACS","Credit; Total; Seasonally adjusted","AUS","AUS",1986-06-30,167.705,"M","$ billion","Seasonally Adjusted","RBA","Monthly","D2 Lending And Credit Aggregates","Credit; Total; Seasonally adjusted – Includes securitisations – For series breaks see Series Breaks"
"1667","FXRTWI","Trade-weighted Index May 1970 = 100","AUS","AUS",1986-06-30,56.3,"D","Index","Indicative","RBA","Daily","Historical Daily Exchange Rates Of The Australian Dollar Against:","Australian Dollar Trade-weighted Index"
"1668","FXRTWI","Trade-weighted Index May 1970 = 100","AUS","AUS",1986-06-30,56.3,"M","Index","Indicative","RBA","Monthly","F11 Exchange Rates","Australian Dollar Trade-weighted Index"
"1669","GCPIOCPMTMQP","Quarterly trimmed mean inflation","AUS","AUS",1986-06-30,2,"Q","Per cent","Seasonally Adjusted","ABS","Quarterly","G1 Consumer Price Inflation","Consumer price index; Trimmed mean; Quarterly change (in per cent)"
"1670","GRCPAISDR","Commodity prices – SDR","AUS","AUS",1986-06-30,27.9939239397255,"M","Index, 2023/24=100","Original","RBA","Monthly","I2 Commodity Prices","Index of commodity prices; All items; SDR"
"1671","A2718577A","Credits, Total goods ;","AUS","AUS",1986-07-01,2750,"M","$ Millions","Seasonally Adjusted",NA,"Monthly","TABLE 1. GOODS, Summary: Seasonally adjusted and trend estimates, Current prices",NA
"1672","A2718594C","Balance on goods ;","AUS","AUS",1986-07-01,-121,"M","$ Millions","Seasonally Adjusted",NA,"Monthly","TABLE 1. GOODS, Summary: Seasonally adjusted and trend estimates, Current prices",NA
"1673","FXRTWI","Trade-weighted Index May 1970 = 100","AUS","AUS",1986-07-01,55.2,"D","Index","Indicative","RBA","Daily","Historical Daily Exchange Rates Of The Australian Dollar Against:","Australian Dollar Trade-weighted Index"
"1674","FXRTWI","Trade-weighted Index May 1970 = 100","AUS","AUS",1986-07-02,54.9,"D","Index","Indicative","RBA","Daily","Historical Daily Exchange Rates Of The Australian Dollar Against:","Australian Dollar Trade-weighted Index"
"1675","FXRTWI","Trade-weighted Index May 1970 = 100","AUS","AUS",1986-07-03,52.6,"D","Index","Indicative","RBA","Daily","Historical Daily Exchange Rates Of The Australian Dollar Against:","Australian Dollar Trade-weighted Index"
"1676","FXRTWI","Trade-weighted Index May 1970 = 100","AUS","AUS",1986-07-04,53.4,"D","Index","Indicative","RBA","Daily","Historical Daily Exchange Rates Of The Australian Dollar Against:","Australian Dollar Trade-weighted Index"
"1677","FXRTWI","Trade-weighted Index May 1970 = 100","AUS","AUS",1986-07-07,53.4,"D","Index","Indicative","RBA","Daily","Historical Daily Exchange Rates Of The Australian Dollar Against:","Australian Dollar Trade-weighted Index"
"1678","FXRTWI","Trade-weighted Index May 1970 = 100","AUS","AUS",1986-07-08,52.3,"D","Index","Indicative","RBA","Daily","Historical Daily Exchange Rates Of The Australian Dollar Against:","Australian Dollar Trade-weighted Index"
"1679","FXRTWI","Trade-weighted Index May 1970 = 100","AUS","AUS",1986-07-09,52.4,"D","Index","Indicative","RBA","Daily","Historical Daily Exchange Rates Of The Australian Dollar Against:","Australian Dollar Trade-weighted Index"
"1680","FXRTWI","Trade-weighted Index May 1970 = 100","AUS","AUS",1986-07-10,53.1,"D","Index","Indicative","RBA","Daily","Historical Daily Exchange Rates Of The Australian Dollar Against:","Australian Dollar Trade-weighted Index"
"1681","FXRTWI","Trade-weighted Index May 1970 = 100","AUS","AUS",1986-07-11,53.1,"D","Index","Indicative","RBA","Daily","Historical Daily Exchange Rates Of The Australian Dollar Against:","Australian Dollar Trade-weighted Index"
"1682","FXRTWI","Trade-weighted Index May 1970 = 100","AUS","AUS",1986-07-14,53.7,"D","Index","Indicative","RBA","Daily","Historical Daily Exchange Rates Of The Australian Dollar Against:","Australian Dollar Trade-weighted Index"
"1683","FXRTWI","Trade-weighted Index May 1970 = 100","AUS","AUS",1986-07-15,53.6,"D","Index","Indicative","RBA","Daily","Historical Daily Exchange Rates Of The Australian Dollar Against:","Australian Dollar Trade-weighted Index"
"1684","FXRTWI","Trade-weighted Index May 1970 = 100","AUS","AUS",1986-07-16,53,"D","Index","Indicative","RBA","Daily","Historical Daily Exchange Rates Of The Australian Dollar Against:","Australian Dollar Trade-weighted Index"
"1685","FXRTWI","Trade-weighted Index May 1970 = 100","AUS","AUS",1986-07-17,52.6,"D","Index","Indicative","RBA","Daily","Historical Daily Exchange Rates Of The Australian Dollar Against:","Australian Dollar Trade-weighted Index"
"1686","FXRTWI","Trade-weighted Index May 1970 = 100","AUS","AUS",1986-07-18,52.9,"D","Index","Indicative","RBA","Daily","Historical Daily Exchange Rates Of The Australian Dollar Against:","Australian Dollar Trade-weighted Index"
"1687","FXRTWI","Trade-weighted Index May 1970 = 100","AUS","AUS",1986-07-21,52.9,"D","Index","Indicative","RBA","Daily","Historical Daily Exchange Rates Of The Australian Dollar Against:","Australian Dollar Trade-weighted Index"
"1688","FXRTWI","Trade-weighted Index May 1970 = 100","AUS","AUS",1986-07-22,52.6,"D","Index","Indicative","RBA","Daily","Historical Daily Exchange Rates Of The Australian Dollar Against:","Australian Dollar Trade-weighted Index"
"1689","FXRTWI","Trade-weighted Index May 1970 = 100","AUS","AUS",1986-07-23,51.8,"D","Index","Indicative","RBA","Daily","Historical Daily Exchange Rates Of The Australian Dollar Against:","Australian Dollar Trade-weighted Index"
"1690","FXRTWI","Trade-weighted Index May 1970 = 100","AUS","AUS",1986-07-24,50.7,"D","Index","Indicative","RBA","Daily","Historical Daily Exchange Rates Of The Australian Dollar Against:","Australian Dollar Trade-weighted Index"
"1691","FXRTWI","Trade-weighted Index May 1970 = 100","AUS","AUS",1986-07-25,50.5,"D","Index","Indicative","RBA","Daily","Historical Daily Exchange Rates Of The Australian Dollar Against:","Australian Dollar Trade-weighted Index"
"1692","FXRTWI","Trade-weighted Index May 1970 = 100","AUS","AUS",1986-07-28,50.2,"D","Index","Indicative","RBA","Daily","Historical Daily Exchange Rates Of The Australian Dollar Against:","Australian Dollar Trade-weighted Index"
"1693","FXRTWI","Trade-weighted Index May 1970 = 100","AUS","AUS",1986-07-29,50.3,"D","Index","Indicative","RBA","Daily","Historical Daily Exchange Rates Of The Australian Dollar Against:","Australian Dollar Trade-weighted Index"
"1694","FXRTWI","Trade-weighted Index May 1970 = 100","AUS","AUS",1986-07-30,50.3,"D","Index","Indicative","RBA","Daily","Historical Daily Exchange Rates Of The Australian Dollar Against:","Australian Dollar Trade-weighted Index"
"1695","DLCACS","Credit; Total; Seasonally adjusted","AUS","AUS",1986-07-31,172.791,"M","$ billion","Seasonally Adjusted","RBA","Monthly","D2 Lending And Credit Aggregates","Credit; Total; Seasonally adjusted – Includes securitisations – For series breaks see Series Breaks"
"1696","FXRTWI","Trade-weighted Index May 1970 = 100","AUS","AUS",1986-07-31,49.3,"D","Index","Indicative","RBA","Daily","Historical Daily Exchange Rates Of The Australian Dollar Against:","Australian Dollar Trade-weighted Index"
"1697","FXRTWI","Trade-weighted Index May 1970 = 100","AUS","AUS",1986-07-31,49.3,"M","Index","Indicative","RBA","Monthly","F11 Exchange Rates","Australian Dollar Trade-weighted Index"
"1698","GRCPAISDR","Commodity prices – SDR","AUS","AUS",1986-07-31,26.0427011297101,"M","Index, 2023/24=100","Original","RBA","Monthly","I2 Commodity Prices","Index of commodity prices; All items; SDR"
"1699","A2718577A","Credits, Total goods ;","AUS","AUS",1986-08-01,3015,"M","$ Millions","Seasonally Adjusted",NA,"Monthly","TABLE 1. GOODS, Summary: Seasonally adjusted and trend estimates, Current prices",NA
"1700","A2718594C","Balance on goods ;","AUS","AUS",1986-08-01,13,"M","$ Millions","Seasonally Adjusted",NA,"Monthly","TABLE 1. GOODS, Summary: Seasonally adjusted and trend estimates, Current prices",NA
"1701","FXRTWI","Trade-weighted Index May 1970 = 100","AUS","AUS",1986-08-01,49.6,"D","Index","Indicative","RBA","Daily","Historical Daily Exchange Rates Of The Australian Dollar Against:","Australian Dollar Trade-weighted Index"
"1702","FXRTWI","Trade-weighted Index May 1970 = 100","AUS","AUS",1986-08-04,49.8,"D","Index","Indicative","RBA","Daily","Historical Daily Exchange Rates Of The Australian Dollar Against:","Australian Dollar Trade-weighted Index"
"1703","FXRTWI","Trade-weighted Index May 1970 = 100","AUS","AUS",1986-08-05,50.5,"D","Index","Indicative","RBA","Daily","Historical Daily Exchange Rates Of The Australian Dollar Against:","Australian Dollar Trade-weighted Index"
"1704","FXRTWI","Trade-weighted Index May 1970 = 100","AUS","AUS",1986-08-06,50.8,"D","Index","Indicative","RBA","Daily","Historical Daily Exchange Rates Of The Australian Dollar Against:","Australian Dollar Trade-weighted Index"
"1705","FXRTWI","Trade-weighted Index May 1970 = 100","AUS","AUS",1986-08-07,50.4,"D","Index","Indicative","RBA","Daily","Historical Daily Exchange Rates Of The Australian Dollar Against:","Australian Dollar Trade-weighted Index"
"1706","FXRTWI","Trade-weighted Index May 1970 = 100","AUS","AUS",1986-08-08,50.2,"D","Index","Indicative","RBA","Daily","Historical Daily Exchange Rates Of The Australian Dollar Against:","Australian Dollar Trade-weighted Index"
"1707","FXRTWI","Trade-weighted Index May 1970 = 100","AUS","AUS",1986-08-11,49.9,"D","Index","Indicative","RBA","Daily","Historical Daily Exchange Rates Of The Australian Dollar Against:","Australian Dollar Trade-weighted Index"
"1708","FXRTWI","Trade-weighted Index May 1970 = 100","AUS","AUS",1986-08-12,49.9,"D","Index","Indicative","RBA","Daily","Historical Daily Exchange Rates Of The Australian Dollar Against:","Australian Dollar Trade-weighted Index"
"1709","FXRTWI","Trade-weighted Index May 1970 = 100","AUS","AUS",1986-08-13,50.6,"D","Index","Indicative","RBA","Daily","Historical Daily Exchange Rates Of The Australian Dollar Against:","Australian Dollar Trade-weighted Index"
"1710","FXRTWI","Trade-weighted Index May 1970 = 100","AUS","AUS",1986-08-14,50.4,"D","Index","Indicative","RBA","Daily","Historical Daily Exchange Rates Of The Australian Dollar Against:","Australian Dollar Trade-weighted Index"
"1711","FXRTWI","Trade-weighted Index May 1970 = 100","AUS","AUS",1986-08-15,51.6,"D","Index","Indicative","RBA","Daily","Historical Daily Exchange Rates Of The Australian Dollar Against:","Australian Dollar Trade-weighted Index"
"1712","FXRTWI","Trade-weighted Index May 1970 = 100","AUS","AUS",1986-08-18,51.5,"D","Index","Indicative","RBA","Daily","Historical Daily Exchange Rates Of The Australian Dollar Against:","Australian Dollar Trade-weighted Index"
"1713","FXRTWI","Trade-weighted Index May 1970 = 100","AUS","AUS",1986-08-19,51.7,"D","Index","Indicative","RBA","Daily","Historical Daily Exchange Rates Of The Australian Dollar Against:","Australian Dollar Trade-weighted Index"
"1714","FXRTWI","Trade-weighted Index May 1970 = 100","AUS","AUS",1986-08-20,50.5,"D","Index","Indicative","RBA","Daily","Historical Daily Exchange Rates Of The Australian Dollar Against:","Australian Dollar Trade-weighted Index"
"1715","FXRTWI","Trade-weighted Index May 1970 = 100","AUS","AUS",1986-08-21,50.3,"D","Index","Indicative","RBA","Daily","Historical Daily Exchange Rates Of The Australian Dollar Against:","Australian Dollar Trade-weighted Index"
"1716","FXRTWI","Trade-weighted Index May 1970 = 100","AUS","AUS",1986-08-22,50,"D","Index","Indicative","RBA","Daily","Historical Daily Exchange Rates Of The Australian Dollar Against:","Australian Dollar Trade-weighted Index"
"1717","FXRTWI","Trade-weighted Index May 1970 = 100","AUS","AUS",1986-08-25,49.8,"D","Index","Indicative","RBA","Daily","Historical Daily Exchange Rates Of The Australian Dollar Against:","Australian Dollar Trade-weighted Index"
"1718","FXRTWI","Trade-weighted Index May 1970 = 100","AUS","AUS",1986-08-26,50,"D","Index","Indicative","RBA","Daily","Historical Daily Exchange Rates Of The Australian Dollar Against:","Australian Dollar Trade-weighted Index"
"1719","FXRTWI","Trade-weighted Index May 1970 = 100","AUS","AUS",1986-08-27,50.2,"D","Index","Indicative","RBA","Daily","Historical Daily Exchange Rates Of The Australian Dollar Against:","Australian Dollar Trade-weighted Index"
"1720","FXRTWI","Trade-weighted Index May 1970 = 100","AUS","AUS",1986-08-28,50.1,"D","Index","Indicative","RBA","Daily","Historical Daily Exchange Rates Of The Australian Dollar Against:","Australian Dollar Trade-weighted Index"
"1721","FXRTWI","Trade-weighted Index May 1970 = 100","AUS","AUS",1986-08-29,50.3,"D","Index","Indicative","RBA","Daily","Historical Daily Exchange Rates Of The Australian Dollar Against:","Australian Dollar Trade-weighted Index"
"1722","DLCACS","Credit; Total; Seasonally adjusted","AUS","AUS",1986-08-31,176.558,"M","$ billion","Seasonally Adjusted","RBA","Monthly","D2 Lending And Credit Aggregates","Credit; Total; Seasonally adjusted – Includes securitisations – For series breaks see Series Breaks"
"1723","FXRTWI","Trade-weighted Index May 1970 = 100","AUS","AUS",1986-08-31,50.3,"M","Index","Indicative","RBA","Monthly","F11 Exchange Rates","Australian Dollar Trade-weighted Index"
"1724","GRCPAISDR","Commodity prices – SDR","AUS","AUS",1986-08-31,26.2182497266634,"M","Index, 2023/24=100","Original","RBA","Monthly","I2 Commodity Prices","Index of commodity prices; All items; SDR"
"1725","A2302956R","South Australia ; STATE FINAL DEMAND ;","SA","SA",1986-09-01,14549,"Q","$ Millions","Seasonally Adjusted",NA,"Quarterly","Table 25. State Final Demand, Summary Components by State: Chain volume measures",NA
"1726","A2302984X","Western Australia ; STATE FINAL DEMAND ;","WA","WA",1986-09-01,17999,"Q","$ Millions","Seasonally Adjusted",NA,"Quarterly","Table 25. State Final Demand, Summary Components by State: Chain volume measures",NA
"1727","A2303012X","Tasmania ; STATE FINAL DEMAND ;","TAS","TAS",1986-09-01,4928,"Q","$ Millions","Seasonally Adjusted",NA,"Quarterly","Table 25. State Final Demand, Summary Components by State: Chain volume measures",NA
"1728","A2303040J","Northern Territory ; STATE FINAL DEMAND ;","NT","NT",1986-09-01,2541,"Q","$ Millions","Seasonally Adjusted",NA,"Quarterly","Table 25. State Final Demand, Summary Components by State: Chain volume measures",NA
"1729","A2303068K","Australian Capital Territory ; STATE FINAL DEMAND ;","ACT","ACT",1986-09-01,4786,"Q","$ Millions","Seasonally Adjusted",NA,"Quarterly","Table 25. State Final Demand, Summary Components by State: Chain volume measures",NA
"1730","A2303111F","New South Wales ; STATE FINAL DEMAND ;","NSW","NSW",1986-09-01,65971,"Q","$ Millions","Seasonally Adjusted",NA,"Quarterly","Table 25. State Final Demand, Summary Components by State: Chain volume measures",NA
"1731","A2303139J","Victoria ; STATE FINAL DEMAND ;","VIC","VIC",1986-09-01,47159,"Q","$ Millions","Seasonally Adjusted",NA,"Quarterly","Table 25. State Final Demand, Summary Components by State: Chain volume measures",NA
"1732","A2303187A","Queensland ; STATE FINAL DEMAND ;","QLD","QLD",1986-09-01,29452,"Q","$ Millions","Seasonally Adjusted",NA,"Quarterly","Table 25. State Final Demand, Summary Components by State: Chain volume measures",NA
"1733","A2304418T","Gross domestic product: Current prices ;","AUS","AUS",1986-09-01,68265,"Q","$ Millions","Seasonally Adjusted",NA,"Quarterly","Table 1. Key National Accounts Aggregates",NA
"1734","A2325846C","Index Numbers ; All groups CPI ; Australia ;","AUS","AUS",1986-09-01,43.2,"Q","Index Numbers","Original",NA,"Quarterly","TABLES 1 and 2. CPI: All Groups, Index Numbers and Percentage Changes",NA
"1735","A2718577A","Credits, Total goods ;","AUS","AUS",1986-09-01,3023,"M","$ Millions","Seasonally Adjusted",NA,"Monthly","TABLE 1. GOODS, Summary: Seasonally adjusted and trend estimates, Current prices",NA
"1736","A2718594C","Balance on goods ;","AUS","AUS",1986-09-01,-319,"M","$ Millions","Seasonally Adjusted",NA,"Monthly","TABLE 1. GOODS, Summary: Seasonally adjusted and trend estimates, Current prices",NA
"1737","FXRTWI","Trade-weighted Index May 1970 = 100","AUS","AUS",1986-09-01,50.1,"D","Index","Indicative","RBA","Daily","Historical Daily Exchange Rates Of The Australian Dollar Against:","Australian Dollar Trade-weighted Index"
"1738","FXRTWI","Trade-weighted Index May 1970 = 100","AUS","AUS",1986-09-02,50.1,"D","Index","Indicative","RBA","Daily","Historical Daily Exchange Rates Of The Australian Dollar Against:","Australian Dollar Trade-weighted Index"
"1739","FXRTWI","Trade-weighted Index May 1970 = 100","AUS","AUS",1986-09-03,50.1,"D","Index","Indicative","RBA","Daily","Historical Daily Exchange Rates Of The Australian Dollar Against:","Australian Dollar Trade-weighted Index"
"1740","FXRTWI","Trade-weighted Index May 1970 = 100","AUS","AUS",1986-09-04,50.6,"D","Index","Indicative","RBA","Daily","Historical Daily Exchange Rates Of The Australian Dollar Against:","Australian Dollar Trade-weighted Index"
"1741","FXRTWI","Trade-weighted Index May 1970 = 100","AUS","AUS",1986-09-05,50.6,"D","Index","Indicative","RBA","Daily","Historical Daily Exchange Rates Of The Australian Dollar Against:","Australian Dollar Trade-weighted Index"
"1742","FXRTWI","Trade-weighted Index May 1970 = 100","AUS","AUS",1986-09-08,50.8,"D","Index","Indicative","RBA","Daily","Historical Daily Exchange Rates Of The Australian Dollar Against:","Australian Dollar Trade-weighted Index"
"1743","FXRTWI","Trade-weighted Index May 1970 = 100","AUS","AUS",1986-09-09,50.7,"D","Index","Indicative","RBA","Daily","Historical Daily Exchange Rates Of The Australian Dollar Against:","Australian Dollar Trade-weighted Index"
"1744","FXRTWI","Trade-weighted Index May 1970 = 100","AUS","AUS",1986-09-10,50.6,"D","Index","Indicative","RBA","Daily","Historical Daily Exchange Rates Of The Australian Dollar Against:","Australian Dollar Trade-weighted Index"
"1745","FXRTWI","Trade-weighted Index May 1970 = 100","AUS","AUS",1986-09-11,51,"D","Index","Indicative","RBA","Daily","Historical Daily Exchange Rates Of The Australian Dollar Against:","Australian Dollar Trade-weighted Index"
"1746","FXRTWI","Trade-weighted Index May 1970 = 100","AUS","AUS",1986-09-12,51.3,"D","Index","Indicative","RBA","Daily","Historical Daily Exchange Rates Of The Australian Dollar Against:","Australian Dollar Trade-weighted Index"
"1747","FXRTWI","Trade-weighted Index May 1970 = 100","AUS","AUS",1986-09-15,52,"D","Index","Indicative","RBA","Daily","Historical Daily Exchange Rates Of The Australian Dollar Against:","Australian Dollar Trade-weighted Index"
"1748","FXRTWI","Trade-weighted Index May 1970 = 100","AUS","AUS",1986-09-16,52,"D","Index","Indicative","RBA","Daily","Historical Daily Exchange Rates Of The Australian Dollar Against:","Australian Dollar Trade-weighted Index"
"1749","FXRTWI","Trade-weighted Index May 1970 = 100","AUS","AUS",1986-09-17,51.8,"D","Index","Indicative","RBA","Daily","Historical Daily Exchange Rates Of The Australian Dollar Against:","Australian Dollar Trade-weighted Index"
"1750","FXRTWI","Trade-weighted Index May 1970 = 100","AUS","AUS",1986-09-18,51.7,"D","Index","Indicative","RBA","Daily","Historical Daily Exchange Rates Of The Australian Dollar Against:","Australian Dollar Trade-weighted Index"
"1751","FXRTWI","Trade-weighted Index May 1970 = 100","AUS","AUS",1986-09-19,51.8,"D","Index","Indicative","RBA","Daily","Historical Daily Exchange Rates Of The Australian Dollar Against:","Australian Dollar Trade-weighted Index"
"1752","FXRTWI","Trade-weighted Index May 1970 = 100","AUS","AUS",1986-09-22,52,"D","Index","Indicative","RBA","Daily","Historical Daily Exchange Rates Of The Australian Dollar Against:","Australian Dollar Trade-weighted Index"
"1753","FXRTWI","Trade-weighted Index May 1970 = 100","AUS","AUS",1986-09-23,52.4,"D","Index","Indicative","RBA","Daily","Historical Daily Exchange Rates Of The Australian Dollar Against:","Australian Dollar Trade-weighted Index"
"1754","FXRTWI","Trade-weighted Index May 1970 = 100","AUS","AUS",1986-09-24,52.4,"D","Index","Indicative","RBA","Daily","Historical Daily Exchange Rates Of The Australian Dollar Against:","Australian Dollar Trade-weighted Index"
"1755","FXRTWI","Trade-weighted Index May 1970 = 100","AUS","AUS",1986-09-25,52.5,"D","Index","Indicative","RBA","Daily","Historical Daily Exchange Rates Of The Australian Dollar Against:","Australian Dollar Trade-weighted Index"
"1756","FXRTWI","Trade-weighted Index May 1970 = 100","AUS","AUS",1986-09-26,52.3,"D","Index","Indicative","RBA","Daily","Historical Daily Exchange Rates Of The Australian Dollar Against:","Australian Dollar Trade-weighted Index"
"1757","FXRTWI","Trade-weighted Index May 1970 = 100","AUS","AUS",1986-09-29,52.1,"D","Index","Indicative","RBA","Daily","Historical Daily Exchange Rates Of The Australian Dollar Against:","Australian Dollar Trade-weighted Index"
"1758","DLCACS","Credit; Total; Seasonally adjusted","AUS","AUS",1986-09-30,178.251,"M","$ billion","Seasonally Adjusted","RBA","Monthly","D2 Lending And Credit Aggregates","Credit; Total; Seasonally adjusted – Includes securitisations – For series breaks see Series Breaks"
"1759","FXRTWI","Trade-weighted Index May 1970 = 100","AUS","AUS",1986-09-30,51.9,"D","Index","Indicative","RBA","Daily","Historical Daily Exchange Rates Of The Australian Dollar Against:","Australian Dollar Trade-weighted Index"
"1760","FXRTWI","Trade-weighted Index May 1970 = 100","AUS","AUS",1986-09-30,51.9,"M","Index","Indicative","RBA","Monthly","F11 Exchange Rates","Australian Dollar Trade-weighted Index"
"1761","GCPIOCPMTMQP","Quarterly trimmed mean inflation","AUS","AUS",1986-09-30,2.3,"Q","Per cent","Seasonally Adjusted","ABS","Quarterly","G1 Consumer Price Inflation","Consumer price index; Trimmed mean; Quarterly change (in per cent)"
"1762","GRCPAISDR","Commodity prices – SDR","AUS","AUS",1986-09-30,26.61567022055,"M","Index, 2023/24=100","Original","RBA","Monthly","I2 Commodity Prices","Index of commodity prices; All items; SDR"
"1763","A2718577A","Credits, Total goods ;","AUS","AUS",1986-10-01,3147,"M","$ Millions","Seasonally Adjusted",NA,"Monthly","TABLE 1. GOODS, Summary: Seasonally adjusted and trend estimates, Current prices",NA
"1764","A2718594C","Balance on goods ;","AUS","AUS",1986-10-01,-195,"M","$ Millions","Seasonally Adjusted",NA,"Monthly","TABLE 1. GOODS, Summary: Seasonally adjusted and trend estimates, Current prices",NA
"1765","FXRTWI","Trade-weighted Index May 1970 = 100","AUS","AUS",1986-10-01,52.2,"D","Index","Indicative","RBA","Daily","Historical Daily Exchange Rates Of The Australian Dollar Against:","Australian Dollar Trade-weighted Index"
"1766","FXRTWI","Trade-weighted Index May 1970 = 100","AUS","AUS",1986-10-02,52.2,"D","Index","Indicative","RBA","Daily","Historical Daily Exchange Rates Of The Australian Dollar Against:","Australian Dollar Trade-weighted Index"
"1767","FXRTWI","Trade-weighted Index May 1970 = 100","AUS","AUS",1986-10-03,52.4,"D","Index","Indicative","RBA","Daily","Historical Daily Exchange Rates Of The Australian Dollar Against:","Australian Dollar Trade-weighted Index"
"1768","FXRTWI","Trade-weighted Index May 1970 = 100","AUS","AUS",1986-10-06,52.5,"D","Index","Indicative","RBA","Daily","Historical Daily Exchange Rates Of The Australian Dollar Against:","Australian Dollar Trade-weighted Index"
"1769","FXRTWI","Trade-weighted Index May 1970 = 100","AUS","AUS",1986-10-07,52.5,"D","Index","Indicative","RBA","Daily","Historical Daily Exchange Rates Of The Australian Dollar Against:","Australian Dollar Trade-weighted Index"
"1770","FXRTWI","Trade-weighted Index May 1970 = 100","AUS","AUS",1986-10-08,52.6,"D","Index","Indicative","RBA","Daily","Historical Daily Exchange Rates Of The Australian Dollar Against:","Australian Dollar Trade-weighted Index"
"1771","FXRTWI","Trade-weighted Index May 1970 = 100","AUS","AUS",1986-10-09,52.7,"D","Index","Indicative","RBA","Daily","Historical Daily Exchange Rates Of The Australian Dollar Against:","Australian Dollar Trade-weighted Index"
"1772","FXRTWI","Trade-weighted Index May 1970 = 100","AUS","AUS",1986-10-10,52.8,"D","Index","Indicative","RBA","Daily","Historical Daily Exchange Rates Of The Australian Dollar Against:","Australian Dollar Trade-weighted Index"
"1773","FXRTWI","Trade-weighted Index May 1970 = 100","AUS","AUS",1986-10-13,52.6,"D","Index","Indicative","RBA","Daily","Historical Daily Exchange Rates Of The Australian Dollar Against:","Australian Dollar Trade-weighted Index"
"1774","FXRTWI","Trade-weighted Index May 1970 = 100","AUS","AUS",1986-10-14,52.7,"D","Index","Indicative","RBA","Daily","Historical Daily Exchange Rates Of The Australian Dollar Against:","Australian Dollar Trade-weighted Index"
"1775","FXRTWI","Trade-weighted Index May 1970 = 100","AUS","AUS",1986-10-15,53.1,"D","Index","Indicative","RBA","Daily","Historical Daily Exchange Rates Of The Australian Dollar Against:","Australian Dollar Trade-weighted Index"
"1776","FXRTWI","Trade-weighted Index May 1970 = 100","AUS","AUS",1986-10-16,52.9,"D","Index","Indicative","RBA","Daily","Historical Daily Exchange Rates Of The Australian Dollar Against:","Australian Dollar Trade-weighted Index"
"1777","FXRTWI","Trade-weighted Index May 1970 = 100","AUS","AUS",1986-10-17,52.6,"D","Index","Indicative","RBA","Daily","Historical Daily Exchange Rates Of The Australian Dollar Against:","Australian Dollar Trade-weighted Index"
"1778","FXRTWI","Trade-weighted Index May 1970 = 100","AUS","AUS",1986-10-20,52.5,"D","Index","Indicative","RBA","Daily","Historical Daily Exchange Rates Of The Australian Dollar Against:","Australian Dollar Trade-weighted Index"
"1779","FXRTWI","Trade-weighted Index May 1970 = 100","AUS","AUS",1986-10-21,52.6,"D","Index","Indicative","RBA","Daily","Historical Daily Exchange Rates Of The Australian Dollar Against:","Australian Dollar Trade-weighted Index"
"1780","FXRTWI","Trade-weighted Index May 1970 = 100","AUS","AUS",1986-10-22,52.8,"D","Index","Indicative","RBA","Daily","Historical Daily Exchange Rates Of The Australian Dollar Against:","Australian Dollar Trade-weighted Index"
"1781","FXRTWI","Trade-weighted Index May 1970 = 100","AUS","AUS",1986-10-23,53.3,"D","Index","Indicative","RBA","Daily","Historical Daily Exchange Rates Of The Australian Dollar Against:","Australian Dollar Trade-weighted Index"
"1782","FXRTWI","Trade-weighted Index May 1970 = 100","AUS","AUS",1986-10-24,53.9,"D","Index","Indicative","RBA","Daily","Historical Daily Exchange Rates Of The Australian Dollar Against:","Australian Dollar Trade-weighted Index"
"1783","FXRTWI","Trade-weighted Index May 1970 = 100","AUS","AUS",1986-10-27,53.7,"D","Index","Indicative","RBA","Daily","Historical Daily Exchange Rates Of The Australian Dollar Against:","Australian Dollar Trade-weighted Index"
"1784","FXRTWI","Trade-weighted Index May 1970 = 100","AUS","AUS",1986-10-28,53.7,"D","Index","Indicative","RBA","Daily","Historical Daily Exchange Rates Of The Australian Dollar Against:","Australian Dollar Trade-weighted Index"
"1785","FXRTWI","Trade-weighted Index May 1970 = 100","AUS","AUS",1986-10-29,53.8,"D","Index","Indicative","RBA","Daily","Historical Daily Exchange Rates Of The Australian Dollar Against:","Australian Dollar Trade-weighted Index"
"1786","FXRTWI","Trade-weighted Index May 1970 = 100","AUS","AUS",1986-10-30,53.6,"D","Index","Indicative","RBA","Daily","Historical Daily Exchange Rates Of The Australian Dollar Against:","Australian Dollar Trade-weighted Index"
"1787","DLCACS","Credit; Total; Seasonally adjusted","AUS","AUS",1986-10-31,180.43,"M","$ billion","Seasonally Adjusted","RBA","Monthly","D2 Lending And Credit Aggregates","Credit; Total; Seasonally adjusted – Includes securitisations – For series breaks see Series Breaks"
"1788","FXRTWI","Trade-weighted Index May 1970 = 100","AUS","AUS",1986-10-31,54,"D","Index","Indicative","RBA","Daily","Historical Daily Exchange Rates Of The Australian Dollar Against:","Australian Dollar Trade-weighted Index"
"1789","FXRTWI","Trade-weighted Index May 1970 = 100","AUS","AUS",1986-10-31,54,"M","Index","Indicative","RBA","Monthly","F11 Exchange Rates","Australian Dollar Trade-weighted Index"
"1790","GRCPAISDR","Commodity prices – SDR","AUS","AUS",1986-10-31,26.8830010403581,"M","Index, 2023/24=100","Original","RBA","Monthly","I2 Commodity Prices","Index of commodity prices; All items; SDR"
"1791","A2718577A","Credits, Total goods ;","AUS","AUS",1986-11-01,2865,"M","$ Millions","Seasonally Adjusted",NA,"Monthly","TABLE 1. GOODS, Summary: Seasonally adjusted and trend estimates, Current prices",NA
"1792","A2718594C","Balance on goods ;","AUS","AUS",1986-11-01,-142,"M","$ Millions","Seasonally Adjusted",NA,"Monthly","TABLE 1. GOODS, Summary: Seasonally adjusted and trend estimates, Current prices",NA
"1793","FXRTWI","Trade-weighted Index May 1970 = 100","AUS","AUS",1986-11-03,54.2,"D","Index","Indicative","RBA","Daily","Historical Daily Exchange Rates Of The Australian Dollar Against:","Australian Dollar Trade-weighted Index"
"1794","FXRTWI","Trade-weighted Index May 1970 = 100","AUS","AUS",1986-11-04,54.2,"D","Index","Indicative","RBA","Daily","Historical Daily Exchange Rates Of The Australian Dollar Against:","Australian Dollar Trade-weighted Index"
"1795","FXRTWI","Trade-weighted Index May 1970 = 100","AUS","AUS",1986-11-05,54.1,"D","Index","Indicative","RBA","Daily","Historical Daily Exchange Rates Of The Australian Dollar Against:","Australian Dollar Trade-weighted Index"
"1796","FXRTWI","Trade-weighted Index May 1970 = 100","AUS","AUS",1986-11-06,54.1,"D","Index","Indicative","RBA","Daily","Historical Daily Exchange Rates Of The Australian Dollar Against:","Australian Dollar Trade-weighted Index"
"1797","FXRTWI","Trade-weighted Index May 1970 = 100","AUS","AUS",1986-11-07,54.3,"D","Index","Indicative","RBA","Daily","Historical Daily Exchange Rates Of The Australian Dollar Against:","Australian Dollar Trade-weighted Index"
"1798","FXRTWI","Trade-weighted Index May 1970 = 100","AUS","AUS",1986-11-10,54.4,"D","Index","Indicative","RBA","Daily","Historical Daily Exchange Rates Of The Australian Dollar Against:","Australian Dollar Trade-weighted Index"
"1799","FXRTWI","Trade-weighted Index May 1970 = 100","AUS","AUS",1986-11-11,54.2,"D","Index","Indicative","RBA","Daily","Historical Daily Exchange Rates Of The Australian Dollar Against:","Australian Dollar Trade-weighted Index"
"1800","FXRTWI","Trade-weighted Index May 1970 = 100","AUS","AUS",1986-11-12,54,"D","Index","Indicative","RBA","Daily","Historical Daily Exchange Rates Of The Australian Dollar Against:","Australian Dollar Trade-weighted Index"
"1801","FXRTWI","Trade-weighted Index May 1970 = 100","AUS","AUS",1986-11-13,54.1,"D","Index","Indicative","RBA","Daily","Historical Daily Exchange Rates Of The Australian Dollar Against:","Australian Dollar Trade-weighted Index"
"1802","FXRTWI","Trade-weighted Index May 1970 = 100","AUS","AUS",1986-11-14,54.1,"D","Index","Indicative","RBA","Daily","Historical Daily Exchange Rates Of The Australian Dollar Against:","Australian Dollar Trade-weighted Index"
"1803","FXRTWI","Trade-weighted Index May 1970 = 100","AUS","AUS",1986-11-17,53.9,"D","Index","Indicative","RBA","Daily","Historical Daily Exchange Rates Of The Australian Dollar Against:","Australian Dollar Trade-weighted Index"
"1804","FXRTWI","Trade-weighted Index May 1970 = 100","AUS","AUS",1986-11-18,53.9,"D","Index","Indicative","RBA","Daily","Historical Daily Exchange Rates Of The Australian Dollar Against:","Australian Dollar Trade-weighted Index"
"1805","FXRTWI","Trade-weighted Index May 1970 = 100","AUS","AUS",1986-11-19,54.1,"D","Index","Indicative","RBA","Daily","Historical Daily Exchange Rates Of The Australian Dollar Against:","Australian Dollar Trade-weighted Index"
"1806","FXRTWI","Trade-weighted Index May 1970 = 100","AUS","AUS",1986-11-20,54.1,"D","Index","Indicative","RBA","Daily","Historical Daily Exchange Rates Of The Australian Dollar Against:","Australian Dollar Trade-weighted Index"
"1807","FXRTWI","Trade-weighted Index May 1970 = 100","AUS","AUS",1986-11-21,54.2,"D","Index","Indicative","RBA","Daily","Historical Daily Exchange Rates Of The Australian Dollar Against:","Australian Dollar Trade-weighted Index"
"1808","FXRTWI","Trade-weighted Index May 1970 = 100","AUS","AUS",1986-11-24,54.4,"D","Index","Indicative","RBA","Daily","Historical Daily Exchange Rates Of The Australian Dollar Against:","Australian Dollar Trade-weighted Index"
"1809","FXRTWI","Trade-weighted Index May 1970 = 100","AUS","AUS",1986-11-25,54.4,"D","Index","Indicative","RBA","Daily","Historical Daily Exchange Rates Of The Australian Dollar Against:","Australian Dollar Trade-weighted Index"
"1810","FXRTWI","Trade-weighted Index May 1970 = 100","AUS","AUS",1986-11-26,54.4,"D","Index","Indicative","RBA","Daily","Historical Daily Exchange Rates Of The Australian Dollar Against:","Australian Dollar Trade-weighted Index"
"1811","FXRTWI","Trade-weighted Index May 1970 = 100","AUS","AUS",1986-11-27,54.4,"D","Index","Indicative","RBA","Daily","Historical Daily Exchange Rates Of The Australian Dollar Against:","Australian Dollar Trade-weighted Index"
"1812","FXRTWI","Trade-weighted Index May 1970 = 100","AUS","AUS",1986-11-28,54.3,"D","Index","Indicative","RBA","Daily","Historical Daily Exchange Rates Of The Australian Dollar Against:","Australian Dollar Trade-weighted Index"
"1813","DLCACS","Credit; Total; Seasonally adjusted","AUS","AUS",1986-11-30,181.984,"M","$ billion","Seasonally Adjusted","RBA","Monthly","D2 Lending And Credit Aggregates","Credit; Total; Seasonally adjusted – Includes securitisations – For series breaks see Series Breaks"
"1814","FXRTWI","Trade-weighted Index May 1970 = 100","AUS","AUS",1986-11-30,54.3,"M","Index","Indicative","RBA","Monthly","F11 Exchange Rates","Australian Dollar Trade-weighted Index"
"1815","GRCPAISDR","Commodity prices – SDR","AUS","AUS",1986-11-30,27.3717038520234,"M","Index, 2023/24=100","Original","RBA","Monthly","I2 Commodity Prices","Index of commodity prices; All items; SDR"
"1816","A2302956R","South Australia ; STATE FINAL DEMAND ;","SA","SA",1986-12-01,14598,"Q","$ Millions","Seasonally Adjusted",NA,"Quarterly","Table 25. State Final Demand, Summary Components by State: Chain volume measures",NA
"1817","A2302984X","Western Australia ; STATE FINAL DEMAND ;","WA","WA",1986-12-01,17868,"Q","$ Millions","Seasonally Adjusted",NA,"Quarterly","Table 25. State Final Demand, Summary Components by State: Chain volume measures",NA
"1818","A2303012X","Tasmania ; STATE FINAL DEMAND ;","TAS","TAS",1986-12-01,4952,"Q","$ Millions","Seasonally Adjusted",NA,"Quarterly","Table 25. State Final Demand, Summary Components by State: Chain volume measures",NA
"1819","A2303040J","Northern Territory ; STATE FINAL DEMAND ;","NT","NT",1986-12-01,2409,"Q","$ Millions","Seasonally Adjusted",NA,"Quarterly","Table 25. State Final Demand, Summary Components by State: Chain volume measures",NA
"1820","A2303068K","Australian Capital Territory ; STATE FINAL DEMAND ;","ACT","ACT",1986-12-01,4866,"Q","$ Millions","Seasonally Adjusted",NA,"Quarterly","Table 25. State Final Demand, Summary Components by State: Chain volume measures",NA
"1821","A2303111F","New South Wales ; STATE FINAL DEMAND ;","NSW","NSW",1986-12-01,66116,"Q","$ Millions","Seasonally Adjusted",NA,"Quarterly","Table 25. State Final Demand, Summary Components by State: Chain volume measures",NA
"1822","A2303139J","Victoria ; STATE FINAL DEMAND ;","VIC","VIC",1986-12-01,47345,"Q","$ Millions","Seasonally Adjusted",NA,"Quarterly","Table 25. State Final Demand, Summary Components by State: Chain volume measures",NA
"1823","A2303187A","Queensland ; STATE FINAL DEMAND ;","QLD","QLD",1986-12-01,29593,"Q","$ Millions","Seasonally Adjusted",NA,"Quarterly","Table 25. State Final Demand, Summary Components by State: Chain volume measures",NA
"1824","A2304418T","Gross domestic product: Current prices ;","AUS","AUS",1986-12-01,70549,"Q","$ Millions","Seasonally Adjusted",NA,"Quarterly","Table 1. Key National Accounts Aggregates",NA
"1825","A2325846C","Index Numbers ; All groups CPI ; Australia ;","AUS","AUS",1986-12-01,44.4,"Q","Index Numbers","Original",NA,"Quarterly","TABLES 1 and 2. CPI: All Groups, Index Numbers and Percentage Changes",NA
"1826","A2718577A","Credits, Total goods ;","AUS","AUS",1986-12-01,3154,"M","$ Millions","Seasonally Adjusted",NA,"Monthly","TABLE 1. GOODS, Summary: Seasonally adjusted and trend estimates, Current prices",NA
"1827","A2718594C","Balance on goods ;","AUS","AUS",1986-12-01,16,"M","$ Millions","Seasonally Adjusted",NA,"Monthly","TABLE 1. GOODS, Summary: Seasonally adjusted and trend estimates, Current prices",NA
"1828","FXRTWI","Trade-weighted Index May 1970 = 100","AUS","AUS",1986-12-01,54.5,"D","Index","Indicative","RBA","Daily","Historical Daily Exchange Rates Of The Australian Dollar Against:","Australian Dollar Trade-weighted Index"
"1829","FXRTWI","Trade-weighted Index May 1970 = 100","AUS","AUS",1986-12-02,54.3,"D","Index","Indicative","RBA","Daily","Historical Daily Exchange Rates Of The Australian Dollar Against:","Australian Dollar Trade-weighted Index"
"1830","FXRTWI","Trade-weighted Index May 1970 = 100","AUS","AUS",1986-12-03,54.5,"D","Index","Indicative","RBA","Daily","Historical Daily Exchange Rates Of The Australian Dollar Against:","Australian Dollar Trade-weighted Index"
"1831","FXRTWI","Trade-weighted Index May 1970 = 100","AUS","AUS",1986-12-04,54.6,"D","Index","Indicative","RBA","Daily","Historical Daily Exchange Rates Of The Australian Dollar Against:","Australian Dollar Trade-weighted Index"
"1832","FXRTWI","Trade-weighted Index May 1970 = 100","AUS","AUS",1986-12-05,54.8,"D","Index","Indicative","RBA","Daily","Historical Daily Exchange Rates Of The Australian Dollar Against:","Australian Dollar Trade-weighted Index"
"1833","FXRTWI","Trade-weighted Index May 1970 = 100","AUS","AUS",1986-12-08,54.8,"D","Index","Indicative","RBA","Daily","Historical Daily Exchange Rates Of The Australian Dollar Against:","Australian Dollar Trade-weighted Index"
"1834","FXRTWI","Trade-weighted Index May 1970 = 100","AUS","AUS",1986-12-09,54.8,"D","Index","Indicative","RBA","Daily","Historical Daily Exchange Rates Of The Australian Dollar Against:","Australian Dollar Trade-weighted Index"
"1835","FXRTWI","Trade-weighted Index May 1970 = 100","AUS","AUS",1986-12-10,54.8,"D","Index","Indicative","RBA","Daily","Historical Daily Exchange Rates Of The Australian Dollar Against:","Australian Dollar Trade-weighted Index"
"1836","FXRTWI","Trade-weighted Index May 1970 = 100","AUS","AUS",1986-12-11,55.3,"D","Index","Indicative","RBA","Daily","Historical Daily Exchange Rates Of The Australian Dollar Against:","Australian Dollar Trade-weighted Index"
"1837","FXRTWI","Trade-weighted Index May 1970 = 100","AUS","AUS",1986-12-12,55.3,"D","Index","Indicative","RBA","Daily","Historical Daily Exchange Rates Of The Australian Dollar Against:","Australian Dollar Trade-weighted Index"
"1838","FXRTWI","Trade-weighted Index May 1970 = 100","AUS","AUS",1986-12-15,55.5,"D","Index","Indicative","RBA","Daily","Historical Daily Exchange Rates Of The Australian Dollar Against:","Australian Dollar Trade-weighted Index"
"1839","FXRTWI","Trade-weighted Index May 1970 = 100","AUS","AUS",1986-12-16,55.8,"D","Index","Indicative","RBA","Daily","Historical Daily Exchange Rates Of The Australian Dollar Against:","Australian Dollar Trade-weighted Index"
"1840","FXRTWI","Trade-weighted Index May 1970 = 100","AUS","AUS",1986-12-17,55.8,"D","Index","Indicative","RBA","Daily","Historical Daily Exchange Rates Of The Australian Dollar Against:","Australian Dollar Trade-weighted Index"
"1841","FXRTWI","Trade-weighted Index May 1970 = 100","AUS","AUS",1986-12-18,55.8,"D","Index","Indicative","RBA","Daily","Historical Daily Exchange Rates Of The Australian Dollar Against:","Australian Dollar Trade-weighted Index"
"1842","FXRTWI","Trade-weighted Index May 1970 = 100","AUS","AUS",1986-12-19,55.8,"D","Index","Indicative","RBA","Daily","Historical Daily Exchange Rates Of The Australian Dollar Against:","Australian Dollar Trade-weighted Index"
"1843","FXRTWI","Trade-weighted Index May 1970 = 100","AUS","AUS",1986-12-22,56.5,"D","Index","Indicative","RBA","Daily","Historical Daily Exchange Rates Of The Australian Dollar Against:","Australian Dollar Trade-weighted Index"
"1844","FXRTWI","Trade-weighted Index May 1970 = 100","AUS","AUS",1986-12-23,55.9,"D","Index","Indicative","RBA","Daily","Historical Daily Exchange Rates Of The Australian Dollar Against:","Australian Dollar Trade-weighted Index"
"1845","FXRTWI","Trade-weighted Index May 1970 = 100","AUS","AUS",1986-12-24,54.9,"D","Index","Indicative","RBA","Daily","Historical Daily Exchange Rates Of The Australian Dollar Against:","Australian Dollar Trade-weighted Index"
"1846","FXRTWI","Trade-weighted Index May 1970 = 100","AUS","AUS",1986-12-29,54.9,"D","Index","Indicative","RBA","Daily","Historical Daily Exchange Rates Of The Australian Dollar Against:","Australian Dollar Trade-weighted Index"
"1847","FXRTWI","Trade-weighted Index May 1970 = 100","AUS","AUS",1986-12-30,54.9,"D","Index","Indicative","RBA","Daily","Historical Daily Exchange Rates Of The Australian Dollar Against:","Australian Dollar Trade-weighted Index"
"1848","DLCACS","Credit; Total; Seasonally adjusted","AUS","AUS",1986-12-31,184.205,"M","$ billion","Seasonally Adjusted","RBA","Monthly","D2 Lending And Credit Aggregates","Credit; Total; Seasonally adjusted – Includes securitisations – For series breaks see Series Breaks"
"1849","FXRTWI","Trade-weighted Index May 1970 = 100","AUS","AUS",1986-12-31,55,"D","Index","Indicative","RBA","Daily","Historical Daily Exchange Rates Of The Australian Dollar Against:","Australian Dollar Trade-weighted Index"
"1850","FXRTWI","Trade-weighted Index May 1970 = 100","AUS","AUS",1986-12-31,55,"M","Index","Indicative","RBA","Monthly","F11 Exchange Rates","Australian Dollar Trade-weighted Index"
"1851","GCPIOCPMTMQP","Quarterly trimmed mean inflation","AUS","AUS",1986-12-31,2.4,"Q","Per cent","Seasonally Adjusted","ABS","Quarterly","G1 Consumer Price Inflation","Consumer price index; Trimmed mean; Quarterly change (in per cent)"
"1852","GRCPAISDR","Commodity prices – SDR","AUS","AUS",1986-12-31,27.2842620033897,"M","Index, 2023/24=100","Original","RBA","Monthly","I2 Commodity Prices","Index of commodity prices; All items; SDR"
"1853","A2718577A","Credits, Total goods ;","AUS","AUS",1987-01-01,2947,"M","$ Millions","Seasonally Adjusted",NA,"Monthly","TABLE 1. GOODS, Summary: Seasonally adjusted and trend estimates, Current prices",NA
"1854","A2718594C","Balance on goods ;","AUS","AUS",1987-01-01,-64,"M","$ Millions","Seasonally Adjusted",NA,"Monthly","TABLE 1. GOODS, Summary: Seasonally adjusted and trend estimates, Current prices",NA
"1855","FXRTWI","Trade-weighted Index May 1970 = 100","AUS","AUS",1987-01-02,54.8,"D","Index","Indicative","RBA","Daily","Historical Daily Exchange Rates Of The Australian Dollar Against:","Australian Dollar Trade-weighted Index"
"1856","FXRTWI","Trade-weighted Index May 1970 = 100","AUS","AUS",1987-01-05,55,"D","Index","Indicative","RBA","Daily","Historical Daily Exchange Rates Of The Australian Dollar Against:","Australian Dollar Trade-weighted Index"
"1857","FXRTWI","Trade-weighted Index May 1970 = 100","AUS","AUS",1987-01-06,54.8,"D","Index","Indicative","RBA","Daily","Historical Daily Exchange Rates Of The Australian Dollar Against:","Australian Dollar Trade-weighted Index"
"1858","FXRTWI","Trade-weighted Index May 1970 = 100","AUS","AUS",1987-01-07,54.6,"D","Index","Indicative","RBA","Daily","Historical Daily Exchange Rates Of The Australian Dollar Against:","Australian Dollar Trade-weighted Index"
"1859","FXRTWI","Trade-weighted Index May 1970 = 100","AUS","AUS",1987-01-08,54.7,"D","Index","Indicative","RBA","Daily","Historical Daily Exchange Rates Of The Australian Dollar Against:","Australian Dollar Trade-weighted Index"
"1860","FXRTWI","Trade-weighted Index May 1970 = 100","AUS","AUS",1987-01-09,54.9,"D","Index","Indicative","RBA","Daily","Historical Daily Exchange Rates Of The Australian Dollar Against:","Australian Dollar Trade-weighted Index"
"1861","FXRTWI","Trade-weighted Index May 1970 = 100","AUS","AUS",1987-01-12,54.8,"D","Index","Indicative","RBA","Daily","Historical Daily Exchange Rates Of The Australian Dollar Against:","Australian Dollar Trade-weighted Index"
"1862","FXRTWI","Trade-weighted Index May 1970 = 100","AUS","AUS",1987-01-13,53.9,"D","Index","Indicative","RBA","Daily","Historical Daily Exchange Rates Of The Australian Dollar Against:","Australian Dollar Trade-weighted Index"
"1863","FXRTWI","Trade-weighted Index May 1970 = 100","AUS","AUS",1987-01-14,52.2,"D","Index","Indicative","RBA","Daily","Historical Daily Exchange Rates Of The Australian Dollar Against:","Australian Dollar Trade-weighted Index"
"1864","FXRTWI","Trade-weighted Index May 1970 = 100","AUS","AUS",1987-01-15,52.4,"D","Index","Indicative","RBA","Daily","Historical Daily Exchange Rates Of The Australian Dollar Against:","Australian Dollar Trade-weighted Index"
"1865","FXRTWI","Trade-weighted Index May 1970 = 100","AUS","AUS",1987-01-16,52.6,"D","Index","Indicative","RBA","Daily","Historical Daily Exchange Rates Of The Australian Dollar Against:","Australian Dollar Trade-weighted Index"
"1866","FXRTWI","Trade-weighted Index May 1970 = 100","AUS","AUS",1987-01-19,51.8,"D","Index","Indicative","RBA","Daily","Historical Daily Exchange Rates Of The Australian Dollar Against:","Australian Dollar Trade-weighted Index"
"1867","FXRTWI","Trade-weighted Index May 1970 = 100","AUS","AUS",1987-01-20,53.3,"D","Index","Indicative","RBA","Daily","Historical Daily Exchange Rates Of The Australian Dollar Against:","Australian Dollar Trade-weighted Index"
"1868","FXRTWI","Trade-weighted Index May 1970 = 100","AUS","AUS",1987-01-21,53.3,"D","Index","Indicative","RBA","Daily","Historical Daily Exchange Rates Of The Australian Dollar Against:","Australian Dollar Trade-weighted Index"
"1869","FXRTWI","Trade-weighted Index May 1970 = 100","AUS","AUS",1987-01-22,53,"D","Index","Indicative","RBA","Daily","Historical Daily Exchange Rates Of The Australian Dollar Against:","Australian Dollar Trade-weighted Index"
"1870","FXRTWI","Trade-weighted Index May 1970 = 100","AUS","AUS",1987-01-23,53.3,"D","Index","Indicative","RBA","Daily","Historical Daily Exchange Rates Of The Australian Dollar Against:","Australian Dollar Trade-weighted Index"
"1871","FXRTWI","Trade-weighted Index May 1970 = 100","AUS","AUS",1987-01-27,53.1,"D","Index","Indicative","RBA","Daily","Historical Daily Exchange Rates Of The Australian Dollar Against:","Australian Dollar Trade-weighted Index"
"1872","FXRTWI","Trade-weighted Index May 1970 = 100","AUS","AUS",1987-01-28,52.7,"D","Index","Indicative","RBA","Daily","Historical Daily Exchange Rates Of The Australian Dollar Against:","Australian Dollar Trade-weighted Index"
"1873","FXRTWI","Trade-weighted Index May 1970 = 100","AUS","AUS",1987-01-29,52.9,"D","Index","Indicative","RBA","Daily","Historical Daily Exchange Rates Of The Australian Dollar Against:","Australian Dollar Trade-weighted Index"
"1874","FXRTWI","Trade-weighted Index May 1970 = 100","AUS","AUS",1987-01-30,52.9,"D","Index","Indicative","RBA","Daily","Historical Daily Exchange Rates Of The Australian Dollar Against:","Australian Dollar Trade-weighted Index"
"1875","DLCACS","Credit; Total; Seasonally adjusted","AUS","AUS",1987-01-31,186.625,"M","$ billion","Seasonally Adjusted","RBA","Monthly","D2 Lending And Credit Aggregates","Credit; Total; Seasonally adjusted – Includes securitisations – For series breaks see Series Breaks"
"1876","FXRTWI","Trade-weighted Index May 1970 = 100","AUS","AUS",1987-01-31,52.8,"M","Index","Indicative","RBA","Monthly","F11 Exchange Rates","Australian Dollar Trade-weighted Index"
"1877","GRCPAISDR","Commodity prices – SDR","AUS","AUS",1987-01-31,26.5965192373706,"M","Index, 2023/24=100","Original","RBA","Monthly","I2 Commodity Prices","Index of commodity prices; All items; SDR"
"1878","A2718577A","Credits, Total goods ;","AUS","AUS",1987-02-01,3036,"M","$ Millions","Seasonally Adjusted",NA,"Monthly","TABLE 1. GOODS, Summary: Seasonally adjusted and trend estimates, Current prices",NA
"1879","A2718594C","Balance on goods ;","AUS","AUS",1987-02-01,-77,"M","$ Millions","Seasonally Adjusted",NA,"Monthly","TABLE 1. GOODS, Summary: Seasonally adjusted and trend estimates, Current prices",NA
"1880","FXRTWI","Trade-weighted Index May 1970 = 100","AUS","AUS",1987-02-02,53.2,"D","Index","Indicative","RBA","Daily","Historical Daily Exchange Rates Of The Australian Dollar Against:","Australian Dollar Trade-weighted Index"
"1881","FXRTWI","Trade-weighted Index May 1970 = 100","AUS","AUS",1987-02-03,53.1,"D","Index","Indicative","RBA","Daily","Historical Daily Exchange Rates Of The Australian Dollar Against:","Australian Dollar Trade-weighted Index"
"1882","FXRTWI","Trade-weighted Index May 1970 = 100","AUS","AUS",1987-02-04,53.6,"D","Index","Indicative","RBA","Daily","Historical Daily Exchange Rates Of The Australian Dollar Against:","Australian Dollar Trade-weighted Index"
"1883","FXRTWI","Trade-weighted Index May 1970 = 100","AUS","AUS",1987-02-05,53.7,"D","Index","Indicative","RBA","Daily","Historical Daily Exchange Rates Of The Australian Dollar Against:","Australian Dollar Trade-weighted Index"
"1884","FXRTWI","Trade-weighted Index May 1970 = 100","AUS","AUS",1987-02-06,53.9,"D","Index","Indicative","RBA","Daily","Historical Daily Exchange Rates Of The Australian Dollar Against:","Australian Dollar Trade-weighted Index"
"1885","FXRTWI","Trade-weighted Index May 1970 = 100","AUS","AUS",1987-02-09,54.2,"D","Index","Indicative","RBA","Daily","Historical Daily Exchange Rates Of The Australian Dollar Against:","Australian Dollar Trade-weighted Index"
"1886","FXRTWI","Trade-weighted Index May 1970 = 100","AUS","AUS",1987-02-10,53.4,"D","Index","Indicative","RBA","Daily","Historical Daily Exchange Rates Of The Australian Dollar Against:","Australian Dollar Trade-weighted Index"
"1887","FXRTWI","Trade-weighted Index May 1970 = 100","AUS","AUS",1987-02-11,53.6,"D","Index","Indicative","RBA","Daily","Historical Daily Exchange Rates Of The Australian Dollar Against:","Australian Dollar Trade-weighted Index"
"1888","FXRTWI","Trade-weighted Index May 1970 = 100","AUS","AUS",1987-02-12,53.6,"D","Index","Indicative","RBA","Daily","Historical Daily Exchange Rates Of The Australian Dollar Against:","Australian Dollar Trade-weighted Index"
"1889","FXRTWI","Trade-weighted Index May 1970 = 100","AUS","AUS",1987-02-13,53.5,"D","Index","Indicative","RBA","Daily","Historical Daily Exchange Rates Of The Australian Dollar Against:","Australian Dollar Trade-weighted Index"
"1890","FXRTWI","Trade-weighted Index May 1970 = 100","AUS","AUS",1987-02-16,53,"D","Index","Indicative","RBA","Daily","Historical Daily Exchange Rates Of The Australian Dollar Against:","Australian Dollar Trade-weighted Index"
"1891","FXRTWI","Trade-weighted Index May 1970 = 100","AUS","AUS",1987-02-17,53.2,"D","Index","Indicative","RBA","Daily","Historical Daily Exchange Rates Of The Australian Dollar Against:","Australian Dollar Trade-weighted Index"
"1892","FXRTWI","Trade-weighted Index May 1970 = 100","AUS","AUS",1987-02-18,53.4,"D","Index","Indicative","RBA","Daily","Historical Daily Exchange Rates Of The Australian Dollar Against:","Australian Dollar Trade-weighted Index"
"1893","FXRTWI","Trade-weighted Index May 1970 = 100","AUS","AUS",1987-02-19,53.8,"D","Index","Indicative","RBA","Daily","Historical Daily Exchange Rates Of The Australian Dollar Against:","Australian Dollar Trade-weighted Index"
"1894","FXRTWI","Trade-weighted Index May 1970 = 100","AUS","AUS",1987-02-20,53.4,"D","Index","Indicative","RBA","Daily","Historical Daily Exchange Rates Of The Australian Dollar Against:","Australian Dollar Trade-weighted Index"
"1895","FXRTWI","Trade-weighted Index May 1970 = 100","AUS","AUS",1987-02-23,53.5,"D","Index","Indicative","RBA","Daily","Historical Daily Exchange Rates Of The Australian Dollar Against:","Australian Dollar Trade-weighted Index"
"1896","FXRTWI","Trade-weighted Index May 1970 = 100","AUS","AUS",1987-02-24,53.8,"D","Index","Indicative","RBA","Daily","Historical Daily Exchange Rates Of The Australian Dollar Against:","Australian Dollar Trade-weighted Index"
"1897","FXRTWI","Trade-weighted Index May 1970 = 100","AUS","AUS",1987-02-25,54.1,"D","Index","Indicative","RBA","Daily","Historical Daily Exchange Rates Of The Australian Dollar Against:","Australian Dollar Trade-weighted Index"
"1898","FXRTWI","Trade-weighted Index May 1970 = 100","AUS","AUS",1987-02-26,54.1,"D","Index","Indicative","RBA","Daily","Historical Daily Exchange Rates Of The Australian Dollar Against:","Australian Dollar Trade-weighted Index"
"1899","FXRTWI","Trade-weighted Index May 1970 = 100","AUS","AUS",1987-02-27,54.1,"D","Index","Indicative","RBA","Daily","Historical Daily Exchange Rates Of The Australian Dollar Against:","Australian Dollar Trade-weighted Index"
"1900","DLCACS","Credit; Total; Seasonally adjusted","AUS","AUS",1987-02-28,188.93,"M","$ billion","Seasonally Adjusted","RBA","Monthly","D2 Lending And Credit Aggregates","Credit; Total; Seasonally adjusted – Includes securitisations – For series breaks see Series Breaks"
"1901","FXRTWI","Trade-weighted Index May 1970 = 100","AUS","AUS",1987-02-28,54.1,"M","Index","Indicative","RBA","Monthly","F11 Exchange Rates","Australian Dollar Trade-weighted Index"
"1902","GRCPAISDR","Commodity prices – SDR","AUS","AUS",1987-02-28,27.353938872009,"M","Index, 2023/24=100","Original","RBA","Monthly","I2 Commodity Prices","Index of commodity prices; All items; SDR"
"1903","A2302956R","South Australia ; STATE FINAL DEMAND ;","SA","SA",1987-03-01,14244,"Q","$ Millions","Seasonally Adjusted",NA,"Quarterly","Table 25. State Final Demand, Summary Components by State: Chain volume measures",NA
"1904","A2302984X","Western Australia ; STATE FINAL DEMAND ;","WA","WA",1987-03-01,18054,"Q","$ Millions","Seasonally Adjusted",NA,"Quarterly","Table 25. State Final Demand, Summary Components by State: Chain volume measures",NA
"1905","A2303012X","Tasmania ; STATE FINAL DEMAND ;","TAS","TAS",1987-03-01,4760,"Q","$ Millions","Seasonally Adjusted",NA,"Quarterly","Table 25. State Final Demand, Summary Components by State: Chain volume measures",NA
"1906","A2303040J","Northern Territory ; STATE FINAL DEMAND ;","NT","NT",1987-03-01,2371,"Q","$ Millions","Seasonally Adjusted",NA,"Quarterly","Table 25. State Final Demand, Summary Components by State: Chain volume measures",NA
"1907","A2303068K","Australian Capital Territory ; STATE FINAL DEMAND ;","ACT","ACT",1987-03-01,4873,"Q","$ Millions","Seasonally Adjusted",NA,"Quarterly","Table 25. State Final Demand, Summary Components by State: Chain volume measures",NA
"1908","A2303111F","New South Wales ; STATE FINAL DEMAND ;","NSW","NSW",1987-03-01,64869,"Q","$ Millions","Seasonally Adjusted",NA,"Quarterly","Table 25. State Final Demand, Summary Components by State: Chain volume measures",NA
"1909","A2303139J","Victoria ; STATE FINAL DEMAND ;","VIC","VIC",1987-03-01,47019,"Q","$ Millions","Seasonally Adjusted",NA,"Quarterly","Table 25. State Final Demand, Summary Components by State: Chain volume measures",NA
"1910","A2303187A","Queensland ; STATE FINAL DEMAND ;","QLD","QLD",1987-03-01,29455,"Q","$ Millions","Seasonally Adjusted",NA,"Quarterly","Table 25. State Final Demand, Summary Components by State: Chain volume measures",NA
"1911","A2304418T","Gross domestic product: Current prices ;","AUS","AUS",1987-03-01,72336,"Q","$ Millions","Seasonally Adjusted",NA,"Quarterly","Table 1. Key National Accounts Aggregates",NA
"1912","A2325846C","Index Numbers ; All groups CPI ; Australia ;","AUS","AUS",1987-03-01,45.3,"Q","Index Numbers","Original",NA,"Quarterly","TABLES 1 and 2. CPI: All Groups, Index Numbers and Percentage Changes",NA
"1913","A2718577A","Credits, Total goods ;","AUS","AUS",1987-03-01,3051,"M","$ Millions","Seasonally Adjusted",NA,"Monthly","TABLE 1. GOODS, Summary: Seasonally adjusted and trend estimates, Current prices",NA
"1914","A2718594C","Balance on goods ;","AUS","AUS",1987-03-01,78,"M","$ Millions","Seasonally Adjusted",NA,"Monthly","TABLE 1. GOODS, Summary: Seasonally adjusted and trend estimates, Current prices",NA
"1915","FXRTWI","Trade-weighted Index May 1970 = 100","AUS","AUS",1987-03-02,54.6,"D","Index","Indicative","RBA","Daily","Historical Daily Exchange Rates Of The Australian Dollar Against:","Australian Dollar Trade-weighted Index"
"1916","FXRTWI","Trade-weighted Index May 1970 = 100","AUS","AUS",1987-03-03,54.4,"D","Index","Indicative","RBA","Daily","Historical Daily Exchange Rates Of The Australian Dollar Against:","Australian Dollar Trade-weighted Index"
"1917","FXRTWI","Trade-weighted Index May 1970 = 100","AUS","AUS",1987-03-04,54.5,"D","Index","Indicative","RBA","Daily","Historical Daily Exchange Rates Of The Australian Dollar Against:","Australian Dollar Trade-weighted Index"
"1918","FXRTWI","Trade-weighted Index May 1970 = 100","AUS","AUS",1987-03-05,54.5,"D","Index","Indicative","RBA","Daily","Historical Daily Exchange Rates Of The Australian Dollar Against:","Australian Dollar Trade-weighted Index"
"1919","FXRTWI","Trade-weighted Index May 1970 = 100","AUS","AUS",1987-03-06,54.4,"D","Index","Indicative","RBA","Daily","Historical Daily Exchange Rates Of The Australian Dollar Against:","Australian Dollar Trade-weighted Index"
"1920","FXRTWI","Trade-weighted Index May 1970 = 100","AUS","AUS",1987-03-09,54.5,"D","Index","Indicative","RBA","Daily","Historical Daily Exchange Rates Of The Australian Dollar Against:","Australian Dollar Trade-weighted Index"
"1921","FXRTWI","Trade-weighted Index May 1970 = 100","AUS","AUS",1987-03-10,55.1,"D","Index","Indicative","RBA","Daily","Historical Daily Exchange Rates Of The Australian Dollar Against:","Australian Dollar Trade-weighted Index"
"1922","FXRTWI","Trade-weighted Index May 1970 = 100","AUS","AUS",1987-03-11,55,"D","Index","Indicative","RBA","Daily","Historical Daily Exchange Rates Of The Australian Dollar Against:","Australian Dollar Trade-weighted Index"
"1923","FXRTWI","Trade-weighted Index May 1970 = 100","AUS","AUS",1987-03-12,55.3,"D","Index","Indicative","RBA","Daily","Historical Daily Exchange Rates Of The Australian Dollar Against:","Australian Dollar Trade-weighted Index"
"1924","FXRTWI","Trade-weighted Index May 1970 = 100","AUS","AUS",1987-03-13,55.1,"D","Index","Indicative","RBA","Daily","Historical Daily Exchange Rates Of The Australian Dollar Against:","Australian Dollar Trade-weighted Index"
"1925","FXRTWI","Trade-weighted Index May 1970 = 100","AUS","AUS",1987-03-16,54.6,"D","Index","Indicative","RBA","Daily","Historical Daily Exchange Rates Of The Australian Dollar Against:","Australian Dollar Trade-weighted Index"
"1926","FXRTWI","Trade-weighted Index May 1970 = 100","AUS","AUS",1987-03-17,54.9,"D","Index","Indicative","RBA","Daily","Historical Daily Exchange Rates Of The Australian Dollar Against:","Australian Dollar Trade-weighted Index"
"1927","FXRTWI","Trade-weighted Index May 1970 = 100","AUS","AUS",1987-03-18,55,"D","Index","Indicative","RBA","Daily","Historical Daily Exchange Rates Of The Australian Dollar Against:","Australian Dollar Trade-weighted Index"
"1928","FXRTWI","Trade-weighted Index May 1970 = 100","AUS","AUS",1987-03-19,54.5,"D","Index","Indicative","RBA","Daily","Historical Daily Exchange Rates Of The Australian Dollar Against:","Australian Dollar Trade-weighted Index"
"1929","FXRTWI","Trade-weighted Index May 1970 = 100","AUS","AUS",1987-03-20,54.7,"D","Index","Indicative","RBA","Daily","Historical Daily Exchange Rates Of The Australian Dollar Against:","Australian Dollar Trade-weighted Index"
"1930","FXRTWI","Trade-weighted Index May 1970 = 100","AUS","AUS",1987-03-23,54.7,"D","Index","Indicative","RBA","Daily","Historical Daily Exchange Rates Of The Australian Dollar Against:","Australian Dollar Trade-weighted Index"
"1931","FXRTWI","Trade-weighted Index May 1970 = 100","AUS","AUS",1987-03-24,55,"D","Index","Indicative","RBA","Daily","Historical Daily Exchange Rates Of The Australian Dollar Against:","Australian Dollar Trade-weighted Index"
"1932","FXRTWI","Trade-weighted Index May 1970 = 100","AUS","AUS",1987-03-25,55.2,"D","Index","Indicative","RBA","Daily","Historical Daily Exchange Rates Of The Australian Dollar Against:","Australian Dollar Trade-weighted Index"
"1933","FXRTWI","Trade-weighted Index May 1970 = 100","AUS","AUS",1987-03-26,55.1,"D","Index","Indicative","RBA","Daily","Historical Daily Exchange Rates Of The Australian Dollar Against:","Australian Dollar Trade-weighted Index"
"1934","FXRTWI","Trade-weighted Index May 1970 = 100","AUS","AUS",1987-03-27,55.2,"D","Index","Indicative","RBA","Daily","Historical Daily Exchange Rates Of The Australian Dollar Against:","Australian Dollar Trade-weighted Index"
"1935","FXRTWI","Trade-weighted Index May 1970 = 100","AUS","AUS",1987-03-30,55.3,"D","Index","Indicative","RBA","Daily","Historical Daily Exchange Rates Of The Australian Dollar Against:","Australian Dollar Trade-weighted Index"
"1936","DLCACS","Credit; Total; Seasonally adjusted","AUS","AUS",1987-03-31,190.773,"M","$ billion","Seasonally Adjusted","RBA","Monthly","D2 Lending And Credit Aggregates","Credit; Total; Seasonally adjusted – Includes securitisations – For series breaks see Series Breaks"
"1937","FXRTWI","Trade-weighted Index May 1970 = 100","AUS","AUS",1987-03-31,55.5,"D","Index","Indicative","RBA","Daily","Historical Daily Exchange Rates Of The Australian Dollar Against:","Australian Dollar Trade-weighted Index"
"1938","FXRTWI","Trade-weighted Index May 1970 = 100","AUS","AUS",1987-03-31,55.4,"M","Index","Indicative","RBA","Monthly","F11 Exchange Rates","Australian Dollar Trade-weighted Index"
"1939","GCPIOCPMTMQP","Quarterly trimmed mean inflation","AUS","AUS",1987-03-31,2,"Q","Per cent","Seasonally Adjusted","ABS","Quarterly","G1 Consumer Price Inflation","Consumer price index; Trimmed mean; Quarterly change (in per cent)"
"1940","GRCPAISDR","Commodity prices – SDR","AUS","AUS",1987-03-31,27.9391056475587,"M","Index, 2023/24=100","Original","RBA","Monthly","I2 Commodity Prices","Index of commodity prices; All items; SDR"
"1941","A2718577A","Credits, Total goods ;","AUS","AUS",1987-04-01,3063,"M","$ Millions","Seasonally Adjusted",NA,"Monthly","TABLE 1. GOODS, Summary: Seasonally adjusted and trend estimates, Current prices",NA
"1942","A2718594C","Balance on goods ;","AUS","AUS",1987-04-01,28,"M","$ Millions","Seasonally Adjusted",NA,"Monthly","TABLE 1. GOODS, Summary: Seasonally adjusted and trend estimates, Current prices",NA
"1943","FXRTWI","Trade-weighted Index May 1970 = 100","AUS","AUS",1987-04-01,55.6,"D","Index","Indicative","RBA","Daily","Historical Daily Exchange Rates Of The Australian Dollar Against:","Australian Dollar Trade-weighted Index"
"1944","FXRTWI","Trade-weighted Index May 1970 = 100","AUS","AUS",1987-04-02,55.6,"D","Index","Indicative","RBA","Daily","Historical Daily Exchange Rates Of The Australian Dollar Against:","Australian Dollar Trade-weighted Index"
"1945","FXRTWI","Trade-weighted Index May 1970 = 100","AUS","AUS",1987-04-03,55.9,"D","Index","Indicative","RBA","Daily","Historical Daily Exchange Rates Of The Australian Dollar Against:","Australian Dollar Trade-weighted Index"
"1946","FXRTWI","Trade-weighted Index May 1970 = 100","AUS","AUS",1987-04-06,56,"D","Index","Indicative","RBA","Daily","Historical Daily Exchange Rates Of The Australian Dollar Against:","Australian Dollar Trade-weighted Index"
"1947","FXRTWI","Trade-weighted Index May 1970 = 100","AUS","AUS",1987-04-07,55.7,"D","Index","Indicative","RBA","Daily","Historical Daily Exchange Rates Of The Australian Dollar Against:","Australian Dollar Trade-weighted Index"
"1948","FXRTWI","Trade-weighted Index May 1970 = 100","AUS","AUS",1987-04-08,55.9,"D","Index","Indicative","RBA","Daily","Historical Daily Exchange Rates Of The Australian Dollar Against:","Australian Dollar Trade-weighted Index"
"1949","FXRTWI","Trade-weighted Index May 1970 = 100","AUS","AUS",1987-04-09,56.1,"D","Index","Indicative","RBA","Daily","Historical Daily Exchange Rates Of The Australian Dollar Against:","Australian Dollar Trade-weighted Index"
"1950","FXRTWI","Trade-weighted Index May 1970 = 100","AUS","AUS",1987-04-10,55.8,"D","Index","Indicative","RBA","Daily","Historical Daily Exchange Rates Of The Australian Dollar Against:","Australian Dollar Trade-weighted Index"
"1951","FXRTWI","Trade-weighted Index May 1970 = 100","AUS","AUS",1987-04-13,56.2,"D","Index","Indicative","RBA","Daily","Historical Daily Exchange Rates Of The Australian Dollar Against:","Australian Dollar Trade-weighted Index"
"1952","FXRTWI","Trade-weighted Index May 1970 = 100","AUS","AUS",1987-04-14,56.1,"D","Index","Indicative","RBA","Daily","Historical Daily Exchange Rates Of The Australian Dollar Against:","Australian Dollar Trade-weighted Index"
"1953","FXRTWI","Trade-weighted Index May 1970 = 100","AUS","AUS",1987-04-15,56.5,"D","Index","Indicative","RBA","Daily","Historical Daily Exchange Rates Of The Australian Dollar Against:","Australian Dollar Trade-weighted Index"
"1954","FXRTWI","Trade-weighted Index May 1970 = 100","AUS","AUS",1987-04-16,55.9,"D","Index","Indicative","RBA","Daily","Historical Daily Exchange Rates Of The Australian Dollar Against:","Australian Dollar Trade-weighted Index"
"1955","FXRTWI","Trade-weighted Index May 1970 = 100","AUS","AUS",1987-04-21,55.1,"D","Index","Indicative","RBA","Daily","Historical Daily Exchange Rates Of The Australian Dollar Against:","Australian Dollar Trade-weighted Index"
"1956","FXRTWI","Trade-weighted Index May 1970 = 100","AUS","AUS",1987-04-22,55.1,"D","Index","Indicative","RBA","Daily","Historical Daily Exchange Rates Of The Australian Dollar Against:","Australian Dollar Trade-weighted Index"
"1957","FXRTWI","Trade-weighted Index May 1970 = 100","AUS","AUS",1987-04-23,55.4,"D","Index","Indicative","RBA","Daily","Historical Daily Exchange Rates Of The Australian Dollar Against:","Australian Dollar Trade-weighted Index"
"1958","FXRTWI","Trade-weighted Index May 1970 = 100","AUS","AUS",1987-04-24,54.9,"D","Index","Indicative","RBA","Daily","Historical Daily Exchange Rates Of The Australian Dollar Against:","Australian Dollar Trade-weighted Index"
"1959","FXRTWI","Trade-weighted Index May 1970 = 100","AUS","AUS",1987-04-27,54.9,"D","Index","Indicative","RBA","Daily","Historical Daily Exchange Rates Of The Australian Dollar Against:","Australian Dollar Trade-weighted Index"
"1960","FXRTWI","Trade-weighted Index May 1970 = 100","AUS","AUS",1987-04-28,54.7,"D","Index","Indicative","RBA","Daily","Historical Daily Exchange Rates Of The Australian Dollar Against:","Australian Dollar Trade-weighted Index"
"1961","FXRTWI","Trade-weighted Index May 1970 = 100","AUS","AUS",1987-04-29,54.7,"D","Index","Indicative","RBA","Daily","Historical Daily Exchange Rates Of The Australian Dollar Against:","Australian Dollar Trade-weighted Index"
"1962","DLCACS","Credit; Total; Seasonally adjusted","AUS","AUS",1987-04-30,194.866,"M","$ billion","Seasonally Adjusted","RBA","Monthly","D2 Lending And Credit Aggregates","Credit; Total; Seasonally adjusted – Includes securitisations – For series breaks see Series Breaks"
"1963","FXRTWI","Trade-weighted Index May 1970 = 100","AUS","AUS",1987-04-30,54.5,"D","Index","Indicative","RBA","Daily","Historical Daily Exchange Rates Of The Australian Dollar Against:","Australian Dollar Trade-weighted Index"
"1964","FXRTWI","Trade-weighted Index May 1970 = 100","AUS","AUS",1987-04-30,54.5,"M","Index","Indicative","RBA","Monthly","F11 Exchange Rates","Australian Dollar Trade-weighted Index"
"1965","GRCPAISDR","Commodity prices – SDR","AUS","AUS",1987-04-30,27.7906629854155,"M","Index, 2023/24=100","Original","RBA","Monthly","I2 Commodity Prices","Index of commodity prices; All items; SDR"
"1966","A2718577A","Credits, Total goods ;","AUS","AUS",1987-05-01,3142,"M","$ Millions","Seasonally Adjusted",NA,"Monthly","TABLE 1. GOODS, Summary: Seasonally adjusted and trend estimates, Current prices",NA
"1967","A2718594C","Balance on goods ;","AUS","AUS",1987-05-01,15,"M","$ Millions","Seasonally Adjusted",NA,"Monthly","TABLE 1. GOODS, Summary: Seasonally adjusted and trend estimates, Current prices",NA
"1968","FXRTWI","Trade-weighted Index May 1970 = 100","AUS","AUS",1987-05-01,54.5,"D","Index","Indicative","RBA","Daily","Historical Daily Exchange Rates Of The Australian Dollar Against:","Australian Dollar Trade-weighted Index"
"1969","FXRTWI","Trade-weighted Index May 1970 = 100","AUS","AUS",1987-05-04,54.3,"D","Index","Indicative","RBA","Daily","Historical Daily Exchange Rates Of The Australian Dollar Against:","Australian Dollar Trade-weighted Index"
"1970","FXRTWI","Trade-weighted Index May 1970 = 100","AUS","AUS",1987-05-05,54.4,"D","Index","Indicative","RBA","Daily","Historical Daily Exchange Rates Of The Australian Dollar Against:","Australian Dollar Trade-weighted Index"
"1971","FXRTWI","Trade-weighted Index May 1970 = 100","AUS","AUS",1987-05-06,54.7,"D","Index","Indicative","RBA","Daily","Historical Daily Exchange Rates Of The Australian Dollar Against:","Australian Dollar Trade-weighted Index"
"1972","FXRTWI","Trade-weighted Index May 1970 = 100","AUS","AUS",1987-05-07,54.7,"D","Index","Indicative","RBA","Daily","Historical Daily Exchange Rates Of The Australian Dollar Against:","Australian Dollar Trade-weighted Index"
"1973","FXRTWI","Trade-weighted Index May 1970 = 100","AUS","AUS",1987-05-08,54.9,"D","Index","Indicative","RBA","Daily","Historical Daily Exchange Rates Of The Australian Dollar Against:","Australian Dollar Trade-weighted Index"
"1974","FXRTWI","Trade-weighted Index May 1970 = 100","AUS","AUS",1987-05-11,55.1,"D","Index","Indicative","RBA","Daily","Historical Daily Exchange Rates Of The Australian Dollar Against:","Australian Dollar Trade-weighted Index"
"1975","FXRTWI","Trade-weighted Index May 1970 = 100","AUS","AUS",1987-05-12,55.4,"D","Index","Indicative","RBA","Daily","Historical Daily Exchange Rates Of The Australian Dollar Against:","Australian Dollar Trade-weighted Index"
"1976","FXRTWI","Trade-weighted Index May 1970 = 100","AUS","AUS",1987-05-13,55.2,"D","Index","Indicative","RBA","Daily","Historical Daily Exchange Rates Of The Australian Dollar Against:","Australian Dollar Trade-weighted Index"
"1977","FXRTWI","Trade-weighted Index May 1970 = 100","AUS","AUS",1987-05-14,55.1,"D","Index","Indicative","RBA","Daily","Historical Daily Exchange Rates Of The Australian Dollar Against:","Australian Dollar Trade-weighted Index"
"1978","FXRTWI","Trade-weighted Index May 1970 = 100","AUS","AUS",1987-05-15,55.1,"D","Index","Indicative","RBA","Daily","Historical Daily Exchange Rates Of The Australian Dollar Against:","Australian Dollar Trade-weighted Index"
"1979","FXRTWI","Trade-weighted Index May 1970 = 100","AUS","AUS",1987-05-18,55.4,"D","Index","Indicative","RBA","Daily","Historical Daily Exchange Rates Of The Australian Dollar Against:","Australian Dollar Trade-weighted Index"
"1980","FXRTWI","Trade-weighted Index May 1970 = 100","AUS","AUS",1987-05-19,55.4,"D","Index","Indicative","RBA","Daily","Historical Daily Exchange Rates Of The Australian Dollar Against:","Australian Dollar Trade-weighted Index"
"1981","FXRTWI","Trade-weighted Index May 1970 = 100","AUS","AUS",1987-05-20,55.4,"D","Index","Indicative","RBA","Daily","Historical Daily Exchange Rates Of The Australian Dollar Against:","Australian Dollar Trade-weighted Index"
"1982","FXRTWI","Trade-weighted Index May 1970 = 100","AUS","AUS",1987-05-21,55.8,"D","Index","Indicative","RBA","Daily","Historical Daily Exchange Rates Of The Australian Dollar Against:","Australian Dollar Trade-weighted Index"
"1983","FXRTWI","Trade-weighted Index May 1970 = 100","AUS","AUS",1987-05-22,55.6,"D","Index","Indicative","RBA","Daily","Historical Daily Exchange Rates Of The Australian Dollar Against:","Australian Dollar Trade-weighted Index"
"1984","FXRTWI","Trade-weighted Index May 1970 = 100","AUS","AUS",1987-05-25,55.5,"D","Index","Indicative","RBA","Daily","Historical Daily Exchange Rates Of The Australian Dollar Against:","Australian Dollar Trade-weighted Index"
"1985","FXRTWI","Trade-weighted Index May 1970 = 100","AUS","AUS",1987-05-26,55.7,"D","Index","Indicative","RBA","Daily","Historical Daily Exchange Rates Of The Australian Dollar Against:","Australian Dollar Trade-weighted Index"
"1986","FXRTWI","Trade-weighted Index May 1970 = 100","AUS","AUS",1987-05-27,55.6,"D","Index","Indicative","RBA","Daily","Historical Daily Exchange Rates Of The Australian Dollar Against:","Australian Dollar Trade-weighted Index"
"1987","FXRTWI","Trade-weighted Index May 1970 = 100","AUS","AUS",1987-05-28,55.7,"D","Index","Indicative","RBA","Daily","Historical Daily Exchange Rates Of The Australian Dollar Against:","Australian Dollar Trade-weighted Index"
"1988","FXRTWI","Trade-weighted Index May 1970 = 100","AUS","AUS",1987-05-29,55.8,"D","Index","Indicative","RBA","Daily","Historical Daily Exchange Rates Of The Australian Dollar Against:","Australian Dollar Trade-weighted Index"
"1989","DLCACS","Credit; Total; Seasonally adjusted","AUS","AUS",1987-05-31,197.97,"M","$ billion","Seasonally Adjusted","RBA","Monthly","D2 Lending And Credit Aggregates","Credit; Total; Seasonally adjusted – Includes securitisations – For series breaks see Series Breaks"
"1990","FXRTWI","Trade-weighted Index May 1970 = 100","AUS","AUS",1987-05-31,55.8,"M","Index","Indicative","RBA","Monthly","F11 Exchange Rates","Australian Dollar Trade-weighted Index"
"1991","GRCPAISDR","Commodity prices – SDR","AUS","AUS",1987-05-31,27.9122714350341,"M","Index, 2023/24=100","Original","RBA","Monthly","I2 Commodity Prices","Index of commodity prices; All items; SDR"
"1992","A2302956R","South Australia ; STATE FINAL DEMAND ;","SA","SA",1987-06-01,14477,"Q","$ Millions","Seasonally Adjusted",NA,"Quarterly","Table 25. State Final Demand, Summary Components by State: Chain volume measures",NA
"1993","A2302984X","Western Australia ; STATE FINAL DEMAND ;","WA","WA",1987-06-01,17944,"Q","$ Millions","Seasonally Adjusted",NA,"Quarterly","Table 25. State Final Demand, Summary Components by State: Chain volume measures",NA
"1994","A2303012X","Tasmania ; STATE FINAL DEMAND ;","TAS","TAS",1987-06-01,4899,"Q","$ Millions","Seasonally Adjusted",NA,"Quarterly","Table 25. State Final Demand, Summary Components by State: Chain volume measures",NA
"1995","A2303040J","Northern Territory ; STATE FINAL DEMAND ;","NT","NT",1987-06-01,2371,"Q","$ Millions","Seasonally Adjusted",NA,"Quarterly","Table 25. State Final Demand, Summary Components by State: Chain volume measures",NA
"1996","A2303068K","Australian Capital Territory ; STATE FINAL DEMAND ;","ACT","ACT",1987-06-01,5072,"Q","$ Millions","Seasonally Adjusted",NA,"Quarterly","Table 25. State Final Demand, Summary Components by State: Chain volume measures",NA
"1997","A2303111F","New South Wales ; STATE FINAL DEMAND ;","NSW","NSW",1987-06-01,65700,"Q","$ Millions","Seasonally Adjusted",NA,"Quarterly","Table 25. State Final Demand, Summary Components by State: Chain volume measures",NA
"1998","A2303139J","Victoria ; STATE FINAL DEMAND ;","VIC","VIC",1987-06-01,48286,"Q","$ Millions","Seasonally Adjusted",NA,"Quarterly","Table 25. State Final Demand, Summary Components by State: Chain volume measures",NA
"1999","A2303187A","Queensland ; STATE FINAL DEMAND ;","QLD","QLD",1987-06-01,29948,"Q","$ Millions","Seasonally Adjusted",NA,"Quarterly","Table 25. State Final Demand, Summary Components by State: Chain volume measures",NA
"2000","A2304418T","Gross domestic product: Current prices ;","AUS","AUS",1987-06-01,75066,"Q","$ Millions","Seasonally Adjusted",NA,"Quarterly","Table 1. Key National Accounts Aggregates",NA
"2001","A2325846C","Index Numbers ; All groups CPI ; Australia ;","AUS","AUS",1987-06-01,46,"Q","Index Numbers","Original",NA,"Quarterly","TABLES 1 and 2. CPI: All Groups, Index Numbers and Percentage Changes",NA
"2002","A2718577A","Credits, Total goods ;","AUS","AUS",1987-06-01,3241,"M","$ Millions","Seasonally Adjusted",NA,"Monthly","TABLE 1. GOODS, Summary: Seasonally adjusted and trend estimates, Current prices",NA
"2003","A2718594C","Balance on goods ;","AUS","AUS",1987-06-01,-42,"M","$ Millions","Seasonally Adjusted",NA,"Monthly","TABLE 1. GOODS, Summary: Seasonally adjusted and trend estimates, Current prices",NA
"2004","FXRTWI","Trade-weighted Index May 1970 = 100","AUS","AUS",1987-06-01,56,"D","Index","Indicative","RBA","Daily","Historical Daily Exchange Rates Of The Australian Dollar Against:","Australian Dollar Trade-weighted Index"
"2005","FXRTWI","Trade-weighted Index May 1970 = 100","AUS","AUS",1987-06-02,56,"D","Index","Indicative","RBA","Daily","Historical Daily Exchange Rates Of The Australian Dollar Against:","Australian Dollar Trade-weighted Index"
"2006","FXRTWI","Trade-weighted Index May 1970 = 100","AUS","AUS",1987-06-03,55.7,"D","Index","Indicative","RBA","Daily","Historical Daily Exchange Rates Of The Australian Dollar Against:","Australian Dollar Trade-weighted Index"
"2007","FXRTWI","Trade-weighted Index May 1970 = 100","AUS","AUS",1987-06-04,56,"D","Index","Indicative","RBA","Daily","Historical Daily Exchange Rates Of The Australian Dollar Against:","Australian Dollar Trade-weighted Index"
"2008","FXRTWI","Trade-weighted Index May 1970 = 100","AUS","AUS",1987-06-05,55.8,"D","Index","Indicative","RBA","Daily","Historical Daily Exchange Rates Of The Australian Dollar Against:","Australian Dollar Trade-weighted Index"
"2009","FXRTWI","Trade-weighted Index May 1970 = 100","AUS","AUS",1987-06-09,55.6,"D","Index","Indicative","RBA","Daily","Historical Daily Exchange Rates Of The Australian Dollar Against:","Australian Dollar Trade-weighted Index"
"2010","FXRTWI","Trade-weighted Index May 1970 = 100","AUS","AUS",1987-06-10,55.5,"D","Index","Indicative","RBA","Daily","Historical Daily Exchange Rates Of The Australian Dollar Against:","Australian Dollar Trade-weighted Index"
"2011","FXRTWI","Trade-weighted Index May 1970 = 100","AUS","AUS",1987-06-11,55.6,"D","Index","Indicative","RBA","Daily","Historical Daily Exchange Rates Of The Australian Dollar Against:","Australian Dollar Trade-weighted Index"
"2012","FXRTWI","Trade-weighted Index May 1970 = 100","AUS","AUS",1987-06-12,55.6,"D","Index","Indicative","RBA","Daily","Historical Daily Exchange Rates Of The Australian Dollar Against:","Australian Dollar Trade-weighted Index"
"2013","FXRTWI","Trade-weighted Index May 1970 = 100","AUS","AUS",1987-06-15,55.8,"D","Index","Indicative","RBA","Daily","Historical Daily Exchange Rates Of The Australian Dollar Against:","Australian Dollar Trade-weighted Index"
"2014","FXRTWI","Trade-weighted Index May 1970 = 100","AUS","AUS",1987-06-16,56,"D","Index","Indicative","RBA","Daily","Historical Daily Exchange Rates Of The Australian Dollar Against:","Australian Dollar Trade-weighted Index"
"2015","FXRTWI","Trade-weighted Index May 1970 = 100","AUS","AUS",1987-06-17,56.4,"D","Index","Indicative","RBA","Daily","Historical Daily Exchange Rates Of The Australian Dollar Against:","Australian Dollar Trade-weighted Index"
"2016","FXRTWI","Trade-weighted Index May 1970 = 100","AUS","AUS",1987-06-18,56.4,"D","Index","Indicative","RBA","Daily","Historical Daily Exchange Rates Of The Australian Dollar Against:","Australian Dollar Trade-weighted Index"
"2017","FXRTWI","Trade-weighted Index May 1970 = 100","AUS","AUS",1987-06-19,56.4,"D","Index","Indicative","RBA","Daily","Historical Daily Exchange Rates Of The Australian Dollar Against:","Australian Dollar Trade-weighted Index"
"2018","FXRTWI","Trade-weighted Index May 1970 = 100","AUS","AUS",1987-06-22,56.4,"D","Index","Indicative","RBA","Daily","Historical Daily Exchange Rates Of The Australian Dollar Against:","Australian Dollar Trade-weighted Index"
"2019","FXRTWI","Trade-weighted Index May 1970 = 100","AUS","AUS",1987-06-23,56.4,"D","Index","Indicative","RBA","Daily","Historical Daily Exchange Rates Of The Australian Dollar Against:","Australian Dollar Trade-weighted Index"
"2020","FXRTWI","Trade-weighted Index May 1970 = 100","AUS","AUS",1987-06-24,56.3,"D","Index","Indicative","RBA","Daily","Historical Daily Exchange Rates Of The Australian Dollar Against:","Australian Dollar Trade-weighted Index"
"2021","FXRTWI","Trade-weighted Index May 1970 = 100","AUS","AUS",1987-06-25,56.3,"D","Index","Indicative","RBA","Daily","Historical Daily Exchange Rates Of The Australian Dollar Against:","Australian Dollar Trade-weighted Index"
"2022","FXRTWI","Trade-weighted Index May 1970 = 100","AUS","AUS",1987-06-26,56.4,"D","Index","Indicative","RBA","Daily","Historical Daily Exchange Rates Of The Australian Dollar Against:","Australian Dollar Trade-weighted Index"
"2023","FXRTWI","Trade-weighted Index May 1970 = 100","AUS","AUS",1987-06-29,56.6,"D","Index","Indicative","RBA","Daily","Historical Daily Exchange Rates Of The Australian Dollar Against:","Australian Dollar Trade-weighted Index"
"2024","DLCACS","Credit; Total; Seasonally adjusted","AUS","AUS",1987-06-30,198.721,"M","$ billion","Seasonally Adjusted","RBA","Monthly","D2 Lending And Credit Aggregates","Credit; Total; Seasonally adjusted – Includes securitisations – For series breaks see Series Breaks"
"2025","FXRTWI","Trade-weighted Index May 1970 = 100","AUS","AUS",1987-06-30,56.6,"D","Index","Indicative","RBA","Daily","Historical Daily Exchange Rates Of The Australian Dollar Against:","Australian Dollar Trade-weighted Index"
"2026","FXRTWI","Trade-weighted Index May 1970 = 100","AUS","AUS",1987-06-30,56.6,"M","Index","Indicative","RBA","Monthly","F11 Exchange Rates","Australian Dollar Trade-weighted Index"
"2027","GCPIOCPMTMQP","Quarterly trimmed mean inflation","AUS","AUS",1987-06-30,1.9,"Q","Per cent","Seasonally Adjusted","ABS","Quarterly","G1 Consumer Price Inflation","Consumer price index; Trimmed mean; Quarterly change (in per cent)"
"2028","GRCPAISDR","Commodity prices – SDR","AUS","AUS",1987-06-30,27.9657590400268,"M","Index, 2023/24=100","Original","RBA","Monthly","I2 Commodity Prices","Index of commodity prices; All items; SDR"
"2029","A2718577A","Credits, Total goods ;","AUS","AUS",1987-07-01,3139,"M","$ Millions","Seasonally Adjusted",NA,"Monthly","TABLE 1. GOODS, Summary: Seasonally adjusted and trend estimates, Current prices",NA
"2030","A2718594C","Balance on goods ;","AUS","AUS",1987-07-01,-35,"M","$ Millions","Seasonally Adjusted",NA,"Monthly","TABLE 1. GOODS, Summary: Seasonally adjusted and trend estimates, Current prices",NA
"2031","FXRTWI","Trade-weighted Index May 1970 = 100","AUS","AUS",1987-07-01,56.5,"D","Index","Indicative","RBA","Daily","Historical Daily Exchange Rates Of The Australian Dollar Against:","Australian Dollar Trade-weighted Index"
"2032","FXRTWI","Trade-weighted Index May 1970 = 100","AUS","AUS",1987-07-02,56.6,"D","Index","Indicative","RBA","Daily","Historical Daily Exchange Rates Of The Australian Dollar Against:","Australian Dollar Trade-weighted Index"
"2033","FXRTWI","Trade-weighted Index May 1970 = 100","AUS","AUS",1987-07-03,56.5,"D","Index","Indicative","RBA","Daily","Historical Daily Exchange Rates Of The Australian Dollar Against:","Australian Dollar Trade-weighted Index"
"2034","FXRTWI","Trade-weighted Index May 1970 = 100","AUS","AUS",1987-07-06,56.5,"D","Index","Indicative","RBA","Daily","Historical Daily Exchange Rates Of The Australian Dollar Against:","Australian Dollar Trade-weighted Index"
"2035","FXRTWI","Trade-weighted Index May 1970 = 100","AUS","AUS",1987-07-07,56,"D","Index","Indicative","RBA","Daily","Historical Daily Exchange Rates Of The Australian Dollar Against:","Australian Dollar Trade-weighted Index"
"2036","FXRTWI","Trade-weighted Index May 1970 = 100","AUS","AUS",1987-07-08,55.9,"D","Index","Indicative","RBA","Daily","Historical Daily Exchange Rates Of The Australian Dollar Against:","Australian Dollar Trade-weighted Index"
"2037","FXRTWI","Trade-weighted Index May 1970 = 100","AUS","AUS",1987-07-09,56,"D","Index","Indicative","RBA","Daily","Historical Daily Exchange Rates Of The Australian Dollar Against:","Australian Dollar Trade-weighted Index"
"2038","FXRTWI","Trade-weighted Index May 1970 = 100","AUS","AUS",1987-07-10,56.1,"D","Index","Indicative","RBA","Daily","Historical Daily Exchange Rates Of The Australian Dollar Against:","Australian Dollar Trade-weighted Index"
"2039","FXRTWI","Trade-weighted Index May 1970 = 100","AUS","AUS",1987-07-13,56.5,"D","Index","Indicative","RBA","Daily","Historical Daily Exchange Rates Of The Australian Dollar Against:","Australian Dollar Trade-weighted Index"
"2040","FXRTWI","Trade-weighted Index May 1970 = 100","AUS","AUS",1987-07-14,55.8,"D","Index","Indicative","RBA","Daily","Historical Daily Exchange Rates Of The Australian Dollar Against:","Australian Dollar Trade-weighted Index"
"2041","FXRTWI","Trade-weighted Index May 1970 = 100","AUS","AUS",1987-07-15,55.9,"D","Index","Indicative","RBA","Daily","Historical Daily Exchange Rates Of The Australian Dollar Against:","Australian Dollar Trade-weighted Index"
"2042","FXRTWI","Trade-weighted Index May 1970 = 100","AUS","AUS",1987-07-16,56.1,"D","Index","Indicative","RBA","Daily","Historical Daily Exchange Rates Of The Australian Dollar Against:","Australian Dollar Trade-weighted Index"
"2043","FXRTWI","Trade-weighted Index May 1970 = 100","AUS","AUS",1987-07-17,56.4,"D","Index","Indicative","RBA","Daily","Historical Daily Exchange Rates Of The Australian Dollar Against:","Australian Dollar Trade-weighted Index"
"2044","FXRTWI","Trade-weighted Index May 1970 = 100","AUS","AUS",1987-07-20,56.2,"D","Index","Indicative","RBA","Daily","Historical Daily Exchange Rates Of The Australian Dollar Against:","Australian Dollar Trade-weighted Index"
"2045","FXRTWI","Trade-weighted Index May 1970 = 100","AUS","AUS",1987-07-21,56.3,"D","Index","Indicative","RBA","Daily","Historical Daily Exchange Rates Of The Australian Dollar Against:","Australian Dollar Trade-weighted Index"
"2046","FXRTWI","Trade-weighted Index May 1970 = 100","AUS","AUS",1987-07-22,56.4,"D","Index","Indicative","RBA","Daily","Historical Daily Exchange Rates Of The Australian Dollar Against:","Australian Dollar Trade-weighted Index"
"2047","FXRTWI","Trade-weighted Index May 1970 = 100","AUS","AUS",1987-07-23,56.2,"D","Index","Indicative","RBA","Daily","Historical Daily Exchange Rates Of The Australian Dollar Against:","Australian Dollar Trade-weighted Index"
"2048","FXRTWI","Trade-weighted Index May 1970 = 100","AUS","AUS",1987-07-24,56.1,"D","Index","Indicative","RBA","Daily","Historical Daily Exchange Rates Of The Australian Dollar Against:","Australian Dollar Trade-weighted Index"
"2049","FXRTWI","Trade-weighted Index May 1970 = 100","AUS","AUS",1987-07-27,56,"D","Index","Indicative","RBA","Daily","Historical Daily Exchange Rates Of The Australian Dollar Against:","Australian Dollar Trade-weighted Index"
"2050","FXRTWI","Trade-weighted Index May 1970 = 100","AUS","AUS",1987-07-28,55.8,"D","Index","Indicative","RBA","Daily","Historical Daily Exchange Rates Of The Australian Dollar Against:","Australian Dollar Trade-weighted Index"
"2051","FXRTWI","Trade-weighted Index May 1970 = 100","AUS","AUS",1987-07-29,55.6,"D","Index","Indicative","RBA","Daily","Historical Daily Exchange Rates Of The Australian Dollar Against:","Australian Dollar Trade-weighted Index"
"2052","FXRTWI","Trade-weighted Index May 1970 = 100","AUS","AUS",1987-07-30,55.4,"D","Index","Indicative","RBA","Daily","Historical Daily Exchange Rates Of The Australian Dollar Against:","Australian Dollar Trade-weighted Index"
"2053","DLCACS","Credit; Total; Seasonally adjusted","AUS","AUS",1987-07-31,202.844,"M","$ billion","Seasonally Adjusted","RBA","Monthly","D2 Lending And Credit Aggregates","Credit; Total; Seasonally adjusted – Includes securitisations – For series breaks see Series Breaks"
"2054","FXRTWI","Trade-weighted Index May 1970 = 100","AUS","AUS",1987-07-31,55.3,"D","Index","Indicative","RBA","Daily","Historical Daily Exchange Rates Of The Australian Dollar Against:","Australian Dollar Trade-weighted Index"
"2055","FXRTWI","Trade-weighted Index May 1970 = 100","AUS","AUS",1987-07-31,55.3,"M","Index","Indicative","RBA","Monthly","F11 Exchange Rates","Australian Dollar Trade-weighted Index"
"2056","GRCPAISDR","Commodity prices – SDR","AUS","AUS",1987-07-31,28.3733926161966,"M","Index, 2023/24=100","Original","RBA","Monthly","I2 Commodity Prices","Index of commodity prices; All items; SDR"
"2057","A2718577A","Credits, Total goods ;","AUS","AUS",1987-08-01,3323,"M","$ Millions","Seasonally Adjusted",NA,"Monthly","TABLE 1. GOODS, Summary: Seasonally adjusted and trend estimates, Current prices",NA
"2058","A2718594C","Balance on goods ;","AUS","AUS",1987-08-01,266,"M","$ Millions","Seasonally Adjusted",NA,"Monthly","TABLE 1. GOODS, Summary: Seasonally adjusted and trend estimates, Current prices",NA
"2059","FXRTWI","Trade-weighted Index May 1970 = 100","AUS","AUS",1987-08-03,55.6,"D","Index","Indicative","RBA","Daily","Historical Daily Exchange Rates Of The Australian Dollar Against:","Australian Dollar Trade-weighted Index"
"2060","FXRTWI","Trade-weighted Index May 1970 = 100","AUS","AUS",1987-08-04,55.8,"D","Index","Indicative","RBA","Daily","Historical Daily Exchange Rates Of The Australian Dollar Against:","Australian Dollar Trade-weighted Index"
"2061","FXRTWI","Trade-weighted Index May 1970 = 100","AUS","AUS",1987-08-05,55.9,"D","Index","Indicative","RBA","Daily","Historical Daily Exchange Rates Of The Australian Dollar Against:","Australian Dollar Trade-weighted Index"
"2062","FXRTWI","Trade-weighted Index May 1970 = 100","AUS","AUS",1987-08-06,55.8,"D","Index","Indicative","RBA","Daily","Historical Daily Exchange Rates Of The Australian Dollar Against:","Australian Dollar Trade-weighted Index"
"2063","FXRTWI","Trade-weighted Index May 1970 = 100","AUS","AUS",1987-08-07,55.8,"D","Index","Indicative","RBA","Daily","Historical Daily Exchange Rates Of The Australian Dollar Against:","Australian Dollar Trade-weighted Index"
"2064","FXRTWI","Trade-weighted Index May 1970 = 100","AUS","AUS",1987-08-10,55.8,"D","Index","Indicative","RBA","Daily","Historical Daily Exchange Rates Of The Australian Dollar Against:","Australian Dollar Trade-weighted Index"
"2065","FXRTWI","Trade-weighted Index May 1970 = 100","AUS","AUS",1987-08-11,55.9,"D","Index","Indicative","RBA","Daily","Historical Daily Exchange Rates Of The Australian Dollar Against:","Australian Dollar Trade-weighted Index"
"2066","FXRTWI","Trade-weighted Index May 1970 = 100","AUS","AUS",1987-08-12,56.1,"D","Index","Indicative","RBA","Daily","Historical Daily Exchange Rates Of The Australian Dollar Against:","Australian Dollar Trade-weighted Index"
"2067","FXRTWI","Trade-weighted Index May 1970 = 100","AUS","AUS",1987-08-13,56.1,"D","Index","Indicative","RBA","Daily","Historical Daily Exchange Rates Of The Australian Dollar Against:","Australian Dollar Trade-weighted Index"
"2068","FXRTWI","Trade-weighted Index May 1970 = 100","AUS","AUS",1987-08-14,56.4,"D","Index","Indicative","RBA","Daily","Historical Daily Exchange Rates Of The Australian Dollar Against:","Australian Dollar Trade-weighted Index"
"2069","FXRTWI","Trade-weighted Index May 1970 = 100","AUS","AUS",1987-08-17,56.4,"D","Index","Indicative","RBA","Daily","Historical Daily Exchange Rates Of The Australian Dollar Against:","Australian Dollar Trade-weighted Index"
"2070","FXRTWI","Trade-weighted Index May 1970 = 100","AUS","AUS",1987-08-18,56.1,"D","Index","Indicative","RBA","Daily","Historical Daily Exchange Rates Of The Australian Dollar Against:","Australian Dollar Trade-weighted Index"
"2071","FXRTWI","Trade-weighted Index May 1970 = 100","AUS","AUS",1987-08-19,56.1,"D","Index","Indicative","RBA","Daily","Historical Daily Exchange Rates Of The Australian Dollar Against:","Australian Dollar Trade-weighted Index"
"2072","FXRTWI","Trade-weighted Index May 1970 = 100","AUS","AUS",1987-08-20,55.7,"D","Index","Indicative","RBA","Daily","Historical Daily Exchange Rates Of The Australian Dollar Against:","Australian Dollar Trade-weighted Index"
"2073","FXRTWI","Trade-weighted Index May 1970 = 100","AUS","AUS",1987-08-21,55.5,"D","Index","Indicative","RBA","Daily","Historical Daily Exchange Rates Of The Australian Dollar Against:","Australian Dollar Trade-weighted Index"
"2074","FXRTWI","Trade-weighted Index May 1970 = 100","AUS","AUS",1987-08-24,55.5,"D","Index","Indicative","RBA","Daily","Historical Daily Exchange Rates Of The Australian Dollar Against:","Australian Dollar Trade-weighted Index"
"2075","FXRTWI","Trade-weighted Index May 1970 = 100","AUS","AUS",1987-08-25,55.6,"D","Index","Indicative","RBA","Daily","Historical Daily Exchange Rates Of The Australian Dollar Against:","Australian Dollar Trade-weighted Index"
"2076","FXRTWI","Trade-weighted Index May 1970 = 100","AUS","AUS",1987-08-26,55.6,"D","Index","Indicative","RBA","Daily","Historical Daily Exchange Rates Of The Australian Dollar Against:","Australian Dollar Trade-weighted Index"
"2077","FXRTWI","Trade-weighted Index May 1970 = 100","AUS","AUS",1987-08-27,55.4,"D","Index","Indicative","RBA","Daily","Historical Daily Exchange Rates Of The Australian Dollar Against:","Australian Dollar Trade-weighted Index"
"2078","FXRTWI","Trade-weighted Index May 1970 = 100","AUS","AUS",1987-08-28,55.1,"D","Index","Indicative","RBA","Daily","Historical Daily Exchange Rates Of The Australian Dollar Against:","Australian Dollar Trade-weighted Index"
"2079","DLCACS","Credit; Total; Seasonally adjusted","AUS","AUS",1987-08-31,206.589,"M","$ billion","Seasonally Adjusted","RBA","Monthly","D2 Lending And Credit Aggregates","Credit; Total; Seasonally adjusted – Includes securitisations – For series breaks see Series Breaks"
"2080","FXRTWI","Trade-weighted Index May 1970 = 100","AUS","AUS",1987-08-31,55.2,"D","Index","Indicative","RBA","Daily","Historical Daily Exchange Rates Of The Australian Dollar Against:","Australian Dollar Trade-weighted Index"
"2081","FXRTWI","Trade-weighted Index May 1970 = 100","AUS","AUS",1987-08-31,55.2,"M","Index","Indicative","RBA","Monthly","F11 Exchange Rates","Australian Dollar Trade-weighted Index"
"2082","GRCPAISDR","Commodity prices – SDR","AUS","AUS",1987-08-31,29.4471929239808,"M","Index, 2023/24=100","Original","RBA","Monthly","I2 Commodity Prices","Index of commodity prices; All items; SDR"
"2083","A2302956R","South Australia ; STATE FINAL DEMAND ;","SA","SA",1987-09-01,14813,"Q","$ Millions","Seasonally Adjusted",NA,"Quarterly","Table 25. State Final Demand, Summary Components by State: Chain volume measures",NA
"2084","A2302984X","Western Australia ; STATE FINAL DEMAND ;","WA","WA",1987-09-01,18174,"Q","$ Millions","Seasonally Adjusted",NA,"Quarterly","Table 25. State Final Demand, Summary Components by State: Chain volume measures",NA
"2085","A2303012X","Tasmania ; STATE FINAL DEMAND ;","TAS","TAS",1987-09-01,4860,"Q","$ Millions","Seasonally Adjusted",NA,"Quarterly","Table 25. State Final Demand, Summary Components by State: Chain volume measures",NA
"2086","A2303040J","Northern Territory ; STATE FINAL DEMAND ;","NT","NT",1987-09-01,2450,"Q","$ Millions","Seasonally Adjusted",NA,"Quarterly","Table 25. State Final Demand, Summary Components by State: Chain volume measures",NA
"2087","A2303068K","Australian Capital Territory ; STATE FINAL DEMAND ;","ACT","ACT",1987-09-01,5208,"Q","$ Millions","Seasonally Adjusted",NA,"Quarterly","Table 25. State Final Demand, Summary Components by State: Chain volume measures",NA
"2088","A2303111F","New South Wales ; STATE FINAL DEMAND ;","NSW","NSW",1987-09-01,66643,"Q","$ Millions","Seasonally Adjusted",NA,"Quarterly","Table 25. State Final Demand, Summary Components by State: Chain volume measures",NA
"2089","A2303139J","Victoria ; STATE FINAL DEMAND ;","VIC","VIC",1987-09-01,48269,"Q","$ Millions","Seasonally Adjusted",NA,"Quarterly","Table 25. State Final Demand, Summary Components by State: Chain volume measures",NA
"2090","A2303187A","Queensland ; STATE FINAL DEMAND ;","QLD","QLD",1987-09-01,30592,"Q","$ Millions","Seasonally Adjusted",NA,"Quarterly","Table 25. State Final Demand, Summary Components by State: Chain volume measures",NA
"2091","A2304418T","Gross domestic product: Current prices ;","AUS","AUS",1987-09-01,77467,"Q","$ Millions","Seasonally Adjusted",NA,"Quarterly","Table 1. Key National Accounts Aggregates",NA
"2092","A2325846C","Index Numbers ; All groups CPI ; Australia ;","AUS","AUS",1987-09-01,46.8,"Q","Index Numbers","Original",NA,"Quarterly","TABLES 1 and 2. CPI: All Groups, Index Numbers and Percentage Changes",NA
"2093","A2718577A","Credits, Total goods ;","AUS","AUS",1987-09-01,3228,"M","$ Millions","Seasonally Adjusted",NA,"Monthly","TABLE 1. GOODS, Summary: Seasonally adjusted and trend estimates, Current prices",NA
"2094","A2718594C","Balance on goods ;","AUS","AUS",1987-09-01,84,"M","$ Millions","Seasonally Adjusted",NA,"Monthly","TABLE 1. GOODS, Summary: Seasonally adjusted and trend estimates, Current prices",NA
"2095","FXRTWI","Trade-weighted Index May 1970 = 100","AUS","AUS",1987-09-01,55.5,"D","Index","Indicative","RBA","Daily","Historical Daily Exchange Rates Of The Australian Dollar Against:","Australian Dollar Trade-weighted Index"
"2096","FXRTWI","Trade-weighted Index May 1970 = 100","AUS","AUS",1987-09-02,55.6,"D","Index","Indicative","RBA","Daily","Historical Daily Exchange Rates Of The Australian Dollar Against:","Australian Dollar Trade-weighted Index"
"2097","FXRTWI","Trade-weighted Index May 1970 = 100","AUS","AUS",1987-09-03,55.6,"D","Index","Indicative","RBA","Daily","Historical Daily Exchange Rates Of The Australian Dollar Against:","Australian Dollar Trade-weighted Index"
"2098","FXRTWI","Trade-weighted Index May 1970 = 100","AUS","AUS",1987-09-04,55.6,"D","Index","Indicative","RBA","Daily","Historical Daily Exchange Rates Of The Australian Dollar Against:","Australian Dollar Trade-weighted Index"
"2099","FXRTWI","Trade-weighted Index May 1970 = 100","AUS","AUS",1987-09-07,56,"D","Index","Indicative","RBA","Daily","Historical Daily Exchange Rates Of The Australian Dollar Against:","Australian Dollar Trade-weighted Index"
"2100","FXRTWI","Trade-weighted Index May 1970 = 100","AUS","AUS",1987-09-08,55.9,"D","Index","Indicative","RBA","Daily","Historical Daily Exchange Rates Of The Australian Dollar Against:","Australian Dollar Trade-weighted Index"
"2101","FXRTWI","Trade-weighted Index May 1970 = 100","AUS","AUS",1987-09-09,56.2,"D","Index","Indicative","RBA","Daily","Historical Daily Exchange Rates Of The Australian Dollar Against:","Australian Dollar Trade-weighted Index"
"2102","FXRTWI","Trade-weighted Index May 1970 = 100","AUS","AUS",1987-09-10,56.2,"D","Index","Indicative","RBA","Daily","Historical Daily Exchange Rates Of The Australian Dollar Against:","Australian Dollar Trade-weighted Index"
"2103","FXRTWI","Trade-weighted Index May 1970 = 100","AUS","AUS",1987-09-11,56.3,"D","Index","Indicative","RBA","Daily","Historical Daily Exchange Rates Of The Australian Dollar Against:","Australian Dollar Trade-weighted Index"
"2104","FXRTWI","Trade-weighted Index May 1970 = 100","AUS","AUS",1987-09-14,56.6,"D","Index","Indicative","RBA","Daily","Historical Daily Exchange Rates Of The Australian Dollar Against:","Australian Dollar Trade-weighted Index"
"2105","FXRTWI","Trade-weighted Index May 1970 = 100","AUS","AUS",1987-09-15,56.6,"D","Index","Indicative","RBA","Daily","Historical Daily Exchange Rates Of The Australian Dollar Against:","Australian Dollar Trade-weighted Index"
"2106","FXRTWI","Trade-weighted Index May 1970 = 100","AUS","AUS",1987-09-16,56.9,"D","Index","Indicative","RBA","Daily","Historical Daily Exchange Rates Of The Australian Dollar Against:","Australian Dollar Trade-weighted Index"
"2107","FXRTWI","Trade-weighted Index May 1970 = 100","AUS","AUS",1987-09-17,56.9,"D","Index","Indicative","RBA","Daily","Historical Daily Exchange Rates Of The Australian Dollar Against:","Australian Dollar Trade-weighted Index"
"2108","FXRTWI","Trade-weighted Index May 1970 = 100","AUS","AUS",1987-09-18,56.8,"D","Index","Indicative","RBA","Daily","Historical Daily Exchange Rates Of The Australian Dollar Against:","Australian Dollar Trade-weighted Index"
"2109","FXRTWI","Trade-weighted Index May 1970 = 100","AUS","AUS",1987-09-21,57,"D","Index","Indicative","RBA","Daily","Historical Daily Exchange Rates Of The Australian Dollar Against:","Australian Dollar Trade-weighted Index"
"2110","FXRTWI","Trade-weighted Index May 1970 = 100","AUS","AUS",1987-09-22,57,"D","Index","Indicative","RBA","Daily","Historical Daily Exchange Rates Of The Australian Dollar Against:","Australian Dollar Trade-weighted Index"
"2111","FXRTWI","Trade-weighted Index May 1970 = 100","AUS","AUS",1987-09-23,56.6,"D","Index","Indicative","RBA","Daily","Historical Daily Exchange Rates Of The Australian Dollar Against:","Australian Dollar Trade-weighted Index"
"2112","FXRTWI","Trade-weighted Index May 1970 = 100","AUS","AUS",1987-09-24,56.7,"D","Index","Indicative","RBA","Daily","Historical Daily Exchange Rates Of The Australian Dollar Against:","Australian Dollar Trade-weighted Index"
"2113","FXRTWI","Trade-weighted Index May 1970 = 100","AUS","AUS",1987-09-25,56,"D","Index","Indicative","RBA","Daily","Historical Daily Exchange Rates Of The Australian Dollar Against:","Australian Dollar Trade-weighted Index"
"2114","FXRTWI","Trade-weighted Index May 1970 = 100","AUS","AUS",1987-09-28,56.2,"D","Index","Indicative","RBA","Daily","Historical Daily Exchange Rates Of The Australian Dollar Against:","Australian Dollar Trade-weighted Index"
"2115","FXRTWI","Trade-weighted Index May 1970 = 100","AUS","AUS",1987-09-29,56.3,"D","Index","Indicative","RBA","Daily","Historical Daily Exchange Rates Of The Australian Dollar Against:","Australian Dollar Trade-weighted Index"
"2116","DLCACS","Credit; Total; Seasonally adjusted","AUS","AUS",1987-09-30,209.156,"M","$ billion","Seasonally Adjusted","RBA","Monthly","D2 Lending And Credit Aggregates","Credit; Total; Seasonally adjusted – Includes securitisations – For series breaks see Series Breaks"
"2117","FXRTWI","Trade-weighted Index May 1970 = 100","AUS","AUS",1987-09-30,56.2,"D","Index","Indicative","RBA","Daily","Historical Daily Exchange Rates Of The Australian Dollar Against:","Australian Dollar Trade-weighted Index"
"2118","FXRTWI","Trade-weighted Index May 1970 = 100","AUS","AUS",1987-09-30,56.2,"M","Index","Indicative","RBA","Monthly","F11 Exchange Rates","Australian Dollar Trade-weighted Index"
"2119","GCPIOCPMTMQP","Quarterly trimmed mean inflation","AUS","AUS",1987-09-30,1.7,"Q","Per cent","Seasonally Adjusted","ABS","Quarterly","G1 Consumer Price Inflation","Consumer price index; Trimmed mean; Quarterly change (in per cent)"
"2120","GRCPAISDR","Commodity prices – SDR","AUS","AUS",1987-09-30,28.7866372516589,"M","Index, 2023/24=100","Original","RBA","Monthly","I2 Commodity Prices","Index of commodity prices; All items; SDR"
"2121","A2718577A","Credits, Total goods ;","AUS","AUS",1987-10-01,3425,"M","$ Millions","Seasonally Adjusted",NA,"Monthly","TABLE 1. GOODS, Summary: Seasonally adjusted and trend estimates, Current prices",NA
"2122","A2718594C","Balance on goods ;","AUS","AUS",1987-10-01,161,"M","$ Millions","Seasonally Adjusted",NA,"Monthly","TABLE 1. GOODS, Summary: Seasonally adjusted and trend estimates, Current prices",NA
"2123","FXRTWI","Trade-weighted Index May 1970 = 100","AUS","AUS",1987-10-01,55.8,"D","Index","Indicative","RBA","Daily","Historical Daily Exchange Rates Of The Australian Dollar Against:","Australian Dollar Trade-weighted Index"
"2124","FXRTWI","Trade-weighted Index May 1970 = 100","AUS","AUS",1987-10-02,56.1,"D","Index","Indicative","RBA","Daily","Historical Daily Exchange Rates Of The Australian Dollar Against:","Australian Dollar Trade-weighted Index"
"2125","FXRTWI","Trade-weighted Index May 1970 = 100","AUS","AUS",1987-10-05,55.9,"D","Index","Indicative","RBA","Daily","Historical Daily Exchange Rates Of The Australian Dollar Against:","Australian Dollar Trade-weighted Index"
"2126","FXRTWI","Trade-weighted Index May 1970 = 100","AUS","AUS",1987-10-06,56.3,"D","Index","Indicative","RBA","Daily","Historical Daily Exchange Rates Of The Australian Dollar Against:","Australian Dollar Trade-weighted Index"
"2127","FXRTWI","Trade-weighted Index May 1970 = 100","AUS","AUS",1987-10-07,56.3,"D","Index","Indicative","RBA","Daily","Historical Daily Exchange Rates Of The Australian Dollar Against:","Australian Dollar Trade-weighted Index"
"2128","FXRTWI","Trade-weighted Index May 1970 = 100","AUS","AUS",1987-10-08,56.2,"D","Index","Indicative","RBA","Daily","Historical Daily Exchange Rates Of The Australian Dollar Against:","Australian Dollar Trade-weighted Index"
"2129","FXRTWI","Trade-weighted Index May 1970 = 100","AUS","AUS",1987-10-09,56,"D","Index","Indicative","RBA","Daily","Historical Daily Exchange Rates Of The Australian Dollar Against:","Australian Dollar Trade-weighted Index"
"2130","FXRTWI","Trade-weighted Index May 1970 = 100","AUS","AUS",1987-10-12,56.2,"D","Index","Indicative","RBA","Daily","Historical Daily Exchange Rates Of The Australian Dollar Against:","Australian Dollar Trade-weighted Index"
"2131","FXRTWI","Trade-weighted Index May 1970 = 100","AUS","AUS",1987-10-13,56.1,"D","Index","Indicative","RBA","Daily","Historical Daily Exchange Rates Of The Australian Dollar Against:","Australian Dollar Trade-weighted Index"
"2132","FXRTWI","Trade-weighted Index May 1970 = 100","AUS","AUS",1987-10-14,56,"D","Index","Indicative","RBA","Daily","Historical Daily Exchange Rates Of The Australian Dollar Against:","Australian Dollar Trade-weighted Index"
"2133","FXRTWI","Trade-weighted Index May 1970 = 100","AUS","AUS",1987-10-15,56,"D","Index","Indicative","RBA","Daily","Historical Daily Exchange Rates Of The Australian Dollar Against:","Australian Dollar Trade-weighted Index"
"2134","FXRTWI","Trade-weighted Index May 1970 = 100","AUS","AUS",1987-10-16,55.6,"D","Index","Indicative","RBA","Daily","Historical Daily Exchange Rates Of The Australian Dollar Against:","Australian Dollar Trade-weighted Index"
"2135","FXRTWI","Trade-weighted Index May 1970 = 100","AUS","AUS",1987-10-19,55.6,"D","Index","Indicative","RBA","Daily","Historical Daily Exchange Rates Of The Australian Dollar Against:","Australian Dollar Trade-weighted Index"
"2136","FXRTWI","Trade-weighted Index May 1970 = 100","AUS","AUS",1987-10-20,55.3,"D","Index","Indicative","RBA","Daily","Historical Daily Exchange Rates Of The Australian Dollar Against:","Australian Dollar Trade-weighted Index"
"2137","FXRTWI","Trade-weighted Index May 1970 = 100","AUS","AUS",1987-10-21,55.2,"D","Index","Indicative","RBA","Daily","Historical Daily Exchange Rates Of The Australian Dollar Against:","Australian Dollar Trade-weighted Index"
"2138","FXRTWI","Trade-weighted Index May 1970 = 100","AUS","AUS",1987-10-22,55.4,"D","Index","Indicative","RBA","Daily","Historical Daily Exchange Rates Of The Australian Dollar Against:","Australian Dollar Trade-weighted Index"
"2139","FXRTWI","Trade-weighted Index May 1970 = 100","AUS","AUS",1987-10-23,55.4,"D","Index","Indicative","RBA","Daily","Historical Daily Exchange Rates Of The Australian Dollar Against:","Australian Dollar Trade-weighted Index"
"2140","FXRTWI","Trade-weighted Index May 1970 = 100","AUS","AUS",1987-10-26,54.9,"D","Index","Indicative","RBA","Daily","Historical Daily Exchange Rates Of The Australian Dollar Against:","Australian Dollar Trade-weighted Index"
"2141","FXRTWI","Trade-weighted Index May 1970 = 100","AUS","AUS",1987-10-27,54,"D","Index","Indicative","RBA","Daily","Historical Daily Exchange Rates Of The Australian Dollar Against:","Australian Dollar Trade-weighted Index"
"2142","FXRTWI","Trade-weighted Index May 1970 = 100","AUS","AUS",1987-10-28,53.7,"D","Index","Indicative","RBA","Daily","Historical Daily Exchange Rates Of The Australian Dollar Against:","Australian Dollar Trade-weighted Index"
"2143","FXRTWI","Trade-weighted Index May 1970 = 100","AUS","AUS",1987-10-29,52.1,"D","Index","Indicative","RBA","Daily","Historical Daily Exchange Rates Of The Australian Dollar Against:","Australian Dollar Trade-weighted Index"
"2144","FXRTWI","Trade-weighted Index May 1970 = 100","AUS","AUS",1987-10-30,51.7,"D","Index","Indicative","RBA","Daily","Historical Daily Exchange Rates Of The Australian Dollar Against:","Australian Dollar Trade-weighted Index"
"2145","DLCACS","Credit; Total; Seasonally adjusted","AUS","AUS",1987-10-31,212.174,"M","$ billion","Seasonally Adjusted","RBA","Monthly","D2 Lending And Credit Aggregates","Credit; Total; Seasonally adjusted – Includes securitisations – For series breaks see Series Breaks"
"2146","FXRTWI","Trade-weighted Index May 1970 = 100","AUS","AUS",1987-10-31,51.7,"M","Index","Indicative","RBA","Monthly","F11 Exchange Rates","Australian Dollar Trade-weighted Index"
"2147","GRCPAISDR","Commodity prices – SDR","AUS","AUS",1987-10-31,29.3429186741925,"M","Index, 2023/24=100","Original","RBA","Monthly","I2 Commodity Prices","Index of commodity prices; All items; SDR"
"2148","A2718577A","Credits, Total goods ;","AUS","AUS",1987-11-01,3865,"M","$ Millions","Seasonally Adjusted",NA,"Monthly","TABLE 1. GOODS, Summary: Seasonally adjusted and trend estimates, Current prices",NA
"2149","A2718594C","Balance on goods ;","AUS","AUS",1987-11-01,426,"M","$ Millions","Seasonally Adjusted",NA,"Monthly","TABLE 1. GOODS, Summary: Seasonally adjusted and trend estimates, Current prices",NA
"2150","FXRTWI","Trade-weighted Index May 1970 = 100","AUS","AUS",1987-11-02,51.7,"D","Index","Indicative","RBA","Daily","Historical Daily Exchange Rates Of The Australian Dollar Against:","Australian Dollar Trade-weighted Index"
"2151","FXRTWI","Trade-weighted Index May 1970 = 100","AUS","AUS",1987-11-03,51.1,"D","Index","Indicative","RBA","Daily","Historical Daily Exchange Rates Of The Australian Dollar Against:","Australian Dollar Trade-weighted Index"
"2152","FXRTWI","Trade-weighted Index May 1970 = 100","AUS","AUS",1987-11-04,51.4,"D","Index","Indicative","RBA","Daily","Historical Daily Exchange Rates Of The Australian Dollar Against:","Australian Dollar Trade-weighted Index"
"2153","FXRTWI","Trade-weighted Index May 1970 = 100","AUS","AUS",1987-11-05,51.3,"D","Index","Indicative","RBA","Daily","Historical Daily Exchange Rates Of The Australian Dollar Against:","Australian Dollar Trade-weighted Index"
"2154","FXRTWI","Trade-weighted Index May 1970 = 100","AUS","AUS",1987-11-06,51.2,"D","Index","Indicative","RBA","Daily","Historical Daily Exchange Rates Of The Australian Dollar Against:","Australian Dollar Trade-weighted Index"
"2155","FXRTWI","Trade-weighted Index May 1970 = 100","AUS","AUS",1987-11-09,51.3,"D","Index","Indicative","RBA","Daily","Historical Daily Exchange Rates Of The Australian Dollar Against:","Australian Dollar Trade-weighted Index"
"2156","FXRTWI","Trade-weighted Index May 1970 = 100","AUS","AUS",1987-11-10,50.7,"D","Index","Indicative","RBA","Daily","Historical Daily Exchange Rates Of The Australian Dollar Against:","Australian Dollar Trade-weighted Index"
"2157","FXRTWI","Trade-weighted Index May 1970 = 100","AUS","AUS",1987-11-11,51.1,"D","Index","Indicative","RBA","Daily","Historical Daily Exchange Rates Of The Australian Dollar Against:","Australian Dollar Trade-weighted Index"
"2158","FXRTWI","Trade-weighted Index May 1970 = 100","AUS","AUS",1987-11-12,51.2,"D","Index","Indicative","RBA","Daily","Historical Daily Exchange Rates Of The Australian Dollar Against:","Australian Dollar Trade-weighted Index"
"2159","FXRTWI","Trade-weighted Index May 1970 = 100","AUS","AUS",1987-11-13,51.5,"D","Index","Indicative","RBA","Daily","Historical Daily Exchange Rates Of The Australian Dollar Against:","Australian Dollar Trade-weighted Index"
"2160","FXRTWI","Trade-weighted Index May 1970 = 100","AUS","AUS",1987-11-16,51.9,"D","Index","Indicative","RBA","Daily","Historical Daily Exchange Rates Of The Australian Dollar Against:","Australian Dollar Trade-weighted Index"
"2161","FXRTWI","Trade-weighted Index May 1970 = 100","AUS","AUS",1987-11-17,52.5,"D","Index","Indicative","RBA","Daily","Historical Daily Exchange Rates Of The Australian Dollar Against:","Australian Dollar Trade-weighted Index"
"2162","FXRTWI","Trade-weighted Index May 1970 = 100","AUS","AUS",1987-11-18,52.4,"D","Index","Indicative","RBA","Daily","Historical Daily Exchange Rates Of The Australian Dollar Against:","Australian Dollar Trade-weighted Index"
"2163","FXRTWI","Trade-weighted Index May 1970 = 100","AUS","AUS",1987-11-19,52.2,"D","Index","Indicative","RBA","Daily","Historical Daily Exchange Rates Of The Australian Dollar Against:","Australian Dollar Trade-weighted Index"
"2164","FXRTWI","Trade-weighted Index May 1970 = 100","AUS","AUS",1987-11-20,52.1,"D","Index","Indicative","RBA","Daily","Historical Daily Exchange Rates Of The Australian Dollar Against:","Australian Dollar Trade-weighted Index"
"2165","FXRTWI","Trade-weighted Index May 1970 = 100","AUS","AUS",1987-11-23,51.4,"D","Index","Indicative","RBA","Daily","Historical Daily Exchange Rates Of The Australian Dollar Against:","Australian Dollar Trade-weighted Index"
"2166","FXRTWI","Trade-weighted Index May 1970 = 100","AUS","AUS",1987-11-24,51.4,"D","Index","Indicative","RBA","Daily","Historical Daily Exchange Rates Of The Australian Dollar Against:","Australian Dollar Trade-weighted Index"
"2167","FXRTWI","Trade-weighted Index May 1970 = 100","AUS","AUS",1987-11-25,51.7,"D","Index","Indicative","RBA","Daily","Historical Daily Exchange Rates Of The Australian Dollar Against:","Australian Dollar Trade-weighted Index"
"2168","FXRTWI","Trade-weighted Index May 1970 = 100","AUS","AUS",1987-11-26,52,"D","Index","Indicative","RBA","Daily","Historical Daily Exchange Rates Of The Australian Dollar Against:","Australian Dollar Trade-weighted Index"
"2169","FXRTWI","Trade-weighted Index May 1970 = 100","AUS","AUS",1987-11-27,51.7,"D","Index","Indicative","RBA","Daily","Historical Daily Exchange Rates Of The Australian Dollar Against:","Australian Dollar Trade-weighted Index"
"2170","DLCACS","Credit; Total; Seasonally adjusted","AUS","AUS",1987-11-30,216.73,"M","$ billion","Seasonally Adjusted","RBA","Monthly","D2 Lending And Credit Aggregates","Credit; Total; Seasonally adjusted – Includes securitisations – For series breaks see Series Breaks"
"2171","FXRTWI","Trade-weighted Index May 1970 = 100","AUS","AUS",1987-11-30,52.3,"D","Index","Indicative","RBA","Daily","Historical Daily Exchange Rates Of The Australian Dollar Against:","Australian Dollar Trade-weighted Index"
"2172","FXRTWI","Trade-weighted Index May 1970 = 100","AUS","AUS",1987-11-30,52.3,"M","Index","Indicative","RBA","Monthly","F11 Exchange Rates","Australian Dollar Trade-weighted Index"
"2173","GRCPAISDR","Commodity prices – SDR","AUS","AUS",1987-11-30,28.1566603024874,"M","Index, 2023/24=100","Original","RBA","Monthly","I2 Commodity Prices","Index of commodity prices; All items; SDR"
"2174","A2302956R","South Australia ; STATE FINAL DEMAND ;","SA","SA",1987-12-01,14966,"Q","$ Millions","Seasonally Adjusted",NA,"Quarterly","Table 25. State Final Demand, Summary Components by State: Chain volume measures",NA
"2175","A2302984X","Western Australia ; STATE FINAL DEMAND ;","WA","WA",1987-12-01,19192,"Q","$ Millions","Seasonally Adjusted",NA,"Quarterly","Table 25. State Final Demand, Summary Components by State: Chain volume measures",NA
"2176","A2303012X","Tasmania ; STATE FINAL DEMAND ;","TAS","TAS",1987-12-01,4994,"Q","$ Millions","Seasonally Adjusted",NA,"Quarterly","Table 25. State Final Demand, Summary Components by State: Chain volume measures",NA
"2177","A2303040J","Northern Territory ; STATE FINAL DEMAND ;","NT","NT",1987-12-01,2340,"Q","$ Millions","Seasonally Adjusted",NA,"Quarterly","Table 25. State Final Demand, Summary Components by State: Chain volume measures",NA
"2178","A2303068K","Australian Capital Territory ; STATE FINAL DEMAND ;","ACT","ACT",1987-12-01,5169,"Q","$ Millions","Seasonally Adjusted",NA,"Quarterly","Table 25. State Final Demand, Summary Components by State: Chain volume measures",NA
"2179","A2303111F","New South Wales ; STATE FINAL DEMAND ;","NSW","NSW",1987-12-01,68942,"Q","$ Millions","Seasonally Adjusted",NA,"Quarterly","Table 25. State Final Demand, Summary Components by State: Chain volume measures",NA
"2180","A2303139J","Victoria ; STATE FINAL DEMAND ;","VIC","VIC",1987-12-01,48957,"Q","$ Millions","Seasonally Adjusted",NA,"Quarterly","Table 25. State Final Demand, Summary Components by State: Chain volume measures",NA
"2181","A2303187A","Queensland ; STATE FINAL DEMAND ;","QLD","QLD",1987-12-01,31448,"Q","$ Millions","Seasonally Adjusted",NA,"Quarterly","Table 25. State Final Demand, Summary Components by State: Chain volume measures",NA
"2182","A2304418T","Gross domestic product: Current prices ;","AUS","AUS",1987-12-01,79790,"Q","$ Millions","Seasonally Adjusted",NA,"Quarterly","Table 1. Key National Accounts Aggregates",NA
"2183","A2325846C","Index Numbers ; All groups CPI ; Australia ;","AUS","AUS",1987-12-01,47.6,"Q","Index Numbers","Original",NA,"Quarterly","TABLES 1 and 2. CPI: All Groups, Index Numbers and Percentage Changes",NA
"2184","A2718577A","Credits, Total goods ;","AUS","AUS",1987-12-01,3482,"M","$ Millions","Seasonally Adjusted",NA,"Monthly","TABLE 1. GOODS, Summary: Seasonally adjusted and trend estimates, Current prices",NA
"2185","A2718594C","Balance on goods ;","AUS","AUS",1987-12-01,-94,"M","$ Millions","Seasonally Adjusted",NA,"Monthly","TABLE 1. GOODS, Summary: Seasonally adjusted and trend estimates, Current prices",NA
"2186","FXRTWI","Trade-weighted Index May 1970 = 100","AUS","AUS",1987-12-01,52.3,"D","Index","Indicative","RBA","Daily","Historical Daily Exchange Rates Of The Australian Dollar Against:","Australian Dollar Trade-weighted Index"
"2187","FXRTWI","Trade-weighted Index May 1970 = 100","AUS","AUS",1987-12-02,52.4,"D","Index","Indicative","RBA","Daily","Historical Daily Exchange Rates Of The Australian Dollar Against:","Australian Dollar Trade-weighted Index"
"2188","FXRTWI","Trade-weighted Index May 1970 = 100","AUS","AUS",1987-12-03,52.3,"D","Index","Indicative","RBA","Daily","Historical Daily Exchange Rates Of The Australian Dollar Against:","Australian Dollar Trade-weighted Index"
"2189","FXRTWI","Trade-weighted Index May 1970 = 100","AUS","AUS",1987-12-04,52,"D","Index","Indicative","RBA","Daily","Historical Daily Exchange Rates Of The Australian Dollar Against:","Australian Dollar Trade-weighted Index"
"2190","FXRTWI","Trade-weighted Index May 1970 = 100","AUS","AUS",1987-12-07,52,"D","Index","Indicative","RBA","Daily","Historical Daily Exchange Rates Of The Australian Dollar Against:","Australian Dollar Trade-weighted Index"
"2191","FXRTWI","Trade-weighted Index May 1970 = 100","AUS","AUS",1987-12-08,52,"D","Index","Indicative","RBA","Daily","Historical Daily Exchange Rates Of The Australian Dollar Against:","Australian Dollar Trade-weighted Index"
"2192","FXRTWI","Trade-weighted Index May 1970 = 100","AUS","AUS",1987-12-09,52.2,"D","Index","Indicative","RBA","Daily","Historical Daily Exchange Rates Of The Australian Dollar Against:","Australian Dollar Trade-weighted Index"
"2193","FXRTWI","Trade-weighted Index May 1970 = 100","AUS","AUS",1987-12-10,52.3,"D","Index","Indicative","RBA","Daily","Historical Daily Exchange Rates Of The Australian Dollar Against:","Australian Dollar Trade-weighted Index"
"2194","FXRTWI","Trade-weighted Index May 1970 = 100","AUS","AUS",1987-12-11,52.2,"D","Index","Indicative","RBA","Daily","Historical Daily Exchange Rates Of The Australian Dollar Against:","Australian Dollar Trade-weighted Index"
"2195","FXRTWI","Trade-weighted Index May 1970 = 100","AUS","AUS",1987-12-14,52.7,"D","Index","Indicative","RBA","Daily","Historical Daily Exchange Rates Of The Australian Dollar Against:","Australian Dollar Trade-weighted Index"
"2196","FXRTWI","Trade-weighted Index May 1970 = 100","AUS","AUS",1987-12-15,52.5,"D","Index","Indicative","RBA","Daily","Historical Daily Exchange Rates Of The Australian Dollar Against:","Australian Dollar Trade-weighted Index"
"2197","FXRTWI","Trade-weighted Index May 1970 = 100","AUS","AUS",1987-12-16,52.2,"D","Index","Indicative","RBA","Daily","Historical Daily Exchange Rates Of The Australian Dollar Against:","Australian Dollar Trade-weighted Index"
"2198","FXRTWI","Trade-weighted Index May 1970 = 100","AUS","AUS",1987-12-17,52.5,"D","Index","Indicative","RBA","Daily","Historical Daily Exchange Rates Of The Australian Dollar Against:","Australian Dollar Trade-weighted Index"
"2199","FXRTWI","Trade-weighted Index May 1970 = 100","AUS","AUS",1987-12-18,52.3,"D","Index","Indicative","RBA","Daily","Historical Daily Exchange Rates Of The Australian Dollar Against:","Australian Dollar Trade-weighted Index"
"2200","FXRTWI","Trade-weighted Index May 1970 = 100","AUS","AUS",1987-12-21,52,"D","Index","Indicative","RBA","Daily","Historical Daily Exchange Rates Of The Australian Dollar Against:","Australian Dollar Trade-weighted Index"
"2201","FXRTWI","Trade-weighted Index May 1970 = 100","AUS","AUS",1987-12-22,52.1,"D","Index","Indicative","RBA","Daily","Historical Daily Exchange Rates Of The Australian Dollar Against:","Australian Dollar Trade-weighted Index"
"2202","FXRTWI","Trade-weighted Index May 1970 = 100","AUS","AUS",1987-12-23,52.2,"D","Index","Indicative","RBA","Daily","Historical Daily Exchange Rates Of The Australian Dollar Against:","Australian Dollar Trade-weighted Index"
"2203","FXRTWI","Trade-weighted Index May 1970 = 100","AUS","AUS",1987-12-24,52.2,"D","Index","Indicative","RBA","Daily","Historical Daily Exchange Rates Of The Australian Dollar Against:","Australian Dollar Trade-weighted Index"
"2204","FXRTWI","Trade-weighted Index May 1970 = 100","AUS","AUS",1987-12-28,51.9,"D","Index","Indicative","RBA","Daily","Historical Daily Exchange Rates Of The Australian Dollar Against:","Australian Dollar Trade-weighted Index"
"2205","FXRTWI","Trade-weighted Index May 1970 = 100","AUS","AUS",1987-12-29,52.2,"D","Index","Indicative","RBA","Daily","Historical Daily Exchange Rates Of The Australian Dollar Against:","Australian Dollar Trade-weighted Index"
"2206","FXRTWI","Trade-weighted Index May 1970 = 100","AUS","AUS",1987-12-30,52.1,"D","Index","Indicative","RBA","Daily","Historical Daily Exchange Rates Of The Australian Dollar Against:","Australian Dollar Trade-weighted Index"
"2207","DLCACS","Credit; Total; Seasonally adjusted","AUS","AUS",1987-12-31,221.465,"M","$ billion","Seasonally Adjusted","RBA","Monthly","D2 Lending And Credit Aggregates","Credit; Total; Seasonally adjusted – Includes securitisations – For series breaks see Series Breaks"
"2208","FXRTWI","Trade-weighted Index May 1970 = 100","AUS","AUS",1987-12-31,52,"D","Index","Indicative","RBA","Daily","Historical Daily Exchange Rates Of The Australian Dollar Against:","Australian Dollar Trade-weighted Index"
"2209","FXRTWI","Trade-weighted Index May 1970 = 100","AUS","AUS",1987-12-31,52,"M","Index","Indicative","RBA","Monthly","F11 Exchange Rates","Australian Dollar Trade-weighted Index"
"2210","GCPIOCPMTMQP","Quarterly trimmed mean inflation","AUS","AUS",1987-12-31,1.7,"Q","Per cent","Seasonally Adjusted","ABS","Quarterly","G1 Consumer Price Inflation","Consumer price index; Trimmed mean; Quarterly change (in per cent)"
"2211","GRCPAISDR","Commodity prices – SDR","AUS","AUS",1987-12-31,28.6084108705074,"M","Index, 2023/24=100","Original","RBA","Monthly","I2 Commodity Prices","Index of commodity prices; All items; SDR"
"2212","A2718577A","Credits, Total goods ;","AUS","AUS",1988-01-01,3822,"M","$ Millions","Seasonally Adjusted",NA,"Monthly","TABLE 1. GOODS, Summary: Seasonally adjusted and trend estimates, Current prices",NA
"2213","A2718594C","Balance on goods ;","AUS","AUS",1988-01-01,651,"M","$ Millions","Seasonally Adjusted",NA,"Monthly","TABLE 1. GOODS, Summary: Seasonally adjusted and trend estimates, Current prices",NA
"2214","FXRTWI","Trade-weighted Index May 1970 = 100","AUS","AUS",1988-01-04,52.1,"D","Index","Indicative","RBA","Daily","Historical Daily Exchange Rates Of The Australian Dollar Against:","Australian Dollar Trade-weighted Index"
"2215","FXRTWI","Trade-weighted Index May 1970 = 100","AUS","AUS",1988-01-05,52.1,"D","Index","Indicative","RBA","Daily","Historical Daily Exchange Rates Of The Australian Dollar Against:","Australian Dollar Trade-weighted Index"
"2216","FXRTWI","Trade-weighted Index May 1970 = 100","AUS","AUS",1988-01-06,51.9,"D","Index","Indicative","RBA","Daily","Historical Daily Exchange Rates Of The Australian Dollar Against:","Australian Dollar Trade-weighted Index"
"2217","FXRTWI","Trade-weighted Index May 1970 = 100","AUS","AUS",1988-01-07,52,"D","Index","Indicative","RBA","Daily","Historical Daily Exchange Rates Of The Australian Dollar Against:","Australian Dollar Trade-weighted Index"
"2218","FXRTWI","Trade-weighted Index May 1970 = 100","AUS","AUS",1988-01-08,51.9,"D","Index","Indicative","RBA","Daily","Historical Daily Exchange Rates Of The Australian Dollar Against:","Australian Dollar Trade-weighted Index"
"2219","FXRTWI","Trade-weighted Index May 1970 = 100","AUS","AUS",1988-01-11,52.2,"D","Index","Indicative","RBA","Daily","Historical Daily Exchange Rates Of The Australian Dollar Against:","Australian Dollar Trade-weighted Index"
"2220","FXRTWI","Trade-weighted Index May 1970 = 100","AUS","AUS",1988-01-12,52,"D","Index","Indicative","RBA","Daily","Historical Daily Exchange Rates Of The Australian Dollar Against:","Australian Dollar Trade-weighted Index"
"2221","FXRTWI","Trade-weighted Index May 1970 = 100","AUS","AUS",1988-01-13,52,"D","Index","Indicative","RBA","Daily","Historical Daily Exchange Rates Of The Australian Dollar Against:","Australian Dollar Trade-weighted Index"
"2222","FXRTWI","Trade-weighted Index May 1970 = 100","AUS","AUS",1988-01-14,51.9,"D","Index","Indicative","RBA","Daily","Historical Daily Exchange Rates Of The Australian Dollar Against:","Australian Dollar Trade-weighted Index"
"2223","FXRTWI","Trade-weighted Index May 1970 = 100","AUS","AUS",1988-01-15,52.1,"D","Index","Indicative","RBA","Daily","Historical Daily Exchange Rates Of The Australian Dollar Against:","Australian Dollar Trade-weighted Index"
"2224","FXRTWI","Trade-weighted Index May 1970 = 100","AUS","AUS",1988-01-18,52.3,"D","Index","Indicative","RBA","Daily","Historical Daily Exchange Rates Of The Australian Dollar Against:","Australian Dollar Trade-weighted Index"
"2225","FXRTWI","Trade-weighted Index May 1970 = 100","AUS","AUS",1988-01-19,52.5,"D","Index","Indicative","RBA","Daily","Historical Daily Exchange Rates Of The Australian Dollar Against:","Australian Dollar Trade-weighted Index"
"2226","FXRTWI","Trade-weighted Index May 1970 = 100","AUS","AUS",1988-01-20,52.6,"D","Index","Indicative","RBA","Daily","Historical Daily Exchange Rates Of The Australian Dollar Against:","Australian Dollar Trade-weighted Index"
"2227","FXRTWI","Trade-weighted Index May 1970 = 100","AUS","AUS",1988-01-21,52.4,"D","Index","Indicative","RBA","Daily","Historical Daily Exchange Rates Of The Australian Dollar Against:","Australian Dollar Trade-weighted Index"
"2228","FXRTWI","Trade-weighted Index May 1970 = 100","AUS","AUS",1988-01-22,52.6,"D","Index","Indicative","RBA","Daily","Historical Daily Exchange Rates Of The Australian Dollar Against:","Australian Dollar Trade-weighted Index"
"2229","FXRTWI","Trade-weighted Index May 1970 = 100","AUS","AUS",1988-01-25,52.7,"D","Index","Indicative","RBA","Daily","Historical Daily Exchange Rates Of The Australian Dollar Against:","Australian Dollar Trade-weighted Index"
"2230","FXRTWI","Trade-weighted Index May 1970 = 100","AUS","AUS",1988-01-27,52.6,"D","Index","Indicative","RBA","Daily","Historical Daily Exchange Rates Of The Australian Dollar Against:","Australian Dollar Trade-weighted Index"
"2231","FXRTWI","Trade-weighted Index May 1970 = 100","AUS","AUS",1988-01-28,52.6,"D","Index","Indicative","RBA","Daily","Historical Daily Exchange Rates Of The Australian Dollar Against:","Australian Dollar Trade-weighted Index"
"2232","FXRTWI","Trade-weighted Index May 1970 = 100","AUS","AUS",1988-01-29,52.5,"D","Index","Indicative","RBA","Daily","Historical Daily Exchange Rates Of The Australian Dollar Against:","Australian Dollar Trade-weighted Index"
"2233","DLCACS","Credit; Total; Seasonally adjusted","AUS","AUS",1988-01-31,227.661,"M","$ billion","Seasonally Adjusted","RBA","Monthly","D2 Lending And Credit Aggregates","Credit; Total; Seasonally adjusted – Includes securitisations – For series breaks see Series Breaks"
"2234","FXRTWI","Trade-weighted Index May 1970 = 100","AUS","AUS",1988-01-31,52.5,"M","Index","Indicative","RBA","Monthly","F11 Exchange Rates","Australian Dollar Trade-weighted Index"
"2235","GRCPAISDR","Commodity prices – SDR","AUS","AUS",1988-01-31,29.0754329999176,"M","Index, 2023/24=100","Original","RBA","Monthly","I2 Commodity Prices","Index of commodity prices; All items; SDR"
"2236","A2718577A","Credits, Total goods ;","AUS","AUS",1988-02-01,3830,"M","$ Millions","Seasonally Adjusted",NA,"Monthly","TABLE 1. GOODS, Summary: Seasonally adjusted and trend estimates, Current prices",NA
"2237","A2718594C","Balance on goods ;","AUS","AUS",1988-02-01,149,"M","$ Millions","Seasonally Adjusted",NA,"Monthly","TABLE 1. GOODS, Summary: Seasonally adjusted and trend estimates, Current prices",NA
"2238","FXRTWI","Trade-weighted Index May 1970 = 100","AUS","AUS",1988-02-01,52.5,"D","Index","Indicative","RBA","Daily","Historical Daily Exchange Rates Of The Australian Dollar Against:","Australian Dollar Trade-weighted Index"
"2239","FXRTWI","Trade-weighted Index May 1970 = 100","AUS","AUS",1988-02-02,52.6,"D","Index","Indicative","RBA","Daily","Historical Daily Exchange Rates Of The Australian Dollar Against:","Australian Dollar Trade-weighted Index"
"2240","FXRTWI","Trade-weighted Index May 1970 = 100","AUS","AUS",1988-02-03,52.7,"D","Index","Indicative","RBA","Daily","Historical Daily Exchange Rates Of The Australian Dollar Against:","Australian Dollar Trade-weighted Index"
"2241","FXRTWI","Trade-weighted Index May 1970 = 100","AUS","AUS",1988-02-04,52.5,"D","Index","Indicative","RBA","Daily","Historical Daily Exchange Rates Of The Australian Dollar Against:","Australian Dollar Trade-weighted Index"
"2242","FXRTWI","Trade-weighted Index May 1970 = 100","AUS","AUS",1988-02-05,52.7,"D","Index","Indicative","RBA","Daily","Historical Daily Exchange Rates Of The Australian Dollar Against:","Australian Dollar Trade-weighted Index"
"2243","FXRTWI","Trade-weighted Index May 1970 = 100","AUS","AUS",1988-02-08,52.7,"D","Index","Indicative","RBA","Daily","Historical Daily Exchange Rates Of The Australian Dollar Against:","Australian Dollar Trade-weighted Index"
"2244","FXRTWI","Trade-weighted Index May 1970 = 100","AUS","AUS",1988-02-09,52.7,"D","Index","Indicative","RBA","Daily","Historical Daily Exchange Rates Of The Australian Dollar Against:","Australian Dollar Trade-weighted Index"
"2245","FXRTWI","Trade-weighted Index May 1970 = 100","AUS","AUS",1988-02-10,52.7,"D","Index","Indicative","RBA","Daily","Historical Daily Exchange Rates Of The Australian Dollar Against:","Australian Dollar Trade-weighted Index"
"2246","FXRTWI","Trade-weighted Index May 1970 = 100","AUS","AUS",1988-02-11,52.8,"D","Index","Indicative","RBA","Daily","Historical Daily Exchange Rates Of The Australian Dollar Against:","Australian Dollar Trade-weighted Index"
"2247","FXRTWI","Trade-weighted Index May 1970 = 100","AUS","AUS",1988-02-12,52.8,"D","Index","Indicative","RBA","Daily","Historical Daily Exchange Rates Of The Australian Dollar Against:","Australian Dollar Trade-weighted Index"
"2248","FXRTWI","Trade-weighted Index May 1970 = 100","AUS","AUS",1988-02-15,52.8,"D","Index","Indicative","RBA","Daily","Historical Daily Exchange Rates Of The Australian Dollar Against:","Australian Dollar Trade-weighted Index"
"2249","FXRTWI","Trade-weighted Index May 1970 = 100","AUS","AUS",1988-02-16,53.1,"D","Index","Indicative","RBA","Daily","Historical Daily Exchange Rates Of The Australian Dollar Against:","Australian Dollar Trade-weighted Index"
"2250","FXRTWI","Trade-weighted Index May 1970 = 100","AUS","AUS",1988-02-17,53.1,"D","Index","Indicative","RBA","Daily","Historical Daily Exchange Rates Of The Australian Dollar Against:","Australian Dollar Trade-weighted Index"
"2251","FXRTWI","Trade-weighted Index May 1970 = 100","AUS","AUS",1988-02-18,53.2,"D","Index","Indicative","RBA","Daily","Historical Daily Exchange Rates Of The Australian Dollar Against:","Australian Dollar Trade-weighted Index"
"2252","FXRTWI","Trade-weighted Index May 1970 = 100","AUS","AUS",1988-02-19,53.3,"D","Index","Indicative","RBA","Daily","Historical Daily Exchange Rates Of The Australian Dollar Against:","Australian Dollar Trade-weighted Index"
"2253","FXRTWI","Trade-weighted Index May 1970 = 100","AUS","AUS",1988-02-22,53.4,"D","Index","Indicative","RBA","Daily","Historical Daily Exchange Rates Of The Australian Dollar Against:","Australian Dollar Trade-weighted Index"
"2254","FXRTWI","Trade-weighted Index May 1970 = 100","AUS","AUS",1988-02-23,53.2,"D","Index","Indicative","RBA","Daily","Historical Daily Exchange Rates Of The Australian Dollar Against:","Australian Dollar Trade-weighted Index"
"2255","FXRTWI","Trade-weighted Index May 1970 = 100","AUS","AUS",1988-02-24,53.1,"D","Index","Indicative","RBA","Daily","Historical Daily Exchange Rates Of The Australian Dollar Against:","Australian Dollar Trade-weighted Index"
"2256","FXRTWI","Trade-weighted Index May 1970 = 100","AUS","AUS",1988-02-25,53.1,"D","Index","Indicative","RBA","Daily","Historical Daily Exchange Rates Of The Australian Dollar Against:","Australian Dollar Trade-weighted Index"
"2257","FXRTWI","Trade-weighted Index May 1970 = 100","AUS","AUS",1988-02-26,53.1,"D","Index","Indicative","RBA","Daily","Historical Daily Exchange Rates Of The Australian Dollar Against:","Australian Dollar Trade-weighted Index"
"2258","DLCACS","Credit; Total; Seasonally adjusted","AUS","AUS",1988-02-29,231.61,"M","$ billion","Seasonally Adjusted","RBA","Monthly","D2 Lending And Credit Aggregates","Credit; Total; Seasonally adjusted – Includes securitisations – For series breaks see Series Breaks"
"2259","FXRTWI","Trade-weighted Index May 1970 = 100","AUS","AUS",1988-02-29,53.1,"D","Index","Indicative","RBA","Daily","Historical Daily Exchange Rates Of The Australian Dollar Against:","Australian Dollar Trade-weighted Index"
"2260","FXRTWI","Trade-weighted Index May 1970 = 100","AUS","AUS",1988-02-29,53.1,"M","Index","Indicative","RBA","Monthly","F11 Exchange Rates","Australian Dollar Trade-weighted Index"
"2261","GRCPAISDR","Commodity prices – SDR","AUS","AUS",1988-02-29,30.4180582311587,"M","Index, 2023/24=100","Original","RBA","Monthly","I2 Commodity Prices","Index of commodity prices; All items; SDR"
"2262","A2302956R","South Australia ; STATE FINAL DEMAND ;","SA","SA",1988-03-01,15096,"Q","$ Millions","Seasonally Adjusted",NA,"Quarterly","Table 25. State Final Demand, Summary Components by State: Chain volume measures",NA
"2263","A2302984X","Western Australia ; STATE FINAL DEMAND ;","WA","WA",1988-03-01,19297,"Q","$ Millions","Seasonally Adjusted",NA,"Quarterly","Table 25. State Final Demand, Summary Components by State: Chain volume measures",NA
"2264","A2303012X","Tasmania ; STATE FINAL DEMAND ;","TAS","TAS",1988-03-01,5005,"Q","$ Millions","Seasonally Adjusted",NA,"Quarterly","Table 25. State Final Demand, Summary Components by State: Chain volume measures",NA
"2265","A2303040J","Northern Territory ; STATE FINAL DEMAND ;","NT","NT",1988-03-01,2472,"Q","$ Millions","Seasonally Adjusted",NA,"Quarterly","Table 25. State Final Demand, Summary Components by State: Chain volume measures",NA
"2266","A2303068K","Australian Capital Territory ; STATE FINAL DEMAND ;","ACT","ACT",1988-03-01,5094,"Q","$ Millions","Seasonally Adjusted",NA,"Quarterly","Table 25. State Final Demand, Summary Components by State: Chain volume measures",NA
"2267","A2303111F","New South Wales ; STATE FINAL DEMAND ;","NSW","NSW",1988-03-01,69761,"Q","$ Millions","Seasonally Adjusted",NA,"Quarterly","Table 25. State Final Demand, Summary Components by State: Chain volume measures",NA
"2268","A2303139J","Victoria ; STATE FINAL DEMAND ;","VIC","VIC",1988-03-01,49195,"Q","$ Millions","Seasonally Adjusted",NA,"Quarterly","Table 25. State Final Demand, Summary Components by State: Chain volume measures",NA
"2269","A2303187A","Queensland ; STATE FINAL DEMAND ;","QLD","QLD",1988-03-01,32003,"Q","$ Millions","Seasonally Adjusted",NA,"Quarterly","Table 25. State Final Demand, Summary Components by State: Chain volume measures",NA
"2270","A2304418T","Gross domestic product: Current prices ;","AUS","AUS",1988-03-01,82675,"Q","$ Millions","Seasonally Adjusted",NA,"Quarterly","Table 1. Key National Accounts Aggregates",NA
"2271","A2325846C","Index Numbers ; All groups CPI ; Australia ;","AUS","AUS",1988-03-01,48.4,"Q","Index Numbers","Original",NA,"Quarterly","TABLES 1 and 2. CPI: All Groups, Index Numbers and Percentage Changes",NA
"2272","A2718577A","Credits, Total goods ;","AUS","AUS",1988-03-01,3658,"M","$ Millions","Seasonally Adjusted",NA,"Monthly","TABLE 1. GOODS, Summary: Seasonally adjusted and trend estimates, Current prices",NA
"2273","A2718594C","Balance on goods ;","AUS","AUS",1988-03-01,54,"M","$ Millions","Seasonally Adjusted",NA,"Monthly","TABLE 1. GOODS, Summary: Seasonally adjusted and trend estimates, Current prices",NA
"2274","FXRTWI","Trade-weighted Index May 1970 = 100","AUS","AUS",1988-03-01,53.1,"D","Index","Indicative","RBA","Daily","Historical Daily Exchange Rates Of The Australian Dollar Against:","Australian Dollar Trade-weighted Index"
"2275","FXRTWI","Trade-weighted Index May 1970 = 100","AUS","AUS",1988-03-02,53.3,"D","Index","Indicative","RBA","Daily","Historical Daily Exchange Rates Of The Australian Dollar Against:","Australian Dollar Trade-weighted Index"
"2276","FXRTWI","Trade-weighted Index May 1970 = 100","AUS","AUS",1988-03-03,53.6,"D","Index","Indicative","RBA","Daily","Historical Daily Exchange Rates Of The Australian Dollar Against:","Australian Dollar Trade-weighted Index"
"2277","FXRTWI","Trade-weighted Index May 1970 = 100","AUS","AUS",1988-03-04,53.6,"D","Index","Indicative","RBA","Daily","Historical Daily Exchange Rates Of The Australian Dollar Against:","Australian Dollar Trade-weighted Index"
"2278","FXRTWI","Trade-weighted Index May 1970 = 100","AUS","AUS",1988-03-07,53.8,"D","Index","Indicative","RBA","Daily","Historical Daily Exchange Rates Of The Australian Dollar Against:","Australian Dollar Trade-weighted Index"
"2279","FXRTWI","Trade-weighted Index May 1970 = 100","AUS","AUS",1988-03-08,53.7,"D","Index","Indicative","RBA","Daily","Historical Daily Exchange Rates Of The Australian Dollar Against:","Australian Dollar Trade-weighted Index"
"2280","FXRTWI","Trade-weighted Index May 1970 = 100","AUS","AUS",1988-03-09,53.6,"D","Index","Indicative","RBA","Daily","Historical Daily Exchange Rates Of The Australian Dollar Against:","Australian Dollar Trade-weighted Index"
"2281","FXRTWI","Trade-weighted Index May 1970 = 100","AUS","AUS",1988-03-10,53.6,"D","Index","Indicative","RBA","Daily","Historical Daily Exchange Rates Of The Australian Dollar Against:","Australian Dollar Trade-weighted Index"
"2282","FXRTWI","Trade-weighted Index May 1970 = 100","AUS","AUS",1988-03-11,53.6,"D","Index","Indicative","RBA","Daily","Historical Daily Exchange Rates Of The Australian Dollar Against:","Australian Dollar Trade-weighted Index"
"2283","FXRTWI","Trade-weighted Index May 1970 = 100","AUS","AUS",1988-03-14,53.4,"D","Index","Indicative","RBA","Daily","Historical Daily Exchange Rates Of The Australian Dollar Against:","Australian Dollar Trade-weighted Index"
"2284","FXRTWI","Trade-weighted Index May 1970 = 100","AUS","AUS",1988-03-15,53.5,"D","Index","Indicative","RBA","Daily","Historical Daily Exchange Rates Of The Australian Dollar Against:","Australian Dollar Trade-weighted Index"
"2285","FXRTWI","Trade-weighted Index May 1970 = 100","AUS","AUS",1988-03-16,53.6,"D","Index","Indicative","RBA","Daily","Historical Daily Exchange Rates Of The Australian Dollar Against:","Australian Dollar Trade-weighted Index"
"2286","FXRTWI","Trade-weighted Index May 1970 = 100","AUS","AUS",1988-03-17,53.9,"D","Index","Indicative","RBA","Daily","Historical Daily Exchange Rates Of The Australian Dollar Against:","Australian Dollar Trade-weighted Index"
"2287","FXRTWI","Trade-weighted Index May 1970 = 100","AUS","AUS",1988-03-18,54,"D","Index","Indicative","RBA","Daily","Historical Daily Exchange Rates Of The Australian Dollar Against:","Australian Dollar Trade-weighted Index"
"2288","FXRTWI","Trade-weighted Index May 1970 = 100","AUS","AUS",1988-03-21,54.2,"D","Index","Indicative","RBA","Daily","Historical Daily Exchange Rates Of The Australian Dollar Against:","Australian Dollar Trade-weighted Index"
"2289","FXRTWI","Trade-weighted Index May 1970 = 100","AUS","AUS",1988-03-22,54.2,"D","Index","Indicative","RBA","Daily","Historical Daily Exchange Rates Of The Australian Dollar Against:","Australian Dollar Trade-weighted Index"
"2290","FXRTWI","Trade-weighted Index May 1970 = 100","AUS","AUS",1988-03-23,54.4,"D","Index","Indicative","RBA","Daily","Historical Daily Exchange Rates Of The Australian Dollar Against:","Australian Dollar Trade-weighted Index"
"2291","FXRTWI","Trade-weighted Index May 1970 = 100","AUS","AUS",1988-03-24,54.3,"D","Index","Indicative","RBA","Daily","Historical Daily Exchange Rates Of The Australian Dollar Against:","Australian Dollar Trade-weighted Index"
"2292","FXRTWI","Trade-weighted Index May 1970 = 100","AUS","AUS",1988-03-25,54.4,"D","Index","Indicative","RBA","Daily","Historical Daily Exchange Rates Of The Australian Dollar Against:","Australian Dollar Trade-weighted Index"
"2293","FXRTWI","Trade-weighted Index May 1970 = 100","AUS","AUS",1988-03-28,53.8,"D","Index","Indicative","RBA","Daily","Historical Daily Exchange Rates Of The Australian Dollar Against:","Australian Dollar Trade-weighted Index"
"2294","FXRTWI","Trade-weighted Index May 1970 = 100","AUS","AUS",1988-03-29,53.6,"D","Index","Indicative","RBA","Daily","Historical Daily Exchange Rates Of The Australian Dollar Against:","Australian Dollar Trade-weighted Index"
"2295","FXRTWI","Trade-weighted Index May 1970 = 100","AUS","AUS",1988-03-30,53.8,"D","Index","Indicative","RBA","Daily","Historical Daily Exchange Rates Of The Australian Dollar Against:","Australian Dollar Trade-weighted Index"
"2296","DLCACS","Credit; Total; Seasonally adjusted","AUS","AUS",1988-03-31,235.374,"M","$ billion","Seasonally Adjusted","RBA","Monthly","D2 Lending And Credit Aggregates","Credit; Total; Seasonally adjusted – Includes securitisations – For series breaks see Series Breaks"
"2297","FXRTWI","Trade-weighted Index May 1970 = 100","AUS","AUS",1988-03-31,53.8,"D","Index","Indicative","RBA","Daily","Historical Daily Exchange Rates Of The Australian Dollar Against:","Australian Dollar Trade-weighted Index"
"2298","FXRTWI","Trade-weighted Index May 1970 = 100","AUS","AUS",1988-03-31,53.8,"M","Index","Indicative","RBA","Monthly","F11 Exchange Rates","Australian Dollar Trade-weighted Index"
"2299","GCPIOCPMTMQP","Quarterly trimmed mean inflation","AUS","AUS",1988-03-31,1.7,"Q","Per cent","Seasonally Adjusted","ABS","Quarterly","G1 Consumer Price Inflation","Consumer price index; Trimmed mean; Quarterly change (in per cent)"
"2300","GRCPAISDR","Commodity prices – SDR","AUS","AUS",1988-03-31,31.0379345024729,"M","Index, 2023/24=100","Original","RBA","Monthly","I2 Commodity Prices","Index of commodity prices; All items; SDR"
"2301","A2718577A","Credits, Total goods ;","AUS","AUS",1988-04-01,3251,"M","$ Millions","Seasonally Adjusted",NA,"Monthly","TABLE 1. GOODS, Summary: Seasonally adjusted and trend estimates, Current prices",NA
"2302","A2718594C","Balance on goods ;","AUS","AUS",1988-04-01,-162,"M","$ Millions","Seasonally Adjusted",NA,"Monthly","TABLE 1. GOODS, Summary: Seasonally adjusted and trend estimates, Current prices",NA
"2303","FXRTWI","Trade-weighted Index May 1970 = 100","AUS","AUS",1988-04-05,54,"D","Index","Indicative","RBA","Daily","Historical Daily Exchange Rates Of The Australian Dollar Against:","Australian Dollar Trade-weighted Index"
"2304","FXRTWI","Trade-weighted Index May 1970 = 100","AUS","AUS",1988-04-06,54,"D","Index","Indicative","RBA","Daily","Historical Daily Exchange Rates Of The Australian Dollar Against:","Australian Dollar Trade-weighted Index"
"2305","FXRTWI","Trade-weighted Index May 1970 = 100","AUS","AUS",1988-04-07,54,"D","Index","Indicative","RBA","Daily","Historical Daily Exchange Rates Of The Australian Dollar Against:","Australian Dollar Trade-weighted Index"
"2306","FXRTWI","Trade-weighted Index May 1970 = 100","AUS","AUS",1988-04-08,54.1,"D","Index","Indicative","RBA","Daily","Historical Daily Exchange Rates Of The Australian Dollar Against:","Australian Dollar Trade-weighted Index"
"2307","FXRTWI","Trade-weighted Index May 1970 = 100","AUS","AUS",1988-04-11,54.4,"D","Index","Indicative","RBA","Daily","Historical Daily Exchange Rates Of The Australian Dollar Against:","Australian Dollar Trade-weighted Index"
"2308","FXRTWI","Trade-weighted Index May 1970 = 100","AUS","AUS",1988-04-12,54.5,"D","Index","Indicative","RBA","Daily","Historical Daily Exchange Rates Of The Australian Dollar Against:","Australian Dollar Trade-weighted Index"
"2309","FXRTWI","Trade-weighted Index May 1970 = 100","AUS","AUS",1988-04-13,54.5,"D","Index","Indicative","RBA","Daily","Historical Daily Exchange Rates Of The Australian Dollar Against:","Australian Dollar Trade-weighted Index"
"2310","FXRTWI","Trade-weighted Index May 1970 = 100","AUS","AUS",1988-04-14,54.6,"D","Index","Indicative","RBA","Daily","Historical Daily Exchange Rates Of The Australian Dollar Against:","Australian Dollar Trade-weighted Index"
"2311","FXRTWI","Trade-weighted Index May 1970 = 100","AUS","AUS",1988-04-15,54.4,"D","Index","Indicative","RBA","Daily","Historical Daily Exchange Rates Of The Australian Dollar Against:","Australian Dollar Trade-weighted Index"
"2312","FXRTWI","Trade-weighted Index May 1970 = 100","AUS","AUS",1988-04-18,54.3,"D","Index","Indicative","RBA","Daily","Historical Daily Exchange Rates Of The Australian Dollar Against:","Australian Dollar Trade-weighted Index"
"2313","FXRTWI","Trade-weighted Index May 1970 = 100","AUS","AUS",1988-04-19,54.5,"D","Index","Indicative","RBA","Daily","Historical Daily Exchange Rates Of The Australian Dollar Against:","Australian Dollar Trade-weighted Index"
"2314","FXRTWI","Trade-weighted Index May 1970 = 100","AUS","AUS",1988-04-20,54.3,"D","Index","Indicative","RBA","Daily","Historical Daily Exchange Rates Of The Australian Dollar Against:","Australian Dollar Trade-weighted Index"
"2315","FXRTWI","Trade-weighted Index May 1970 = 100","AUS","AUS",1988-04-21,54.5,"D","Index","Indicative","RBA","Daily","Historical Daily Exchange Rates Of The Australian Dollar Against:","Australian Dollar Trade-weighted Index"
"2316","FXRTWI","Trade-weighted Index May 1970 = 100","AUS","AUS",1988-04-22,54.9,"D","Index","Indicative","RBA","Daily","Historical Daily Exchange Rates Of The Australian Dollar Against:","Australian Dollar Trade-weighted Index"
"2317","FXRTWI","Trade-weighted Index May 1970 = 100","AUS","AUS",1988-04-26,55,"D","Index","Indicative","RBA","Daily","Historical Daily Exchange Rates Of The Australian Dollar Against:","Australian Dollar Trade-weighted Index"
"2318","FXRTWI","Trade-weighted Index May 1970 = 100","AUS","AUS",1988-04-27,55.1,"D","Index","Indicative","RBA","Daily","Historical Daily Exchange Rates Of The Australian Dollar Against:","Australian Dollar Trade-weighted Index"
"2319","FXRTWI","Trade-weighted Index May 1970 = 100","AUS","AUS",1988-04-28,55.1,"D","Index","Indicative","RBA","Daily","Historical Daily Exchange Rates Of The Australian Dollar Against:","Australian Dollar Trade-weighted Index"
"2320","FXRTWI","Trade-weighted Index May 1970 = 100","AUS","AUS",1988-04-29,55.2,"D","Index","Indicative","RBA","Daily","Historical Daily Exchange Rates Of The Australian Dollar Against:","Australian Dollar Trade-weighted Index"
"2321","DLCACS","Credit; Total; Seasonally adjusted","AUS","AUS",1988-04-30,239.113,"M","$ billion","Seasonally Adjusted","RBA","Monthly","D2 Lending And Credit Aggregates","Credit; Total; Seasonally adjusted – Includes securitisations – For series breaks see Series Breaks"
"2322","FXRTWI","Trade-weighted Index May 1970 = 100","AUS","AUS",1988-04-30,55.2,"M","Index","Indicative","RBA","Monthly","F11 Exchange Rates","Australian Dollar Trade-weighted Index"
"2323","GRCPAISDR","Commodity prices – SDR","AUS","AUS",1988-04-30,31.5363023187895,"M","Index, 2023/24=100","Original","RBA","Monthly","I2 Commodity Prices","Index of commodity prices; All items; SDR"
"2324","A2718577A","Credits, Total goods ;","AUS","AUS",1988-05-01,3540,"M","$ Millions","Seasonally Adjusted",NA,"Monthly","TABLE 1. GOODS, Summary: Seasonally adjusted and trend estimates, Current prices",NA
"2325","A2718594C","Balance on goods ;","AUS","AUS",1988-05-01,-63,"M","$ Millions","Seasonally Adjusted",NA,"Monthly","TABLE 1. GOODS, Summary: Seasonally adjusted and trend estimates, Current prices",NA
"2326","FXRTWI","Trade-weighted Index May 1970 = 100","AUS","AUS",1988-05-02,55.3,"D","Index","Indicative","RBA","Daily","Historical Daily Exchange Rates Of The Australian Dollar Against:","Australian Dollar Trade-weighted Index"
"2327","FXRTWI","Trade-weighted Index May 1970 = 100","AUS","AUS",1988-05-03,55.5,"D","Index","Indicative","RBA","Daily","Historical Daily Exchange Rates Of The Australian Dollar Against:","Australian Dollar Trade-weighted Index"
"2328","FXRTWI","Trade-weighted Index May 1970 = 100","AUS","AUS",1988-05-04,56.2,"D","Index","Indicative","RBA","Daily","Historical Daily Exchange Rates Of The Australian Dollar Against:","Australian Dollar Trade-weighted Index"
"2329","FXRTWI","Trade-weighted Index May 1970 = 100","AUS","AUS",1988-05-05,55.9,"D","Index","Indicative","RBA","Daily","Historical Daily Exchange Rates Of The Australian Dollar Against:","Australian Dollar Trade-weighted Index"
"2330","FXRTWI","Trade-weighted Index May 1970 = 100","AUS","AUS",1988-05-06,56,"D","Index","Indicative","RBA","Daily","Historical Daily Exchange Rates Of The Australian Dollar Against:","Australian Dollar Trade-weighted Index"
"2331","FXRTWI","Trade-weighted Index May 1970 = 100","AUS","AUS",1988-05-09,56,"D","Index","Indicative","RBA","Daily","Historical Daily Exchange Rates Of The Australian Dollar Against:","Australian Dollar Trade-weighted Index"
"2332","FXRTWI","Trade-weighted Index May 1970 = 100","AUS","AUS",1988-05-10,56.4,"D","Index","Indicative","RBA","Daily","Historical Daily Exchange Rates Of The Australian Dollar Against:","Australian Dollar Trade-weighted Index"
"2333","FXRTWI","Trade-weighted Index May 1970 = 100","AUS","AUS",1988-05-11,56.5,"D","Index","Indicative","RBA","Daily","Historical Daily Exchange Rates Of The Australian Dollar Against:","Australian Dollar Trade-weighted Index"
"2334","FXRTWI","Trade-weighted Index May 1970 = 100","AUS","AUS",1988-05-12,55.7,"D","Index","Indicative","RBA","Daily","Historical Daily Exchange Rates Of The Australian Dollar Against:","Australian Dollar Trade-weighted Index"
"2335","FXRTWI","Trade-weighted Index May 1970 = 100","AUS","AUS",1988-05-13,56.3,"D","Index","Indicative","RBA","Daily","Historical Daily Exchange Rates Of The Australian Dollar Against:","Australian Dollar Trade-weighted Index"
"2336","FXRTWI","Trade-weighted Index May 1970 = 100","AUS","AUS",1988-05-16,56.4,"D","Index","Indicative","RBA","Daily","Historical Daily Exchange Rates Of The Australian Dollar Against:","Australian Dollar Trade-weighted Index"
"2337","FXRTWI","Trade-weighted Index May 1970 = 100","AUS","AUS",1988-05-17,56.1,"D","Index","Indicative","RBA","Daily","Historical Daily Exchange Rates Of The Australian Dollar Against:","Australian Dollar Trade-weighted Index"
"2338","FXRTWI","Trade-weighted Index May 1970 = 100","AUS","AUS",1988-05-18,56.3,"D","Index","Indicative","RBA","Daily","Historical Daily Exchange Rates Of The Australian Dollar Against:","Australian Dollar Trade-weighted Index"
"2339","FXRTWI","Trade-weighted Index May 1970 = 100","AUS","AUS",1988-05-19,56.4,"D","Index","Indicative","RBA","Daily","Historical Daily Exchange Rates Of The Australian Dollar Against:","Australian Dollar Trade-weighted Index"
"2340","FXRTWI","Trade-weighted Index May 1970 = 100","AUS","AUS",1988-05-20,57,"D","Index","Indicative","RBA","Daily","Historical Daily Exchange Rates Of The Australian Dollar Against:","Australian Dollar Trade-weighted Index"
"2341","FXRTWI","Trade-weighted Index May 1970 = 100","AUS","AUS",1988-05-23,57.4,"D","Index","Indicative","RBA","Daily","Historical Daily Exchange Rates Of The Australian Dollar Against:","Australian Dollar Trade-weighted Index"
"2342","FXRTWI","Trade-weighted Index May 1970 = 100","AUS","AUS",1988-05-24,57.3,"D","Index","Indicative","RBA","Daily","Historical Daily Exchange Rates Of The Australian Dollar Against:","Australian Dollar Trade-weighted Index"
"2343","FXRTWI","Trade-weighted Index May 1970 = 100","AUS","AUS",1988-05-25,57.3,"D","Index","Indicative","RBA","Daily","Historical Daily Exchange Rates Of The Australian Dollar Against:","Australian Dollar Trade-weighted Index"
"2344","FXRTWI","Trade-weighted Index May 1970 = 100","AUS","AUS",1988-05-26,58.3,"D","Index","Indicative","RBA","Daily","Historical Daily Exchange Rates Of The Australian Dollar Against:","Australian Dollar Trade-weighted Index"
"2345","FXRTWI","Trade-weighted Index May 1970 = 100","AUS","AUS",1988-05-27,58.8,"D","Index","Indicative","RBA","Daily","Historical Daily Exchange Rates Of The Australian Dollar Against:","Australian Dollar Trade-weighted Index"
"2346","FXRTWI","Trade-weighted Index May 1970 = 100","AUS","AUS",1988-05-30,58.9,"D","Index","Indicative","RBA","Daily","Historical Daily Exchange Rates Of The Australian Dollar Against:","Australian Dollar Trade-weighted Index"
"2347","DLCACS","Credit; Total; Seasonally adjusted","AUS","AUS",1988-05-31,242.769,"M","$ billion","Seasonally Adjusted","RBA","Monthly","D2 Lending And Credit Aggregates","Credit; Total; Seasonally adjusted – Includes securitisations – For series breaks see Series Breaks"
"2348","FXRTWI","Trade-weighted Index May 1970 = 100","AUS","AUS",1988-05-31,58.9,"D","Index","Indicative","RBA","Daily","Historical Daily Exchange Rates Of The Australian Dollar Against:","Australian Dollar Trade-weighted Index"
"2349","FXRTWI","Trade-weighted Index May 1970 = 100","AUS","AUS",1988-05-31,58.9,"M","Index","Indicative","RBA","Monthly","F11 Exchange Rates","Australian Dollar Trade-weighted Index"
"2350","GRCPAISDR","Commodity prices – SDR","AUS","AUS",1988-05-31,32.6626163686957,"M","Index, 2023/24=100","Original","RBA","Monthly","I2 Commodity Prices","Index of commodity prices; All items; SDR"
"2351","A2302956R","South Australia ; STATE FINAL DEMAND ;","SA","SA",1988-06-01,14890,"Q","$ Millions","Seasonally Adjusted",NA,"Quarterly","Table 25. State Final Demand, Summary Components by State: Chain volume measures",NA
"2352","A2302984X","Western Australia ; STATE FINAL DEMAND ;","WA","WA",1988-06-01,19451,"Q","$ Millions","Seasonally Adjusted",NA,"Quarterly","Table 25. State Final Demand, Summary Components by State: Chain volume measures",NA
"2353","A2303012X","Tasmania ; STATE FINAL DEMAND ;","TAS","TAS",1988-06-01,4979,"Q","$ Millions","Seasonally Adjusted",NA,"Quarterly","Table 25. State Final Demand, Summary Components by State: Chain volume measures",NA
"2354","A2303040J","Northern Territory ; STATE FINAL DEMAND ;","NT","NT",1988-06-01,2334,"Q","$ Millions","Seasonally Adjusted",NA,"Quarterly","Table 25. State Final Demand, Summary Components by State: Chain volume measures",NA
"2355","A2303068K","Australian Capital Territory ; STATE FINAL DEMAND ;","ACT","ACT",1988-06-01,4841,"Q","$ Millions","Seasonally Adjusted",NA,"Quarterly","Table 25. State Final Demand, Summary Components by State: Chain volume measures",NA
"2356","A2303111F","New South Wales ; STATE FINAL DEMAND ;","NSW","NSW",1988-06-01,69420,"Q","$ Millions","Seasonally Adjusted",NA,"Quarterly","Table 25. State Final Demand, Summary Components by State: Chain volume measures",NA
"2357","A2303139J","Victoria ; STATE FINAL DEMAND ;","VIC","VIC",1988-06-01,49644,"Q","$ Millions","Seasonally Adjusted",NA,"Quarterly","Table 25. State Final Demand, Summary Components by State: Chain volume measures",NA
"2358","A2303187A","Queensland ; STATE FINAL DEMAND ;","QLD","QLD",1988-06-01,32243,"Q","$ Millions","Seasonally Adjusted",NA,"Quarterly","Table 25. State Final Demand, Summary Components by State: Chain volume measures",NA
"2359","A2304418T","Gross domestic product: Current prices ;","AUS","AUS",1988-06-01,84725,"Q","$ Millions","Seasonally Adjusted",NA,"Quarterly","Table 1. Key National Accounts Aggregates",NA
"2360","A2325846C","Index Numbers ; All groups CPI ; Australia ;","AUS","AUS",1988-06-01,49.3,"Q","Index Numbers","Original",NA,"Quarterly","TABLES 1 and 2. CPI: All Groups, Index Numbers and Percentage Changes",NA
"2361","A2718577A","Credits, Total goods ;","AUS","AUS",1988-06-01,3293,"M","$ Millions","Seasonally Adjusted",NA,"Monthly","TABLE 1. GOODS, Summary: Seasonally adjusted and trend estimates, Current prices",NA
"2362","A2718594C","Balance on goods ;","AUS","AUS",1988-06-01,-86,"M","$ Millions","Seasonally Adjusted",NA,"Monthly","TABLE 1. GOODS, Summary: Seasonally adjusted and trend estimates, Current prices",NA
"2363","FXRTWI","Trade-weighted Index May 1970 = 100","AUS","AUS",1988-06-01,59.6,"D","Index","Indicative","RBA","Daily","Historical Daily Exchange Rates Of The Australian Dollar Against:","Australian Dollar Trade-weighted Index"
"2364","FXRTWI","Trade-weighted Index May 1970 = 100","AUS","AUS",1988-06-02,59,"D","Index","Indicative","RBA","Daily","Historical Daily Exchange Rates Of The Australian Dollar Against:","Australian Dollar Trade-weighted Index"
"2365","FXRTWI","Trade-weighted Index May 1970 = 100","AUS","AUS",1988-06-03,59.3,"D","Index","Indicative","RBA","Daily","Historical Daily Exchange Rates Of The Australian Dollar Against:","Australian Dollar Trade-weighted Index"
"2366","FXRTWI","Trade-weighted Index May 1970 = 100","AUS","AUS",1988-06-06,58,"D","Index","Indicative","RBA","Daily","Historical Daily Exchange Rates Of The Australian Dollar Against:","Australian Dollar Trade-weighted Index"
"2367","FXRTWI","Trade-weighted Index May 1970 = 100","AUS","AUS",1988-06-07,58.2,"D","Index","Indicative","RBA","Daily","Historical Daily Exchange Rates Of The Australian Dollar Against:","Australian Dollar Trade-weighted Index"
"2368","FXRTWI","Trade-weighted Index May 1970 = 100","AUS","AUS",1988-06-08,58.9,"D","Index","Indicative","RBA","Daily","Historical Daily Exchange Rates Of The Australian Dollar Against:","Australian Dollar Trade-weighted Index"
"2369","FXRTWI","Trade-weighted Index May 1970 = 100","AUS","AUS",1988-06-09,59,"D","Index","Indicative","RBA","Daily","Historical Daily Exchange Rates Of The Australian Dollar Against:","Australian Dollar Trade-weighted Index"
"2370","FXRTWI","Trade-weighted Index May 1970 = 100","AUS","AUS",1988-06-10,59,"D","Index","Indicative","RBA","Daily","Historical Daily Exchange Rates Of The Australian Dollar Against:","Australian Dollar Trade-weighted Index"
"2371","FXRTWI","Trade-weighted Index May 1970 = 100","AUS","AUS",1988-06-14,58.8,"D","Index","Indicative","RBA","Daily","Historical Daily Exchange Rates Of The Australian Dollar Against:","Australian Dollar Trade-weighted Index"
"2372","FXRTWI","Trade-weighted Index May 1970 = 100","AUS","AUS",1988-06-15,58.8,"D","Index","Indicative","RBA","Daily","Historical Daily Exchange Rates Of The Australian Dollar Against:","Australian Dollar Trade-weighted Index"
"2373","FXRTWI","Trade-weighted Index May 1970 = 100","AUS","AUS",1988-06-16,59.2,"D","Index","Indicative","RBA","Daily","Historical Daily Exchange Rates Of The Australian Dollar Against:","Australian Dollar Trade-weighted Index"
"2374","FXRTWI","Trade-weighted Index May 1970 = 100","AUS","AUS",1988-06-17,59.7,"D","Index","Indicative","RBA","Daily","Historical Daily Exchange Rates Of The Australian Dollar Against:","Australian Dollar Trade-weighted Index"
"2375","FXRTWI","Trade-weighted Index May 1970 = 100","AUS","AUS",1988-06-20,60.4,"D","Index","Indicative","RBA","Daily","Historical Daily Exchange Rates Of The Australian Dollar Against:","Australian Dollar Trade-weighted Index"
"2376","FXRTWI","Trade-weighted Index May 1970 = 100","AUS","AUS",1988-06-21,60.5,"D","Index","Indicative","RBA","Daily","Historical Daily Exchange Rates Of The Australian Dollar Against:","Australian Dollar Trade-weighted Index"
"2377","FXRTWI","Trade-weighted Index May 1970 = 100","AUS","AUS",1988-06-22,60.8,"D","Index","Indicative","RBA","Daily","Historical Daily Exchange Rates Of The Australian Dollar Against:","Australian Dollar Trade-weighted Index"
"2378","FXRTWI","Trade-weighted Index May 1970 = 100","AUS","AUS",1988-06-23,61.1,"D","Index","Indicative","RBA","Daily","Historical Daily Exchange Rates Of The Australian Dollar Against:","Australian Dollar Trade-weighted Index"
"2379","FXRTWI","Trade-weighted Index May 1970 = 100","AUS","AUS",1988-06-24,61.4,"D","Index","Indicative","RBA","Daily","Historical Daily Exchange Rates Of The Australian Dollar Against:","Australian Dollar Trade-weighted Index"
"2380","FXRTWI","Trade-weighted Index May 1970 = 100","AUS","AUS",1988-06-27,61.1,"D","Index","Indicative","RBA","Daily","Historical Daily Exchange Rates Of The Australian Dollar Against:","Australian Dollar Trade-weighted Index"
"2381","FXRTWI","Trade-weighted Index May 1970 = 100","AUS","AUS",1988-06-28,60.9,"D","Index","Indicative","RBA","Daily","Historical Daily Exchange Rates Of The Australian Dollar Against:","Australian Dollar Trade-weighted Index"
"2382","FXRTWI","Trade-weighted Index May 1970 = 100","AUS","AUS",1988-06-29,60.2,"D","Index","Indicative","RBA","Daily","Historical Daily Exchange Rates Of The Australian Dollar Against:","Australian Dollar Trade-weighted Index"
"2383","DLCACS","Credit; Total; Seasonally adjusted","AUS","AUS",1988-06-30,247.63,"M","$ billion","Seasonally Adjusted","RBA","Monthly","D2 Lending And Credit Aggregates","Credit; Total; Seasonally adjusted – Includes securitisations – For series breaks see Series Breaks"
"2384","FXRTWI","Trade-weighted Index May 1970 = 100","AUS","AUS",1988-06-30,59.8,"D","Index","Indicative","RBA","Daily","Historical Daily Exchange Rates Of The Australian Dollar Against:","Australian Dollar Trade-weighted Index"
"2385","FXRTWI","Trade-weighted Index May 1970 = 100","AUS","AUS",1988-06-30,59.8,"M","Index","Indicative","RBA","Monthly","F11 Exchange Rates","Australian Dollar Trade-weighted Index"
"2386","GCPIOCPMTMQP","Quarterly trimmed mean inflation","AUS","AUS",1988-06-30,1.9,"Q","Per cent","Seasonally Adjusted","ABS","Quarterly","G1 Consumer Price Inflation","Consumer price index; Trimmed mean; Quarterly change (in per cent)"
"2387","GRCPAISDR","Commodity prices – SDR","AUS","AUS",1988-06-30,35.2280435650972,"M","Index, 2023/24=100","Original","RBA","Monthly","I2 Commodity Prices","Index of commodity prices; All items; SDR"
"2388","A2718577A","Credits, Total goods ;","AUS","AUS",1988-07-01,3415,"M","$ Millions","Seasonally Adjusted",NA,"Monthly","TABLE 1. GOODS, Summary: Seasonally adjusted and trend estimates, Current prices",NA
"2389","A2718594C","Balance on goods ;","AUS","AUS",1988-07-01,-208,"M","$ Millions","Seasonally Adjusted",NA,"Monthly","TABLE 1. GOODS, Summary: Seasonally adjusted and trend estimates, Current prices",NA
"2390","FXRTWI","Trade-weighted Index May 1970 = 100","AUS","AUS",1988-07-01,59.6,"D","Index","Indicative","RBA","Daily","Historical Daily Exchange Rates Of The Australian Dollar Against:","Australian Dollar Trade-weighted Index"
"2391","FXRTWI","Trade-weighted Index May 1970 = 100","AUS","AUS",1988-07-04,58.8,"D","Index","Indicative","RBA","Daily","Historical Daily Exchange Rates Of The Australian Dollar Against:","Australian Dollar Trade-weighted Index"
"2392","FXRTWI","Trade-weighted Index May 1970 = 100","AUS","AUS",1988-07-05,59.4,"D","Index","Indicative","RBA","Daily","Historical Daily Exchange Rates Of The Australian Dollar Against:","Australian Dollar Trade-weighted Index"
"2393","FXRTWI","Trade-weighted Index May 1970 = 100","AUS","AUS",1988-07-06,60.1,"D","Index","Indicative","RBA","Daily","Historical Daily Exchange Rates Of The Australian Dollar Against:","Australian Dollar Trade-weighted Index"
"2394","FXRTWI","Trade-weighted Index May 1970 = 100","AUS","AUS",1988-07-07,60.5,"D","Index","Indicative","RBA","Daily","Historical Daily Exchange Rates Of The Australian Dollar Against:","Australian Dollar Trade-weighted Index"
"2395","FXRTWI","Trade-weighted Index May 1970 = 100","AUS","AUS",1988-07-08,60.2,"D","Index","Indicative","RBA","Daily","Historical Daily Exchange Rates Of The Australian Dollar Against:","Australian Dollar Trade-weighted Index"
"2396","FXRTWI","Trade-weighted Index May 1970 = 100","AUS","AUS",1988-07-11,59.8,"D","Index","Indicative","RBA","Daily","Historical Daily Exchange Rates Of The Australian Dollar Against:","Australian Dollar Trade-weighted Index"
"2397","FXRTWI","Trade-weighted Index May 1970 = 100","AUS","AUS",1988-07-12,60,"D","Index","Indicative","RBA","Daily","Historical Daily Exchange Rates Of The Australian Dollar Against:","Australian Dollar Trade-weighted Index"
"2398","FXRTWI","Trade-weighted Index May 1970 = 100","AUS","AUS",1988-07-13,60.5,"D","Index","Indicative","RBA","Daily","Historical Daily Exchange Rates Of The Australian Dollar Against:","Australian Dollar Trade-weighted Index"
"2399","FXRTWI","Trade-weighted Index May 1970 = 100","AUS","AUS",1988-07-14,60.5,"D","Index","Indicative","RBA","Daily","Historical Daily Exchange Rates Of The Australian Dollar Against:","Australian Dollar Trade-weighted Index"
"2400","FXRTWI","Trade-weighted Index May 1970 = 100","AUS","AUS",1988-07-15,60.4,"D","Index","Indicative","RBA","Daily","Historical Daily Exchange Rates Of The Australian Dollar Against:","Australian Dollar Trade-weighted Index"
"2401","FXRTWI","Trade-weighted Index May 1970 = 100","AUS","AUS",1988-07-18,60.6,"D","Index","Indicative","RBA","Daily","Historical Daily Exchange Rates Of The Australian Dollar Against:","Australian Dollar Trade-weighted Index"
"2402","FXRTWI","Trade-weighted Index May 1970 = 100","AUS","AUS",1988-07-19,60.8,"D","Index","Indicative","RBA","Daily","Historical Daily Exchange Rates Of The Australian Dollar Against:","Australian Dollar Trade-weighted Index"
"2403","FXRTWI","Trade-weighted Index May 1970 = 100","AUS","AUS",1988-07-20,61.4,"D","Index","Indicative","RBA","Daily","Historical Daily Exchange Rates Of The Australian Dollar Against:","Australian Dollar Trade-weighted Index"
"2404","FXRTWI","Trade-weighted Index May 1970 = 100","AUS","AUS",1988-07-21,61.3,"D","Index","Indicative","RBA","Daily","Historical Daily Exchange Rates Of The Australian Dollar Against:","Australian Dollar Trade-weighted Index"
"2405","FXRTWI","Trade-weighted Index May 1970 = 100","AUS","AUS",1988-07-22,61.4,"D","Index","Indicative","RBA","Daily","Historical Daily Exchange Rates Of The Australian Dollar Against:","Australian Dollar Trade-weighted Index"
"2406","FXRTWI","Trade-weighted Index May 1970 = 100","AUS","AUS",1988-07-25,61.3,"D","Index","Indicative","RBA","Daily","Historical Daily Exchange Rates Of The Australian Dollar Against:","Australian Dollar Trade-weighted Index"
"2407","FXRTWI","Trade-weighted Index May 1970 = 100","AUS","AUS",1988-07-26,61.1,"D","Index","Indicative","RBA","Daily","Historical Daily Exchange Rates Of The Australian Dollar Against:","Australian Dollar Trade-weighted Index"
"2408","FXRTWI","Trade-weighted Index May 1970 = 100","AUS","AUS",1988-07-27,60.8,"D","Index","Indicative","RBA","Daily","Historical Daily Exchange Rates Of The Australian Dollar Against:","Australian Dollar Trade-weighted Index"
"2409","FXRTWI","Trade-weighted Index May 1970 = 100","AUS","AUS",1988-07-28,61.1,"D","Index","Indicative","RBA","Daily","Historical Daily Exchange Rates Of The Australian Dollar Against:","Australian Dollar Trade-weighted Index"
"2410","FXRTWI","Trade-weighted Index May 1970 = 100","AUS","AUS",1988-07-29,61,"D","Index","Indicative","RBA","Daily","Historical Daily Exchange Rates Of The Australian Dollar Against:","Australian Dollar Trade-weighted Index"
"2411","DLCACS","Credit; Total; Seasonally adjusted","AUS","AUS",1988-07-31,252.119,"M","$ billion","Seasonally Adjusted","RBA","Monthly","D2 Lending And Credit Aggregates","Credit; Total; Seasonally adjusted – Includes securitisations – For series breaks see Series Breaks"
"2412","FXRTWI","Trade-weighted Index May 1970 = 100","AUS","AUS",1988-07-31,61,"M","Index","Indicative","RBA","Monthly","F11 Exchange Rates","Australian Dollar Trade-weighted Index"
"2413","GRCPAISDR","Commodity prices – SDR","AUS","AUS",1988-07-31,35.3148153462804,"M","Index, 2023/24=100","Original","RBA","Monthly","I2 Commodity Prices","Index of commodity prices; All items; SDR"
"2414","A2718577A","Credits, Total goods ;","AUS","AUS",1988-08-01,3494,"M","$ Millions","Seasonally Adjusted",NA,"Monthly","TABLE 1. GOODS, Summary: Seasonally adjusted and trend estimates, Current prices",NA
"2415","A2718594C","Balance on goods ;","AUS","AUS",1988-08-01,-84,"M","$ Millions","Seasonally Adjusted",NA,"Monthly","TABLE 1. GOODS, Summary: Seasonally adjusted and trend estimates, Current prices",NA
"2416","FXRTWI","Trade-weighted Index May 1970 = 100","AUS","AUS",1988-08-01,60.9,"D","Index","Indicative","RBA","Daily","Historical Daily Exchange Rates Of The Australian Dollar Against:","Australian Dollar Trade-weighted Index"
"2417","FXRTWI","Trade-weighted Index May 1970 = 100","AUS","AUS",1988-08-02,61.1,"D","Index","Indicative","RBA","Daily","Historical Daily Exchange Rates Of The Australian Dollar Against:","Australian Dollar Trade-weighted Index"
"2418","FXRTWI","Trade-weighted Index May 1970 = 100","AUS","AUS",1988-08-03,61,"D","Index","Indicative","RBA","Daily","Historical Daily Exchange Rates Of The Australian Dollar Against:","Australian Dollar Trade-weighted Index"
"2419","FXRTWI","Trade-weighted Index May 1970 = 100","AUS","AUS",1988-08-04,61.1,"D","Index","Indicative","RBA","Daily","Historical Daily Exchange Rates Of The Australian Dollar Against:","Australian Dollar Trade-weighted Index"
"2420","FXRTWI","Trade-weighted Index May 1970 = 100","AUS","AUS",1988-08-05,61.2,"D","Index","Indicative","RBA","Daily","Historical Daily Exchange Rates Of The Australian Dollar Against:","Australian Dollar Trade-weighted Index"
"2421","FXRTWI","Trade-weighted Index May 1970 = 100","AUS","AUS",1988-08-08,60.8,"D","Index","Indicative","RBA","Daily","Historical Daily Exchange Rates Of The Australian Dollar Against:","Australian Dollar Trade-weighted Index"
"2422","FXRTWI","Trade-weighted Index May 1970 = 100","AUS","AUS",1988-08-09,60.9,"D","Index","Indicative","RBA","Daily","Historical Daily Exchange Rates Of The Australian Dollar Against:","Australian Dollar Trade-weighted Index"
"2423","FXRTWI","Trade-weighted Index May 1970 = 100","AUS","AUS",1988-08-10,60.9,"D","Index","Indicative","RBA","Daily","Historical Daily Exchange Rates Of The Australian Dollar Against:","Australian Dollar Trade-weighted Index"
"2424","FXRTWI","Trade-weighted Index May 1970 = 100","AUS","AUS",1988-08-11,61.2,"D","Index","Indicative","RBA","Daily","Historical Daily Exchange Rates Of The Australian Dollar Against:","Australian Dollar Trade-weighted Index"
"2425","FXRTWI","Trade-weighted Index May 1970 = 100","AUS","AUS",1988-08-12,61.1,"D","Index","Indicative","RBA","Daily","Historical Daily Exchange Rates Of The Australian Dollar Against:","Australian Dollar Trade-weighted Index"
"2426","FXRTWI","Trade-weighted Index May 1970 = 100","AUS","AUS",1988-08-15,61,"D","Index","Indicative","RBA","Daily","Historical Daily Exchange Rates Of The Australian Dollar Against:","Australian Dollar Trade-weighted Index"
"2427","FXRTWI","Trade-weighted Index May 1970 = 100","AUS","AUS",1988-08-16,60.9,"D","Index","Indicative","RBA","Daily","Historical Daily Exchange Rates Of The Australian Dollar Against:","Australian Dollar Trade-weighted Index"
"2428","FXRTWI","Trade-weighted Index May 1970 = 100","AUS","AUS",1988-08-17,61.1,"D","Index","Indicative","RBA","Daily","Historical Daily Exchange Rates Of The Australian Dollar Against:","Australian Dollar Trade-weighted Index"
"2429","FXRTWI","Trade-weighted Index May 1970 = 100","AUS","AUS",1988-08-18,61.5,"D","Index","Indicative","RBA","Daily","Historical Daily Exchange Rates Of The Australian Dollar Against:","Australian Dollar Trade-weighted Index"
"2430","FXRTWI","Trade-weighted Index May 1970 = 100","AUS","AUS",1988-08-19,62.2,"D","Index","Indicative","RBA","Daily","Historical Daily Exchange Rates Of The Australian Dollar Against:","Australian Dollar Trade-weighted Index"
"2431","FXRTWI","Trade-weighted Index May 1970 = 100","AUS","AUS",1988-08-22,62.5,"D","Index","Indicative","RBA","Daily","Historical Daily Exchange Rates Of The Australian Dollar Against:","Australian Dollar Trade-weighted Index"
"2432","FXRTWI","Trade-weighted Index May 1970 = 100","AUS","AUS",1988-08-23,62.3,"D","Index","Indicative","RBA","Daily","Historical Daily Exchange Rates Of The Australian Dollar Against:","Australian Dollar Trade-weighted Index"
"2433","FXRTWI","Trade-weighted Index May 1970 = 100","AUS","AUS",1988-08-24,62.3,"D","Index","Indicative","RBA","Daily","Historical Daily Exchange Rates Of The Australian Dollar Against:","Australian Dollar Trade-weighted Index"
"2434","FXRTWI","Trade-weighted Index May 1970 = 100","AUS","AUS",1988-08-25,62.5,"D","Index","Indicative","RBA","Daily","Historical Daily Exchange Rates Of The Australian Dollar Against:","Australian Dollar Trade-weighted Index"
"2435","FXRTWI","Trade-weighted Index May 1970 = 100","AUS","AUS",1988-08-26,62,"D","Index","Indicative","RBA","Daily","Historical Daily Exchange Rates Of The Australian Dollar Against:","Australian Dollar Trade-weighted Index"
"2436","FXRTWI","Trade-weighted Index May 1970 = 100","AUS","AUS",1988-08-29,62.2,"D","Index","Indicative","RBA","Daily","Historical Daily Exchange Rates Of The Australian Dollar Against:","Australian Dollar Trade-weighted Index"
"2437","FXRTWI","Trade-weighted Index May 1970 = 100","AUS","AUS",1988-08-30,61.5,"D","Index","Indicative","RBA","Daily","Historical Daily Exchange Rates Of The Australian Dollar Against:","Australian Dollar Trade-weighted Index"
"2438","DLCACS","Credit; Total; Seasonally adjusted","AUS","AUS",1988-08-31,256.056,"M","$ billion","Seasonally Adjusted","RBA","Monthly","D2 Lending And Credit Aggregates","Credit; Total; Seasonally adjusted – Includes securitisations – For series breaks see Series Breaks"
"2439","FXRTWI","Trade-weighted Index May 1970 = 100","AUS","AUS",1988-08-31,61.8,"D","Index","Indicative","RBA","Daily","Historical Daily Exchange Rates Of The Australian Dollar Against:","Australian Dollar Trade-weighted Index"
"2440","FXRTWI","Trade-weighted Index May 1970 = 100","AUS","AUS",1988-08-31,61.8,"M","Index","Indicative","RBA","Monthly","F11 Exchange Rates","Australian Dollar Trade-weighted Index"
"2441","GRCPAISDR","Commodity prices – SDR","AUS","AUS",1988-08-31,35.2624971221664,"M","Index, 2023/24=100","Original","RBA","Monthly","I2 Commodity Prices","Index of commodity prices; All items; SDR"
"2442","A2302956R","South Australia ; STATE FINAL DEMAND ;","SA","SA",1988-09-01,15416,"Q","$ Millions","Seasonally Adjusted",NA,"Quarterly","Table 25. State Final Demand, Summary Components by State: Chain volume measures",NA
"2443","A2302984X","Western Australia ; STATE FINAL DEMAND ;","WA","WA",1988-09-01,19579,"Q","$ Millions","Seasonally Adjusted",NA,"Quarterly","Table 25. State Final Demand, Summary Components by State: Chain volume measures",NA
"2444","A2303012X","Tasmania ; STATE FINAL DEMAND ;","TAS","TAS",1988-09-01,5152,"Q","$ Millions","Seasonally Adjusted",NA,"Quarterly","Table 25. State Final Demand, Summary Components by State: Chain volume measures",NA
"2445","A2303040J","Northern Territory ; STATE FINAL DEMAND ;","NT","NT",1988-09-01,2517,"Q","$ Millions","Seasonally Adjusted",NA,"Quarterly","Table 25. State Final Demand, Summary Components by State: Chain volume measures",NA
"2446","A2303068K","Australian Capital Territory ; STATE FINAL DEMAND ;","ACT","ACT",1988-09-01,4826,"Q","$ Millions","Seasonally Adjusted",NA,"Quarterly","Table 25. State Final Demand, Summary Components by State: Chain volume measures",NA
"2447","A2303111F","New South Wales ; STATE FINAL DEMAND ;","NSW","NSW",1988-09-01,70002,"Q","$ Millions","Seasonally Adjusted",NA,"Quarterly","Table 25. State Final Demand, Summary Components by State: Chain volume measures",NA
"2448","A2303139J","Victoria ; STATE FINAL DEMAND ;","VIC","VIC",1988-09-01,50375,"Q","$ Millions","Seasonally Adjusted",NA,"Quarterly","Table 25. State Final Demand, Summary Components by State: Chain volume measures",NA
"2449","A2303187A","Queensland ; STATE FINAL DEMAND ;","QLD","QLD",1988-09-01,32781,"Q","$ Millions","Seasonally Adjusted",NA,"Quarterly","Table 25. State Final Demand, Summary Components by State: Chain volume measures",NA
"2450","A2304418T","Gross domestic product: Current prices ;","AUS","AUS",1988-09-01,87739,"Q","$ Millions","Seasonally Adjusted",NA,"Quarterly","Table 1. Key National Accounts Aggregates",NA
"2451","A2325846C","Index Numbers ; All groups CPI ; Australia ;","AUS","AUS",1988-09-01,50.2,"Q","Index Numbers","Original",NA,"Quarterly","TABLES 1 and 2. CPI: All Groups, Index Numbers and Percentage Changes",NA
"2452","A2718577A","Credits, Total goods ;","AUS","AUS",1988-09-01,3513,"M","$ Millions","Seasonally Adjusted",NA,"Monthly","TABLE 1. GOODS, Summary: Seasonally adjusted and trend estimates, Current prices",NA
"2453","A2718594C","Balance on goods ;","AUS","AUS",1988-09-01,57,"M","$ Millions","Seasonally Adjusted",NA,"Monthly","TABLE 1. GOODS, Summary: Seasonally adjusted and trend estimates, Current prices",NA
"2454","FXRTWI","Trade-weighted Index May 1970 = 100","AUS","AUS",1988-09-01,61.4,"D","Index","Indicative","RBA","Daily","Historical Daily Exchange Rates Of The Australian Dollar Against:","Australian Dollar Trade-weighted Index"
"2455","FXRTWI","Trade-weighted Index May 1970 = 100","AUS","AUS",1988-09-02,61.2,"D","Index","Indicative","RBA","Daily","Historical Daily Exchange Rates Of The Australian Dollar Against:","Australian Dollar Trade-weighted Index"
"2456","FXRTWI","Trade-weighted Index May 1970 = 100","AUS","AUS",1988-09-05,61.5,"D","Index","Indicative","RBA","Daily","Historical Daily Exchange Rates Of The Australian Dollar Against:","Australian Dollar Trade-weighted Index"
"2457","FXRTWI","Trade-weighted Index May 1970 = 100","AUS","AUS",1988-09-06,61.4,"D","Index","Indicative","RBA","Daily","Historical Daily Exchange Rates Of The Australian Dollar Against:","Australian Dollar Trade-weighted Index"
"2458","FXRTWI","Trade-weighted Index May 1970 = 100","AUS","AUS",1988-09-07,61.5,"D","Index","Indicative","RBA","Daily","Historical Daily Exchange Rates Of The Australian Dollar Against:","Australian Dollar Trade-weighted Index"
"2459","FXRTWI","Trade-weighted Index May 1970 = 100","AUS","AUS",1988-09-08,61.2,"D","Index","Indicative","RBA","Daily","Historical Daily Exchange Rates Of The Australian Dollar Against:","Australian Dollar Trade-weighted Index"
"2460","FXRTWI","Trade-weighted Index May 1970 = 100","AUS","AUS",1988-09-09,61.3,"D","Index","Indicative","RBA","Daily","Historical Daily Exchange Rates Of The Australian Dollar Against:","Australian Dollar Trade-weighted Index"
"2461","FXRTWI","Trade-weighted Index May 1970 = 100","AUS","AUS",1988-09-12,61.2,"D","Index","Indicative","RBA","Daily","Historical Daily Exchange Rates Of The Australian Dollar Against:","Australian Dollar Trade-weighted Index"
"2462","FXRTWI","Trade-weighted Index May 1970 = 100","AUS","AUS",1988-09-13,60.7,"D","Index","Indicative","RBA","Daily","Historical Daily Exchange Rates Of The Australian Dollar Against:","Australian Dollar Trade-weighted Index"
"2463","FXRTWI","Trade-weighted Index May 1970 = 100","AUS","AUS",1988-09-14,60.7,"D","Index","Indicative","RBA","Daily","Historical Daily Exchange Rates Of The Australian Dollar Against:","Australian Dollar Trade-weighted Index"
"2464","FXRTWI","Trade-weighted Index May 1970 = 100","AUS","AUS",1988-09-15,60.9,"D","Index","Indicative","RBA","Daily","Historical Daily Exchange Rates Of The Australian Dollar Against:","Australian Dollar Trade-weighted Index"
"2465","FXRTWI","Trade-weighted Index May 1970 = 100","AUS","AUS",1988-09-16,61.2,"D","Index","Indicative","RBA","Daily","Historical Daily Exchange Rates Of The Australian Dollar Against:","Australian Dollar Trade-weighted Index"
"2466","FXRTWI","Trade-weighted Index May 1970 = 100","AUS","AUS",1988-09-19,60.4,"D","Index","Indicative","RBA","Daily","Historical Daily Exchange Rates Of The Australian Dollar Against:","Australian Dollar Trade-weighted Index"
"2467","FXRTWI","Trade-weighted Index May 1970 = 100","AUS","AUS",1988-09-20,60.1,"D","Index","Indicative","RBA","Daily","Historical Daily Exchange Rates Of The Australian Dollar Against:","Australian Dollar Trade-weighted Index"
"2468","FXRTWI","Trade-weighted Index May 1970 = 100","AUS","AUS",1988-09-21,59.8,"D","Index","Indicative","RBA","Daily","Historical Daily Exchange Rates Of The Australian Dollar Against:","Australian Dollar Trade-weighted Index"
"2469","FXRTWI","Trade-weighted Index May 1970 = 100","AUS","AUS",1988-09-22,60.1,"D","Index","Indicative","RBA","Daily","Historical Daily Exchange Rates Of The Australian Dollar Against:","Australian Dollar Trade-weighted Index"
"2470","FXRTWI","Trade-weighted Index May 1970 = 100","AUS","AUS",1988-09-23,60.3,"D","Index","Indicative","RBA","Daily","Historical Daily Exchange Rates Of The Australian Dollar Against:","Australian Dollar Trade-weighted Index"
"2471","FXRTWI","Trade-weighted Index May 1970 = 100","AUS","AUS",1988-09-26,59.9,"D","Index","Indicative","RBA","Daily","Historical Daily Exchange Rates Of The Australian Dollar Against:","Australian Dollar Trade-weighted Index"
"2472","FXRTWI","Trade-weighted Index May 1970 = 100","AUS","AUS",1988-09-27,60.2,"D","Index","Indicative","RBA","Daily","Historical Daily Exchange Rates Of The Australian Dollar Against:","Australian Dollar Trade-weighted Index"
"2473","FXRTWI","Trade-weighted Index May 1970 = 100","AUS","AUS",1988-09-28,60,"D","Index","Indicative","RBA","Daily","Historical Daily Exchange Rates Of The Australian Dollar Against:","Australian Dollar Trade-weighted Index"
"2474","FXRTWI","Trade-weighted Index May 1970 = 100","AUS","AUS",1988-09-29,60,"D","Index","Indicative","RBA","Daily","Historical Daily Exchange Rates Of The Australian Dollar Against:","Australian Dollar Trade-weighted Index"
"2475","DLCACS","Credit; Total; Seasonally adjusted","AUS","AUS",1988-09-30,261.215,"M","$ billion","Seasonally Adjusted","RBA","Monthly","D2 Lending And Credit Aggregates","Credit; Total; Seasonally adjusted – Includes securitisations – For series breaks see Series Breaks"
"2476","FXRTWI","Trade-weighted Index May 1970 = 100","AUS","AUS",1988-09-30,60,"D","Index","Indicative","RBA","Daily","Historical Daily Exchange Rates Of The Australian Dollar Against:","Australian Dollar Trade-weighted Index"
"2477","FXRTWI","Trade-weighted Index May 1970 = 100","AUS","AUS",1988-09-30,60,"M","Index","Indicative","RBA","Monthly","F11 Exchange Rates","Australian Dollar Trade-weighted Index"
"2478","GCPIOCPMTMQP","Quarterly trimmed mean inflation","AUS","AUS",1988-09-30,1.7,"Q","Per cent","Seasonally Adjusted","ABS","Quarterly","G1 Consumer Price Inflation","Consumer price index; Trimmed mean; Quarterly change (in per cent)"
"2479","GRCPAISDR","Commodity prices – SDR","AUS","AUS",1988-09-30,34.5204049421595,"M","Index, 2023/24=100","Original","RBA","Monthly","I2 Commodity Prices","Index of commodity prices; All items; SDR"
"2480","A2718577A","Credits, Total goods ;","AUS","AUS",1988-10-01,3554,"M","$ Millions","Seasonally Adjusted",NA,"Monthly","TABLE 1. GOODS, Summary: Seasonally adjusted and trend estimates, Current prices",NA
"2481","A2718594C","Balance on goods ;","AUS","AUS",1988-10-01,-418,"M","$ Millions","Seasonally Adjusted",NA,"Monthly","TABLE 1. GOODS, Summary: Seasonally adjusted and trend estimates, Current prices",NA
"2482","FXRTWI","Trade-weighted Index May 1970 = 100","AUS","AUS",1988-10-03,59.9,"D","Index","Indicative","RBA","Daily","Historical Daily Exchange Rates Of The Australian Dollar Against:","Australian Dollar Trade-weighted Index"
"2483","FXRTWI","Trade-weighted Index May 1970 = 100","AUS","AUS",1988-10-04,60,"D","Index","Indicative","RBA","Daily","Historical Daily Exchange Rates Of The Australian Dollar Against:","Australian Dollar Trade-weighted Index"
"2484","FXRTWI","Trade-weighted Index May 1970 = 100","AUS","AUS",1988-10-05,60.4,"D","Index","Indicative","RBA","Daily","Historical Daily Exchange Rates Of The Australian Dollar Against:","Australian Dollar Trade-weighted Index"
"2485","FXRTWI","Trade-weighted Index May 1970 = 100","AUS","AUS",1988-10-06,60.7,"D","Index","Indicative","RBA","Daily","Historical Daily Exchange Rates Of The Australian Dollar Against:","Australian Dollar Trade-weighted Index"
"2486","FXRTWI","Trade-weighted Index May 1970 = 100","AUS","AUS",1988-10-07,60.9,"D","Index","Indicative","RBA","Daily","Historical Daily Exchange Rates Of The Australian Dollar Against:","Australian Dollar Trade-weighted Index"
"2487","FXRTWI","Trade-weighted Index May 1970 = 100","AUS","AUS",1988-10-10,61.1,"D","Index","Indicative","RBA","Daily","Historical Daily Exchange Rates Of The Australian Dollar Against:","Australian Dollar Trade-weighted Index"
"2488","FXRTWI","Trade-weighted Index May 1970 = 100","AUS","AUS",1988-10-11,60.9,"D","Index","Indicative","RBA","Daily","Historical Daily Exchange Rates Of The Australian Dollar Against:","Australian Dollar Trade-weighted Index"
"2489","FXRTWI","Trade-weighted Index May 1970 = 100","AUS","AUS",1988-10-12,60.7,"D","Index","Indicative","RBA","Daily","Historical Daily Exchange Rates Of The Australian Dollar Against:","Australian Dollar Trade-weighted Index"
"2490","FXRTWI","Trade-weighted Index May 1970 = 100","AUS","AUS",1988-10-13,60.7,"D","Index","Indicative","RBA","Daily","Historical Daily Exchange Rates Of The Australian Dollar Against:","Australian Dollar Trade-weighted Index"
"2491","FXRTWI","Trade-weighted Index May 1970 = 100","AUS","AUS",1988-10-14,60.7,"D","Index","Indicative","RBA","Daily","Historical Daily Exchange Rates Of The Australian Dollar Against:","Australian Dollar Trade-weighted Index"
"2492","FXRTWI","Trade-weighted Index May 1970 = 100","AUS","AUS",1988-10-17,60.6,"D","Index","Indicative","RBA","Daily","Historical Daily Exchange Rates Of The Australian Dollar Against:","Australian Dollar Trade-weighted Index"
"2493","FXRTWI","Trade-weighted Index May 1970 = 100","AUS","AUS",1988-10-18,60.6,"D","Index","Indicative","RBA","Daily","Historical Daily Exchange Rates Of The Australian Dollar Against:","Australian Dollar Trade-weighted Index"
"2494","FXRTWI","Trade-weighted Index May 1970 = 100","AUS","AUS",1988-10-19,61.1,"D","Index","Indicative","RBA","Daily","Historical Daily Exchange Rates Of The Australian Dollar Against:","Australian Dollar Trade-weighted Index"
"2495","FXRTWI","Trade-weighted Index May 1970 = 100","AUS","AUS",1988-10-20,61.2,"D","Index","Indicative","RBA","Daily","Historical Daily Exchange Rates Of The Australian Dollar Against:","Australian Dollar Trade-weighted Index"
"2496","FXRTWI","Trade-weighted Index May 1970 = 100","AUS","AUS",1988-10-21,61.1,"D","Index","Indicative","RBA","Daily","Historical Daily Exchange Rates Of The Australian Dollar Against:","Australian Dollar Trade-weighted Index"
"2497","FXRTWI","Trade-weighted Index May 1970 = 100","AUS","AUS",1988-10-24,60.9,"D","Index","Indicative","RBA","Daily","Historical Daily Exchange Rates Of The Australian Dollar Against:","Australian Dollar Trade-weighted Index"
"2498","FXRTWI","Trade-weighted Index May 1970 = 100","AUS","AUS",1988-10-25,60.9,"D","Index","Indicative","RBA","Daily","Historical Daily Exchange Rates Of The Australian Dollar Against:","Australian Dollar Trade-weighted Index"
"2499","FXRTWI","Trade-weighted Index May 1970 = 100","AUS","AUS",1988-10-26,61.2,"D","Index","Indicative","RBA","Daily","Historical Daily Exchange Rates Of The Australian Dollar Against:","Australian Dollar Trade-weighted Index"
"2500","FXRTWI","Trade-weighted Index May 1970 = 100","AUS","AUS",1988-10-27,61.2,"D","Index","Indicative","RBA","Daily","Historical Daily Exchange Rates Of The Australian Dollar Against:","Australian Dollar Trade-weighted Index"
"2501","FXRTWI","Trade-weighted Index May 1970 = 100","AUS","AUS",1988-10-28,61.1,"D","Index","Indicative","RBA","Daily","Historical Daily Exchange Rates Of The Australian Dollar Against:","Australian Dollar Trade-weighted Index"
"2502","DLCACS","Credit; Total; Seasonally adjusted","AUS","AUS",1988-10-31,266.346,"M","$ billion","Seasonally Adjusted","RBA","Monthly","D2 Lending And Credit Aggregates","Credit; Total; Seasonally adjusted – Includes securitisations – For series breaks see Series Breaks"
"2503","FXRTWI","Trade-weighted Index May 1970 = 100","AUS","AUS",1988-10-31,61.1,"D","Index","Indicative","RBA","Daily","Historical Daily Exchange Rates Of The Australian Dollar Against:","Australian Dollar Trade-weighted Index"
"2504","FXRTWI","Trade-weighted Index May 1970 = 100","AUS","AUS",1988-10-31,61.1,"M","Index","Indicative","RBA","Monthly","F11 Exchange Rates","Australian Dollar Trade-weighted Index"
"2505","GRCPAISDR","Commodity prices – SDR","AUS","AUS",1988-10-31,34.2513375828402,"M","Index, 2023/24=100","Original","RBA","Monthly","I2 Commodity Prices","Index of commodity prices; All items; SDR"
"2506","A2718577A","Credits, Total goods ;","AUS","AUS",1988-11-01,3550,"M","$ Millions","Seasonally Adjusted",NA,"Monthly","TABLE 1. GOODS, Summary: Seasonally adjusted and trend estimates, Current prices",NA
"2507","A2718594C","Balance on goods ;","AUS","AUS",1988-11-01,-294,"M","$ Millions","Seasonally Adjusted",NA,"Monthly","TABLE 1. GOODS, Summary: Seasonally adjusted and trend estimates, Current prices",NA
"2508","FXRTWI","Trade-weighted Index May 1970 = 100","AUS","AUS",1988-11-01,61,"D","Index","Indicative","RBA","Daily","Historical Daily Exchange Rates Of The Australian Dollar Against:","Australian Dollar Trade-weighted Index"
"2509","FXRTWI","Trade-weighted Index May 1970 = 100","AUS","AUS",1988-11-02,60.8,"D","Index","Indicative","RBA","Daily","Historical Daily Exchange Rates Of The Australian Dollar Against:","Australian Dollar Trade-weighted Index"
"2510","FXRTWI","Trade-weighted Index May 1970 = 100","AUS","AUS",1988-11-03,61.1,"D","Index","Indicative","RBA","Daily","Historical Daily Exchange Rates Of The Australian Dollar Against:","Australian Dollar Trade-weighted Index"
"2511","FXRTWI","Trade-weighted Index May 1970 = 100","AUS","AUS",1988-11-04,61.3,"D","Index","Indicative","RBA","Daily","Historical Daily Exchange Rates Of The Australian Dollar Against:","Australian Dollar Trade-weighted Index"
"2512","FXRTWI","Trade-weighted Index May 1970 = 100","AUS","AUS",1988-11-07,61.3,"D","Index","Indicative","RBA","Daily","Historical Daily Exchange Rates Of The Australian Dollar Against:","Australian Dollar Trade-weighted Index"
"2513","FXRTWI","Trade-weighted Index May 1970 = 100","AUS","AUS",1988-11-08,61.5,"D","Index","Indicative","RBA","Daily","Historical Daily Exchange Rates Of The Australian Dollar Against:","Australian Dollar Trade-weighted Index"
"2514","FXRTWI","Trade-weighted Index May 1970 = 100","AUS","AUS",1988-11-09,61.7,"D","Index","Indicative","RBA","Daily","Historical Daily Exchange Rates Of The Australian Dollar Against:","Australian Dollar Trade-weighted Index"
"2515","FXRTWI","Trade-weighted Index May 1970 = 100","AUS","AUS",1988-11-10,62.1,"D","Index","Indicative","RBA","Daily","Historical Daily Exchange Rates Of The Australian Dollar Against:","Australian Dollar Trade-weighted Index"
"2516","FXRTWI","Trade-weighted Index May 1970 = 100","AUS","AUS",1988-11-11,62.2,"D","Index","Indicative","RBA","Daily","Historical Daily Exchange Rates Of The Australian Dollar Against:","Australian Dollar Trade-weighted Index"
"2517","FXRTWI","Trade-weighted Index May 1970 = 100","AUS","AUS",1988-11-14,62.5,"D","Index","Indicative","RBA","Daily","Historical Daily Exchange Rates Of The Australian Dollar Against:","Australian Dollar Trade-weighted Index"
"2518","FXRTWI","Trade-weighted Index May 1970 = 100","AUS","AUS",1988-11-15,62.4,"D","Index","Indicative","RBA","Daily","Historical Daily Exchange Rates Of The Australian Dollar Against:","Australian Dollar Trade-weighted Index"
"2519","FXRTWI","Trade-weighted Index May 1970 = 100","AUS","AUS",1988-11-16,62,"D","Index","Indicative","RBA","Daily","Historical Daily Exchange Rates Of The Australian Dollar Against:","Australian Dollar Trade-weighted Index"
"2520","FXRTWI","Trade-weighted Index May 1970 = 100","AUS","AUS",1988-11-17,62.6,"D","Index","Indicative","RBA","Daily","Historical Daily Exchange Rates Of The Australian Dollar Against:","Australian Dollar Trade-weighted Index"
"2521","FXRTWI","Trade-weighted Index May 1970 = 100","AUS","AUS",1988-11-18,62.3,"D","Index","Indicative","RBA","Daily","Historical Daily Exchange Rates Of The Australian Dollar Against:","Australian Dollar Trade-weighted Index"
"2522","FXRTWI","Trade-weighted Index May 1970 = 100","AUS","AUS",1988-11-21,62.3,"D","Index","Indicative","RBA","Daily","Historical Daily Exchange Rates Of The Australian Dollar Against:","Australian Dollar Trade-weighted Index"
"2523","FXRTWI","Trade-weighted Index May 1970 = 100","AUS","AUS",1988-11-22,62.6,"D","Index","Indicative","RBA","Daily","Historical Daily Exchange Rates Of The Australian Dollar Against:","Australian Dollar Trade-weighted Index"
"2524","FXRTWI","Trade-weighted Index May 1970 = 100","AUS","AUS",1988-11-23,62.6,"D","Index","Indicative","RBA","Daily","Historical Daily Exchange Rates Of The Australian Dollar Against:","Australian Dollar Trade-weighted Index"
"2525","FXRTWI","Trade-weighted Index May 1970 = 100","AUS","AUS",1988-11-24,62.8,"D","Index","Indicative","RBA","Daily","Historical Daily Exchange Rates Of The Australian Dollar Against:","Australian Dollar Trade-weighted Index"
"2526","FXRTWI","Trade-weighted Index May 1970 = 100","AUS","AUS",1988-11-25,63.1,"D","Index","Indicative","RBA","Daily","Historical Daily Exchange Rates Of The Australian Dollar Against:","Australian Dollar Trade-weighted Index"
"2527","FXRTWI","Trade-weighted Index May 1970 = 100","AUS","AUS",1988-11-28,63.1,"D","Index","Indicative","RBA","Daily","Historical Daily Exchange Rates Of The Australian Dollar Against:","Australian Dollar Trade-weighted Index"
"2528","FXRTWI","Trade-weighted Index May 1970 = 100","AUS","AUS",1988-11-29,63.3,"D","Index","Indicative","RBA","Daily","Historical Daily Exchange Rates Of The Australian Dollar Against:","Australian Dollar Trade-weighted Index"
"2529","DLCACS","Credit; Total; Seasonally adjusted","AUS","AUS",1988-11-30,271.159,"M","$ billion","Seasonally Adjusted","RBA","Monthly","D2 Lending And Credit Aggregates","Credit; Total; Seasonally adjusted – Includes securitisations – For series breaks see Series Breaks"
"2530","FXRTWI","Trade-weighted Index May 1970 = 100","AUS","AUS",1988-11-30,63.7,"D","Index","Indicative","RBA","Daily","Historical Daily Exchange Rates Of The Australian Dollar Against:","Australian Dollar Trade-weighted Index"
"2531","FXRTWI","Trade-weighted Index May 1970 = 100","AUS","AUS",1988-11-30,63.7,"M","Index","Indicative","RBA","Monthly","F11 Exchange Rates","Australian Dollar Trade-weighted Index"
"2532","GRCPAISDR","Commodity prices – SDR","AUS","AUS",1988-11-30,33.659744583823,"M","Index, 2023/24=100","Original","RBA","Monthly","I2 Commodity Prices","Index of commodity prices; All items; SDR"
"2533","A2302956R","South Australia ; STATE FINAL DEMAND ;","SA","SA",1988-12-01,15459,"Q","$ Millions","Seasonally Adjusted",NA,"Quarterly","Table 25. State Final Demand, Summary Components by State: Chain volume measures",NA
"2534","A2302984X","Western Australia ; STATE FINAL DEMAND ;","WA","WA",1988-12-01,20277,"Q","$ Millions","Seasonally Adjusted",NA,"Quarterly","Table 25. State Final Demand, Summary Components by State: Chain volume measures",NA
"2535","A2303012X","Tasmania ; STATE FINAL DEMAND ;","TAS","TAS",1988-12-01,5102,"Q","$ Millions","Seasonally Adjusted",NA,"Quarterly","Table 25. State Final Demand, Summary Components by State: Chain volume measures",NA
"2536","A2303040J","Northern Territory ; STATE FINAL DEMAND ;","NT","NT",1988-12-01,2525,"Q","$ Millions","Seasonally Adjusted",NA,"Quarterly","Table 25. State Final Demand, Summary Components by State: Chain volume measures",NA
"2537","A2303068K","Australian Capital Territory ; STATE FINAL DEMAND ;","ACT","ACT",1988-12-01,4741,"Q","$ Millions","Seasonally Adjusted",NA,"Quarterly","Table 25. State Final Demand, Summary Components by State: Chain volume measures",NA
"2538","A2303111F","New South Wales ; STATE FINAL DEMAND ;","NSW","NSW",1988-12-01,71271,"Q","$ Millions","Seasonally Adjusted",NA,"Quarterly","Table 25. State Final Demand, Summary Components by State: Chain volume measures",NA
"2539","A2303139J","Victoria ; STATE FINAL DEMAND ;","VIC","VIC",1988-12-01,51629,"Q","$ Millions","Seasonally Adjusted",NA,"Quarterly","Table 25. State Final Demand, Summary Components by State: Chain volume measures",NA
"2540","A2303187A","Queensland ; STATE FINAL DEMAND ;","QLD","QLD",1988-12-01,33161,"Q","$ Millions","Seasonally Adjusted",NA,"Quarterly","Table 25. State Final Demand, Summary Components by State: Chain volume measures",NA
"2541","A2304418T","Gross domestic product: Current prices ;","AUS","AUS",1988-12-01,90598,"Q","$ Millions","Seasonally Adjusted",NA,"Quarterly","Table 1. Key National Accounts Aggregates",NA
"2542","A2325846C","Index Numbers ; All groups CPI ; Australia ;","AUS","AUS",1988-12-01,51.2,"Q","Index Numbers","Original",NA,"Quarterly","TABLES 1 and 2. CPI: All Groups, Index Numbers and Percentage Changes",NA
"2543","A2718577A","Credits, Total goods ;","AUS","AUS",1988-12-01,3642,"M","$ Millions","Seasonally Adjusted",NA,"Monthly","TABLE 1. GOODS, Summary: Seasonally adjusted and trend estimates, Current prices",NA
"2544","A2718594C","Balance on goods ;","AUS","AUS",1988-12-01,-387,"M","$ Millions","Seasonally Adjusted",NA,"Monthly","TABLE 1. GOODS, Summary: Seasonally adjusted and trend estimates, Current prices",NA
"2545","FXRTWI","Trade-weighted Index May 1970 = 100","AUS","AUS",1988-12-01,63.6,"D","Index","Indicative","RBA","Daily","Historical Daily Exchange Rates Of The Australian Dollar Against:","Australian Dollar Trade-weighted Index"
"2546","FXRTWI","Trade-weighted Index May 1970 = 100","AUS","AUS",1988-12-02,63,"D","Index","Indicative","RBA","Daily","Historical Daily Exchange Rates Of The Australian Dollar Against:","Australian Dollar Trade-weighted Index"
"2547","FXRTWI","Trade-weighted Index May 1970 = 100","AUS","AUS",1988-12-05,63.4,"D","Index","Indicative","RBA","Daily","Historical Daily Exchange Rates Of The Australian Dollar Against:","Australian Dollar Trade-weighted Index"
"2548","FXRTWI","Trade-weighted Index May 1970 = 100","AUS","AUS",1988-12-06,63.5,"D","Index","Indicative","RBA","Daily","Historical Daily Exchange Rates Of The Australian Dollar Against:","Australian Dollar Trade-weighted Index"
"2549","FXRTWI","Trade-weighted Index May 1970 = 100","AUS","AUS",1988-12-07,63.7,"D","Index","Indicative","RBA","Daily","Historical Daily Exchange Rates Of The Australian Dollar Against:","Australian Dollar Trade-weighted Index"
"2550","FXRTWI","Trade-weighted Index May 1970 = 100","AUS","AUS",1988-12-08,63.3,"D","Index","Indicative","RBA","Daily","Historical Daily Exchange Rates Of The Australian Dollar Against:","Australian Dollar Trade-weighted Index"
"2551","FXRTWI","Trade-weighted Index May 1970 = 100","AUS","AUS",1988-12-09,63.3,"D","Index","Indicative","RBA","Daily","Historical Daily Exchange Rates Of The Australian Dollar Against:","Australian Dollar Trade-weighted Index"
"2552","FXRTWI","Trade-weighted Index May 1970 = 100","AUS","AUS",1988-12-12,62.5,"D","Index","Indicative","RBA","Daily","Historical Daily Exchange Rates Of The Australian Dollar Against:","Australian Dollar Trade-weighted Index"
"2553","FXRTWI","Trade-weighted Index May 1970 = 100","AUS","AUS",1988-12-13,61.9,"D","Index","Indicative","RBA","Daily","Historical Daily Exchange Rates Of The Australian Dollar Against:","Australian Dollar Trade-weighted Index"
"2554","FXRTWI","Trade-weighted Index May 1970 = 100","AUS","AUS",1988-12-14,61.8,"D","Index","Indicative","RBA","Daily","Historical Daily Exchange Rates Of The Australian Dollar Against:","Australian Dollar Trade-weighted Index"
"2555","FXRTWI","Trade-weighted Index May 1970 = 100","AUS","AUS",1988-12-15,62.6,"D","Index","Indicative","RBA","Daily","Historical Daily Exchange Rates Of The Australian Dollar Against:","Australian Dollar Trade-weighted Index"
"2556","FXRTWI","Trade-weighted Index May 1970 = 100","AUS","AUS",1988-12-16,62,"D","Index","Indicative","RBA","Daily","Historical Daily Exchange Rates Of The Australian Dollar Against:","Australian Dollar Trade-weighted Index"
"2557","FXRTWI","Trade-weighted Index May 1970 = 100","AUS","AUS",1988-12-19,62.3,"D","Index","Indicative","RBA","Daily","Historical Daily Exchange Rates Of The Australian Dollar Against:","Australian Dollar Trade-weighted Index"
"2558","FXRTWI","Trade-weighted Index May 1970 = 100","AUS","AUS",1988-12-20,62.7,"D","Index","Indicative","RBA","Daily","Historical Daily Exchange Rates Of The Australian Dollar Against:","Australian Dollar Trade-weighted Index"
"2559","FXRTWI","Trade-weighted Index May 1970 = 100","AUS","AUS",1988-12-21,62.6,"D","Index","Indicative","RBA","Daily","Historical Daily Exchange Rates Of The Australian Dollar Against:","Australian Dollar Trade-weighted Index"
"2560","FXRTWI","Trade-weighted Index May 1970 = 100","AUS","AUS",1988-12-22,62.9,"D","Index","Indicative","RBA","Daily","Historical Daily Exchange Rates Of The Australian Dollar Against:","Australian Dollar Trade-weighted Index"
"2561","FXRTWI","Trade-weighted Index May 1970 = 100","AUS","AUS",1988-12-23,62.7,"D","Index","Indicative","RBA","Daily","Historical Daily Exchange Rates Of The Australian Dollar Against:","Australian Dollar Trade-weighted Index"
"2562","FXRTWI","Trade-weighted Index May 1970 = 100","AUS","AUS",1988-12-28,63.1,"D","Index","Indicative","RBA","Daily","Historical Daily Exchange Rates Of The Australian Dollar Against:","Australian Dollar Trade-weighted Index"
"2563","FXRTWI","Trade-weighted Index May 1970 = 100","AUS","AUS",1988-12-29,63.1,"D","Index","Indicative","RBA","Daily","Historical Daily Exchange Rates Of The Australian Dollar Against:","Australian Dollar Trade-weighted Index"
"2564","FXRTWI","Trade-weighted Index May 1970 = 100","AUS","AUS",1988-12-30,63.2,"D","Index","Indicative","RBA","Daily","Historical Daily Exchange Rates Of The Australian Dollar Against:","Australian Dollar Trade-weighted Index"
"2565","DLCACS","Credit; Total; Seasonally adjusted","AUS","AUS",1988-12-31,275.09,"M","$ billion","Seasonally Adjusted","RBA","Monthly","D2 Lending And Credit Aggregates","Credit; Total; Seasonally adjusted – Includes securitisations – For series breaks see Series Breaks"
"2566","FXRTWI","Trade-weighted Index May 1970 = 100","AUS","AUS",1988-12-31,63.2,"M","Index","Indicative","RBA","Monthly","F11 Exchange Rates","Australian Dollar Trade-weighted Index"
"2567","GCPIOCPMTMQP","Quarterly trimmed mean inflation","AUS","AUS",1988-12-31,1.7,"Q","Per cent","Seasonally Adjusted","ABS","Quarterly","G1 Consumer Price Inflation","Consumer price index; Trimmed mean; Quarterly change (in per cent)"
"2568","GRCPAISDR","Commodity prices – SDR","AUS","AUS",1988-12-31,34.3255123795633,"M","Index, 2023/24=100","Original","RBA","Monthly","I2 Commodity Prices","Index of commodity prices; All items; SDR"
"2569","A2718577A","Credits, Total goods ;","AUS","AUS",1989-01-01,3589,"M","$ Millions","Seasonally Adjusted",NA,"Monthly","TABLE 1. GOODS, Summary: Seasonally adjusted and trend estimates, Current prices",NA
"2570","A2718594C","Balance on goods ;","AUS","AUS",1989-01-01,-406,"M","$ Millions","Seasonally Adjusted",NA,"Monthly","TABLE 1. GOODS, Summary: Seasonally adjusted and trend estimates, Current prices",NA
"2571","FXRTWI","Trade-weighted Index May 1970 = 100","AUS","AUS",1989-01-03,63.2,"D","Index","Indicative","RBA","Daily","Historical Daily Exchange Rates Of The Australian Dollar Against:","Australian Dollar Trade-weighted Index"
"2572","FXRTWI","Trade-weighted Index May 1970 = 100","AUS","AUS",1989-01-04,63.9,"D","Index","Indicative","RBA","Daily","Historical Daily Exchange Rates Of The Australian Dollar Against:","Australian Dollar Trade-weighted Index"
"2573","FXRTWI","Trade-weighted Index May 1970 = 100","AUS","AUS",1989-01-05,64.2,"D","Index","Indicative","RBA","Daily","Historical Daily Exchange Rates Of The Australian Dollar Against:","Australian Dollar Trade-weighted Index"
"2574","FXRTWI","Trade-weighted Index May 1970 = 100","AUS","AUS",1989-01-06,64.1,"D","Index","Indicative","RBA","Daily","Historical Daily Exchange Rates Of The Australian Dollar Against:","Australian Dollar Trade-weighted Index"
"2575","FXRTWI","Trade-weighted Index May 1970 = 100","AUS","AUS",1989-01-09,64,"D","Index","Indicative","RBA","Daily","Historical Daily Exchange Rates Of The Australian Dollar Against:","Australian Dollar Trade-weighted Index"
"2576","FXRTWI","Trade-weighted Index May 1970 = 100","AUS","AUS",1989-01-10,64.4,"D","Index","Indicative","RBA","Daily","Historical Daily Exchange Rates Of The Australian Dollar Against:","Australian Dollar Trade-weighted Index"
"2577","FXRTWI","Trade-weighted Index May 1970 = 100","AUS","AUS",1989-01-11,64.1,"D","Index","Indicative","RBA","Daily","Historical Daily Exchange Rates Of The Australian Dollar Against:","Australian Dollar Trade-weighted Index"
"2578","FXRTWI","Trade-weighted Index May 1970 = 100","AUS","AUS",1989-01-12,64.2,"D","Index","Indicative","RBA","Daily","Historical Daily Exchange Rates Of The Australian Dollar Against:","Australian Dollar Trade-weighted Index"
"2579","FXRTWI","Trade-weighted Index May 1970 = 100","AUS","AUS",1989-01-13,64.4,"D","Index","Indicative","RBA","Daily","Historical Daily Exchange Rates Of The Australian Dollar Against:","Australian Dollar Trade-weighted Index"
"2580","FXRTWI","Trade-weighted Index May 1970 = 100","AUS","AUS",1989-01-16,64.4,"D","Index","Indicative","RBA","Daily","Historical Daily Exchange Rates Of The Australian Dollar Against:","Australian Dollar Trade-weighted Index"
"2581","FXRTWI","Trade-weighted Index May 1970 = 100","AUS","AUS",1989-01-17,63.9,"D","Index","Indicative","RBA","Daily","Historical Daily Exchange Rates Of The Australian Dollar Against:","Australian Dollar Trade-weighted Index"
"2582","FXRTWI","Trade-weighted Index May 1970 = 100","AUS","AUS",1989-01-18,64.6,"D","Index","Indicative","RBA","Daily","Historical Daily Exchange Rates Of The Australian Dollar Against:","Australian Dollar Trade-weighted Index"
"2583","FXRTWI","Trade-weighted Index May 1970 = 100","AUS","AUS",1989-01-19,64.8,"D","Index","Indicative","RBA","Daily","Historical Daily Exchange Rates Of The Australian Dollar Against:","Australian Dollar Trade-weighted Index"
"2584","FXRTWI","Trade-weighted Index May 1970 = 100","AUS","AUS",1989-01-20,65.2,"D","Index","Indicative","RBA","Daily","Historical Daily Exchange Rates Of The Australian Dollar Against:","Australian Dollar Trade-weighted Index"
"2585","FXRTWI","Trade-weighted Index May 1970 = 100","AUS","AUS",1989-01-23,65.3,"D","Index","Indicative","RBA","Daily","Historical Daily Exchange Rates Of The Australian Dollar Against:","Australian Dollar Trade-weighted Index"
"2586","FXRTWI","Trade-weighted Index May 1970 = 100","AUS","AUS",1989-01-24,65.5,"D","Index","Indicative","RBA","Daily","Historical Daily Exchange Rates Of The Australian Dollar Against:","Australian Dollar Trade-weighted Index"
"2587","FXRTWI","Trade-weighted Index May 1970 = 100","AUS","AUS",1989-01-25,65.7,"D","Index","Indicative","RBA","Daily","Historical Daily Exchange Rates Of The Australian Dollar Against:","Australian Dollar Trade-weighted Index"
"2588","FXRTWI","Trade-weighted Index May 1970 = 100","AUS","AUS",1989-01-26,65.6,"D","Index","Indicative","RBA","Daily","Historical Daily Exchange Rates Of The Australian Dollar Against:","Australian Dollar Trade-weighted Index"
"2589","FXRTWI","Trade-weighted Index May 1970 = 100","AUS","AUS",1989-01-27,65.6,"D","Index","Indicative","RBA","Daily","Historical Daily Exchange Rates Of The Australian Dollar Against:","Australian Dollar Trade-weighted Index"
"2590","FXRTWI","Trade-weighted Index May 1970 = 100","AUS","AUS",1989-01-30,65.8,"D","Index","Indicative","RBA","Daily","Historical Daily Exchange Rates Of The Australian Dollar Against:","Australian Dollar Trade-weighted Index"
"2591","DLCACS","Credit; Total; Seasonally adjusted","AUS","AUS",1989-01-31,278.184,"M","$ billion","Seasonally Adjusted","RBA","Monthly","D2 Lending And Credit Aggregates","Credit; Total; Seasonally adjusted – Includes securitisations – For series breaks see Series Breaks"
"2592","FXRTWI","Trade-weighted Index May 1970 = 100","AUS","AUS",1989-01-31,66.7,"D","Index","Indicative","RBA","Daily","Historical Daily Exchange Rates Of The Australian Dollar Against:","Australian Dollar Trade-weighted Index"
"2593","FXRTWI","Trade-weighted Index May 1970 = 100","AUS","AUS",1989-01-31,66.7,"M","Index","Indicative","RBA","Monthly","F11 Exchange Rates","Australian Dollar Trade-weighted Index"
"2594","GRCPAISDR","Commodity prices – SDR","AUS","AUS",1989-01-31,35.2278307801405,"M","Index, 2023/24=100","Original","RBA","Monthly","I2 Commodity Prices","Index of commodity prices; All items; SDR"
"2595","A2718577A","Credits, Total goods ;","AUS","AUS",1989-02-01,3527,"M","$ Millions","Seasonally Adjusted",NA,"Monthly","TABLE 1. GOODS, Summary: Seasonally adjusted and trend estimates, Current prices",NA
"2596","A2718594C","Balance on goods ;","AUS","AUS",1989-02-01,-425,"M","$ Millions","Seasonally Adjusted",NA,"Monthly","TABLE 1. GOODS, Summary: Seasonally adjusted and trend estimates, Current prices",NA
"2597","FXRTWI","Trade-weighted Index May 1970 = 100","AUS","AUS",1989-02-01,67.1,"D","Index","Indicative","RBA","Daily","Historical Daily Exchange Rates Of The Australian Dollar Against:","Australian Dollar Trade-weighted Index"
"2598","FXRTWI","Trade-weighted Index May 1970 = 100","AUS","AUS",1989-02-02,67.2,"D","Index","Indicative","RBA","Daily","Historical Daily Exchange Rates Of The Australian Dollar Against:","Australian Dollar Trade-weighted Index"
"2599","FXRTWI","Trade-weighted Index May 1970 = 100","AUS","AUS",1989-02-03,66,"D","Index","Indicative","RBA","Daily","Historical Daily Exchange Rates Of The Australian Dollar Against:","Australian Dollar Trade-weighted Index"
"2600","FXRTWI","Trade-weighted Index May 1970 = 100","AUS","AUS",1989-02-06,66.2,"D","Index","Indicative","RBA","Daily","Historical Daily Exchange Rates Of The Australian Dollar Against:","Australian Dollar Trade-weighted Index"
"2601","FXRTWI","Trade-weighted Index May 1970 = 100","AUS","AUS",1989-02-07,66.3,"D","Index","Indicative","RBA","Daily","Historical Daily Exchange Rates Of The Australian Dollar Against:","Australian Dollar Trade-weighted Index"
"2602","FXRTWI","Trade-weighted Index May 1970 = 100","AUS","AUS",1989-02-08,66.9,"D","Index","Indicative","RBA","Daily","Historical Daily Exchange Rates Of The Australian Dollar Against:","Australian Dollar Trade-weighted Index"
"2603","FXRTWI","Trade-weighted Index May 1970 = 100","AUS","AUS",1989-02-09,66.9,"D","Index","Indicative","RBA","Daily","Historical Daily Exchange Rates Of The Australian Dollar Against:","Australian Dollar Trade-weighted Index"
"2604","FXRTWI","Trade-weighted Index May 1970 = 100","AUS","AUS",1989-02-10,66.2,"D","Index","Indicative","RBA","Daily","Historical Daily Exchange Rates Of The Australian Dollar Against:","Australian Dollar Trade-weighted Index"
"2605","FXRTWI","Trade-weighted Index May 1970 = 100","AUS","AUS",1989-02-13,66.5,"D","Index","Indicative","RBA","Daily","Historical Daily Exchange Rates Of The Australian Dollar Against:","Australian Dollar Trade-weighted Index"
"2606","FXRTWI","Trade-weighted Index May 1970 = 100","AUS","AUS",1989-02-14,66.2,"D","Index","Indicative","RBA","Daily","Historical Daily Exchange Rates Of The Australian Dollar Against:","Australian Dollar Trade-weighted Index"
"2607","FXRTWI","Trade-weighted Index May 1970 = 100","AUS","AUS",1989-02-15,65.1,"D","Index","Indicative","RBA","Daily","Historical Daily Exchange Rates Of The Australian Dollar Against:","Australian Dollar Trade-weighted Index"
"2608","FXRTWI","Trade-weighted Index May 1970 = 100","AUS","AUS",1989-02-16,63.3,"D","Index","Indicative","RBA","Daily","Historical Daily Exchange Rates Of The Australian Dollar Against:","Australian Dollar Trade-weighted Index"
"2609","FXRTWI","Trade-weighted Index May 1970 = 100","AUS","AUS",1989-02-17,61.7,"D","Index","Indicative","RBA","Daily","Historical Daily Exchange Rates Of The Australian Dollar Against:","Australian Dollar Trade-weighted Index"
"2610","FXRTWI","Trade-weighted Index May 1970 = 100","AUS","AUS",1989-02-20,60.8,"D","Index","Indicative","RBA","Daily","Historical Daily Exchange Rates Of The Australian Dollar Against:","Australian Dollar Trade-weighted Index"
"2611","FXRTWI","Trade-weighted Index May 1970 = 100","AUS","AUS",1989-02-21,60.5,"D","Index","Indicative","RBA","Daily","Historical Daily Exchange Rates Of The Australian Dollar Against:","Australian Dollar Trade-weighted Index"
"2612","FXRTWI","Trade-weighted Index May 1970 = 100","AUS","AUS",1989-02-22,60.6,"D","Index","Indicative","RBA","Daily","Historical Daily Exchange Rates Of The Australian Dollar Against:","Australian Dollar Trade-weighted Index"
"2613","FXRTWI","Trade-weighted Index May 1970 = 100","AUS","AUS",1989-02-23,61.4,"D","Index","Indicative","RBA","Daily","Historical Daily Exchange Rates Of The Australian Dollar Against:","Australian Dollar Trade-weighted Index"
"2614","FXRTWI","Trade-weighted Index May 1970 = 100","AUS","AUS",1989-02-24,61.1,"D","Index","Indicative","RBA","Daily","Historical Daily Exchange Rates Of The Australian Dollar Against:","Australian Dollar Trade-weighted Index"
"2615","FXRTWI","Trade-weighted Index May 1970 = 100","AUS","AUS",1989-02-27,60.7,"D","Index","Indicative","RBA","Daily","Historical Daily Exchange Rates Of The Australian Dollar Against:","Australian Dollar Trade-weighted Index"
"2616","DLCACS","Credit; Total; Seasonally adjusted","AUS","AUS",1989-02-28,282.232,"M","$ billion","Seasonally Adjusted","RBA","Monthly","D2 Lending And Credit Aggregates","Credit; Total; Seasonally adjusted – Includes securitisations – For series breaks see Series Breaks"
"2617","FXRTWI","Trade-weighted Index May 1970 = 100","AUS","AUS",1989-02-28,59.6,"D","Index","Indicative","RBA","Daily","Historical Daily Exchange Rates Of The Australian Dollar Against:","Australian Dollar Trade-weighted Index"
"2618","FXRTWI","Trade-weighted Index May 1970 = 100","AUS","AUS",1989-02-28,59.6,"M","Index","Indicative","RBA","Monthly","F11 Exchange Rates","Australian Dollar Trade-weighted Index"
"2619","GRCPAISDR","Commodity prices – SDR","AUS","AUS",1989-02-28,35.0289284514115,"M","Index, 2023/24=100","Original","RBA","Monthly","I2 Commodity Prices","Index of commodity prices; All items; SDR"
"2620","A2302956R","South Australia ; STATE FINAL DEMAND ;","SA","SA",1989-03-01,15896,"Q","$ Millions","Seasonally Adjusted",NA,"Quarterly","Table 25. State Final Demand, Summary Components by State: Chain volume measures",NA
"2621","A2302984X","Western Australia ; STATE FINAL DEMAND ;","WA","WA",1989-03-01,20793,"Q","$ Millions","Seasonally Adjusted",NA,"Quarterly","Table 25. State Final Demand, Summary Components by State: Chain volume measures",NA
"2622","A2303012X","Tasmania ; STATE FINAL DEMAND ;","TAS","TAS",1989-03-01,5314,"Q","$ Millions","Seasonally Adjusted",NA,"Quarterly","Table 25. State Final Demand, Summary Components by State: Chain volume measures",NA
"2623","A2303040J","Northern Territory ; STATE FINAL DEMAND ;","NT","NT",1989-03-01,2540,"Q","$ Millions","Seasonally Adjusted",NA,"Quarterly","Table 25. State Final Demand, Summary Components by State: Chain volume measures",NA
"2624","A2303068K","Australian Capital Territory ; STATE FINAL DEMAND ;","ACT","ACT",1989-03-01,5375,"Q","$ Millions","Seasonally Adjusted",NA,"Quarterly","Table 25. State Final Demand, Summary Components by State: Chain volume measures",NA
"2625","A2303111F","New South Wales ; STATE FINAL DEMAND ;","NSW","NSW",1989-03-01,72757,"Q","$ Millions","Seasonally Adjusted",NA,"Quarterly","Table 25. State Final Demand, Summary Components by State: Chain volume measures",NA
"2626","A2303139J","Victoria ; STATE FINAL DEMAND ;","VIC","VIC",1989-03-01,53354,"Q","$ Millions","Seasonally Adjusted",NA,"Quarterly","Table 25. State Final Demand, Summary Components by State: Chain volume measures",NA
"2627","A2303187A","Queensland ; STATE FINAL DEMAND ;","QLD","QLD",1989-03-01,34531,"Q","$ Millions","Seasonally Adjusted",NA,"Quarterly","Table 25. State Final Demand, Summary Components by State: Chain volume measures",NA
"2628","A2304418T","Gross domestic product: Current prices ;","AUS","AUS",1989-03-01,93227,"Q","$ Millions","Seasonally Adjusted",NA,"Quarterly","Table 1. Key National Accounts Aggregates",NA
"2629","A2325846C","Index Numbers ; All groups CPI ; Australia ;","AUS","AUS",1989-03-01,51.7,"Q","Index Numbers","Original",NA,"Quarterly","TABLES 1 and 2. CPI: All Groups, Index Numbers and Percentage Changes",NA
"2630","A2718577A","Credits, Total goods ;","AUS","AUS",1989-03-01,3785,"M","$ Millions","Seasonally Adjusted",NA,"Monthly","TABLE 1. GOODS, Summary: Seasonally adjusted and trend estimates, Current prices",NA
"2631","A2718594C","Balance on goods ;","AUS","AUS",1989-03-01,-123,"M","$ Millions","Seasonally Adjusted",NA,"Monthly","TABLE 1. GOODS, Summary: Seasonally adjusted and trend estimates, Current prices",NA
"2632","FXRTWI","Trade-weighted Index May 1970 = 100","AUS","AUS",1989-03-01,59.6,"D","Index","Indicative","RBA","Daily","Historical Daily Exchange Rates Of The Australian Dollar Against:","Australian Dollar Trade-weighted Index"
"2633","FXRTWI","Trade-weighted Index May 1970 = 100","AUS","AUS",1989-03-02,59.9,"D","Index","Indicative","RBA","Daily","Historical Daily Exchange Rates Of The Australian Dollar Against:","Australian Dollar Trade-weighted Index"
"2634","FXRTWI","Trade-weighted Index May 1970 = 100","AUS","AUS",1989-03-03,60.8,"D","Index","Indicative","RBA","Daily","Historical Daily Exchange Rates Of The Australian Dollar Against:","Australian Dollar Trade-weighted Index"
"2635","FXRTWI","Trade-weighted Index May 1970 = 100","AUS","AUS",1989-03-06,61,"D","Index","Indicative","RBA","Daily","Historical Daily Exchange Rates Of The Australian Dollar Against:","Australian Dollar Trade-weighted Index"
"2636","FXRTWI","Trade-weighted Index May 1970 = 100","AUS","AUS",1989-03-07,60.9,"D","Index","Indicative","RBA","Daily","Historical Daily Exchange Rates Of The Australian Dollar Against:","Australian Dollar Trade-weighted Index"
"2637","FXRTWI","Trade-weighted Index May 1970 = 100","AUS","AUS",1989-03-08,60.6,"D","Index","Indicative","RBA","Daily","Historical Daily Exchange Rates Of The Australian Dollar Against:","Australian Dollar Trade-weighted Index"
"2638","FXRTWI","Trade-weighted Index May 1970 = 100","AUS","AUS",1989-03-09,61.4,"D","Index","Indicative","RBA","Daily","Historical Daily Exchange Rates Of The Australian Dollar Against:","Australian Dollar Trade-weighted Index"
"2639","FXRTWI","Trade-weighted Index May 1970 = 100","AUS","AUS",1989-03-10,61.9,"D","Index","Indicative","RBA","Daily","Historical Daily Exchange Rates Of The Australian Dollar Against:","Australian Dollar Trade-weighted Index"
"2640","FXRTWI","Trade-weighted Index May 1970 = 100","AUS","AUS",1989-03-13,61.8,"D","Index","Indicative","RBA","Daily","Historical Daily Exchange Rates Of The Australian Dollar Against:","Australian Dollar Trade-weighted Index"
"2641","FXRTWI","Trade-weighted Index May 1970 = 100","AUS","AUS",1989-03-14,61.4,"D","Index","Indicative","RBA","Daily","Historical Daily Exchange Rates Of The Australian Dollar Against:","Australian Dollar Trade-weighted Index"
"2642","FXRTWI","Trade-weighted Index May 1970 = 100","AUS","AUS",1989-03-15,60.6,"D","Index","Indicative","RBA","Daily","Historical Daily Exchange Rates Of The Australian Dollar Against:","Australian Dollar Trade-weighted Index"
"2643","FXRTWI","Trade-weighted Index May 1970 = 100","AUS","AUS",1989-03-16,61.4,"D","Index","Indicative","RBA","Daily","Historical Daily Exchange Rates Of The Australian Dollar Against:","Australian Dollar Trade-weighted Index"
"2644","FXRTWI","Trade-weighted Index May 1970 = 100","AUS","AUS",1989-03-17,61.7,"D","Index","Indicative","RBA","Daily","Historical Daily Exchange Rates Of The Australian Dollar Against:","Australian Dollar Trade-weighted Index"
"2645","FXRTWI","Trade-weighted Index May 1970 = 100","AUS","AUS",1989-03-20,62.3,"D","Index","Indicative","RBA","Daily","Historical Daily Exchange Rates Of The Australian Dollar Against:","Australian Dollar Trade-weighted Index"
"2646","FXRTWI","Trade-weighted Index May 1970 = 100","AUS","AUS",1989-03-21,62.4,"D","Index","Indicative","RBA","Daily","Historical Daily Exchange Rates Of The Australian Dollar Against:","Australian Dollar Trade-weighted Index"
"2647","FXRTWI","Trade-weighted Index May 1970 = 100","AUS","AUS",1989-03-22,62.2,"D","Index","Indicative","RBA","Daily","Historical Daily Exchange Rates Of The Australian Dollar Against:","Australian Dollar Trade-weighted Index"
"2648","FXRTWI","Trade-weighted Index May 1970 = 100","AUS","AUS",1989-03-23,62.3,"D","Index","Indicative","RBA","Daily","Historical Daily Exchange Rates Of The Australian Dollar Against:","Australian Dollar Trade-weighted Index"
"2649","FXRTWI","Trade-weighted Index May 1970 = 100","AUS","AUS",1989-03-28,62.2,"D","Index","Indicative","RBA","Daily","Historical Daily Exchange Rates Of The Australian Dollar Against:","Australian Dollar Trade-weighted Index"
"2650","FXRTWI","Trade-weighted Index May 1970 = 100","AUS","AUS",1989-03-29,61.7,"D","Index","Indicative","RBA","Daily","Historical Daily Exchange Rates Of The Australian Dollar Against:","Australian Dollar Trade-weighted Index"
"2651","FXRTWI","Trade-weighted Index May 1970 = 100","AUS","AUS",1989-03-30,62.3,"D","Index","Indicative","RBA","Daily","Historical Daily Exchange Rates Of The Australian Dollar Against:","Australian Dollar Trade-weighted Index"
"2652","DLCACS","Credit; Total; Seasonally adjusted","AUS","AUS",1989-03-31,286.559,"M","$ billion","Seasonally Adjusted","RBA","Monthly","D2 Lending And Credit Aggregates","Credit; Total; Seasonally adjusted – Includes securitisations – For series breaks see Series Breaks"
"2653","FXRTWI","Trade-weighted Index May 1970 = 100","AUS","AUS",1989-03-31,62.2,"D","Index","Indicative","RBA","Daily","Historical Daily Exchange Rates Of The Australian Dollar Against:","Australian Dollar Trade-weighted Index"
"2654","FXRTWI","Trade-weighted Index May 1970 = 100","AUS","AUS",1989-03-31,62.2,"M","Index","Indicative","RBA","Monthly","F11 Exchange Rates","Australian Dollar Trade-weighted Index"
"2655","GCPIOCPMTMQP","Quarterly trimmed mean inflation","AUS","AUS",1989-03-31,1.3,"Q","Per cent","Seasonally Adjusted","ABS","Quarterly","G1 Consumer Price Inflation","Consumer price index; Trimmed mean; Quarterly change (in per cent)"
"2656","GRCPAISDR","Commodity prices – SDR","AUS","AUS",1989-03-31,35.2579945263977,"M","Index, 2023/24=100","Original","RBA","Monthly","I2 Commodity Prices","Index of commodity prices; All items; SDR"
"2657","A2718577A","Credits, Total goods ;","AUS","AUS",1989-04-01,3865,"M","$ Millions","Seasonally Adjusted",NA,"Monthly","TABLE 1. GOODS, Summary: Seasonally adjusted and trend estimates, Current prices",NA
"2658","A2718594C","Balance on goods ;","AUS","AUS",1989-04-01,-419,"M","$ Millions","Seasonally Adjusted",NA,"Monthly","TABLE 1. GOODS, Summary: Seasonally adjusted and trend estimates, Current prices",NA
"2659","FXRTWI","Trade-weighted Index May 1970 = 100","AUS","AUS",1989-04-03,62.3,"D","Index","Indicative","RBA","Daily","Historical Daily Exchange Rates Of The Australian Dollar Against:","Australian Dollar Trade-weighted Index"
"2660","FXRTWI","Trade-weighted Index May 1970 = 100","AUS","AUS",1989-04-04,62.1,"D","Index","Indicative","RBA","Daily","Historical Daily Exchange Rates Of The Australian Dollar Against:","Australian Dollar Trade-weighted Index"
"2661","FXRTWI","Trade-weighted Index May 1970 = 100","AUS","AUS",1989-04-05,61,"D","Index","Indicative","RBA","Daily","Historical Daily Exchange Rates Of The Australian Dollar Against:","Australian Dollar Trade-weighted Index"
"2662","FXRTWI","Trade-weighted Index May 1970 = 100","AUS","AUS",1989-04-06,60.8,"D","Index","Indicative","RBA","Daily","Historical Daily Exchange Rates Of The Australian Dollar Against:","Australian Dollar Trade-weighted Index"
"2663","FXRTWI","Trade-weighted Index May 1970 = 100","AUS","AUS",1989-04-07,61.2,"D","Index","Indicative","RBA","Daily","Historical Daily Exchange Rates Of The Australian Dollar Against:","Australian Dollar Trade-weighted Index"
"2664","FXRTWI","Trade-weighted Index May 1970 = 100","AUS","AUS",1989-04-10,61.2,"D","Index","Indicative","RBA","Daily","Historical Daily Exchange Rates Of The Australian Dollar Against:","Australian Dollar Trade-weighted Index"
"2665","FXRTWI","Trade-weighted Index May 1970 = 100","AUS","AUS",1989-04-11,61.3,"D","Index","Indicative","RBA","Daily","Historical Daily Exchange Rates Of The Australian Dollar Against:","Australian Dollar Trade-weighted Index"
"2666","FXRTWI","Trade-weighted Index May 1970 = 100","AUS","AUS",1989-04-12,61.4,"D","Index","Indicative","RBA","Daily","Historical Daily Exchange Rates Of The Australian Dollar Against:","Australian Dollar Trade-weighted Index"
"2667","FXRTWI","Trade-weighted Index May 1970 = 100","AUS","AUS",1989-04-13,61.4,"D","Index","Indicative","RBA","Daily","Historical Daily Exchange Rates Of The Australian Dollar Against:","Australian Dollar Trade-weighted Index"
"2668","FXRTWI","Trade-weighted Index May 1970 = 100","AUS","AUS",1989-04-14,61,"D","Index","Indicative","RBA","Daily","Historical Daily Exchange Rates Of The Australian Dollar Against:","Australian Dollar Trade-weighted Index"
"2669","FXRTWI","Trade-weighted Index May 1970 = 100","AUS","AUS",1989-04-17,61.3,"D","Index","Indicative","RBA","Daily","Historical Daily Exchange Rates Of The Australian Dollar Against:","Australian Dollar Trade-weighted Index"
"2670","FXRTWI","Trade-weighted Index May 1970 = 100","AUS","AUS",1989-04-18,61.2,"D","Index","Indicative","RBA","Daily","Historical Daily Exchange Rates Of The Australian Dollar Against:","Australian Dollar Trade-weighted Index"
"2671","FXRTWI","Trade-weighted Index May 1970 = 100","AUS","AUS",1989-04-19,60.4,"D","Index","Indicative","RBA","Daily","Historical Daily Exchange Rates Of The Australian Dollar Against:","Australian Dollar Trade-weighted Index"
"2672","FXRTWI","Trade-weighted Index May 1970 = 100","AUS","AUS",1989-04-20,60.6,"D","Index","Indicative","RBA","Daily","Historical Daily Exchange Rates Of The Australian Dollar Against:","Australian Dollar Trade-weighted Index"
"2673","FXRTWI","Trade-weighted Index May 1970 = 100","AUS","AUS",1989-04-21,60.1,"D","Index","Indicative","RBA","Daily","Historical Daily Exchange Rates Of The Australian Dollar Against:","Australian Dollar Trade-weighted Index"
"2674","FXRTWI","Trade-weighted Index May 1970 = 100","AUS","AUS",1989-04-24,59.7,"D","Index","Indicative","RBA","Daily","Historical Daily Exchange Rates Of The Australian Dollar Against:","Australian Dollar Trade-weighted Index"
"2675","FXRTWI","Trade-weighted Index May 1970 = 100","AUS","AUS",1989-04-26,60.1,"D","Index","Indicative","RBA","Daily","Historical Daily Exchange Rates Of The Australian Dollar Against:","Australian Dollar Trade-weighted Index"
"2676","FXRTWI","Trade-weighted Index May 1970 = 100","AUS","AUS",1989-04-27,60.2,"D","Index","Indicative","RBA","Daily","Historical Daily Exchange Rates Of The Australian Dollar Against:","Australian Dollar Trade-weighted Index"
"2677","FXRTWI","Trade-weighted Index May 1970 = 100","AUS","AUS",1989-04-28,60,"D","Index","Indicative","RBA","Daily","Historical Daily Exchange Rates Of The Australian Dollar Against:","Australian Dollar Trade-weighted Index"
"2678","DLCACS","Credit; Total; Seasonally adjusted","AUS","AUS",1989-04-30,290.588,"M","$ billion","Seasonally Adjusted","RBA","Monthly","D2 Lending And Credit Aggregates","Credit; Total; Seasonally adjusted – Includes securitisations – For series breaks see Series Breaks"
"2679","FXRTWI","Trade-weighted Index May 1970 = 100","AUS","AUS",1989-04-30,60,"M","Index","Indicative","RBA","Monthly","F11 Exchange Rates","Australian Dollar Trade-weighted Index"
"2680","GRCPAISDR","Commodity prices – SDR","AUS","AUS",1989-04-30,35.4988288707961,"M","Index, 2023/24=100","Original","RBA","Monthly","I2 Commodity Prices","Index of commodity prices; All items; SDR"
"2681","A2718577A","Credits, Total goods ;","AUS","AUS",1989-05-01,4020,"M","$ Millions","Seasonally Adjusted",NA,"Monthly","TABLE 1. GOODS, Summary: Seasonally adjusted and trend estimates, Current prices",NA
"2682","A2718594C","Balance on goods ;","AUS","AUS",1989-05-01,-406,"M","$ Millions","Seasonally Adjusted",NA,"Monthly","TABLE 1. GOODS, Summary: Seasonally adjusted and trend estimates, Current prices",NA
"2683","FXRTWI","Trade-weighted Index May 1970 = 100","AUS","AUS",1989-05-01,60.1,"D","Index","Indicative","RBA","Daily","Historical Daily Exchange Rates Of The Australian Dollar Against:","Australian Dollar Trade-weighted Index"
"2684","FXRTWI","Trade-weighted Index May 1970 = 100","AUS","AUS",1989-05-02,60.1,"D","Index","Indicative","RBA","Daily","Historical Daily Exchange Rates Of The Australian Dollar Against:","Australian Dollar Trade-weighted Index"
"2685","FXRTWI","Trade-weighted Index May 1970 = 100","AUS","AUS",1989-05-03,60.4,"D","Index","Indicative","RBA","Daily","Historical Daily Exchange Rates Of The Australian Dollar Against:","Australian Dollar Trade-weighted Index"
"2686","FXRTWI","Trade-weighted Index May 1970 = 100","AUS","AUS",1989-05-04,60.8,"D","Index","Indicative","RBA","Daily","Historical Daily Exchange Rates Of The Australian Dollar Against:","Australian Dollar Trade-weighted Index"
"2687","FXRTWI","Trade-weighted Index May 1970 = 100","AUS","AUS",1989-05-05,60.8,"D","Index","Indicative","RBA","Daily","Historical Daily Exchange Rates Of The Australian Dollar Against:","Australian Dollar Trade-weighted Index"
"2688","FXRTWI","Trade-weighted Index May 1970 = 100","AUS","AUS",1989-05-08,60.8,"D","Index","Indicative","RBA","Daily","Historical Daily Exchange Rates Of The Australian Dollar Against:","Australian Dollar Trade-weighted Index"
"2689","FXRTWI","Trade-weighted Index May 1970 = 100","AUS","AUS",1989-05-09,60.9,"D","Index","Indicative","RBA","Daily","Historical Daily Exchange Rates Of The Australian Dollar Against:","Australian Dollar Trade-weighted Index"
"2690","FXRTWI","Trade-weighted Index May 1970 = 100","AUS","AUS",1989-05-10,60.3,"D","Index","Indicative","RBA","Daily","Historical Daily Exchange Rates Of The Australian Dollar Against:","Australian Dollar Trade-weighted Index"
"2691","FXRTWI","Trade-weighted Index May 1970 = 100","AUS","AUS",1989-05-11,60.3,"D","Index","Indicative","RBA","Daily","Historical Daily Exchange Rates Of The Australian Dollar Against:","Australian Dollar Trade-weighted Index"
"2692","FXRTWI","Trade-weighted Index May 1970 = 100","AUS","AUS",1989-05-12,60,"D","Index","Indicative","RBA","Daily","Historical Daily Exchange Rates Of The Australian Dollar Against:","Australian Dollar Trade-weighted Index"
"2693","FXRTWI","Trade-weighted Index May 1970 = 100","AUS","AUS",1989-05-15,59.7,"D","Index","Indicative","RBA","Daily","Historical Daily Exchange Rates Of The Australian Dollar Against:","Australian Dollar Trade-weighted Index"
"2694","FXRTWI","Trade-weighted Index May 1970 = 100","AUS","AUS",1989-05-16,59.4,"D","Index","Indicative","RBA","Daily","Historical Daily Exchange Rates Of The Australian Dollar Against:","Australian Dollar Trade-weighted Index"
"2695","FXRTWI","Trade-weighted Index May 1970 = 100","AUS","AUS",1989-05-17,58.9,"D","Index","Indicative","RBA","Daily","Historical Daily Exchange Rates Of The Australian Dollar Against:","Australian Dollar Trade-weighted Index"
"2696","FXRTWI","Trade-weighted Index May 1970 = 100","AUS","AUS",1989-05-18,59,"D","Index","Indicative","RBA","Daily","Historical Daily Exchange Rates Of The Australian Dollar Against:","Australian Dollar Trade-weighted Index"
"2697","FXRTWI","Trade-weighted Index May 1970 = 100","AUS","AUS",1989-05-19,59,"D","Index","Indicative","RBA","Daily","Historical Daily Exchange Rates Of The Australian Dollar Against:","Australian Dollar Trade-weighted Index"
"2698","FXRTWI","Trade-weighted Index May 1970 = 100","AUS","AUS",1989-05-22,58.2,"D","Index","Indicative","RBA","Daily","Historical Daily Exchange Rates Of The Australian Dollar Against:","Australian Dollar Trade-weighted Index"
"2699","FXRTWI","Trade-weighted Index May 1970 = 100","AUS","AUS",1989-05-23,58.7,"D","Index","Indicative","RBA","Daily","Historical Daily Exchange Rates Of The Australian Dollar Against:","Australian Dollar Trade-weighted Index"
"2700","FXRTWI","Trade-weighted Index May 1970 = 100","AUS","AUS",1989-05-24,58.9,"D","Index","Indicative","RBA","Daily","Historical Daily Exchange Rates Of The Australian Dollar Against:","Australian Dollar Trade-weighted Index"
"2701","FXRTWI","Trade-weighted Index May 1970 = 100","AUS","AUS",1989-05-25,59.3,"D","Index","Indicative","RBA","Daily","Historical Daily Exchange Rates Of The Australian Dollar Against:","Australian Dollar Trade-weighted Index"
"2702","FXRTWI","Trade-weighted Index May 1970 = 100","AUS","AUS",1989-05-26,59.3,"D","Index","Indicative","RBA","Daily","Historical Daily Exchange Rates Of The Australian Dollar Against:","Australian Dollar Trade-weighted Index"
"2703","FXRTWI","Trade-weighted Index May 1970 = 100","AUS","AUS",1989-05-29,58.2,"D","Index","Indicative","RBA","Daily","Historical Daily Exchange Rates Of The Australian Dollar Against:","Australian Dollar Trade-weighted Index"
"2704","FXRTWI","Trade-weighted Index May 1970 = 100","AUS","AUS",1989-05-30,58.9,"D","Index","Indicative","RBA","Daily","Historical Daily Exchange Rates Of The Australian Dollar Against:","Australian Dollar Trade-weighted Index"
"2705","DLCACS","Credit; Total; Seasonally adjusted","AUS","AUS",1989-05-31,296.071,"M","$ billion","Seasonally Adjusted","RBA","Monthly","D2 Lending And Credit Aggregates","Credit; Total; Seasonally adjusted – Includes securitisations – For series breaks see Series Breaks"
"2706","FXRTWI","Trade-weighted Index May 1970 = 100","AUS","AUS",1989-05-31,58.8,"D","Index","Indicative","RBA","Daily","Historical Daily Exchange Rates Of The Australian Dollar Against:","Australian Dollar Trade-weighted Index"
"2707","FXRTWI","Trade-weighted Index May 1970 = 100","AUS","AUS",1989-05-31,58.8,"M","Index","Indicative","RBA","Monthly","F11 Exchange Rates","Australian Dollar Trade-weighted Index"
"2708","GRCPAISDR","Commodity prices – SDR","AUS","AUS",1989-05-31,36.1101755217174,"M","Index, 2023/24=100","Original","RBA","Monthly","I2 Commodity Prices","Index of commodity prices; All items; SDR"
"2709","A2302956R","South Australia ; STATE FINAL DEMAND ;","SA","SA",1989-06-01,15875,"Q","$ Millions","Seasonally Adjusted",NA,"Quarterly","Table 25. State Final Demand, Summary Components by State: Chain volume measures",NA
"2710","A2302984X","Western Australia ; STATE FINAL DEMAND ;","WA","WA",1989-06-01,22300,"Q","$ Millions","Seasonally Adjusted",NA,"Quarterly","Table 25. State Final Demand, Summary Components by State: Chain volume measures",NA
"2711","A2303012X","Tasmania ; STATE FINAL DEMAND ;","TAS","TAS",1989-06-01,5378,"Q","$ Millions","Seasonally Adjusted",NA,"Quarterly","Table 25. State Final Demand, Summary Components by State: Chain volume measures",NA
"2712","A2303040J","Northern Territory ; STATE FINAL DEMAND ;","NT","NT",1989-06-01,2537,"Q","$ Millions","Seasonally Adjusted",NA,"Quarterly","Table 25. State Final Demand, Summary Components by State: Chain volume measures",NA
"2713","A2303068K","Australian Capital Territory ; STATE FINAL DEMAND ;","ACT","ACT",1989-06-01,5394,"Q","$ Millions","Seasonally Adjusted",NA,"Quarterly","Table 25. State Final Demand, Summary Components by State: Chain volume measures",NA
"2714","A2303111F","New South Wales ; STATE FINAL DEMAND ;","NSW","NSW",1989-06-01,74276,"Q","$ Millions","Seasonally Adjusted",NA,"Quarterly","Table 25. State Final Demand, Summary Components by State: Chain volume measures",NA
"2715","A2303139J","Victoria ; STATE FINAL DEMAND ;","VIC","VIC",1989-06-01,53767,"Q","$ Millions","Seasonally Adjusted",NA,"Quarterly","Table 25. State Final Demand, Summary Components by State: Chain volume measures",NA
"2716","A2303187A","Queensland ; STATE FINAL DEMAND ;","QLD","QLD",1989-06-01,34288,"Q","$ Millions","Seasonally Adjusted",NA,"Quarterly","Table 25. State Final Demand, Summary Components by State: Chain volume measures",NA
"2717","A2304418T","Gross domestic product: Current prices ;","AUS","AUS",1989-06-01,96843,"Q","$ Millions","Seasonally Adjusted",NA,"Quarterly","Table 1. Key National Accounts Aggregates",NA
"2718","A2325846C","Index Numbers ; All groups CPI ; Australia ;","AUS","AUS",1989-06-01,53,"Q","Index Numbers","Original",NA,"Quarterly","TABLES 1 and 2. CPI: All Groups, Index Numbers and Percentage Changes",NA
"2719","A2718577A","Credits, Total goods ;","AUS","AUS",1989-06-01,4172,"M","$ Millions","Seasonally Adjusted",NA,"Monthly","TABLE 1. GOODS, Summary: Seasonally adjusted and trend estimates, Current prices",NA
"2720","A2718594C","Balance on goods ;","AUS","AUS",1989-06-01,-138,"M","$ Millions","Seasonally Adjusted",NA,"Monthly","TABLE 1. GOODS, Summary: Seasonally adjusted and trend estimates, Current prices",NA
"2721","FXRTWI","Trade-weighted Index May 1970 = 100","AUS","AUS",1989-06-01,59,"D","Index","Indicative","RBA","Daily","Historical Daily Exchange Rates Of The Australian Dollar Against:","Australian Dollar Trade-weighted Index"
"2722","FXRTWI","Trade-weighted Index May 1970 = 100","AUS","AUS",1989-06-02,59.2,"D","Index","Indicative","RBA","Daily","Historical Daily Exchange Rates Of The Australian Dollar Against:","Australian Dollar Trade-weighted Index"
"2723","FXRTWI","Trade-weighted Index May 1970 = 100","AUS","AUS",1989-06-05,59.1,"D","Index","Indicative","RBA","Daily","Historical Daily Exchange Rates Of The Australian Dollar Against:","Australian Dollar Trade-weighted Index"
"2724","FXRTWI","Trade-weighted Index May 1970 = 100","AUS","AUS",1989-06-06,58.9,"D","Index","Indicative","RBA","Daily","Historical Daily Exchange Rates Of The Australian Dollar Against:","Australian Dollar Trade-weighted Index"
"2725","FXRTWI","Trade-weighted Index May 1970 = 100","AUS","AUS",1989-06-07,59.1,"D","Index","Indicative","RBA","Daily","Historical Daily Exchange Rates Of The Australian Dollar Against:","Australian Dollar Trade-weighted Index"
"2726","FXRTWI","Trade-weighted Index May 1970 = 100","AUS","AUS",1989-06-08,59.2,"D","Index","Indicative","RBA","Daily","Historical Daily Exchange Rates Of The Australian Dollar Against:","Australian Dollar Trade-weighted Index"
"2727","FXRTWI","Trade-weighted Index May 1970 = 100","AUS","AUS",1989-06-09,59.2,"D","Index","Indicative","RBA","Daily","Historical Daily Exchange Rates Of The Australian Dollar Against:","Australian Dollar Trade-weighted Index"
"2728","FXRTWI","Trade-weighted Index May 1970 = 100","AUS","AUS",1989-06-13,59.3,"D","Index","Indicative","RBA","Daily","Historical Daily Exchange Rates Of The Australian Dollar Against:","Australian Dollar Trade-weighted Index"
"2729","FXRTWI","Trade-weighted Index May 1970 = 100","AUS","AUS",1989-06-14,59.4,"D","Index","Indicative","RBA","Daily","Historical Daily Exchange Rates Of The Australian Dollar Against:","Australian Dollar Trade-weighted Index"
"2730","FXRTWI","Trade-weighted Index May 1970 = 100","AUS","AUS",1989-06-15,59.5,"D","Index","Indicative","RBA","Daily","Historical Daily Exchange Rates Of The Australian Dollar Against:","Australian Dollar Trade-weighted Index"
"2731","FXRTWI","Trade-weighted Index May 1970 = 100","AUS","AUS",1989-06-16,59.4,"D","Index","Indicative","RBA","Daily","Historical Daily Exchange Rates Of The Australian Dollar Against:","Australian Dollar Trade-weighted Index"
"2732","FXRTWI","Trade-weighted Index May 1970 = 100","AUS","AUS",1989-06-19,59.5,"D","Index","Indicative","RBA","Daily","Historical Daily Exchange Rates Of The Australian Dollar Against:","Australian Dollar Trade-weighted Index"
"2733","FXRTWI","Trade-weighted Index May 1970 = 100","AUS","AUS",1989-06-20,59.5,"D","Index","Indicative","RBA","Daily","Historical Daily Exchange Rates Of The Australian Dollar Against:","Australian Dollar Trade-weighted Index"
"2734","FXRTWI","Trade-weighted Index May 1970 = 100","AUS","AUS",1989-06-21,59.9,"D","Index","Indicative","RBA","Daily","Historical Daily Exchange Rates Of The Australian Dollar Against:","Australian Dollar Trade-weighted Index"
"2735","FXRTWI","Trade-weighted Index May 1970 = 100","AUS","AUS",1989-06-22,60.4,"D","Index","Indicative","RBA","Daily","Historical Daily Exchange Rates Of The Australian Dollar Against:","Australian Dollar Trade-weighted Index"
"2736","FXRTWI","Trade-weighted Index May 1970 = 100","AUS","AUS",1989-06-23,59.9,"D","Index","Indicative","RBA","Daily","Historical Daily Exchange Rates Of The Australian Dollar Against:","Australian Dollar Trade-weighted Index"
"2737","FXRTWI","Trade-weighted Index May 1970 = 100","AUS","AUS",1989-06-26,60,"D","Index","Indicative","RBA","Daily","Historical Daily Exchange Rates Of The Australian Dollar Against:","Australian Dollar Trade-weighted Index"
"2738","FXRTWI","Trade-weighted Index May 1970 = 100","AUS","AUS",1989-06-27,59.6,"D","Index","Indicative","RBA","Daily","Historical Daily Exchange Rates Of The Australian Dollar Against:","Australian Dollar Trade-weighted Index"
"2739","FXRTWI","Trade-weighted Index May 1970 = 100","AUS","AUS",1989-06-28,59.6,"D","Index","Indicative","RBA","Daily","Historical Daily Exchange Rates Of The Australian Dollar Against:","Australian Dollar Trade-weighted Index"
"2740","FXRTWI","Trade-weighted Index May 1970 = 100","AUS","AUS",1989-06-29,59.4,"D","Index","Indicative","RBA","Daily","Historical Daily Exchange Rates Of The Australian Dollar Against:","Australian Dollar Trade-weighted Index"
"2741","DLCACS","Credit; Total; Seasonally adjusted","AUS","AUS",1989-06-30,300.226,"M","$ billion","Seasonally Adjusted","RBA","Monthly","D2 Lending And Credit Aggregates","Credit; Total; Seasonally adjusted – Includes securitisations – For series breaks see Series Breaks"
"2742","FXRTWI","Trade-weighted Index May 1970 = 100","AUS","AUS",1989-06-30,59.4,"D","Index","Indicative","RBA","Daily","Historical Daily Exchange Rates Of The Australian Dollar Against:","Australian Dollar Trade-weighted Index"
"2743","FXRTWI","Trade-weighted Index May 1970 = 100","AUS","AUS",1989-06-30,59.4,"M","Index","Indicative","RBA","Monthly","F11 Exchange Rates","Australian Dollar Trade-weighted Index"
"2744","GCPIOCPMTMQP","Quarterly trimmed mean inflation","AUS","AUS",1989-06-30,1.6,"Q","Per cent","Seasonally Adjusted","ABS","Quarterly","G1 Consumer Price Inflation","Consumer price index; Trimmed mean; Quarterly change (in per cent)"
"2745","GRCPAISDR","Commodity prices – SDR","AUS","AUS",1989-06-30,36.3143661988848,"M","Index, 2023/24=100","Original","RBA","Monthly","I2 Commodity Prices","Index of commodity prices; All items; SDR"
"2746","A2718577A","Credits, Total goods ;","AUS","AUS",1989-07-01,3917,"M","$ Millions","Seasonally Adjusted",NA,"Monthly","TABLE 1. GOODS, Summary: Seasonally adjusted and trend estimates, Current prices",NA
"2747","A2718594C","Balance on goods ;","AUS","AUS",1989-07-01,-315,"M","$ Millions","Seasonally Adjusted",NA,"Monthly","TABLE 1. GOODS, Summary: Seasonally adjusted and trend estimates, Current prices",NA
"2748","FXRTWI","Trade-weighted Index May 1970 = 100","AUS","AUS",1989-07-03,59.3,"D","Index","Indicative","RBA","Daily","Historical Daily Exchange Rates Of The Australian Dollar Against:","Australian Dollar Trade-weighted Index"
"2749","FXRTWI","Trade-weighted Index May 1970 = 100","AUS","AUS",1989-07-04,59.3,"D","Index","Indicative","RBA","Daily","Historical Daily Exchange Rates Of The Australian Dollar Against:","Australian Dollar Trade-weighted Index"
"2750","FXRTWI","Trade-weighted Index May 1970 = 100","AUS","AUS",1989-07-05,59.8,"D","Index","Indicative","RBA","Daily","Historical Daily Exchange Rates Of The Australian Dollar Against:","Australian Dollar Trade-weighted Index"
"2751","FXRTWI","Trade-weighted Index May 1970 = 100","AUS","AUS",1989-07-06,59.3,"D","Index","Indicative","RBA","Daily","Historical Daily Exchange Rates Of The Australian Dollar Against:","Australian Dollar Trade-weighted Index"
"2752","FXRTWI","Trade-weighted Index May 1970 = 100","AUS","AUS",1989-07-07,59.2,"D","Index","Indicative","RBA","Daily","Historical Daily Exchange Rates Of The Australian Dollar Against:","Australian Dollar Trade-weighted Index"
"2753","FXRTWI","Trade-weighted Index May 1970 = 100","AUS","AUS",1989-07-10,59.1,"D","Index","Indicative","RBA","Daily","Historical Daily Exchange Rates Of The Australian Dollar Against:","Australian Dollar Trade-weighted Index"
"2754","FXRTWI","Trade-weighted Index May 1970 = 100","AUS","AUS",1989-07-11,58.6,"D","Index","Indicative","RBA","Daily","Historical Daily Exchange Rates Of The Australian Dollar Against:","Australian Dollar Trade-weighted Index"
"2755","FXRTWI","Trade-weighted Index May 1970 = 100","AUS","AUS",1989-07-12,58.7,"D","Index","Indicative","RBA","Daily","Historical Daily Exchange Rates Of The Australian Dollar Against:","Australian Dollar Trade-weighted Index"
"2756","FXRTWI","Trade-weighted Index May 1970 = 100","AUS","AUS",1989-07-13,58.5,"D","Index","Indicative","RBA","Daily","Historical Daily Exchange Rates Of The Australian Dollar Against:","Australian Dollar Trade-weighted Index"
"2757","FXRTWI","Trade-weighted Index May 1970 = 100","AUS","AUS",1989-07-14,58.5,"D","Index","Indicative","RBA","Daily","Historical Daily Exchange Rates Of The Australian Dollar Against:","Australian Dollar Trade-weighted Index"
"2758","FXRTWI","Trade-weighted Index May 1970 = 100","AUS","AUS",1989-07-17,58.8,"D","Index","Indicative","RBA","Daily","Historical Daily Exchange Rates Of The Australian Dollar Against:","Australian Dollar Trade-weighted Index"
"2759","FXRTWI","Trade-weighted Index May 1970 = 100","AUS","AUS",1989-07-18,59.1,"D","Index","Indicative","RBA","Daily","Historical Daily Exchange Rates Of The Australian Dollar Against:","Australian Dollar Trade-weighted Index"
"2760","FXRTWI","Trade-weighted Index May 1970 = 100","AUS","AUS",1989-07-19,58.2,"D","Index","Indicative","RBA","Daily","Historical Daily Exchange Rates Of The Australian Dollar Against:","Australian Dollar Trade-weighted Index"
"2761","FXRTWI","Trade-weighted Index May 1970 = 100","AUS","AUS",1989-07-20,58.2,"D","Index","Indicative","RBA","Daily","Historical Daily Exchange Rates Of The Australian Dollar Against:","Australian Dollar Trade-weighted Index"
"2762","FXRTWI","Trade-weighted Index May 1970 = 100","AUS","AUS",1989-07-21,58.3,"D","Index","Indicative","RBA","Daily","Historical Daily Exchange Rates Of The Australian Dollar Against:","Australian Dollar Trade-weighted Index"
"2763","FXRTWI","Trade-weighted Index May 1970 = 100","AUS","AUS",1989-07-24,58.2,"D","Index","Indicative","RBA","Daily","Historical Daily Exchange Rates Of The Australian Dollar Against:","Australian Dollar Trade-weighted Index"
"2764","FXRTWI","Trade-weighted Index May 1970 = 100","AUS","AUS",1989-07-25,58.3,"D","Index","Indicative","RBA","Daily","Historical Daily Exchange Rates Of The Australian Dollar Against:","Australian Dollar Trade-weighted Index"
"2765","FXRTWI","Trade-weighted Index May 1970 = 100","AUS","AUS",1989-07-26,58.2,"D","Index","Indicative","RBA","Daily","Historical Daily Exchange Rates Of The Australian Dollar Against:","Australian Dollar Trade-weighted Index"
"2766","FXRTWI","Trade-weighted Index May 1970 = 100","AUS","AUS",1989-07-27,58.2,"D","Index","Indicative","RBA","Daily","Historical Daily Exchange Rates Of The Australian Dollar Against:","Australian Dollar Trade-weighted Index"
"2767","FXRTWI","Trade-weighted Index May 1970 = 100","AUS","AUS",1989-07-28,57.7,"D","Index","Indicative","RBA","Daily","Historical Daily Exchange Rates Of The Australian Dollar Against:","Australian Dollar Trade-weighted Index"
"2768","DLCACS","Credit; Total; Seasonally adjusted","AUS","AUS",1989-07-31,303.304,"M","$ billion","Seasonally Adjusted","RBA","Monthly","D2 Lending And Credit Aggregates","Credit; Total; Seasonally adjusted – Includes securitisations – For series breaks see Series Breaks"
"2769","FXRTWI","Trade-weighted Index May 1970 = 100","AUS","AUS",1989-07-31,57.8,"D","Index","Indicative","RBA","Daily","Historical Daily Exchange Rates Of The Australian Dollar Against:","Australian Dollar Trade-weighted Index"
"2770","FXRTWI","Trade-weighted Index May 1970 = 100","AUS","AUS",1989-07-31,57.8,"M","Index","Indicative","RBA","Monthly","F11 Exchange Rates","Australian Dollar Trade-weighted Index"
"2771","GRCPAISDR","Commodity prices – SDR","AUS","AUS",1989-07-31,35.5480594474582,"M","Index, 2023/24=100","Original","RBA","Monthly","I2 Commodity Prices","Index of commodity prices; All items; SDR"
"2772","A2718577A","Credits, Total goods ;","AUS","AUS",1989-08-01,4166,"M","$ Millions","Seasonally Adjusted",NA,"Monthly","TABLE 1. GOODS, Summary: Seasonally adjusted and trend estimates, Current prices",NA
"2773","A2718594C","Balance on goods ;","AUS","AUS",1989-08-01,-676,"M","$ Millions","Seasonally Adjusted",NA,"Monthly","TABLE 1. GOODS, Summary: Seasonally adjusted and trend estimates, Current prices",NA
"2774","FXRTWI","Trade-weighted Index May 1970 = 100","AUS","AUS",1989-08-01,58,"D","Index","Indicative","RBA","Daily","Historical Daily Exchange Rates Of The Australian Dollar Against:","Australian Dollar Trade-weighted Index"
"2775","FXRTWI","Trade-weighted Index May 1970 = 100","AUS","AUS",1989-08-02,58.4,"D","Index","Indicative","RBA","Daily","Historical Daily Exchange Rates Of The Australian Dollar Against:","Australian Dollar Trade-weighted Index"
"2776","FXRTWI","Trade-weighted Index May 1970 = 100","AUS","AUS",1989-08-03,58.4,"D","Index","Indicative","RBA","Daily","Historical Daily Exchange Rates Of The Australian Dollar Against:","Australian Dollar Trade-weighted Index"
"2777","FXRTWI","Trade-weighted Index May 1970 = 100","AUS","AUS",1989-08-04,58.6,"D","Index","Indicative","RBA","Daily","Historical Daily Exchange Rates Of The Australian Dollar Against:","Australian Dollar Trade-weighted Index"
"2778","FXRTWI","Trade-weighted Index May 1970 = 100","AUS","AUS",1989-08-07,58.8,"D","Index","Indicative","RBA","Daily","Historical Daily Exchange Rates Of The Australian Dollar Against:","Australian Dollar Trade-weighted Index"
"2779","FXRTWI","Trade-weighted Index May 1970 = 100","AUS","AUS",1989-08-08,59,"D","Index","Indicative","RBA","Daily","Historical Daily Exchange Rates Of The Australian Dollar Against:","Australian Dollar Trade-weighted Index"
"2780","FXRTWI","Trade-weighted Index May 1970 = 100","AUS","AUS",1989-08-09,59.1,"D","Index","Indicative","RBA","Daily","Historical Daily Exchange Rates Of The Australian Dollar Against:","Australian Dollar Trade-weighted Index"
"2781","FXRTWI","Trade-weighted Index May 1970 = 100","AUS","AUS",1989-08-10,59,"D","Index","Indicative","RBA","Daily","Historical Daily Exchange Rates Of The Australian Dollar Against:","Australian Dollar Trade-weighted Index"
"2782","FXRTWI","Trade-weighted Index May 1970 = 100","AUS","AUS",1989-08-11,58.9,"D","Index","Indicative","RBA","Daily","Historical Daily Exchange Rates Of The Australian Dollar Against:","Australian Dollar Trade-weighted Index"
"2783","FXRTWI","Trade-weighted Index May 1970 = 100","AUS","AUS",1989-08-14,59.1,"D","Index","Indicative","RBA","Daily","Historical Daily Exchange Rates Of The Australian Dollar Against:","Australian Dollar Trade-weighted Index"
"2784","FXRTWI","Trade-weighted Index May 1970 = 100","AUS","AUS",1989-08-15,59.3,"D","Index","Indicative","RBA","Daily","Historical Daily Exchange Rates Of The Australian Dollar Against:","Australian Dollar Trade-weighted Index"
"2785","FXRTWI","Trade-weighted Index May 1970 = 100","AUS","AUS",1989-08-16,58.9,"D","Index","Indicative","RBA","Daily","Historical Daily Exchange Rates Of The Australian Dollar Against:","Australian Dollar Trade-weighted Index"
"2786","FXRTWI","Trade-weighted Index May 1970 = 100","AUS","AUS",1989-08-17,59.2,"D","Index","Indicative","RBA","Daily","Historical Daily Exchange Rates Of The Australian Dollar Against:","Australian Dollar Trade-weighted Index"
"2787","FXRTWI","Trade-weighted Index May 1970 = 100","AUS","AUS",1989-08-18,59.3,"D","Index","Indicative","RBA","Daily","Historical Daily Exchange Rates Of The Australian Dollar Against:","Australian Dollar Trade-weighted Index"
"2788","FXRTWI","Trade-weighted Index May 1970 = 100","AUS","AUS",1989-08-21,59.4,"D","Index","Indicative","RBA","Daily","Historical Daily Exchange Rates Of The Australian Dollar Against:","Australian Dollar Trade-weighted Index"
"2789","FXRTWI","Trade-weighted Index May 1970 = 100","AUS","AUS",1989-08-22,59.7,"D","Index","Indicative","RBA","Daily","Historical Daily Exchange Rates Of The Australian Dollar Against:","Australian Dollar Trade-weighted Index"
"2790","FXRTWI","Trade-weighted Index May 1970 = 100","AUS","AUS",1989-08-23,59.5,"D","Index","Indicative","RBA","Daily","Historical Daily Exchange Rates Of The Australian Dollar Against:","Australian Dollar Trade-weighted Index"
"2791","FXRTWI","Trade-weighted Index May 1970 = 100","AUS","AUS",1989-08-24,59.5,"D","Index","Indicative","RBA","Daily","Historical Daily Exchange Rates Of The Australian Dollar Against:","Australian Dollar Trade-weighted Index"
"2792","FXRTWI","Trade-weighted Index May 1970 = 100","AUS","AUS",1989-08-25,59.6,"D","Index","Indicative","RBA","Daily","Historical Daily Exchange Rates Of The Australian Dollar Against:","Australian Dollar Trade-weighted Index"
"2793","FXRTWI","Trade-weighted Index May 1970 = 100","AUS","AUS",1989-08-28,59.6,"D","Index","Indicative","RBA","Daily","Historical Daily Exchange Rates Of The Australian Dollar Against:","Australian Dollar Trade-weighted Index"
"2794","FXRTWI","Trade-weighted Index May 1970 = 100","AUS","AUS",1989-08-29,59.4,"D","Index","Indicative","RBA","Daily","Historical Daily Exchange Rates Of The Australian Dollar Against:","Australian Dollar Trade-weighted Index"
"2795","FXRTWI","Trade-weighted Index May 1970 = 100","AUS","AUS",1989-08-30,59.8,"D","Index","Indicative","RBA","Daily","Historical Daily Exchange Rates Of The Australian Dollar Against:","Australian Dollar Trade-weighted Index"
"2796","DLCACS","Credit; Total; Seasonally adjusted","AUS","AUS",1989-08-31,306.612,"M","$ billion","Seasonally Adjusted","RBA","Monthly","D2 Lending And Credit Aggregates","Credit; Total; Seasonally adjusted – Includes securitisations – For series breaks see Series Breaks"
"2797","FXRTWI","Trade-weighted Index May 1970 = 100","AUS","AUS",1989-08-31,60,"D","Index","Indicative","RBA","Daily","Historical Daily Exchange Rates Of The Australian Dollar Against:","Australian Dollar Trade-weighted Index"
"2798","FXRTWI","Trade-weighted Index May 1970 = 100","AUS","AUS",1989-08-31,60,"M","Index","Indicative","RBA","Monthly","F11 Exchange Rates","Australian Dollar Trade-weighted Index"
"2799","GRCPAISDR","Commodity prices – SDR","AUS","AUS",1989-08-31,35.9141648053461,"M","Index, 2023/24=100","Original","RBA","Monthly","I2 Commodity Prices","Index of commodity prices; All items; SDR"
"2800","A2302956R","South Australia ; STATE FINAL DEMAND ;","SA","SA",1989-09-01,15494,"Q","$ Millions","Seasonally Adjusted",NA,"Quarterly","Table 25. State Final Demand, Summary Components by State: Chain volume measures",NA
"2801","A2302984X","Western Australia ; STATE FINAL DEMAND ;","WA","WA",1989-09-01,22489,"Q","$ Millions","Seasonally Adjusted",NA,"Quarterly","Table 25. State Final Demand, Summary Components by State: Chain volume measures",NA
"2802","A2303012X","Tasmania ; STATE FINAL DEMAND ;","TAS","TAS",1989-09-01,5205,"Q","$ Millions","Seasonally Adjusted",NA,"Quarterly","Table 25. State Final Demand, Summary Components by State: Chain volume measures",NA
"2803","A2303040J","Northern Territory ; STATE FINAL DEMAND ;","NT","NT",1989-09-01,2421,"Q","$ Millions","Seasonally Adjusted",NA,"Quarterly","Table 25. State Final Demand, Summary Components by State: Chain volume measures",NA
"2804","A2303068K","Australian Capital Territory ; STATE FINAL DEMAND ;","ACT","ACT",1989-09-01,5221,"Q","$ Millions","Seasonally Adjusted",NA,"Quarterly","Table 25. State Final Demand, Summary Components by State: Chain volume measures",NA
"2805","A2303111F","New South Wales ; STATE FINAL DEMAND ;","NSW","NSW",1989-09-01,74427,"Q","$ Millions","Seasonally Adjusted",NA,"Quarterly","Table 25. State Final Demand, Summary Components by State: Chain volume measures",NA
"2806","A2303139J","Victoria ; STATE FINAL DEMAND ;","VIC","VIC",1989-09-01,53413,"Q","$ Millions","Seasonally Adjusted",NA,"Quarterly","Table 25. State Final Demand, Summary Components by State: Chain volume measures",NA
"2807","A2303187A","Queensland ; STATE FINAL DEMAND ;","QLD","QLD",1989-09-01,34960,"Q","$ Millions","Seasonally Adjusted",NA,"Quarterly","Table 25. State Final Demand, Summary Components by State: Chain volume measures",NA
"2808","A2304418T","Gross domestic product: Current prices ;","AUS","AUS",1989-09-01,98717,"Q","$ Millions","Seasonally Adjusted",NA,"Quarterly","Table 1. Key National Accounts Aggregates",NA
"2809","A2325846C","Index Numbers ; All groups CPI ; Australia ;","AUS","AUS",1989-09-01,54.2,"Q","Index Numbers","Original",NA,"Quarterly","TABLES 1 and 2. CPI: All Groups, Index Numbers and Percentage Changes",NA
"2810","A2718577A","Credits, Total goods ;","AUS","AUS",1989-09-01,4107,"M","$ Millions","Seasonally Adjusted",NA,"Monthly","TABLE 1. GOODS, Summary: Seasonally adjusted and trend estimates, Current prices",NA
"2811","A2718594C","Balance on goods ;","AUS","AUS",1989-09-01,-360,"M","$ Millions","Seasonally Adjusted",NA,"Monthly","TABLE 1. GOODS, Summary: Seasonally adjusted and trend estimates, Current prices",NA
"2812","FXRTWI","Trade-weighted Index May 1970 = 100","AUS","AUS",1989-09-01,60.1,"D","Index","Indicative","RBA","Daily","Historical Daily Exchange Rates Of The Australian Dollar Against:","Australian Dollar Trade-weighted Index"
"2813","FXRTWI","Trade-weighted Index May 1970 = 100","AUS","AUS",1989-09-04,60,"D","Index","Indicative","RBA","Daily","Historical Daily Exchange Rates Of The Australian Dollar Against:","Australian Dollar Trade-weighted Index"
"2814","FXRTWI","Trade-weighted Index May 1970 = 100","AUS","AUS",1989-09-05,60,"D","Index","Indicative","RBA","Daily","Historical Daily Exchange Rates Of The Australian Dollar Against:","Australian Dollar Trade-weighted Index"
"2815","FXRTWI","Trade-weighted Index May 1970 = 100","AUS","AUS",1989-09-06,60.1,"D","Index","Indicative","RBA","Daily","Historical Daily Exchange Rates Of The Australian Dollar Against:","Australian Dollar Trade-weighted Index"
"2816","FXRTWI","Trade-weighted Index May 1970 = 100","AUS","AUS",1989-09-07,60.2,"D","Index","Indicative","RBA","Daily","Historical Daily Exchange Rates Of The Australian Dollar Against:","Australian Dollar Trade-weighted Index"
"2817","FXRTWI","Trade-weighted Index May 1970 = 100","AUS","AUS",1989-09-08,60.3,"D","Index","Indicative","RBA","Daily","Historical Daily Exchange Rates Of The Australian Dollar Against:","Australian Dollar Trade-weighted Index"
"2818","FXRTWI","Trade-weighted Index May 1970 = 100","AUS","AUS",1989-09-11,60.5,"D","Index","Indicative","RBA","Daily","Historical Daily Exchange Rates Of The Australian Dollar Against:","Australian Dollar Trade-weighted Index"
"2819","FXRTWI","Trade-weighted Index May 1970 = 100","AUS","AUS",1989-09-12,60.3,"D","Index","Indicative","RBA","Daily","Historical Daily Exchange Rates Of The Australian Dollar Against:","Australian Dollar Trade-weighted Index"
"2820","FXRTWI","Trade-weighted Index May 1970 = 100","AUS","AUS",1989-09-13,60.8,"D","Index","Indicative","RBA","Daily","Historical Daily Exchange Rates Of The Australian Dollar Against:","Australian Dollar Trade-weighted Index"
"2821","FXRTWI","Trade-weighted Index May 1970 = 100","AUS","AUS",1989-09-14,61.1,"D","Index","Indicative","RBA","Daily","Historical Daily Exchange Rates Of The Australian Dollar Against:","Australian Dollar Trade-weighted Index"
"2822","FXRTWI","Trade-weighted Index May 1970 = 100","AUS","AUS",1989-09-15,61.4,"D","Index","Indicative","RBA","Daily","Historical Daily Exchange Rates Of The Australian Dollar Against:","Australian Dollar Trade-weighted Index"
"2823","FXRTWI","Trade-weighted Index May 1970 = 100","AUS","AUS",1989-09-18,61.1,"D","Index","Indicative","RBA","Daily","Historical Daily Exchange Rates Of The Australian Dollar Against:","Australian Dollar Trade-weighted Index"
"2824","FXRTWI","Trade-weighted Index May 1970 = 100","AUS","AUS",1989-09-19,61,"D","Index","Indicative","RBA","Daily","Historical Daily Exchange Rates Of The Australian Dollar Against:","Australian Dollar Trade-weighted Index"
"2825","FXRTWI","Trade-weighted Index May 1970 = 100","AUS","AUS",1989-09-20,61,"D","Index","Indicative","RBA","Daily","Historical Daily Exchange Rates Of The Australian Dollar Against:","Australian Dollar Trade-weighted Index"
"2826","FXRTWI","Trade-weighted Index May 1970 = 100","AUS","AUS",1989-09-21,60.3,"D","Index","Indicative","RBA","Daily","Historical Daily Exchange Rates Of The Australian Dollar Against:","Australian Dollar Trade-weighted Index"
"2827","FXRTWI","Trade-weighted Index May 1970 = 100","AUS","AUS",1989-09-22,61.2,"D","Index","Indicative","RBA","Daily","Historical Daily Exchange Rates Of The Australian Dollar Against:","Australian Dollar Trade-weighted Index"
"2828","FXRTWI","Trade-weighted Index May 1970 = 100","AUS","AUS",1989-09-25,61.5,"D","Index","Indicative","RBA","Daily","Historical Daily Exchange Rates Of The Australian Dollar Against:","Australian Dollar Trade-weighted Index"
"2829","FXRTWI","Trade-weighted Index May 1970 = 100","AUS","AUS",1989-09-26,61.2,"D","Index","Indicative","RBA","Daily","Historical Daily Exchange Rates Of The Australian Dollar Against:","Australian Dollar Trade-weighted Index"
"2830","FXRTWI","Trade-weighted Index May 1970 = 100","AUS","AUS",1989-09-27,60.8,"D","Index","Indicative","RBA","Daily","Historical Daily Exchange Rates Of The Australian Dollar Against:","Australian Dollar Trade-weighted Index"
"2831","FXRTWI","Trade-weighted Index May 1970 = 100","AUS","AUS",1989-09-28,60.1,"D","Index","Indicative","RBA","Daily","Historical Daily Exchange Rates Of The Australian Dollar Against:","Australian Dollar Trade-weighted Index"
"2832","FXRTWI","Trade-weighted Index May 1970 = 100","AUS","AUS",1989-09-29,59.8,"D","Index","Indicative","RBA","Daily","Historical Daily Exchange Rates Of The Australian Dollar Against:","Australian Dollar Trade-weighted Index"
"2833","DLCACS","Credit; Total; Seasonally adjusted","AUS","AUS",1989-09-30,310.194,"M","$ billion","Seasonally Adjusted","RBA","Monthly","D2 Lending And Credit Aggregates","Credit; Total; Seasonally adjusted – Includes securitisations – For series breaks see Series Breaks"
"2834","FXRTWI","Trade-weighted Index May 1970 = 100","AUS","AUS",1989-09-30,59.8,"M","Index","Indicative","RBA","Monthly","F11 Exchange Rates","Australian Dollar Trade-weighted Index"
"2835","GCPIOCPMTMQP","Quarterly trimmed mean inflation","AUS","AUS",1989-09-30,1.5,"Q","Per cent","Seasonally Adjusted","ABS","Quarterly","G1 Consumer Price Inflation","Consumer price index; Trimmed mean; Quarterly change (in per cent)"
"2836","GRCPAISDR","Commodity prices – SDR","AUS","AUS",1989-09-30,36.4316697837788,"M","Index, 2023/24=100","Original","RBA","Monthly","I2 Commodity Prices","Index of commodity prices; All items; SDR"
"2837","A2718577A","Credits, Total goods ;","AUS","AUS",1989-10-01,4029,"M","$ Millions","Seasonally Adjusted",NA,"Monthly","TABLE 1. GOODS, Summary: Seasonally adjusted and trend estimates, Current prices",NA
"2838","A2718594C","Balance on goods ;","AUS","AUS",1989-10-01,-414,"M","$ Millions","Seasonally Adjusted",NA,"Monthly","TABLE 1. GOODS, Summary: Seasonally adjusted and trend estimates, Current prices",NA
"2839","FXRTWI","Trade-weighted Index May 1970 = 100","AUS","AUS",1989-10-02,59.9,"D","Index","Indicative","RBA","Daily","Historical Daily Exchange Rates Of The Australian Dollar Against:","Australian Dollar Trade-weighted Index"
"2840","FXRTWI","Trade-weighted Index May 1970 = 100","AUS","AUS",1989-10-03,60.1,"D","Index","Indicative","RBA","Daily","Historical Daily Exchange Rates Of The Australian Dollar Against:","Australian Dollar Trade-weighted Index"
"2841","FXRTWI","Trade-weighted Index May 1970 = 100","AUS","AUS",1989-10-04,60.3,"D","Index","Indicative","RBA","Daily","Historical Daily Exchange Rates Of The Australian Dollar Against:","Australian Dollar Trade-weighted Index"
"2842","FXRTWI","Trade-weighted Index May 1970 = 100","AUS","AUS",1989-10-05,60.1,"D","Index","Indicative","RBA","Daily","Historical Daily Exchange Rates Of The Australian Dollar Against:","Australian Dollar Trade-weighted Index"
"2843","FXRTWI","Trade-weighted Index May 1970 = 100","AUS","AUS",1989-10-06,60.4,"D","Index","Indicative","RBA","Daily","Historical Daily Exchange Rates Of The Australian Dollar Against:","Australian Dollar Trade-weighted Index"
"2844","FXRTWI","Trade-weighted Index May 1970 = 100","AUS","AUS",1989-10-09,60.8,"D","Index","Indicative","RBA","Daily","Historical Daily Exchange Rates Of The Australian Dollar Against:","Australian Dollar Trade-weighted Index"
"2845","FXRTWI","Trade-weighted Index May 1970 = 100","AUS","AUS",1989-10-10,60.5,"D","Index","Indicative","RBA","Daily","Historical Daily Exchange Rates Of The Australian Dollar Against:","Australian Dollar Trade-weighted Index"
"2846","FXRTWI","Trade-weighted Index May 1970 = 100","AUS","AUS",1989-10-11,60.7,"D","Index","Indicative","RBA","Daily","Historical Daily Exchange Rates Of The Australian Dollar Against:","Australian Dollar Trade-weighted Index"
"2847","FXRTWI","Trade-weighted Index May 1970 = 100","AUS","AUS",1989-10-12,60.6,"D","Index","Indicative","RBA","Daily","Historical Daily Exchange Rates Of The Australian Dollar Against:","Australian Dollar Trade-weighted Index"
"2848","FXRTWI","Trade-weighted Index May 1970 = 100","AUS","AUS",1989-10-13,60.1,"D","Index","Indicative","RBA","Daily","Historical Daily Exchange Rates Of The Australian Dollar Against:","Australian Dollar Trade-weighted Index"
"2849","FXRTWI","Trade-weighted Index May 1970 = 100","AUS","AUS",1989-10-16,58.6,"D","Index","Indicative","RBA","Daily","Historical Daily Exchange Rates Of The Australian Dollar Against:","Australian Dollar Trade-weighted Index"
"2850","FXRTWI","Trade-weighted Index May 1970 = 100","AUS","AUS",1989-10-17,59.6,"D","Index","Indicative","RBA","Daily","Historical Daily Exchange Rates Of The Australian Dollar Against:","Australian Dollar Trade-weighted Index"
"2851","FXRTWI","Trade-weighted Index May 1970 = 100","AUS","AUS",1989-10-18,59.7,"D","Index","Indicative","RBA","Daily","Historical Daily Exchange Rates Of The Australian Dollar Against:","Australian Dollar Trade-weighted Index"
"2852","FXRTWI","Trade-weighted Index May 1970 = 100","AUS","AUS",1989-10-19,59.7,"D","Index","Indicative","RBA","Daily","Historical Daily Exchange Rates Of The Australian Dollar Against:","Australian Dollar Trade-weighted Index"
"2853","FXRTWI","Trade-weighted Index May 1970 = 100","AUS","AUS",1989-10-20,59.9,"D","Index","Indicative","RBA","Daily","Historical Daily Exchange Rates Of The Australian Dollar Against:","Australian Dollar Trade-weighted Index"
"2854","FXRTWI","Trade-weighted Index May 1970 = 100","AUS","AUS",1989-10-23,59.8,"D","Index","Indicative","RBA","Daily","Historical Daily Exchange Rates Of The Australian Dollar Against:","Australian Dollar Trade-weighted Index"
"2855","FXRTWI","Trade-weighted Index May 1970 = 100","AUS","AUS",1989-10-24,59.6,"D","Index","Indicative","RBA","Daily","Historical Daily Exchange Rates Of The Australian Dollar Against:","Australian Dollar Trade-weighted Index"
"2856","FXRTWI","Trade-weighted Index May 1970 = 100","AUS","AUS",1989-10-25,59.8,"D","Index","Indicative","RBA","Daily","Historical Daily Exchange Rates Of The Australian Dollar Against:","Australian Dollar Trade-weighted Index"
"2857","FXRTWI","Trade-weighted Index May 1970 = 100","AUS","AUS",1989-10-26,60,"D","Index","Indicative","RBA","Daily","Historical Daily Exchange Rates Of The Australian Dollar Against:","Australian Dollar Trade-weighted Index"
"2858","FXRTWI","Trade-weighted Index May 1970 = 100","AUS","AUS",1989-10-27,60.3,"D","Index","Indicative","RBA","Daily","Historical Daily Exchange Rates Of The Australian Dollar Against:","Australian Dollar Trade-weighted Index"
"2859","FXRTWI","Trade-weighted Index May 1970 = 100","AUS","AUS",1989-10-30,60.4,"D","Index","Indicative","RBA","Daily","Historical Daily Exchange Rates Of The Australian Dollar Against:","Australian Dollar Trade-weighted Index"
"2860","DLCACS","Credit; Total; Seasonally adjusted","AUS","AUS",1989-10-31,312.815,"M","$ billion","Seasonally Adjusted","RBA","Monthly","D2 Lending And Credit Aggregates","Credit; Total; Seasonally adjusted – Includes securitisations – For series breaks see Series Breaks"
"2861","FXRTWI","Trade-weighted Index May 1970 = 100","AUS","AUS",1989-10-31,60.7,"D","Index","Indicative","RBA","Daily","Historical Daily Exchange Rates Of The Australian Dollar Against:","Australian Dollar Trade-weighted Index"
"2862","FXRTWI","Trade-weighted Index May 1970 = 100","AUS","AUS",1989-10-31,60.7,"M","Index","Indicative","RBA","Monthly","F11 Exchange Rates","Australian Dollar Trade-weighted Index"
"2863","GRCPAISDR","Commodity prices – SDR","AUS","AUS",1989-10-31,36.2071400712802,"M","Index, 2023/24=100","Original","RBA","Monthly","I2 Commodity Prices","Index of commodity prices; All items; SDR"
"2864","A2718577A","Credits, Total goods ;","AUS","AUS",1989-11-01,4099,"M","$ Millions","Seasonally Adjusted",NA,"Monthly","TABLE 1. GOODS, Summary: Seasonally adjusted and trend estimates, Current prices",NA
"2865","A2718594C","Balance on goods ;","AUS","AUS",1989-11-01,-165,"M","$ Millions","Seasonally Adjusted",NA,"Monthly","TABLE 1. GOODS, Summary: Seasonally adjusted and trend estimates, Current prices",NA
"2866","FXRTWI","Trade-weighted Index May 1970 = 100","AUS","AUS",1989-11-01,60.6,"D","Index","Indicative","RBA","Daily","Historical Daily Exchange Rates Of The Australian Dollar Against:","Australian Dollar Trade-weighted Index"
"2867","FXRTWI","Trade-weighted Index May 1970 = 100","AUS","AUS",1989-11-02,60.6,"D","Index","Indicative","RBA","Daily","Historical Daily Exchange Rates Of The Australian Dollar Against:","Australian Dollar Trade-weighted Index"
"2868","FXRTWI","Trade-weighted Index May 1970 = 100","AUS","AUS",1989-11-03,60.6,"D","Index","Indicative","RBA","Daily","Historical Daily Exchange Rates Of The Australian Dollar Against:","Australian Dollar Trade-weighted Index"
"2869","FXRTWI","Trade-weighted Index May 1970 = 100","AUS","AUS",1989-11-06,60.7,"D","Index","Indicative","RBA","Daily","Historical Daily Exchange Rates Of The Australian Dollar Against:","Australian Dollar Trade-weighted Index"
"2870","FXRTWI","Trade-weighted Index May 1970 = 100","AUS","AUS",1989-11-07,60.8,"D","Index","Indicative","RBA","Daily","Historical Daily Exchange Rates Of The Australian Dollar Against:","Australian Dollar Trade-weighted Index"
"2871","FXRTWI","Trade-weighted Index May 1970 = 100","AUS","AUS",1989-11-08,60.8,"D","Index","Indicative","RBA","Daily","Historical Daily Exchange Rates Of The Australian Dollar Against:","Australian Dollar Trade-weighted Index"
"2872","FXRTWI","Trade-weighted Index May 1970 = 100","AUS","AUS",1989-11-09,61.1,"D","Index","Indicative","RBA","Daily","Historical Daily Exchange Rates Of The Australian Dollar Against:","Australian Dollar Trade-weighted Index"
"2873","FXRTWI","Trade-weighted Index May 1970 = 100","AUS","AUS",1989-11-10,61.2,"D","Index","Indicative","RBA","Daily","Historical Daily Exchange Rates Of The Australian Dollar Against:","Australian Dollar Trade-weighted Index"
"2874","FXRTWI","Trade-weighted Index May 1970 = 100","AUS","AUS",1989-11-13,61.2,"D","Index","Indicative","RBA","Daily","Historical Daily Exchange Rates Of The Australian Dollar Against:","Australian Dollar Trade-weighted Index"
"2875","FXRTWI","Trade-weighted Index May 1970 = 100","AUS","AUS",1989-11-14,61.3,"D","Index","Indicative","RBA","Daily","Historical Daily Exchange Rates Of The Australian Dollar Against:","Australian Dollar Trade-weighted Index"
"2876","FXRTWI","Trade-weighted Index May 1970 = 100","AUS","AUS",1989-11-15,61,"D","Index","Indicative","RBA","Daily","Historical Daily Exchange Rates Of The Australian Dollar Against:","Australian Dollar Trade-weighted Index"
"2877","FXRTWI","Trade-weighted Index May 1970 = 100","AUS","AUS",1989-11-16,60.7,"D","Index","Indicative","RBA","Daily","Historical Daily Exchange Rates Of The Australian Dollar Against:","Australian Dollar Trade-weighted Index"
"2878","FXRTWI","Trade-weighted Index May 1970 = 100","AUS","AUS",1989-11-17,60.8,"D","Index","Indicative","RBA","Daily","Historical Daily Exchange Rates Of The Australian Dollar Against:","Australian Dollar Trade-weighted Index"
"2879","FXRTWI","Trade-weighted Index May 1970 = 100","AUS","AUS",1989-11-20,61,"D","Index","Indicative","RBA","Daily","Historical Daily Exchange Rates Of The Australian Dollar Against:","Australian Dollar Trade-weighted Index"
"2880","FXRTWI","Trade-weighted Index May 1970 = 100","AUS","AUS",1989-11-21,60.6,"D","Index","Indicative","RBA","Daily","Historical Daily Exchange Rates Of The Australian Dollar Against:","Australian Dollar Trade-weighted Index"
"2881","FXRTWI","Trade-weighted Index May 1970 = 100","AUS","AUS",1989-11-22,60.2,"D","Index","Indicative","RBA","Daily","Historical Daily Exchange Rates Of The Australian Dollar Against:","Australian Dollar Trade-weighted Index"
"2882","FXRTWI","Trade-weighted Index May 1970 = 100","AUS","AUS",1989-11-23,60.5,"D","Index","Indicative","RBA","Daily","Historical Daily Exchange Rates Of The Australian Dollar Against:","Australian Dollar Trade-weighted Index"
"2883","FXRTWI","Trade-weighted Index May 1970 = 100","AUS","AUS",1989-11-24,60.7,"D","Index","Indicative","RBA","Daily","Historical Daily Exchange Rates Of The Australian Dollar Against:","Australian Dollar Trade-weighted Index"
"2884","FXRTWI","Trade-weighted Index May 1970 = 100","AUS","AUS",1989-11-27,60.7,"D","Index","Indicative","RBA","Daily","Historical Daily Exchange Rates Of The Australian Dollar Against:","Australian Dollar Trade-weighted Index"
"2885","FXRTWI","Trade-weighted Index May 1970 = 100","AUS","AUS",1989-11-28,60.9,"D","Index","Indicative","RBA","Daily","Historical Daily Exchange Rates Of The Australian Dollar Against:","Australian Dollar Trade-weighted Index"
"2886","FXRTWI","Trade-weighted Index May 1970 = 100","AUS","AUS",1989-11-29,60.5,"D","Index","Indicative","RBA","Daily","Historical Daily Exchange Rates Of The Australian Dollar Against:","Australian Dollar Trade-weighted Index"
"2887","DLCACS","Credit; Total; Seasonally adjusted","AUS","AUS",1989-11-30,315.947,"M","$ billion","Seasonally Adjusted","RBA","Monthly","D2 Lending And Credit Aggregates","Credit; Total; Seasonally adjusted – Includes securitisations – For series breaks see Series Breaks"
"2888","FXRTWI","Trade-weighted Index May 1970 = 100","AUS","AUS",1989-11-30,60.4,"D","Index","Indicative","RBA","Daily","Historical Daily Exchange Rates Of The Australian Dollar Against:","Australian Dollar Trade-weighted Index"
"2889","FXRTWI","Trade-weighted Index May 1970 = 100","AUS","AUS",1989-11-30,60.4,"M","Index","Indicative","RBA","Monthly","F11 Exchange Rates","Australian Dollar Trade-weighted Index"
"2890","GRCPAISDR","Commodity prices – SDR","AUS","AUS",1989-11-30,36.2637966719545,"M","Index, 2023/24=100","Original","RBA","Monthly","I2 Commodity Prices","Index of commodity prices; All items; SDR"
"2891","A2302956R","South Australia ; STATE FINAL DEMAND ;","SA","SA",1989-12-01,15579,"Q","$ Millions","Seasonally Adjusted",NA,"Quarterly","Table 25. State Final Demand, Summary Components by State: Chain volume measures",NA
"2892","A2302984X","Western Australia ; STATE FINAL DEMAND ;","WA","WA",1989-12-01,21392,"Q","$ Millions","Seasonally Adjusted",NA,"Quarterly","Table 25. State Final Demand, Summary Components by State: Chain volume measures",NA
"2893","A2303012X","Tasmania ; STATE FINAL DEMAND ;","TAS","TAS",1989-12-01,5156,"Q","$ Millions","Seasonally Adjusted",NA,"Quarterly","Table 25. State Final Demand, Summary Components by State: Chain volume measures",NA
"2894","A2303040J","Northern Territory ; STATE FINAL DEMAND ;","NT","NT",1989-12-01,2610,"Q","$ Millions","Seasonally Adjusted",NA,"Quarterly","Table 25. State Final Demand, Summary Components by State: Chain volume measures",NA
"2895","A2303068K","Australian Capital Territory ; STATE FINAL DEMAND ;","ACT","ACT",1989-12-01,5354,"Q","$ Millions","Seasonally Adjusted",NA,"Quarterly","Table 25. State Final Demand, Summary Components by State: Chain volume measures",NA
"2896","A2303111F","New South Wales ; STATE FINAL DEMAND ;","NSW","NSW",1989-12-01,74312,"Q","$ Millions","Seasonally Adjusted",NA,"Quarterly","Table 25. State Final Demand, Summary Components by State: Chain volume measures",NA
"2897","A2303139J","Victoria ; STATE FINAL DEMAND ;","VIC","VIC",1989-12-01,53440,"Q","$ Millions","Seasonally Adjusted",NA,"Quarterly","Table 25. State Final Demand, Summary Components by State: Chain volume measures",NA
"2898","A2303187A","Queensland ; STATE FINAL DEMAND ;","QLD","QLD",1989-12-01,34541,"Q","$ Millions","Seasonally Adjusted",NA,"Quarterly","Table 25. State Final Demand, Summary Components by State: Chain volume measures",NA
"2899","A2304418T","Gross domestic product: Current prices ;","AUS","AUS",1989-12-01,100454,"Q","$ Millions","Seasonally Adjusted",NA,"Quarterly","Table 1. Key National Accounts Aggregates",NA
"2900","A2325846C","Index Numbers ; All groups CPI ; Australia ;","AUS","AUS",1989-12-01,55.2,"Q","Index Numbers","Original",NA,"Quarterly","TABLES 1 and 2. CPI: All Groups, Index Numbers and Percentage Changes",NA
"2901","A2718577A","Credits, Total goods ;","AUS","AUS",1989-12-01,3745,"M","$ Millions","Seasonally Adjusted",NA,"Monthly","TABLE 1. GOODS, Summary: Seasonally adjusted and trend estimates, Current prices",NA
"2902","A2718594C","Balance on goods ;","AUS","AUS",1989-12-01,-407,"M","$ Millions","Seasonally Adjusted",NA,"Monthly","TABLE 1. GOODS, Summary: Seasonally adjusted and trend estimates, Current prices",NA
"2903","FXRTWI","Trade-weighted Index May 1970 = 100","AUS","AUS",1989-12-01,60.5,"D","Index","Indicative","RBA","Daily","Historical Daily Exchange Rates Of The Australian Dollar Against:","Australian Dollar Trade-weighted Index"
"2904","FXRTWI","Trade-weighted Index May 1970 = 100","AUS","AUS",1989-12-04,60.5,"D","Index","Indicative","RBA","Daily","Historical Daily Exchange Rates Of The Australian Dollar Against:","Australian Dollar Trade-weighted Index"
"2905","FXRTWI","Trade-weighted Index May 1970 = 100","AUS","AUS",1989-12-05,60.5,"D","Index","Indicative","RBA","Daily","Historical Daily Exchange Rates Of The Australian Dollar Against:","Australian Dollar Trade-weighted Index"
"2906","FXRTWI","Trade-weighted Index May 1970 = 100","AUS","AUS",1989-12-06,60.5,"D","Index","Indicative","RBA","Daily","Historical Daily Exchange Rates Of The Australian Dollar Against:","Australian Dollar Trade-weighted Index"
"2907","FXRTWI","Trade-weighted Index May 1970 = 100","AUS","AUS",1989-12-07,60.6,"D","Index","Indicative","RBA","Daily","Historical Daily Exchange Rates Of The Australian Dollar Against:","Australian Dollar Trade-weighted Index"
"2908","FXRTWI","Trade-weighted Index May 1970 = 100","AUS","AUS",1989-12-08,60.5,"D","Index","Indicative","RBA","Daily","Historical Daily Exchange Rates Of The Australian Dollar Against:","Australian Dollar Trade-weighted Index"
"2909","FXRTWI","Trade-weighted Index May 1970 = 100","AUS","AUS",1989-12-11,60.6,"D","Index","Indicative","RBA","Daily","Historical Daily Exchange Rates Of The Australian Dollar Against:","Australian Dollar Trade-weighted Index"
"2910","FXRTWI","Trade-weighted Index May 1970 = 100","AUS","AUS",1989-12-12,60.7,"D","Index","Indicative","RBA","Daily","Historical Daily Exchange Rates Of The Australian Dollar Against:","Australian Dollar Trade-weighted Index"
"2911","FXRTWI","Trade-weighted Index May 1970 = 100","AUS","AUS",1989-12-13,60.4,"D","Index","Indicative","RBA","Daily","Historical Daily Exchange Rates Of The Australian Dollar Against:","Australian Dollar Trade-weighted Index"
"2912","FXRTWI","Trade-weighted Index May 1970 = 100","AUS","AUS",1989-12-14,60.4,"D","Index","Indicative","RBA","Daily","Historical Daily Exchange Rates Of The Australian Dollar Against:","Australian Dollar Trade-weighted Index"
"2913","FXRTWI","Trade-weighted Index May 1970 = 100","AUS","AUS",1989-12-15,60.3,"D","Index","Indicative","RBA","Daily","Historical Daily Exchange Rates Of The Australian Dollar Against:","Australian Dollar Trade-weighted Index"
"2914","FXRTWI","Trade-weighted Index May 1970 = 100","AUS","AUS",1989-12-18,60.6,"D","Index","Indicative","RBA","Daily","Historical Daily Exchange Rates Of The Australian Dollar Against:","Australian Dollar Trade-weighted Index"
"2915","FXRTWI","Trade-weighted Index May 1970 = 100","AUS","AUS",1989-12-19,60.7,"D","Index","Indicative","RBA","Daily","Historical Daily Exchange Rates Of The Australian Dollar Against:","Australian Dollar Trade-weighted Index"
"2916","FXRTWI","Trade-weighted Index May 1970 = 100","AUS","AUS",1989-12-20,60.8,"D","Index","Indicative","RBA","Daily","Historical Daily Exchange Rates Of The Australian Dollar Against:","Australian Dollar Trade-weighted Index"
"2917","FXRTWI","Trade-weighted Index May 1970 = 100","AUS","AUS",1989-12-21,60.8,"D","Index","Indicative","RBA","Daily","Historical Daily Exchange Rates Of The Australian Dollar Against:","Australian Dollar Trade-weighted Index"
"2918","FXRTWI","Trade-weighted Index May 1970 = 100","AUS","AUS",1989-12-22,60.9,"D","Index","Indicative","RBA","Daily","Historical Daily Exchange Rates Of The Australian Dollar Against:","Australian Dollar Trade-weighted Index"
"2919","FXRTWI","Trade-weighted Index May 1970 = 100","AUS","AUS",1989-12-27,61.1,"D","Index","Indicative","RBA","Daily","Historical Daily Exchange Rates Of The Australian Dollar Against:","Australian Dollar Trade-weighted Index"
"2920","FXRTWI","Trade-weighted Index May 1970 = 100","AUS","AUS",1989-12-28,61.1,"D","Index","Indicative","RBA","Daily","Historical Daily Exchange Rates Of The Australian Dollar Against:","Australian Dollar Trade-weighted Index"
"2921","FXRTWI","Trade-weighted Index May 1970 = 100","AUS","AUS",1989-12-29,61.1,"D","Index","Indicative","RBA","Daily","Historical Daily Exchange Rates Of The Australian Dollar Against:","Australian Dollar Trade-weighted Index"
"2922","DLCACS","Credit; Total; Seasonally adjusted","AUS","AUS",1989-12-31,318.638,"M","$ billion","Seasonally Adjusted","RBA","Monthly","D2 Lending And Credit Aggregates","Credit; Total; Seasonally adjusted – Includes securitisations – For series breaks see Series Breaks"
"2923","FXRTWI","Trade-weighted Index May 1970 = 100","AUS","AUS",1989-12-31,61.1,"M","Index","Indicative","RBA","Monthly","F11 Exchange Rates","Australian Dollar Trade-weighted Index"
"2924","GCPIOCPMTMQP","Quarterly trimmed mean inflation","AUS","AUS",1989-12-31,1.7,"Q","Per cent","Seasonally Adjusted","ABS","Quarterly","G1 Consumer Price Inflation","Consumer price index; Trimmed mean; Quarterly change (in per cent)"
"2925","GRCPAISDR","Commodity prices – SDR","AUS","AUS",1989-12-31,35.4872596530581,"M","Index, 2023/24=100","Original","RBA","Monthly","I2 Commodity Prices","Index of commodity prices; All items; SDR"
"2926","A2718577A","Credits, Total goods ;","AUS","AUS",1990-01-01,4013,"M","$ Millions","Seasonally Adjusted",NA,"Monthly","TABLE 1. GOODS, Summary: Seasonally adjusted and trend estimates, Current prices",NA
"2927","A2718594C","Balance on goods ;","AUS","AUS",1990-01-01,-614,"M","$ Millions","Seasonally Adjusted",NA,"Monthly","TABLE 1. GOODS, Summary: Seasonally adjusted and trend estimates, Current prices",NA
"2928","FXRTWI","Trade-weighted Index May 1970 = 100","AUS","AUS",1990-01-02,60.8,"D","Index","Indicative","RBA","Daily","Historical Daily Exchange Rates Of The Australian Dollar Against:","Australian Dollar Trade-weighted Index"
"2929","FXRTWI","Trade-weighted Index May 1970 = 100","AUS","AUS",1990-01-03,61,"D","Index","Indicative","RBA","Daily","Historical Daily Exchange Rates Of The Australian Dollar Against:","Australian Dollar Trade-weighted Index"
"2930","FXRTWI","Trade-weighted Index May 1970 = 100","AUS","AUS",1990-01-04,60.7,"D","Index","Indicative","RBA","Daily","Historical Daily Exchange Rates Of The Australian Dollar Against:","Australian Dollar Trade-weighted Index"
"2931","FXRTWI","Trade-weighted Index May 1970 = 100","AUS","AUS",1990-01-05,60.5,"D","Index","Indicative","RBA","Daily","Historical Daily Exchange Rates Of The Australian Dollar Against:","Australian Dollar Trade-weighted Index"
"2932","FXRTWI","Trade-weighted Index May 1970 = 100","AUS","AUS",1990-01-08,60.4,"D","Index","Indicative","RBA","Daily","Historical Daily Exchange Rates Of The Australian Dollar Against:","Australian Dollar Trade-weighted Index"
"2933","FXRTWI","Trade-weighted Index May 1970 = 100","AUS","AUS",1990-01-09,60.6,"D","Index","Indicative","RBA","Daily","Historical Daily Exchange Rates Of The Australian Dollar Against:","Australian Dollar Trade-weighted Index"
"2934","FXRTWI","Trade-weighted Index May 1970 = 100","AUS","AUS",1990-01-10,60.7,"D","Index","Indicative","RBA","Daily","Historical Daily Exchange Rates Of The Australian Dollar Against:","Australian Dollar Trade-weighted Index"
"2935","FXRTWI","Trade-weighted Index May 1970 = 100","AUS","AUS",1990-01-11,61.1,"D","Index","Indicative","RBA","Daily","Historical Daily Exchange Rates Of The Australian Dollar Against:","Australian Dollar Trade-weighted Index"
"2936","FXRTWI","Trade-weighted Index May 1970 = 100","AUS","AUS",1990-01-12,61.1,"D","Index","Indicative","RBA","Daily","Historical Daily Exchange Rates Of The Australian Dollar Against:","Australian Dollar Trade-weighted Index"
"2937","FXRTWI","Trade-weighted Index May 1970 = 100","AUS","AUS",1990-01-15,61.1,"D","Index","Indicative","RBA","Daily","Historical Daily Exchange Rates Of The Australian Dollar Against:","Australian Dollar Trade-weighted Index"
"2938","FXRTWI","Trade-weighted Index May 1970 = 100","AUS","AUS",1990-01-16,61,"D","Index","Indicative","RBA","Daily","Historical Daily Exchange Rates Of The Australian Dollar Against:","Australian Dollar Trade-weighted Index"
"2939","FXRTWI","Trade-weighted Index May 1970 = 100","AUS","AUS",1990-01-17,61,"D","Index","Indicative","RBA","Daily","Historical Daily Exchange Rates Of The Australian Dollar Against:","Australian Dollar Trade-weighted Index"
"2940","FXRTWI","Trade-weighted Index May 1970 = 100","AUS","AUS",1990-01-18,61.4,"D","Index","Indicative","RBA","Daily","Historical Daily Exchange Rates Of The Australian Dollar Against:","Australian Dollar Trade-weighted Index"
"2941","FXRTWI","Trade-weighted Index May 1970 = 100","AUS","AUS",1990-01-19,61.6,"D","Index","Indicative","RBA","Daily","Historical Daily Exchange Rates Of The Australian Dollar Against:","Australian Dollar Trade-weighted Index"
"2942","FXRTWI","Trade-weighted Index May 1970 = 100","AUS","AUS",1990-01-22,61.5,"D","Index","Indicative","RBA","Daily","Historical Daily Exchange Rates Of The Australian Dollar Against:","Australian Dollar Trade-weighted Index"
"2943","FXRTWI","Trade-weighted Index May 1970 = 100","AUS","AUS",1990-01-23,60.6,"D","Index","Indicative","RBA","Daily","Historical Daily Exchange Rates Of The Australian Dollar Against:","Australian Dollar Trade-weighted Index"
"2944","FXRTWI","Trade-weighted Index May 1970 = 100","AUS","AUS",1990-01-24,59.5,"D","Index","Indicative","RBA","Daily","Historical Daily Exchange Rates Of The Australian Dollar Against:","Australian Dollar Trade-weighted Index"
"2945","FXRTWI","Trade-weighted Index May 1970 = 100","AUS","AUS",1990-01-25,59.2,"D","Index","Indicative","RBA","Daily","Historical Daily Exchange Rates Of The Australian Dollar Against:","Australian Dollar Trade-weighted Index"
"2946","FXRTWI","Trade-weighted Index May 1970 = 100","AUS","AUS",1990-01-26,58.5,"D","Index","Indicative","RBA","Daily","Historical Daily Exchange Rates Of The Australian Dollar Against:","Australian Dollar Trade-weighted Index"
"2947","FXRTWI","Trade-weighted Index May 1970 = 100","AUS","AUS",1990-01-29,58.4,"D","Index","Indicative","RBA","Daily","Historical Daily Exchange Rates Of The Australian Dollar Against:","Australian Dollar Trade-weighted Index"
"2948","FXRTWI","Trade-weighted Index May 1970 = 100","AUS","AUS",1990-01-30,58.6,"D","Index","Indicative","RBA","Daily","Historical Daily Exchange Rates Of The Australian Dollar Against:","Australian Dollar Trade-weighted Index"
"2949","DLCACS","Credit; Total; Seasonally adjusted","AUS","AUS",1990-01-31,319.894,"M","$ billion","Seasonally Adjusted","RBA","Monthly","D2 Lending And Credit Aggregates","Credit; Total; Seasonally adjusted – Includes securitisations – For series breaks see Series Breaks"
"2950","FXRTWI","Trade-weighted Index May 1970 = 100","AUS","AUS",1990-01-31,59.4,"D","Index","Indicative","RBA","Daily","Historical Daily Exchange Rates Of The Australian Dollar Against:","Australian Dollar Trade-weighted Index"
"2951","FXRTWI","Trade-weighted Index May 1970 = 100","AUS","AUS",1990-01-31,59.4,"M","Index","Indicative","RBA","Monthly","F11 Exchange Rates","Australian Dollar Trade-weighted Index"
"2952","GRCPAISDR","Commodity prices – SDR","AUS","AUS",1990-01-31,34.8206722011476,"M","Index, 2023/24=100","Original","RBA","Monthly","I2 Commodity Prices","Index of commodity prices; All items; SDR"
"2953","A2718577A","Credits, Total goods ;","AUS","AUS",1990-02-01,4353,"M","$ Millions","Seasonally Adjusted",NA,"Monthly","TABLE 1. GOODS, Summary: Seasonally adjusted and trend estimates, Current prices",NA
"2954","A2718594C","Balance on goods ;","AUS","AUS",1990-02-01,273,"M","$ Millions","Seasonally Adjusted",NA,"Monthly","TABLE 1. GOODS, Summary: Seasonally adjusted and trend estimates, Current prices",NA
"2955","FXRTWI","Trade-weighted Index May 1970 = 100","AUS","AUS",1990-02-01,59.1,"D","Index","Indicative","RBA","Daily","Historical Daily Exchange Rates Of The Australian Dollar Against:","Australian Dollar Trade-weighted Index"
"2956","FXRTWI","Trade-weighted Index May 1970 = 100","AUS","AUS",1990-02-02,59.5,"D","Index","Indicative","RBA","Daily","Historical Daily Exchange Rates Of The Australian Dollar Against:","Australian Dollar Trade-weighted Index"
"2957","FXRTWI","Trade-weighted Index May 1970 = 100","AUS","AUS",1990-02-05,59.4,"D","Index","Indicative","RBA","Daily","Historical Daily Exchange Rates Of The Australian Dollar Against:","Australian Dollar Trade-weighted Index"
"2958","FXRTWI","Trade-weighted Index May 1970 = 100","AUS","AUS",1990-02-06,58.9,"D","Index","Indicative","RBA","Daily","Historical Daily Exchange Rates Of The Australian Dollar Against:","Australian Dollar Trade-weighted Index"
"2959","FXRTWI","Trade-weighted Index May 1970 = 100","AUS","AUS",1990-02-07,58.6,"D","Index","Indicative","RBA","Daily","Historical Daily Exchange Rates Of The Australian Dollar Against:","Australian Dollar Trade-weighted Index"
"2960","FXRTWI","Trade-weighted Index May 1970 = 100","AUS","AUS",1990-02-08,57.9,"D","Index","Indicative","RBA","Daily","Historical Daily Exchange Rates Of The Australian Dollar Against:","Australian Dollar Trade-weighted Index"
"2961","FXRTWI","Trade-weighted Index May 1970 = 100","AUS","AUS",1990-02-09,58,"D","Index","Indicative","RBA","Daily","Historical Daily Exchange Rates Of The Australian Dollar Against:","Australian Dollar Trade-weighted Index"
"2962","FXRTWI","Trade-weighted Index May 1970 = 100","AUS","AUS",1990-02-12,57.9,"D","Index","Indicative","RBA","Daily","Historical Daily Exchange Rates Of The Australian Dollar Against:","Australian Dollar Trade-weighted Index"
"2963","FXRTWI","Trade-weighted Index May 1970 = 100","AUS","AUS",1990-02-13,58.1,"D","Index","Indicative","RBA","Daily","Historical Daily Exchange Rates Of The Australian Dollar Against:","Australian Dollar Trade-weighted Index"
"2964","FXRTWI","Trade-weighted Index May 1970 = 100","AUS","AUS",1990-02-14,57.7,"D","Index","Indicative","RBA","Daily","Historical Daily Exchange Rates Of The Australian Dollar Against:","Australian Dollar Trade-weighted Index"
"2965","FXRTWI","Trade-weighted Index May 1970 = 100","AUS","AUS",1990-02-15,57.6,"D","Index","Indicative","RBA","Daily","Historical Daily Exchange Rates Of The Australian Dollar Against:","Australian Dollar Trade-weighted Index"
"2966","FXRTWI","Trade-weighted Index May 1970 = 100","AUS","AUS",1990-02-16,58.3,"D","Index","Indicative","RBA","Daily","Historical Daily Exchange Rates Of The Australian Dollar Against:","Australian Dollar Trade-weighted Index"
"2967","FXRTWI","Trade-weighted Index May 1970 = 100","AUS","AUS",1990-02-19,58.5,"D","Index","Indicative","RBA","Daily","Historical Daily Exchange Rates Of The Australian Dollar Against:","Australian Dollar Trade-weighted Index"
"2968","FXRTWI","Trade-weighted Index May 1970 = 100","AUS","AUS",1990-02-20,58.5,"D","Index","Indicative","RBA","Daily","Historical Daily Exchange Rates Of The Australian Dollar Against:","Australian Dollar Trade-weighted Index"
"2969","FXRTWI","Trade-weighted Index May 1970 = 100","AUS","AUS",1990-02-21,58.3,"D","Index","Indicative","RBA","Daily","Historical Daily Exchange Rates Of The Australian Dollar Against:","Australian Dollar Trade-weighted Index"
"2970","FXRTWI","Trade-weighted Index May 1970 = 100","AUS","AUS",1990-02-22,59.1,"D","Index","Indicative","RBA","Daily","Historical Daily Exchange Rates Of The Australian Dollar Against:","Australian Dollar Trade-weighted Index"
"2971","FXRTWI","Trade-weighted Index May 1970 = 100","AUS","AUS",1990-02-23,58.8,"D","Index","Indicative","RBA","Daily","Historical Daily Exchange Rates Of The Australian Dollar Against:","Australian Dollar Trade-weighted Index"
"2972","FXRTWI","Trade-weighted Index May 1970 = 100","AUS","AUS",1990-02-26,59.3,"D","Index","Indicative","RBA","Daily","Historical Daily Exchange Rates Of The Australian Dollar Against:","Australian Dollar Trade-weighted Index"
"2973","FXRTWI","Trade-weighted Index May 1970 = 100","AUS","AUS",1990-02-27,59.6,"D","Index","Indicative","RBA","Daily","Historical Daily Exchange Rates Of The Australian Dollar Against:","Australian Dollar Trade-weighted Index"
"2974","DLCACS","Credit; Total; Seasonally adjusted","AUS","AUS",1990-02-28,324.254,"M","$ billion","Seasonally Adjusted","RBA","Monthly","D2 Lending And Credit Aggregates","Credit; Total; Seasonally adjusted – Includes securitisations – For series breaks see Series Breaks"
"2975","FXRTWI","Trade-weighted Index May 1970 = 100","AUS","AUS",1990-02-28,59,"D","Index","Indicative","RBA","Daily","Historical Daily Exchange Rates Of The Australian Dollar Against:","Australian Dollar Trade-weighted Index"
"2976","FXRTWI","Trade-weighted Index May 1970 = 100","AUS","AUS",1990-02-28,59,"M","Index","Indicative","RBA","Monthly","F11 Exchange Rates","Australian Dollar Trade-weighted Index"
"2977","GRCPAISDR","Commodity prices – SDR","AUS","AUS",1990-02-28,33.9413023661757,"M","Index, 2023/24=100","Original","RBA","Monthly","I2 Commodity Prices","Index of commodity prices; All items; SDR"
"2978","A2302956R","South Australia ; STATE FINAL DEMAND ;","SA","SA",1990-03-01,15970,"Q","$ Millions","Seasonally Adjusted",NA,"Quarterly","Table 25. State Final Demand, Summary Components by State: Chain volume measures",NA
"2979","A2302984X","Western Australia ; STATE FINAL DEMAND ;","WA","WA",1990-03-01,21610,"Q","$ Millions","Seasonally Adjusted",NA,"Quarterly","Table 25. State Final Demand, Summary Components by State: Chain volume measures",NA
"2980","A2303012X","Tasmania ; STATE FINAL DEMAND ;","TAS","TAS",1990-03-01,5316,"Q","$ Millions","Seasonally Adjusted",NA,"Quarterly","Table 25. State Final Demand, Summary Components by State: Chain volume measures",NA
"2981","A2303040J","Northern Territory ; STATE FINAL DEMAND ;","NT","NT",1990-03-01,2562,"Q","$ Millions","Seasonally Adjusted",NA,"Quarterly","Table 25. State Final Demand, Summary Components by State: Chain volume measures",NA
"2982","A2303068K","Australian Capital Territory ; STATE FINAL DEMAND ;","ACT","ACT",1990-03-01,5374,"Q","$ Millions","Seasonally Adjusted",NA,"Quarterly","Table 25. State Final Demand, Summary Components by State: Chain volume measures",NA
"2983","A2303111F","New South Wales ; STATE FINAL DEMAND ;","NSW","NSW",1990-03-01,75383,"Q","$ Millions","Seasonally Adjusted",NA,"Quarterly","Table 25. State Final Demand, Summary Components by State: Chain volume measures",NA
"2984","A2303139J","Victoria ; STATE FINAL DEMAND ;","VIC","VIC",1990-03-01,53393,"Q","$ Millions","Seasonally Adjusted",NA,"Quarterly","Table 25. State Final Demand, Summary Components by State: Chain volume measures",NA
"2985","A2303187A","Queensland ; STATE FINAL DEMAND ;","QLD","QLD",1990-03-01,34979,"Q","$ Millions","Seasonally Adjusted",NA,"Quarterly","Table 25. State Final Demand, Summary Components by State: Chain volume measures",NA
"2986","A2304418T","Gross domestic product: Current prices ;","AUS","AUS",1990-03-01,102270,"Q","$ Millions","Seasonally Adjusted",NA,"Quarterly","Table 1. Key National Accounts Aggregates",NA
"2987","A2325846C","Index Numbers ; All groups CPI ; Australia ;","AUS","AUS",1990-03-01,56.2,"Q","Index Numbers","Original",NA,"Quarterly","TABLES 1 and 2. CPI: All Groups, Index Numbers and Percentage Changes",NA
"2988","A2718577A","Credits, Total goods ;","AUS","AUS",1990-03-01,4262,"M","$ Millions","Seasonally Adjusted",NA,"Monthly","TABLE 1. GOODS, Summary: Seasonally adjusted and trend estimates, Current prices",NA
"2989","A2718594C","Balance on goods ;","AUS","AUS",1990-03-01,7,"M","$ Millions","Seasonally Adjusted",NA,"Monthly","TABLE 1. GOODS, Summary: Seasonally adjusted and trend estimates, Current prices",NA
"2990","FXRTWI","Trade-weighted Index May 1970 = 100","AUS","AUS",1990-03-01,59.2,"D","Index","Indicative","RBA","Daily","Historical Daily Exchange Rates Of The Australian Dollar Against:","Australian Dollar Trade-weighted Index"
"2991","FXRTWI","Trade-weighted Index May 1970 = 100","AUS","AUS",1990-03-02,59.7,"D","Index","Indicative","RBA","Daily","Historical Daily Exchange Rates Of The Australian Dollar Against:","Australian Dollar Trade-weighted Index"
"2992","FXRTWI","Trade-weighted Index May 1970 = 100","AUS","AUS",1990-03-05,59.3,"D","Index","Indicative","RBA","Daily","Historical Daily Exchange Rates Of The Australian Dollar Against:","Australian Dollar Trade-weighted Index"
"2993","FXRTWI","Trade-weighted Index May 1970 = 100","AUS","AUS",1990-03-06,59.3,"D","Index","Indicative","RBA","Daily","Historical Daily Exchange Rates Of The Australian Dollar Against:","Australian Dollar Trade-weighted Index"
"2994","FXRTWI","Trade-weighted Index May 1970 = 100","AUS","AUS",1990-03-07,59.5,"D","Index","Indicative","RBA","Daily","Historical Daily Exchange Rates Of The Australian Dollar Against:","Australian Dollar Trade-weighted Index"
"2995","FXRTWI","Trade-weighted Index May 1970 = 100","AUS","AUS",1990-03-08,59.5,"D","Index","Indicative","RBA","Daily","Historical Daily Exchange Rates Of The Australian Dollar Against:","Australian Dollar Trade-weighted Index"
"2996","FXRTWI","Trade-weighted Index May 1970 = 100","AUS","AUS",1990-03-09,59.5,"D","Index","Indicative","RBA","Daily","Historical Daily Exchange Rates Of The Australian Dollar Against:","Australian Dollar Trade-weighted Index"
"2997","FXRTWI","Trade-weighted Index May 1970 = 100","AUS","AUS",1990-03-12,59.6,"D","Index","Indicative","RBA","Daily","Historical Daily Exchange Rates Of The Australian Dollar Against:","Australian Dollar Trade-weighted Index"
"2998","FXRTWI","Trade-weighted Index May 1970 = 100","AUS","AUS",1990-03-13,59.7,"D","Index","Indicative","RBA","Daily","Historical Daily Exchange Rates Of The Australian Dollar Against:","Australian Dollar Trade-weighted Index"
"2999","FXRTWI","Trade-weighted Index May 1970 = 100","AUS","AUS",1990-03-14,60.1,"D","Index","Indicative","RBA","Daily","Historical Daily Exchange Rates Of The Australian Dollar Against:","Australian Dollar Trade-weighted Index"
"3000","FXRTWI","Trade-weighted Index May 1970 = 100","AUS","AUS",1990-03-15,59.7,"D","Index","Indicative","RBA","Daily","Historical Daily Exchange Rates Of The Australian Dollar Against:","Australian Dollar Trade-weighted Index"
"3001","FXRTWI","Trade-weighted Index May 1970 = 100","AUS","AUS",1990-03-16,59.3,"D","Index","Indicative","RBA","Daily","Historical Daily Exchange Rates Of The Australian Dollar Against:","Australian Dollar Trade-weighted Index"
"3002","FXRTWI","Trade-weighted Index May 1970 = 100","AUS","AUS",1990-03-19,59.2,"D","Index","Indicative","RBA","Daily","Historical Daily Exchange Rates Of The Australian Dollar Against:","Australian Dollar Trade-weighted Index"
"3003","FXRTWI","Trade-weighted Index May 1970 = 100","AUS","AUS",1990-03-20,59.6,"D","Index","Indicative","RBA","Daily","Historical Daily Exchange Rates Of The Australian Dollar Against:","Australian Dollar Trade-weighted Index"
"3004","FXRTWI","Trade-weighted Index May 1970 = 100","AUS","AUS",1990-03-21,59.5,"D","Index","Indicative","RBA","Daily","Historical Daily Exchange Rates Of The Australian Dollar Against:","Australian Dollar Trade-weighted Index"
"3005","FXRTWI","Trade-weighted Index May 1970 = 100","AUS","AUS",1990-03-22,59.5,"D","Index","Indicative","RBA","Daily","Historical Daily Exchange Rates Of The Australian Dollar Against:","Australian Dollar Trade-weighted Index"
"3006","FXRTWI","Trade-weighted Index May 1970 = 100","AUS","AUS",1990-03-23,59.3,"D","Index","Indicative","RBA","Daily","Historical Daily Exchange Rates Of The Australian Dollar Against:","Australian Dollar Trade-weighted Index"
"3007","FXRTWI","Trade-weighted Index May 1970 = 100","AUS","AUS",1990-03-26,59.2,"D","Index","Indicative","RBA","Daily","Historical Daily Exchange Rates Of The Australian Dollar Against:","Australian Dollar Trade-weighted Index"
"3008","FXRTWI","Trade-weighted Index May 1970 = 100","AUS","AUS",1990-03-27,59.2,"D","Index","Indicative","RBA","Daily","Historical Daily Exchange Rates Of The Australian Dollar Against:","Australian Dollar Trade-weighted Index"
"3009","FXRTWI","Trade-weighted Index May 1970 = 100","AUS","AUS",1990-03-28,59.5,"D","Index","Indicative","RBA","Daily","Historical Daily Exchange Rates Of The Australian Dollar Against:","Australian Dollar Trade-weighted Index"
"3010","FXRTWI","Trade-weighted Index May 1970 = 100","AUS","AUS",1990-03-29,59.3,"D","Index","Indicative","RBA","Daily","Historical Daily Exchange Rates Of The Australian Dollar Against:","Australian Dollar Trade-weighted Index"
"3011","FXRTWI","Trade-weighted Index May 1970 = 100","AUS","AUS",1990-03-30,59.8,"D","Index","Indicative","RBA","Daily","Historical Daily Exchange Rates Of The Australian Dollar Against:","Australian Dollar Trade-weighted Index"
"3012","DLCACS","Credit; Total; Seasonally adjusted","AUS","AUS",1990-03-31,328.96,"M","$ billion","Seasonally Adjusted","RBA","Monthly","D2 Lending And Credit Aggregates","Credit; Total; Seasonally adjusted – Includes securitisations – For series breaks see Series Breaks"
"3013","FXRTWI","Trade-weighted Index May 1970 = 100","AUS","AUS",1990-03-31,59.8,"M","Index","Indicative","RBA","Monthly","F11 Exchange Rates","Australian Dollar Trade-weighted Index"
"3014","GCPIOCPMTMQP","Quarterly trimmed mean inflation","AUS","AUS",1990-03-31,1.7,"Q","Per cent","Seasonally Adjusted","ABS","Quarterly","G1 Consumer Price Inflation","Consumer price index; Trimmed mean; Quarterly change (in per cent)"
"3015","GRCPAISDR","Commodity prices – SDR","AUS","AUS",1990-03-31,34.8047417068414,"M","Index, 2023/24=100","Original","RBA","Monthly","I2 Commodity Prices","Index of commodity prices; All items; SDR"
"3016","A2718577A","Credits, Total goods ;","AUS","AUS",1990-04-01,4132,"M","$ Millions","Seasonally Adjusted",NA,"Monthly","TABLE 1. GOODS, Summary: Seasonally adjusted and trend estimates, Current prices",NA
"3017","A2718594C","Balance on goods ;","AUS","AUS",1990-04-01,-15,"M","$ Millions","Seasonally Adjusted",NA,"Monthly","TABLE 1. GOODS, Summary: Seasonally adjusted and trend estimates, Current prices",NA
"3018","FXRTWI","Trade-weighted Index May 1970 = 100","AUS","AUS",1990-04-02,60.3,"D","Index","Indicative","RBA","Daily","Historical Daily Exchange Rates Of The Australian Dollar Against:","Australian Dollar Trade-weighted Index"
"3019","FXRTWI","Trade-weighted Index May 1970 = 100","AUS","AUS",1990-04-03,60.5,"D","Index","Indicative","RBA","Daily","Historical Daily Exchange Rates Of The Australian Dollar Against:","Australian Dollar Trade-weighted Index"
"3020","FXRTWI","Trade-weighted Index May 1970 = 100","AUS","AUS",1990-04-04,60.8,"D","Index","Indicative","RBA","Daily","Historical Daily Exchange Rates Of The Australian Dollar Against:","Australian Dollar Trade-weighted Index"
"3021","FXRTWI","Trade-weighted Index May 1970 = 100","AUS","AUS",1990-04-05,60.7,"D","Index","Indicative","RBA","Daily","Historical Daily Exchange Rates Of The Australian Dollar Against:","Australian Dollar Trade-weighted Index"
"3022","FXRTWI","Trade-weighted Index May 1970 = 100","AUS","AUS",1990-04-06,60.7,"D","Index","Indicative","RBA","Daily","Historical Daily Exchange Rates Of The Australian Dollar Against:","Australian Dollar Trade-weighted Index"
"3023","FXRTWI","Trade-weighted Index May 1970 = 100","AUS","AUS",1990-04-09,60.6,"D","Index","Indicative","RBA","Daily","Historical Daily Exchange Rates Of The Australian Dollar Against:","Australian Dollar Trade-weighted Index"
"3024","FXRTWI","Trade-weighted Index May 1970 = 100","AUS","AUS",1990-04-10,60.7,"D","Index","Indicative","RBA","Daily","Historical Daily Exchange Rates Of The Australian Dollar Against:","Australian Dollar Trade-weighted Index"
"3025","FXRTWI","Trade-weighted Index May 1970 = 100","AUS","AUS",1990-04-11,60.4,"D","Index","Indicative","RBA","Daily","Historical Daily Exchange Rates Of The Australian Dollar Against:","Australian Dollar Trade-weighted Index"
"3026","FXRTWI","Trade-weighted Index May 1970 = 100","AUS","AUS",1990-04-12,60.7,"D","Index","Indicative","RBA","Daily","Historical Daily Exchange Rates Of The Australian Dollar Against:","Australian Dollar Trade-weighted Index"
"3027","FXRTWI","Trade-weighted Index May 1970 = 100","AUS","AUS",1990-04-17,60.8,"D","Index","Indicative","RBA","Daily","Historical Daily Exchange Rates Of The Australian Dollar Against:","Australian Dollar Trade-weighted Index"
"3028","FXRTWI","Trade-weighted Index May 1970 = 100","AUS","AUS",1990-04-18,60.9,"D","Index","Indicative","RBA","Daily","Historical Daily Exchange Rates Of The Australian Dollar Against:","Australian Dollar Trade-weighted Index"
"3029","FXRTWI","Trade-weighted Index May 1970 = 100","AUS","AUS",1990-04-19,61,"D","Index","Indicative","RBA","Daily","Historical Daily Exchange Rates Of The Australian Dollar Against:","Australian Dollar Trade-weighted Index"
"3030","FXRTWI","Trade-weighted Index May 1970 = 100","AUS","AUS",1990-04-20,61.1,"D","Index","Indicative","RBA","Daily","Historical Daily Exchange Rates Of The Australian Dollar Against:","Australian Dollar Trade-weighted Index"
"3031","FXRTWI","Trade-weighted Index May 1970 = 100","AUS","AUS",1990-04-23,60.9,"D","Index","Indicative","RBA","Daily","Historical Daily Exchange Rates Of The Australian Dollar Against:","Australian Dollar Trade-weighted Index"
"3032","FXRTWI","Trade-weighted Index May 1970 = 100","AUS","AUS",1990-04-24,60.8,"D","Index","Indicative","RBA","Daily","Historical Daily Exchange Rates Of The Australian Dollar Against:","Australian Dollar Trade-weighted Index"
"3033","FXRTWI","Trade-weighted Index May 1970 = 100","AUS","AUS",1990-04-26,60.4,"D","Index","Indicative","RBA","Daily","Historical Daily Exchange Rates Of The Australian Dollar Against:","Australian Dollar Trade-weighted Index"
"3034","FXRTWI","Trade-weighted Index May 1970 = 100","AUS","AUS",1990-04-27,59.8,"D","Index","Indicative","RBA","Daily","Historical Daily Exchange Rates Of The Australian Dollar Against:","Australian Dollar Trade-weighted Index"
"3035","DLCACS","Credit; Total; Seasonally adjusted","AUS","AUS",1990-04-30,333.565,"M","$ billion","Seasonally Adjusted","RBA","Monthly","D2 Lending And Credit Aggregates","Credit; Total; Seasonally adjusted – Includes securitisations – For series breaks see Series Breaks"
"3036","FXRTWI","Trade-weighted Index May 1970 = 100","AUS","AUS",1990-04-30,59.6,"D","Index","Indicative","RBA","Daily","Historical Daily Exchange Rates Of The Australian Dollar Against:","Australian Dollar Trade-weighted Index"
"3037","FXRTWI","Trade-weighted Index May 1970 = 100","AUS","AUS",1990-04-30,59.6,"M","Index","Indicative","RBA","Monthly","F11 Exchange Rates","Australian Dollar Trade-weighted Index"
"3038","GRCPAISDR","Commodity prices – SDR","AUS","AUS",1990-04-30,35.0295168163664,"M","Index, 2023/24=100","Original","RBA","Monthly","I2 Commodity Prices","Index of commodity prices; All items; SDR"
"3039","A2718577A","Credits, Total goods ;","AUS","AUS",1990-05-01,4135,"M","$ Millions","Seasonally Adjusted",NA,"Monthly","TABLE 1. GOODS, Summary: Seasonally adjusted and trend estimates, Current prices",NA
"3040","A2718594C","Balance on goods ;","AUS","AUS",1990-05-01,175,"M","$ Millions","Seasonally Adjusted",NA,"Monthly","TABLE 1. GOODS, Summary: Seasonally adjusted and trend estimates, Current prices",NA
"3041","FXRTWI","Trade-weighted Index May 1970 = 100","AUS","AUS",1990-05-01,59.3,"D","Index","Indicative","RBA","Daily","Historical Daily Exchange Rates Of The Australian Dollar Against:","Australian Dollar Trade-weighted Index"
"3042","FXRTWI","Trade-weighted Index May 1970 = 100","AUS","AUS",1990-05-02,59.6,"D","Index","Indicative","RBA","Daily","Historical Daily Exchange Rates Of The Australian Dollar Against:","Australian Dollar Trade-weighted Index"
"3043","FXRTWI","Trade-weighted Index May 1970 = 100","AUS","AUS",1990-05-03,59.9,"D","Index","Indicative","RBA","Daily","Historical Daily Exchange Rates Of The Australian Dollar Against:","Australian Dollar Trade-weighted Index"
"3044","FXRTWI","Trade-weighted Index May 1970 = 100","AUS","AUS",1990-05-04,59.8,"D","Index","Indicative","RBA","Daily","Historical Daily Exchange Rates Of The Australian Dollar Against:","Australian Dollar Trade-weighted Index"
"3045","FXRTWI","Trade-weighted Index May 1970 = 100","AUS","AUS",1990-05-07,59.6,"D","Index","Indicative","RBA","Daily","Historical Daily Exchange Rates Of The Australian Dollar Against:","Australian Dollar Trade-weighted Index"
"3046","FXRTWI","Trade-weighted Index May 1970 = 100","AUS","AUS",1990-05-08,59.7,"D","Index","Indicative","RBA","Daily","Historical Daily Exchange Rates Of The Australian Dollar Against:","Australian Dollar Trade-weighted Index"
"3047","FXRTWI","Trade-weighted Index May 1970 = 100","AUS","AUS",1990-05-09,59.7,"D","Index","Indicative","RBA","Daily","Historical Daily Exchange Rates Of The Australian Dollar Against:","Australian Dollar Trade-weighted Index"
"3048","FXRTWI","Trade-weighted Index May 1970 = 100","AUS","AUS",1990-05-10,59.6,"D","Index","Indicative","RBA","Daily","Historical Daily Exchange Rates Of The Australian Dollar Against:","Australian Dollar Trade-weighted Index"
"3049","FXRTWI","Trade-weighted Index May 1970 = 100","AUS","AUS",1990-05-11,59.6,"D","Index","Indicative","RBA","Daily","Historical Daily Exchange Rates Of The Australian Dollar Against:","Australian Dollar Trade-weighted Index"
"3050","FXRTWI","Trade-weighted Index May 1970 = 100","AUS","AUS",1990-05-14,59.6,"D","Index","Indicative","RBA","Daily","Historical Daily Exchange Rates Of The Australian Dollar Against:","Australian Dollar Trade-weighted Index"
"3051","FXRTWI","Trade-weighted Index May 1970 = 100","AUS","AUS",1990-05-15,59.9,"D","Index","Indicative","RBA","Daily","Historical Daily Exchange Rates Of The Australian Dollar Against:","Australian Dollar Trade-weighted Index"
"3052","FXRTWI","Trade-weighted Index May 1970 = 100","AUS","AUS",1990-05-16,59.7,"D","Index","Indicative","RBA","Daily","Historical Daily Exchange Rates Of The Australian Dollar Against:","Australian Dollar Trade-weighted Index"
"3053","FXRTWI","Trade-weighted Index May 1970 = 100","AUS","AUS",1990-05-17,59.6,"D","Index","Indicative","RBA","Daily","Historical Daily Exchange Rates Of The Australian Dollar Against:","Australian Dollar Trade-weighted Index"
"3054","FXRTWI","Trade-weighted Index May 1970 = 100","AUS","AUS",1990-05-18,59.6,"D","Index","Indicative","RBA","Daily","Historical Daily Exchange Rates Of The Australian Dollar Against:","Australian Dollar Trade-weighted Index"
"3055","FXRTWI","Trade-weighted Index May 1970 = 100","AUS","AUS",1990-05-21,59.8,"D","Index","Indicative","RBA","Daily","Historical Daily Exchange Rates Of The Australian Dollar Against:","Australian Dollar Trade-weighted Index"
"3056","FXRTWI","Trade-weighted Index May 1970 = 100","AUS","AUS",1990-05-22,59.9,"D","Index","Indicative","RBA","Daily","Historical Daily Exchange Rates Of The Australian Dollar Against:","Australian Dollar Trade-weighted Index"
"3057","FXRTWI","Trade-weighted Index May 1970 = 100","AUS","AUS",1990-05-23,60,"D","Index","Indicative","RBA","Daily","Historical Daily Exchange Rates Of The Australian Dollar Against:","Australian Dollar Trade-weighted Index"
"3058","FXRTWI","Trade-weighted Index May 1970 = 100","AUS","AUS",1990-05-24,59.8,"D","Index","Indicative","RBA","Daily","Historical Daily Exchange Rates Of The Australian Dollar Against:","Australian Dollar Trade-weighted Index"
"3059","FXRTWI","Trade-weighted Index May 1970 = 100","AUS","AUS",1990-05-25,59.7,"D","Index","Indicative","RBA","Daily","Historical Daily Exchange Rates Of The Australian Dollar Against:","Australian Dollar Trade-weighted Index"
"3060","FXRTWI","Trade-weighted Index May 1970 = 100","AUS","AUS",1990-05-28,60,"D","Index","Indicative","RBA","Daily","Historical Daily Exchange Rates Of The Australian Dollar Against:","Australian Dollar Trade-weighted Index"
"3061","FXRTWI","Trade-weighted Index May 1970 = 100","AUS","AUS",1990-05-29,59.8,"D","Index","Indicative","RBA","Daily","Historical Daily Exchange Rates Of The Australian Dollar Against:","Australian Dollar Trade-weighted Index"
"3062","FXRTWI","Trade-weighted Index May 1970 = 100","AUS","AUS",1990-05-30,60.3,"D","Index","Indicative","RBA","Daily","Historical Daily Exchange Rates Of The Australian Dollar Against:","Australian Dollar Trade-weighted Index"
"3063","DLCACS","Credit; Total; Seasonally adjusted","AUS","AUS",1990-05-31,334.718,"M","$ billion","Seasonally Adjusted","RBA","Monthly","D2 Lending And Credit Aggregates","Credit; Total; Seasonally adjusted – Includes securitisations – For series breaks see Series Breaks"
"3064","FXRTWI","Trade-weighted Index May 1970 = 100","AUS","AUS",1990-05-31,60.2,"D","Index","Indicative","RBA","Daily","Historical Daily Exchange Rates Of The Australian Dollar Against:","Australian Dollar Trade-weighted Index"
"3065","FXRTWI","Trade-weighted Index May 1970 = 100","AUS","AUS",1990-05-31,60.2,"M","Index","Indicative","RBA","Monthly","F11 Exchange Rates","Australian Dollar Trade-weighted Index"
"3066","GRCPAISDR","Commodity prices – SDR","AUS","AUS",1990-05-31,34.4008296517207,"M","Index, 2023/24=100","Original","RBA","Monthly","I2 Commodity Prices","Index of commodity prices; All items; SDR"
"3067","A2302956R","South Australia ; STATE FINAL DEMAND ;","SA","SA",1990-06-01,16191,"Q","$ Millions","Seasonally Adjusted",NA,"Quarterly","Table 25. State Final Demand, Summary Components by State: Chain volume measures",NA
"3068","A2302984X","Western Australia ; STATE FINAL DEMAND ;","WA","WA",1990-06-01,21116,"Q","$ Millions","Seasonally Adjusted",NA,"Quarterly","Table 25. State Final Demand, Summary Components by State: Chain volume measures",NA
"3069","A2303012X","Tasmania ; STATE FINAL DEMAND ;","TAS","TAS",1990-06-01,5422,"Q","$ Millions","Seasonally Adjusted",NA,"Quarterly","Table 25. State Final Demand, Summary Components by State: Chain volume measures",NA
"3070","A2303040J","Northern Territory ; STATE FINAL DEMAND ;","NT","NT",1990-06-01,2531,"Q","$ Millions","Seasonally Adjusted",NA,"Quarterly","Table 25. State Final Demand, Summary Components by State: Chain volume measures",NA
"3071","A2303068K","Australian Capital Territory ; STATE FINAL DEMAND ;","ACT","ACT",1990-06-01,5270,"Q","$ Millions","Seasonally Adjusted",NA,"Quarterly","Table 25. State Final Demand, Summary Components by State: Chain volume measures",NA
"3072","A2303111F","New South Wales ; STATE FINAL DEMAND ;","NSW","NSW",1990-06-01,76019,"Q","$ Millions","Seasonally Adjusted",NA,"Quarterly","Table 25. State Final Demand, Summary Components by State: Chain volume measures",NA
"3073","A2303139J","Victoria ; STATE FINAL DEMAND ;","VIC","VIC",1990-06-01,52710,"Q","$ Millions","Seasonally Adjusted",NA,"Quarterly","Table 25. State Final Demand, Summary Components by State: Chain volume measures",NA
"3074","A2303187A","Queensland ; STATE FINAL DEMAND ;","QLD","QLD",1990-06-01,34175,"Q","$ Millions","Seasonally Adjusted",NA,"Quarterly","Table 25. State Final Demand, Summary Components by State: Chain volume measures",NA
"3075","A2304418T","Gross domestic product: Current prices ;","AUS","AUS",1990-06-01,104207,"Q","$ Millions","Seasonally Adjusted",NA,"Quarterly","Table 1. Key National Accounts Aggregates",NA
"3076","A2325846C","Index Numbers ; All groups CPI ; Australia ;","AUS","AUS",1990-06-01,57.1,"Q","Index Numbers","Original",NA,"Quarterly","TABLES 1 and 2. CPI: All Groups, Index Numbers and Percentage Changes",NA
"3077","A2336320R","New South Wales ; Gross state product: Current prices ;","NSW","NSW",1990-06-01,148970,"Annual","$ Millions","Original",NA,"Annual","Table 1. Gross State Product, Chain volume measures and current prices",NA
"3078","A2336321T","Victoria ; Gross state product: Current prices ;","VIC","VIC",1990-06-01,105136,"Annual","$ Millions","Original",NA,"Annual","Table 1. Gross State Product, Chain volume measures and current prices",NA
"3079","A2336322V","Queensland ; Gross state product: Current prices ;","QLD","QLD",1990-06-01,59531,"Annual","$ Millions","Original",NA,"Annual","Table 1. Gross State Product, Chain volume measures and current prices",NA
"3080","A2336323W","South Australia ; Gross state product: Current prices ;","SA","SA",1990-06-01,31183,"Annual","$ Millions","Original",NA,"Annual","Table 1. Gross State Product, Chain volume measures and current prices",NA
"3081","A2336324X","Western Australia ; Gross state product: Current prices ;","WA","WA",1990-06-01,39451,"Annual","$ Millions","Original",NA,"Annual","Table 1. Gross State Product, Chain volume measures and current prices",NA
"3082","A2336325A","Tasmania ; Gross state product: Current prices ;","TAS","TAS",1990-06-01,8522,"Annual","$ Millions","Original",NA,"Annual","Table 1. Gross State Product, Chain volume measures and current prices",NA
"3083","A2336326C","Northern Territory ; Gross state product: Current prices ;","NT","NT",1990-06-01,4269,"Annual","$ Millions","Original",NA,"Annual","Table 1. Gross State Product, Chain volume measures and current prices",NA
"3084","A2336327F","Australian Capital Territory ; Gross state product: Current prices ;","ACT","ACT",1990-06-01,7641,"Annual","$ Millions","Original",NA,"Annual","Table 1. Gross State Product, Chain volume measures and current prices",NA
"3085","A2718577A","Credits, Total goods ;","AUS","AUS",1990-06-01,4123,"M","$ Millions","Seasonally Adjusted",NA,"Monthly","TABLE 1. GOODS, Summary: Seasonally adjusted and trend estimates, Current prices",NA
"3086","A2718594C","Balance on goods ;","AUS","AUS",1990-06-01,238,"M","$ Millions","Seasonally Adjusted",NA,"Monthly","TABLE 1. GOODS, Summary: Seasonally adjusted and trend estimates, Current prices",NA
"3087","FXRTWI","Trade-weighted Index May 1970 = 100","AUS","AUS",1990-06-01,60.3,"D","Index","Indicative","RBA","Daily","Historical Daily Exchange Rates Of The Australian Dollar Against:","Australian Dollar Trade-weighted Index"
"3088","FXRTWI","Trade-weighted Index May 1970 = 100","AUS","AUS",1990-06-04,60.4,"D","Index","Indicative","RBA","Daily","Historical Daily Exchange Rates Of The Australian Dollar Against:","Australian Dollar Trade-weighted Index"
"3089","FXRTWI","Trade-weighted Index May 1970 = 100","AUS","AUS",1990-06-05,60.3,"D","Index","Indicative","RBA","Daily","Historical Daily Exchange Rates Of The Australian Dollar Against:","Australian Dollar Trade-weighted Index"
"3090","FXRTWI","Trade-weighted Index May 1970 = 100","AUS","AUS",1990-06-06,60.4,"D","Index","Indicative","RBA","Daily","Historical Daily Exchange Rates Of The Australian Dollar Against:","Australian Dollar Trade-weighted Index"
"3091","FXRTWI","Trade-weighted Index May 1970 = 100","AUS","AUS",1990-06-07,60.6,"D","Index","Indicative","RBA","Daily","Historical Daily Exchange Rates Of The Australian Dollar Against:","Australian Dollar Trade-weighted Index"
"3092","FXRTWI","Trade-weighted Index May 1970 = 100","AUS","AUS",1990-06-08,60.7,"D","Index","Indicative","RBA","Daily","Historical Daily Exchange Rates Of The Australian Dollar Against:","Australian Dollar Trade-weighted Index"
"3093","FXRTWI","Trade-weighted Index May 1970 = 100","AUS","AUS",1990-06-12,60.9,"D","Index","Indicative","RBA","Daily","Historical Daily Exchange Rates Of The Australian Dollar Against:","Australian Dollar Trade-weighted Index"
"3094","FXRTWI","Trade-weighted Index May 1970 = 100","AUS","AUS",1990-06-13,61,"D","Index","Indicative","RBA","Daily","Historical Daily Exchange Rates Of The Australian Dollar Against:","Australian Dollar Trade-weighted Index"
"3095","FXRTWI","Trade-weighted Index May 1970 = 100","AUS","AUS",1990-06-14,60.8,"D","Index","Indicative","RBA","Daily","Historical Daily Exchange Rates Of The Australian Dollar Against:","Australian Dollar Trade-weighted Index"
"3096","FXRTWI","Trade-weighted Index May 1970 = 100","AUS","AUS",1990-06-15,61,"D","Index","Indicative","RBA","Daily","Historical Daily Exchange Rates Of The Australian Dollar Against:","Australian Dollar Trade-weighted Index"
"3097","FXRTWI","Trade-weighted Index May 1970 = 100","AUS","AUS",1990-06-18,61,"D","Index","Indicative","RBA","Daily","Historical Daily Exchange Rates Of The Australian Dollar Against:","Australian Dollar Trade-weighted Index"
"3098","FXRTWI","Trade-weighted Index May 1970 = 100","AUS","AUS",1990-06-19,61.3,"D","Index","Indicative","RBA","Daily","Historical Daily Exchange Rates Of The Australian Dollar Against:","Australian Dollar Trade-weighted Index"
"3099","FXRTWI","Trade-weighted Index May 1970 = 100","AUS","AUS",1990-06-20,61.5,"D","Index","Indicative","RBA","Daily","Historical Daily Exchange Rates Of The Australian Dollar Against:","Australian Dollar Trade-weighted Index"
"3100","FXRTWI","Trade-weighted Index May 1970 = 100","AUS","AUS",1990-06-21,61.7,"D","Index","Indicative","RBA","Daily","Historical Daily Exchange Rates Of The Australian Dollar Against:","Australian Dollar Trade-weighted Index"
"3101","FXRTWI","Trade-weighted Index May 1970 = 100","AUS","AUS",1990-06-22,61.6,"D","Index","Indicative","RBA","Daily","Historical Daily Exchange Rates Of The Australian Dollar Against:","Australian Dollar Trade-weighted Index"
"3102","FXRTWI","Trade-weighted Index May 1970 = 100","AUS","AUS",1990-06-25,61.7,"D","Index","Indicative","RBA","Daily","Historical Daily Exchange Rates Of The Australian Dollar Against:","Australian Dollar Trade-weighted Index"
"3103","FXRTWI","Trade-weighted Index May 1970 = 100","AUS","AUS",1990-06-26,61.7,"D","Index","Indicative","RBA","Daily","Historical Daily Exchange Rates Of The Australian Dollar Against:","Australian Dollar Trade-weighted Index"
"3104","FXRTWI","Trade-weighted Index May 1970 = 100","AUS","AUS",1990-06-27,61.7,"D","Index","Indicative","RBA","Daily","Historical Daily Exchange Rates Of The Australian Dollar Against:","Australian Dollar Trade-weighted Index"
"3105","FXRTWI","Trade-weighted Index May 1970 = 100","AUS","AUS",1990-06-28,61.7,"D","Index","Indicative","RBA","Daily","Historical Daily Exchange Rates Of The Australian Dollar Against:","Australian Dollar Trade-weighted Index"
"3106","FXRTWI","Trade-weighted Index May 1970 = 100","AUS","AUS",1990-06-29,61.6,"D","Index","Indicative","RBA","Daily","Historical Daily Exchange Rates Of The Australian Dollar Against:","Australian Dollar Trade-weighted Index"
"3107","DLCACS","Credit; Total; Seasonally adjusted","AUS","AUS",1990-06-30,336.848,"M","$ billion","Seasonally Adjusted","RBA","Monthly","D2 Lending And Credit Aggregates","Credit; Total; Seasonally adjusted – Includes securitisations – For series breaks see Series Breaks"
"3108","FXRTWI","Trade-weighted Index May 1970 = 100","AUS","AUS",1990-06-30,61.6,"M","Index","Indicative","RBA","Monthly","F11 Exchange Rates","Australian Dollar Trade-weighted Index"
"3109","GCPIOCPMTMQP","Quarterly trimmed mean inflation","AUS","AUS",1990-06-30,1.6,"Q","Per cent","Seasonally Adjusted","ABS","Quarterly","G1 Consumer Price Inflation","Consumer price index; Trimmed mean; Quarterly change (in per cent)"
"3110","GRCPAISDR","Commodity prices – SDR","AUS","AUS",1990-06-30,33.4260061444507,"M","Index, 2023/24=100","Original","RBA","Monthly","I2 Commodity Prices","Index of commodity prices; All items; SDR"
"3111","A2718577A","Credits, Total goods ;","AUS","AUS",1990-07-01,4207,"M","$ Millions","Seasonally Adjusted",NA,"Monthly","TABLE 1. GOODS, Summary: Seasonally adjusted and trend estimates, Current prices",NA
"3112","A2718594C","Balance on goods ;","AUS","AUS",1990-07-01,73,"M","$ Millions","Seasonally Adjusted",NA,"Monthly","TABLE 1. GOODS, Summary: Seasonally adjusted and trend estimates, Current prices",NA
"3113","FXRTWI","Trade-weighted Index May 1970 = 100","AUS","AUS",1990-07-02,61.6,"D","Index","Indicative","RBA","Daily","Historical Daily Exchange Rates Of The Australian Dollar Against:","Australian Dollar Trade-weighted Index"
"3114","FXRTWI","Trade-weighted Index May 1970 = 100","AUS","AUS",1990-07-03,61.8,"D","Index","Indicative","RBA","Daily","Historical Daily Exchange Rates Of The Australian Dollar Against:","Australian Dollar Trade-weighted Index"
"3115","FXRTWI","Trade-weighted Index May 1970 = 100","AUS","AUS",1990-07-04,61.9,"D","Index","Indicative","RBA","Daily","Historical Daily Exchange Rates Of The Australian Dollar Against:","Australian Dollar Trade-weighted Index"
"3116","FXRTWI","Trade-weighted Index May 1970 = 100","AUS","AUS",1990-07-05,62.1,"D","Index","Indicative","RBA","Daily","Historical Daily Exchange Rates Of The Australian Dollar Against:","Australian Dollar Trade-weighted Index"
"3117","FXRTWI","Trade-weighted Index May 1970 = 100","AUS","AUS",1990-07-06,62,"D","Index","Indicative","RBA","Daily","Historical Daily Exchange Rates Of The Australian Dollar Against:","Australian Dollar Trade-weighted Index"
"3118","FXRTWI","Trade-weighted Index May 1970 = 100","AUS","AUS",1990-07-09,61.9,"D","Index","Indicative","RBA","Daily","Historical Daily Exchange Rates Of The Australian Dollar Against:","Australian Dollar Trade-weighted Index"
"3119","FXRTWI","Trade-weighted Index May 1970 = 100","AUS","AUS",1990-07-10,61.9,"D","Index","Indicative","RBA","Daily","Historical Daily Exchange Rates Of The Australian Dollar Against:","Australian Dollar Trade-weighted Index"
"3120","FXRTWI","Trade-weighted Index May 1970 = 100","AUS","AUS",1990-07-11,62.4,"D","Index","Indicative","RBA","Daily","Historical Daily Exchange Rates Of The Australian Dollar Against:","Australian Dollar Trade-weighted Index"
"3121","FXRTWI","Trade-weighted Index May 1970 = 100","AUS","AUS",1990-07-12,62.1,"D","Index","Indicative","RBA","Daily","Historical Daily Exchange Rates Of The Australian Dollar Against:","Australian Dollar Trade-weighted Index"
"3122","FXRTWI","Trade-weighted Index May 1970 = 100","AUS","AUS",1990-07-13,61.4,"D","Index","Indicative","RBA","Daily","Historical Daily Exchange Rates Of The Australian Dollar Against:","Australian Dollar Trade-weighted Index"
"3123","FXRTWI","Trade-weighted Index May 1970 = 100","AUS","AUS",1990-07-16,61,"D","Index","Indicative","RBA","Daily","Historical Daily Exchange Rates Of The Australian Dollar Against:","Australian Dollar Trade-weighted Index"
"3124","FXRTWI","Trade-weighted Index May 1970 = 100","AUS","AUS",1990-07-17,60.4,"D","Index","Indicative","RBA","Daily","Historical Daily Exchange Rates Of The Australian Dollar Against:","Australian Dollar Trade-weighted Index"
"3125","FXRTWI","Trade-weighted Index May 1970 = 100","AUS","AUS",1990-07-18,60.9,"D","Index","Indicative","RBA","Daily","Historical Daily Exchange Rates Of The Australian Dollar Against:","Australian Dollar Trade-weighted Index"
"3126","FXRTWI","Trade-weighted Index May 1970 = 100","AUS","AUS",1990-07-19,60.7,"D","Index","Indicative","RBA","Daily","Historical Daily Exchange Rates Of The Australian Dollar Against:","Australian Dollar Trade-weighted Index"
"3127","FXRTWI","Trade-weighted Index May 1970 = 100","AUS","AUS",1990-07-20,60.7,"D","Index","Indicative","RBA","Daily","Historical Daily Exchange Rates Of The Australian Dollar Against:","Australian Dollar Trade-weighted Index"
"3128","FXRTWI","Trade-weighted Index May 1970 = 100","AUS","AUS",1990-07-23,60.5,"D","Index","Indicative","RBA","Daily","Historical Daily Exchange Rates Of The Australian Dollar Against:","Australian Dollar Trade-weighted Index"
"3129","FXRTWI","Trade-weighted Index May 1970 = 100","AUS","AUS",1990-07-24,60.5,"D","Index","Indicative","RBA","Daily","Historical Daily Exchange Rates Of The Australian Dollar Against:","Australian Dollar Trade-weighted Index"
"3130","FXRTWI","Trade-weighted Index May 1970 = 100","AUS","AUS",1990-07-25,60.3,"D","Index","Indicative","RBA","Daily","Historical Daily Exchange Rates Of The Australian Dollar Against:","Australian Dollar Trade-weighted Index"
"3131","FXRTWI","Trade-weighted Index May 1970 = 100","AUS","AUS",1990-07-26,60.4,"D","Index","Indicative","RBA","Daily","Historical Daily Exchange Rates Of The Australian Dollar Against:","Australian Dollar Trade-weighted Index"
"3132","FXRTWI","Trade-weighted Index May 1970 = 100","AUS","AUS",1990-07-27,60.4,"D","Index","Indicative","RBA","Daily","Historical Daily Exchange Rates Of The Australian Dollar Against:","Australian Dollar Trade-weighted Index"
"3133","FXRTWI","Trade-weighted Index May 1970 = 100","AUS","AUS",1990-07-30,60.8,"D","Index","Indicative","RBA","Daily","Historical Daily Exchange Rates Of The Australian Dollar Against:","Australian Dollar Trade-weighted Index"
"3134","DLCACS","Credit; Total; Seasonally adjusted","AUS","AUS",1990-07-31,339.792,"M","$ billion","Seasonally Adjusted","RBA","Monthly","D2 Lending And Credit Aggregates","Credit; Total; Seasonally adjusted – Includes securitisations – For series breaks see Series Breaks"
"3135","FXRTWI","Trade-weighted Index May 1970 = 100","AUS","AUS",1990-07-31,60.4,"D","Index","Indicative","RBA","Daily","Historical Daily Exchange Rates Of The Australian Dollar Against:","Australian Dollar Trade-weighted Index"
"3136","FXRTWI","Trade-weighted Index May 1970 = 100","AUS","AUS",1990-07-31,60.4,"M","Index","Indicative","RBA","Monthly","F11 Exchange Rates","Australian Dollar Trade-weighted Index"
"3137","GRCPAISDR","Commodity prices – SDR","AUS","AUS",1990-07-31,32.4879469015753,"M","Index, 2023/24=100","Original","RBA","Monthly","I2 Commodity Prices","Index of commodity prices; All items; SDR"
"3138","A2718577A","Credits, Total goods ;","AUS","AUS",1990-08-01,4209,"M","$ Millions","Seasonally Adjusted",NA,"Monthly","TABLE 1. GOODS, Summary: Seasonally adjusted and trend estimates, Current prices",NA
"3139","A2718594C","Balance on goods ;","AUS","AUS",1990-08-01,-96,"M","$ Millions","Seasonally Adjusted",NA,"Monthly","TABLE 1. GOODS, Summary: Seasonally adjusted and trend estimates, Current prices",NA
"3140","FXRTWI","Trade-weighted Index May 1970 = 100","AUS","AUS",1990-08-01,60.6,"D","Index","Indicative","RBA","Daily","Historical Daily Exchange Rates Of The Australian Dollar Against:","Australian Dollar Trade-weighted Index"
"3141","FXRTWI","Trade-weighted Index May 1970 = 100","AUS","AUS",1990-08-02,59.9,"D","Index","Indicative","RBA","Daily","Historical Daily Exchange Rates Of The Australian Dollar Against:","Australian Dollar Trade-weighted Index"
"3142","FXRTWI","Trade-weighted Index May 1970 = 100","AUS","AUS",1990-08-03,60.2,"D","Index","Indicative","RBA","Daily","Historical Daily Exchange Rates Of The Australian Dollar Against:","Australian Dollar Trade-weighted Index"
"3143","FXRTWI","Trade-weighted Index May 1970 = 100","AUS","AUS",1990-08-06,60.3,"D","Index","Indicative","RBA","Daily","Historical Daily Exchange Rates Of The Australian Dollar Against:","Australian Dollar Trade-weighted Index"
"3144","FXRTWI","Trade-weighted Index May 1970 = 100","AUS","AUS",1990-08-07,60.6,"D","Index","Indicative","RBA","Daily","Historical Daily Exchange Rates Of The Australian Dollar Against:","Australian Dollar Trade-weighted Index"
"3145","FXRTWI","Trade-weighted Index May 1970 = 100","AUS","AUS",1990-08-08,60.7,"D","Index","Indicative","RBA","Daily","Historical Daily Exchange Rates Of The Australian Dollar Against:","Australian Dollar Trade-weighted Index"
"3146","FXRTWI","Trade-weighted Index May 1970 = 100","AUS","AUS",1990-08-09,61.2,"D","Index","Indicative","RBA","Daily","Historical Daily Exchange Rates Of The Australian Dollar Against:","Australian Dollar Trade-weighted Index"
"3147","FXRTWI","Trade-weighted Index May 1970 = 100","AUS","AUS",1990-08-10,61.2,"D","Index","Indicative","RBA","Daily","Historical Daily Exchange Rates Of The Australian Dollar Against:","Australian Dollar Trade-weighted Index"
"3148","FXRTWI","Trade-weighted Index May 1970 = 100","AUS","AUS",1990-08-13,61.2,"D","Index","Indicative","RBA","Daily","Historical Daily Exchange Rates Of The Australian Dollar Against:","Australian Dollar Trade-weighted Index"
"3149","FXRTWI","Trade-weighted Index May 1970 = 100","AUS","AUS",1990-08-14,61.4,"D","Index","Indicative","RBA","Daily","Historical Daily Exchange Rates Of The Australian Dollar Against:","Australian Dollar Trade-weighted Index"
"3150","FXRTWI","Trade-weighted Index May 1970 = 100","AUS","AUS",1990-08-15,61.1,"D","Index","Indicative","RBA","Daily","Historical Daily Exchange Rates Of The Australian Dollar Against:","Australian Dollar Trade-weighted Index"
"3151","FXRTWI","Trade-weighted Index May 1970 = 100","AUS","AUS",1990-08-16,61.2,"D","Index","Indicative","RBA","Daily","Historical Daily Exchange Rates Of The Australian Dollar Against:","Australian Dollar Trade-weighted Index"
"3152","FXRTWI","Trade-weighted Index May 1970 = 100","AUS","AUS",1990-08-17,61.1,"D","Index","Indicative","RBA","Daily","Historical Daily Exchange Rates Of The Australian Dollar Against:","Australian Dollar Trade-weighted Index"
"3153","FXRTWI","Trade-weighted Index May 1970 = 100","AUS","AUS",1990-08-20,61.1,"D","Index","Indicative","RBA","Daily","Historical Daily Exchange Rates Of The Australian Dollar Against:","Australian Dollar Trade-weighted Index"
"3154","FXRTWI","Trade-weighted Index May 1970 = 100","AUS","AUS",1990-08-21,61.6,"D","Index","Indicative","RBA","Daily","Historical Daily Exchange Rates Of The Australian Dollar Against:","Australian Dollar Trade-weighted Index"
"3155","FXRTWI","Trade-weighted Index May 1970 = 100","AUS","AUS",1990-08-22,61.9,"D","Index","Indicative","RBA","Daily","Historical Daily Exchange Rates Of The Australian Dollar Against:","Australian Dollar Trade-weighted Index"
"3156","FXRTWI","Trade-weighted Index May 1970 = 100","AUS","AUS",1990-08-23,62.2,"D","Index","Indicative","RBA","Daily","Historical Daily Exchange Rates Of The Australian Dollar Against:","Australian Dollar Trade-weighted Index"
"3157","FXRTWI","Trade-weighted Index May 1970 = 100","AUS","AUS",1990-08-24,63.5,"D","Index","Indicative","RBA","Daily","Historical Daily Exchange Rates Of The Australian Dollar Against:","Australian Dollar Trade-weighted Index"
"3158","FXRTWI","Trade-weighted Index May 1970 = 100","AUS","AUS",1990-08-27,62.3,"D","Index","Indicative","RBA","Daily","Historical Daily Exchange Rates Of The Australian Dollar Against:","Australian Dollar Trade-weighted Index"
"3159","FXRTWI","Trade-weighted Index May 1970 = 100","AUS","AUS",1990-08-28,62.4,"D","Index","Indicative","RBA","Daily","Historical Daily Exchange Rates Of The Australian Dollar Against:","Australian Dollar Trade-weighted Index"
"3160","FXRTWI","Trade-weighted Index May 1970 = 100","AUS","AUS",1990-08-29,62.3,"D","Index","Indicative","RBA","Daily","Historical Daily Exchange Rates Of The Australian Dollar Against:","Australian Dollar Trade-weighted Index"
"3161","FXRTWI","Trade-weighted Index May 1970 = 100","AUS","AUS",1990-08-30,62.1,"D","Index","Indicative","RBA","Daily","Historical Daily Exchange Rates Of The Australian Dollar Against:","Australian Dollar Trade-weighted Index"
"3162","DLCACS","Credit; Total; Seasonally adjusted","AUS","AUS",1990-08-31,341.486,"M","$ billion","Seasonally Adjusted","RBA","Monthly","D2 Lending And Credit Aggregates","Credit; Total; Seasonally adjusted – Includes securitisations – For series breaks see Series Breaks"
"3163","FIRMMCRT","Cash Rate Target","AUS","AUS",1990-08-31,14,"M","Per cent","Original","RBA","Monthly","F1.1 Interest Rates And Yields - Money Market","Cash Rate Target; monthly average"
"3164","FXRTWI","Trade-weighted Index May 1970 = 100","AUS","AUS",1990-08-31,61.4,"D","Index","Indicative","RBA","Daily","Historical Daily Exchange Rates Of The Australian Dollar Against:","Australian Dollar Trade-weighted Index"
"3165","FXRTWI","Trade-weighted Index May 1970 = 100","AUS","AUS",1990-08-31,61.4,"M","Index","Indicative","RBA","Monthly","F11 Exchange Rates","Australian Dollar Trade-weighted Index"
"3166","GRCPAISDR","Commodity prices – SDR","AUS","AUS",1990-08-31,32.8714023193022,"M","Index, 2023/24=100","Original","RBA","Monthly","I2 Commodity Prices","Index of commodity prices; All items; SDR"
"3167","A2302956R","South Australia ; STATE FINAL DEMAND ;","SA","SA",1990-09-01,16185,"Q","$ Millions","Seasonally Adjusted",NA,"Quarterly","Table 25. State Final Demand, Summary Components by State: Chain volume measures",NA
"3168","A2302984X","Western Australia ; STATE FINAL DEMAND ;","WA","WA",1990-09-01,21156,"Q","$ Millions","Seasonally Adjusted",NA,"Quarterly","Table 25. State Final Demand, Summary Components by State: Chain volume measures",NA
"3169","A2303012X","Tasmania ; STATE FINAL DEMAND ;","TAS","TAS",1990-09-01,5219,"Q","$ Millions","Seasonally Adjusted",NA,"Quarterly","Table 25. State Final Demand, Summary Components by State: Chain volume measures",NA
"3170","A2303040J","Northern Territory ; STATE FINAL DEMAND ;","NT","NT",1990-09-01,2732,"Q","$ Millions","Seasonally Adjusted",NA,"Quarterly","Table 25. State Final Demand, Summary Components by State: Chain volume measures",NA
"3171","A2303068K","Australian Capital Territory ; STATE FINAL DEMAND ;","ACT","ACT",1990-09-01,5439,"Q","$ Millions","Seasonally Adjusted",NA,"Quarterly","Table 25. State Final Demand, Summary Components by State: Chain volume measures",NA
"3172","A2303111F","New South Wales ; STATE FINAL DEMAND ;","NSW","NSW",1990-09-01,74988,"Q","$ Millions","Seasonally Adjusted",NA,"Quarterly","Table 25. State Final Demand, Summary Components by State: Chain volume measures",NA
"3173","A2303139J","Victoria ; STATE FINAL DEMAND ;","VIC","VIC",1990-09-01,52278,"Q","$ Millions","Seasonally Adjusted",NA,"Quarterly","Table 25. State Final Demand, Summary Components by State: Chain volume measures",NA
"3174","A2303187A","Queensland ; STATE FINAL DEMAND ;","QLD","QLD",1990-09-01,34896,"Q","$ Millions","Seasonally Adjusted",NA,"Quarterly","Table 25. State Final Demand, Summary Components by State: Chain volume measures",NA
"3175","A2304418T","Gross domestic product: Current prices ;","AUS","AUS",1990-09-01,103611,"Q","$ Millions","Seasonally Adjusted",NA,"Quarterly","Table 1. Key National Accounts Aggregates",NA
"3176","A2325846C","Index Numbers ; All groups CPI ; Australia ;","AUS","AUS",1990-09-01,57.5,"Q","Index Numbers","Original",NA,"Quarterly","TABLES 1 and 2. CPI: All Groups, Index Numbers and Percentage Changes",NA
"3177","A2718577A","Credits, Total goods ;","AUS","AUS",1990-09-01,4187,"M","$ Millions","Seasonally Adjusted",NA,"Monthly","TABLE 1. GOODS, Summary: Seasonally adjusted and trend estimates, Current prices",NA
"3178","A2718594C","Balance on goods ;","AUS","AUS",1990-09-01,157,"M","$ Millions","Seasonally Adjusted",NA,"Monthly","TABLE 1. GOODS, Summary: Seasonally adjusted and trend estimates, Current prices",NA
"3179","FXRTWI","Trade-weighted Index May 1970 = 100","AUS","AUS",1990-09-03,61.3,"D","Index","Indicative","RBA","Daily","Historical Daily Exchange Rates Of The Australian Dollar Against:","Australian Dollar Trade-weighted Index"
"3180","FXRTWI","Trade-weighted Index May 1970 = 100","AUS","AUS",1990-09-04,61.5,"D","Index","Indicative","RBA","Daily","Historical Daily Exchange Rates Of The Australian Dollar Against:","Australian Dollar Trade-weighted Index"
"3181","FXRTWI","Trade-weighted Index May 1970 = 100","AUS","AUS",1990-09-05,62,"D","Index","Indicative","RBA","Daily","Historical Daily Exchange Rates Of The Australian Dollar Against:","Australian Dollar Trade-weighted Index"
"3182","FXRTWI","Trade-weighted Index May 1970 = 100","AUS","AUS",1990-09-06,61.7,"D","Index","Indicative","RBA","Daily","Historical Daily Exchange Rates Of The Australian Dollar Against:","Australian Dollar Trade-weighted Index"
"3183","FXRTWI","Trade-weighted Index May 1970 = 100","AUS","AUS",1990-09-07,61.4,"D","Index","Indicative","RBA","Daily","Historical Daily Exchange Rates Of The Australian Dollar Against:","Australian Dollar Trade-weighted Index"
"3184","FXRTWI","Trade-weighted Index May 1970 = 100","AUS","AUS",1990-09-10,61,"D","Index","Indicative","RBA","Daily","Historical Daily Exchange Rates Of The Australian Dollar Against:","Australian Dollar Trade-weighted Index"
"3185","FXRTWI","Trade-weighted Index May 1970 = 100","AUS","AUS",1990-09-11,61.3,"D","Index","Indicative","RBA","Daily","Historical Daily Exchange Rates Of The Australian Dollar Against:","Australian Dollar Trade-weighted Index"
"3186","FXRTWI","Trade-weighted Index May 1970 = 100","AUS","AUS",1990-09-12,61.4,"D","Index","Indicative","RBA","Daily","Historical Daily Exchange Rates Of The Australian Dollar Against:","Australian Dollar Trade-weighted Index"
"3187","FXRTWI","Trade-weighted Index May 1970 = 100","AUS","AUS",1990-09-13,61.3,"D","Index","Indicative","RBA","Daily","Historical Daily Exchange Rates Of The Australian Dollar Against:","Australian Dollar Trade-weighted Index"
"3188","FXRTWI","Trade-weighted Index May 1970 = 100","AUS","AUS",1990-09-14,61.4,"D","Index","Indicative","RBA","Daily","Historical Daily Exchange Rates Of The Australian Dollar Against:","Australian Dollar Trade-weighted Index"
"3189","FXRTWI","Trade-weighted Index May 1970 = 100","AUS","AUS",1990-09-17,61.6,"D","Index","Indicative","RBA","Daily","Historical Daily Exchange Rates Of The Australian Dollar Against:","Australian Dollar Trade-weighted Index"
"3190","FXRTWI","Trade-weighted Index May 1970 = 100","AUS","AUS",1990-09-18,61.7,"D","Index","Indicative","RBA","Daily","Historical Daily Exchange Rates Of The Australian Dollar Against:","Australian Dollar Trade-weighted Index"
"3191","FXRTWI","Trade-weighted Index May 1970 = 100","AUS","AUS",1990-09-19,61.7,"D","Index","Indicative","RBA","Daily","Historical Daily Exchange Rates Of The Australian Dollar Against:","Australian Dollar Trade-weighted Index"
"3192","FXRTWI","Trade-weighted Index May 1970 = 100","AUS","AUS",1990-09-20,61.5,"D","Index","Indicative","RBA","Daily","Historical Daily Exchange Rates Of The Australian Dollar Against:","Australian Dollar Trade-weighted Index"
"3193","FXRTWI","Trade-weighted Index May 1970 = 100","AUS","AUS",1990-09-21,61.9,"D","Index","Indicative","RBA","Daily","Historical Daily Exchange Rates Of The Australian Dollar Against:","Australian Dollar Trade-weighted Index"
"3194","FXRTWI","Trade-weighted Index May 1970 = 100","AUS","AUS",1990-09-24,61.8,"D","Index","Indicative","RBA","Daily","Historical Daily Exchange Rates Of The Australian Dollar Against:","Australian Dollar Trade-weighted Index"
"3195","FXRTWI","Trade-weighted Index May 1970 = 100","AUS","AUS",1990-09-25,61.8,"D","Index","Indicative","RBA","Daily","Historical Daily Exchange Rates Of The Australian Dollar Against:","Australian Dollar Trade-weighted Index"
"3196","FXRTWI","Trade-weighted Index May 1970 = 100","AUS","AUS",1990-09-26,62,"D","Index","Indicative","RBA","Daily","Historical Daily Exchange Rates Of The Australian Dollar Against:","Australian Dollar Trade-weighted Index"
"3197","FXRTWI","Trade-weighted Index May 1970 = 100","AUS","AUS",1990-09-27,61,"D","Index","Indicative","RBA","Daily","Historical Daily Exchange Rates Of The Australian Dollar Against:","Australian Dollar Trade-weighted Index"
"3198","FXRTWI","Trade-weighted Index May 1970 = 100","AUS","AUS",1990-09-28,61.6,"D","Index","Indicative","RBA","Daily","Historical Daily Exchange Rates Of The Australian Dollar Against:","Australian Dollar Trade-weighted Index"
"3199","DLCACS","Credit; Total; Seasonally adjusted","AUS","AUS",1990-09-30,341.858,"M","$ billion","Seasonally Adjusted","RBA","Monthly","D2 Lending And Credit Aggregates","Credit; Total; Seasonally adjusted – Includes securitisations – For series breaks see Series Breaks"
"3200","FIRMMCRT","Cash Rate Target","AUS","AUS",1990-09-30,14,"M","Per cent","Original","RBA","Monthly","F1.1 Interest Rates And Yields - Money Market","Cash Rate Target; monthly average"
"3201","FXRTWI","Trade-weighted Index May 1970 = 100","AUS","AUS",1990-09-30,61.6,"M","Index","Indicative","RBA","Monthly","F11 Exchange Rates","Australian Dollar Trade-weighted Index"
"3202","GCPIOCPMTMQP","Quarterly trimmed mean inflation","AUS","AUS",1990-09-30,1.3,"Q","Per cent","Seasonally Adjusted","ABS","Quarterly","G1 Consumer Price Inflation","Consumer price index; Trimmed mean; Quarterly change (in per cent)"
"3203","GRCPAISDR","Commodity prices – SDR","AUS","AUS",1990-09-30,33.3967256488657,"M","Index, 2023/24=100","Original","RBA","Monthly","I2 Commodity Prices","Index of commodity prices; All items; SDR"
"3204","A2718577A","Credits, Total goods ;","AUS","AUS",1990-10-01,4357,"M","$ Millions","Seasonally Adjusted",NA,"Monthly","TABLE 1. GOODS, Summary: Seasonally adjusted and trend estimates, Current prices",NA
"3205","A2718594C","Balance on goods ;","AUS","AUS",1990-10-01,274,"M","$ Millions","Seasonally Adjusted",NA,"Monthly","TABLE 1. GOODS, Summary: Seasonally adjusted and trend estimates, Current prices",NA
"3206","FXRTWI","Trade-weighted Index May 1970 = 100","AUS","AUS",1990-10-01,61.7,"D","Index","Indicative","RBA","Daily","Historical Daily Exchange Rates Of The Australian Dollar Against:","Australian Dollar Trade-weighted Index"
"3207","FXRTWI","Trade-weighted Index May 1970 = 100","AUS","AUS",1990-10-02,61.7,"D","Index","Indicative","RBA","Daily","Historical Daily Exchange Rates Of The Australian Dollar Against:","Australian Dollar Trade-weighted Index"
"3208","FXRTWI","Trade-weighted Index May 1970 = 100","AUS","AUS",1990-10-03,61.6,"D","Index","Indicative","RBA","Daily","Historical Daily Exchange Rates Of The Australian Dollar Against:","Australian Dollar Trade-weighted Index"
"3209","FXRTWI","Trade-weighted Index May 1970 = 100","AUS","AUS",1990-10-04,61.5,"D","Index","Indicative","RBA","Daily","Historical Daily Exchange Rates Of The Australian Dollar Against:","Australian Dollar Trade-weighted Index"
"3210","FXRTWI","Trade-weighted Index May 1970 = 100","AUS","AUS",1990-10-05,61.4,"D","Index","Indicative","RBA","Daily","Historical Daily Exchange Rates Of The Australian Dollar Against:","Australian Dollar Trade-weighted Index"
"3211","FXRTWI","Trade-weighted Index May 1970 = 100","AUS","AUS",1990-10-08,61.2,"D","Index","Indicative","RBA","Daily","Historical Daily Exchange Rates Of The Australian Dollar Against:","Australian Dollar Trade-weighted Index"
"3212","FXRTWI","Trade-weighted Index May 1970 = 100","AUS","AUS",1990-10-09,61,"D","Index","Indicative","RBA","Daily","Historical Daily Exchange Rates Of The Australian Dollar Against:","Australian Dollar Trade-weighted Index"
"3213","FXRTWI","Trade-weighted Index May 1970 = 100","AUS","AUS",1990-10-10,60.6,"D","Index","Indicative","RBA","Daily","Historical Daily Exchange Rates Of The Australian Dollar Against:","Australian Dollar Trade-weighted Index"
"3214","FXRTWI","Trade-weighted Index May 1970 = 100","AUS","AUS",1990-10-11,59.9,"D","Index","Indicative","RBA","Daily","Historical Daily Exchange Rates Of The Australian Dollar Against:","Australian Dollar Trade-weighted Index"
"3215","FXRTWI","Trade-weighted Index May 1970 = 100","AUS","AUS",1990-10-12,59.5,"D","Index","Indicative","RBA","Daily","Historical Daily Exchange Rates Of The Australian Dollar Against:","Australian Dollar Trade-weighted Index"
"3216","FXRTWI","Trade-weighted Index May 1970 = 100","AUS","AUS",1990-10-15,57.8,"D","Index","Indicative","RBA","Daily","Historical Daily Exchange Rates Of The Australian Dollar Against:","Australian Dollar Trade-weighted Index"
"3217","FXRTWI","Trade-weighted Index May 1970 = 100","AUS","AUS",1990-10-16,57,"D","Index","Indicative","RBA","Daily","Historical Daily Exchange Rates Of The Australian Dollar Against:","Australian Dollar Trade-weighted Index"
"3218","FXRTWI","Trade-weighted Index May 1970 = 100","AUS","AUS",1990-10-17,56.9,"D","Index","Indicative","RBA","Daily","Historical Daily Exchange Rates Of The Australian Dollar Against:","Australian Dollar Trade-weighted Index"
"3219","FXRTWI","Trade-weighted Index May 1970 = 100","AUS","AUS",1990-10-18,56.4,"D","Index","Indicative","RBA","Daily","Historical Daily Exchange Rates Of The Australian Dollar Against:","Australian Dollar Trade-weighted Index"
"3220","FXRTWI","Trade-weighted Index May 1970 = 100","AUS","AUS",1990-10-19,55.9,"D","Index","Indicative","RBA","Daily","Historical Daily Exchange Rates Of The Australian Dollar Against:","Australian Dollar Trade-weighted Index"
"3221","FXRTWI","Trade-weighted Index May 1970 = 100","AUS","AUS",1990-10-22,56.2,"D","Index","Indicative","RBA","Daily","Historical Daily Exchange Rates Of The Australian Dollar Against:","Australian Dollar Trade-weighted Index"
"3222","FXRTWI","Trade-weighted Index May 1970 = 100","AUS","AUS",1990-10-23,56.5,"D","Index","Indicative","RBA","Daily","Historical Daily Exchange Rates Of The Australian Dollar Against:","Australian Dollar Trade-weighted Index"
"3223","FXRTWI","Trade-weighted Index May 1970 = 100","AUS","AUS",1990-10-24,56.7,"D","Index","Indicative","RBA","Daily","Historical Daily Exchange Rates Of The Australian Dollar Against:","Australian Dollar Trade-weighted Index"
"3224","FXRTWI","Trade-weighted Index May 1970 = 100","AUS","AUS",1990-10-25,56.4,"D","Index","Indicative","RBA","Daily","Historical Daily Exchange Rates Of The Australian Dollar Against:","Australian Dollar Trade-weighted Index"
"3225","FXRTWI","Trade-weighted Index May 1970 = 100","AUS","AUS",1990-10-26,57,"D","Index","Indicative","RBA","Daily","Historical Daily Exchange Rates Of The Australian Dollar Against:","Australian Dollar Trade-weighted Index"
"3226","FXRTWI","Trade-weighted Index May 1970 = 100","AUS","AUS",1990-10-29,56.8,"D","Index","Indicative","RBA","Daily","Historical Daily Exchange Rates Of The Australian Dollar Against:","Australian Dollar Trade-weighted Index"
"3227","FXRTWI","Trade-weighted Index May 1970 = 100","AUS","AUS",1990-10-30,57.1,"D","Index","Indicative","RBA","Daily","Historical Daily Exchange Rates Of The Australian Dollar Against:","Australian Dollar Trade-weighted Index"
"3228","DLCACS","Credit; Total; Seasonally adjusted","AUS","AUS",1990-10-31,343.983,"M","$ billion","Seasonally Adjusted","RBA","Monthly","D2 Lending And Credit Aggregates","Credit; Total; Seasonally adjusted – Includes securitisations – For series breaks see Series Breaks"
"3229","FIRMMCRT","Cash Rate Target","AUS","AUS",1990-10-31,13.4347826086957,"M","Per cent","Original","RBA","Monthly","F1.1 Interest Rates And Yields - Money Market","Cash Rate Target; monthly average"
"3230","FXRTWI","Trade-weighted Index May 1970 = 100","AUS","AUS",1990-10-31,57.2,"D","Index","Indicative","RBA","Daily","Historical Daily Exchange Rates Of The Australian Dollar Against:","Australian Dollar Trade-weighted Index"
"3231","FXRTWI","Trade-weighted Index May 1970 = 100","AUS","AUS",1990-10-31,57.2,"M","Index","Indicative","RBA","Monthly","F11 Exchange Rates","Australian Dollar Trade-weighted Index"
"3232","GRCPAISDR","Commodity prices – SDR","AUS","AUS",1990-10-31,32.0173841275989,"M","Index, 2023/24=100","Original","RBA","Monthly","I2 Commodity Prices","Index of commodity prices; All items; SDR"
"3233","A2718577A","Credits, Total goods ;","AUS","AUS",1990-11-01,4263,"M","$ Millions","Seasonally Adjusted",NA,"Monthly","TABLE 1. GOODS, Summary: Seasonally adjusted and trend estimates, Current prices",NA
"3234","A2718594C","Balance on goods ;","AUS","AUS",1990-11-01,30,"M","$ Millions","Seasonally Adjusted",NA,"Monthly","TABLE 1. GOODS, Summary: Seasonally adjusted and trend estimates, Current prices",NA
"3235","FXRTWI","Trade-weighted Index May 1970 = 100","AUS","AUS",1990-11-01,57.3,"D","Index","Indicative","RBA","Daily","Historical Daily Exchange Rates Of The Australian Dollar Against:","Australian Dollar Trade-weighted Index"
"3236","FXRTWI","Trade-weighted Index May 1970 = 100","AUS","AUS",1990-11-02,56.6,"D","Index","Indicative","RBA","Daily","Historical Daily Exchange Rates Of The Australian Dollar Against:","Australian Dollar Trade-weighted Index"
"3237","FXRTWI","Trade-weighted Index May 1970 = 100","AUS","AUS",1990-11-05,56.6,"D","Index","Indicative","RBA","Daily","Historical Daily Exchange Rates Of The Australian Dollar Against:","Australian Dollar Trade-weighted Index"
"3238","FXRTWI","Trade-weighted Index May 1970 = 100","AUS","AUS",1990-11-06,57.2,"D","Index","Indicative","RBA","Daily","Historical Daily Exchange Rates Of The Australian Dollar Against:","Australian Dollar Trade-weighted Index"
"3239","FXRTWI","Trade-weighted Index May 1970 = 100","AUS","AUS",1990-11-07,56.5,"D","Index","Indicative","RBA","Daily","Historical Daily Exchange Rates Of The Australian Dollar Against:","Australian Dollar Trade-weighted Index"
"3240","FXRTWI","Trade-weighted Index May 1970 = 100","AUS","AUS",1990-11-08,56.6,"D","Index","Indicative","RBA","Daily","Historical Daily Exchange Rates Of The Australian Dollar Against:","Australian Dollar Trade-weighted Index"
"3241","FXRTWI","Trade-weighted Index May 1970 = 100","AUS","AUS",1990-11-09,56.9,"D","Index","Indicative","RBA","Daily","Historical Daily Exchange Rates Of The Australian Dollar Against:","Australian Dollar Trade-weighted Index"
"3242","FXRTWI","Trade-weighted Index May 1970 = 100","AUS","AUS",1990-11-12,56.5,"D","Index","Indicative","RBA","Daily","Historical Daily Exchange Rates Of The Australian Dollar Against:","Australian Dollar Trade-weighted Index"
"3243","FXRTWI","Trade-weighted Index May 1970 = 100","AUS","AUS",1990-11-13,56.5,"D","Index","Indicative","RBA","Daily","Historical Daily Exchange Rates Of The Australian Dollar Against:","Australian Dollar Trade-weighted Index"
"3244","FXRTWI","Trade-weighted Index May 1970 = 100","AUS","AUS",1990-11-14,56,"D","Index","Indicative","RBA","Daily","Historical Daily Exchange Rates Of The Australian Dollar Against:","Australian Dollar Trade-weighted Index"
"3245","FXRTWI","Trade-weighted Index May 1970 = 100","AUS","AUS",1990-11-15,55.9,"D","Index","Indicative","RBA","Daily","Historical Daily Exchange Rates Of The Australian Dollar Against:","Australian Dollar Trade-weighted Index"
"3246","FXRTWI","Trade-weighted Index May 1970 = 100","AUS","AUS",1990-11-16,56,"D","Index","Indicative","RBA","Daily","Historical Daily Exchange Rates Of The Australian Dollar Against:","Australian Dollar Trade-weighted Index"
"3247","FXRTWI","Trade-weighted Index May 1970 = 100","AUS","AUS",1990-11-19,55.5,"D","Index","Indicative","RBA","Daily","Historical Daily Exchange Rates Of The Australian Dollar Against:","Australian Dollar Trade-weighted Index"
"3248","FXRTWI","Trade-weighted Index May 1970 = 100","AUS","AUS",1990-11-20,55.7,"D","Index","Indicative","RBA","Daily","Historical Daily Exchange Rates Of The Australian Dollar Against:","Australian Dollar Trade-weighted Index"
"3249","FXRTWI","Trade-weighted Index May 1970 = 100","AUS","AUS",1990-11-21,55.6,"D","Index","Indicative","RBA","Daily","Historical Daily Exchange Rates Of The Australian Dollar Against:","Australian Dollar Trade-weighted Index"
"3250","FXRTWI","Trade-weighted Index May 1970 = 100","AUS","AUS",1990-11-22,55.5,"D","Index","Indicative","RBA","Daily","Historical Daily Exchange Rates Of The Australian Dollar Against:","Australian Dollar Trade-weighted Index"
"3251","FXRTWI","Trade-weighted Index May 1970 = 100","AUS","AUS",1990-11-23,55.5,"D","Index","Indicative","RBA","Daily","Historical Daily Exchange Rates Of The Australian Dollar Against:","Australian Dollar Trade-weighted Index"
"3252","FXRTWI","Trade-weighted Index May 1970 = 100","AUS","AUS",1990-11-26,55.6,"D","Index","Indicative","RBA","Daily","Historical Daily Exchange Rates Of The Australian Dollar Against:","Australian Dollar Trade-weighted Index"
"3253","FXRTWI","Trade-weighted Index May 1970 = 100","AUS","AUS",1990-11-27,55.9,"D","Index","Indicative","RBA","Daily","Historical Daily Exchange Rates Of The Australian Dollar Against:","Australian Dollar Trade-weighted Index"
"3254","FXRTWI","Trade-weighted Index May 1970 = 100","AUS","AUS",1990-11-28,55.9,"D","Index","Indicative","RBA","Daily","Historical Daily Exchange Rates Of The Australian Dollar Against:","Australian Dollar Trade-weighted Index"
"3255","FXRTWI","Trade-weighted Index May 1970 = 100","AUS","AUS",1990-11-29,56.4,"D","Index","Indicative","RBA","Daily","Historical Daily Exchange Rates Of The Australian Dollar Against:","Australian Dollar Trade-weighted Index"
"3256","DLCACS","Credit; Total; Seasonally adjusted","AUS","AUS",1990-11-30,344.393,"M","$ billion","Seasonally Adjusted","RBA","Monthly","D2 Lending And Credit Aggregates","Credit; Total; Seasonally adjusted – Includes securitisations – For series breaks see Series Breaks"
"3257","FIRMMCRT","Cash Rate Target","AUS","AUS",1990-11-30,13,"M","Per cent","Original","RBA","Monthly","F1.1 Interest Rates And Yields - Money Market","Cash Rate Target; monthly average"
"3258","FXRTWI","Trade-weighted Index May 1970 = 100","AUS","AUS",1990-11-30,56.9,"D","Index","Indicative","RBA","Daily","Historical Daily Exchange Rates Of The Australian Dollar Against:","Australian Dollar Trade-weighted Index"
"3259","FXRTWI","Trade-weighted Index May 1970 = 100","AUS","AUS",1990-11-30,56.9,"M","Index","Indicative","RBA","Monthly","F11 Exchange Rates","Australian Dollar Trade-weighted Index"
"3260","GRCPAISDR","Commodity prices – SDR","AUS","AUS",1990-11-30,30.5452157018572,"M","Index, 2023/24=100","Original","RBA","Monthly","I2 Commodity Prices","Index of commodity prices; All items; SDR"
"3261","A2302956R","South Australia ; STATE FINAL DEMAND ;","SA","SA",1990-12-01,16118,"Q","$ Millions","Seasonally Adjusted",NA,"Quarterly","Table 25. State Final Demand, Summary Components by State: Chain volume measures",NA
"3262","A2302984X","Western Australia ; STATE FINAL DEMAND ;","WA","WA",1990-12-01,20701,"Q","$ Millions","Seasonally Adjusted",NA,"Quarterly","Table 25. State Final Demand, Summary Components by State: Chain volume measures",NA
"3263","A2303012X","Tasmania ; STATE FINAL DEMAND ;","TAS","TAS",1990-12-01,5167,"Q","$ Millions","Seasonally Adjusted",NA,"Quarterly","Table 25. State Final Demand, Summary Components by State: Chain volume measures",NA
"3264","A2303040J","Northern Territory ; STATE FINAL DEMAND ;","NT","NT",1990-12-01,2580,"Q","$ Millions","Seasonally Adjusted",NA,"Quarterly","Table 25. State Final Demand, Summary Components by State: Chain volume measures",NA
"3265","A2303068K","Australian Capital Territory ; STATE FINAL DEMAND ;","ACT","ACT",1990-12-01,5412,"Q","$ Millions","Seasonally Adjusted",NA,"Quarterly","Table 25. State Final Demand, Summary Components by State: Chain volume measures",NA
"3266","A2303111F","New South Wales ; STATE FINAL DEMAND ;","NSW","NSW",1990-12-01,75945,"Q","$ Millions","Seasonally Adjusted",NA,"Quarterly","Table 25. State Final Demand, Summary Components by State: Chain volume measures",NA
"3267","A2303139J","Victoria ; STATE FINAL DEMAND ;","VIC","VIC",1990-12-01,50194,"Q","$ Millions","Seasonally Adjusted",NA,"Quarterly","Table 25. State Final Demand, Summary Components by State: Chain volume measures",NA
"3268","A2303187A","Queensland ; STATE FINAL DEMAND ;","QLD","QLD",1990-12-01,34356,"Q","$ Millions","Seasonally Adjusted",NA,"Quarterly","Table 25. State Final Demand, Summary Components by State: Chain volume measures",NA
"3269","A2304418T","Gross domestic product: Current prices ;","AUS","AUS",1990-12-01,104850,"Q","$ Millions","Seasonally Adjusted",NA,"Quarterly","Table 1. Key National Accounts Aggregates",NA
"3270","A2325846C","Index Numbers ; All groups CPI ; Australia ;","AUS","AUS",1990-12-01,59,"Q","Index Numbers","Original",NA,"Quarterly","TABLES 1 and 2. CPI: All Groups, Index Numbers and Percentage Changes",NA
"3271","A2718577A","Credits, Total goods ;","AUS","AUS",1990-12-01,4471,"M","$ Millions","Seasonally Adjusted",NA,"Monthly","TABLE 1. GOODS, Summary: Seasonally adjusted and trend estimates, Current prices",NA
"3272","A2718594C","Balance on goods ;","AUS","AUS",1990-12-01,73,"M","$ Millions","Seasonally Adjusted",NA,"Monthly","TABLE 1. GOODS, Summary: Seasonally adjusted and trend estimates, Current prices",NA
"3273","FXRTWI","Trade-weighted Index May 1970 = 100","AUS","AUS",1990-12-03,56.8,"D","Index","Indicative","RBA","Daily","Historical Daily Exchange Rates Of The Australian Dollar Against:","Australian Dollar Trade-weighted Index"
"3274","FXRTWI","Trade-weighted Index May 1970 = 100","AUS","AUS",1990-12-04,57.3,"D","Index","Indicative","RBA","Daily","Historical Daily Exchange Rates Of The Australian Dollar Against:","Australian Dollar Trade-weighted Index"
"3275","FXRTWI","Trade-weighted Index May 1970 = 100","AUS","AUS",1990-12-05,57.1,"D","Index","Indicative","RBA","Daily","Historical Daily Exchange Rates Of The Australian Dollar Against:","Australian Dollar Trade-weighted Index"
"3276","FXRTWI","Trade-weighted Index May 1970 = 100","AUS","AUS",1990-12-06,56.7,"D","Index","Indicative","RBA","Daily","Historical Daily Exchange Rates Of The Australian Dollar Against:","Australian Dollar Trade-weighted Index"
"3277","FXRTWI","Trade-weighted Index May 1970 = 100","AUS","AUS",1990-12-07,56.5,"D","Index","Indicative","RBA","Daily","Historical Daily Exchange Rates Of The Australian Dollar Against:","Australian Dollar Trade-weighted Index"
"3278","FXRTWI","Trade-weighted Index May 1970 = 100","AUS","AUS",1990-12-10,56.4,"D","Index","Indicative","RBA","Daily","Historical Daily Exchange Rates Of The Australian Dollar Against:","Australian Dollar Trade-weighted Index"
"3279","FXRTWI","Trade-weighted Index May 1970 = 100","AUS","AUS",1990-12-11,56.2,"D","Index","Indicative","RBA","Daily","Historical Daily Exchange Rates Of The Australian Dollar Against:","Australian Dollar Trade-weighted Index"
"3280","FXRTWI","Trade-weighted Index May 1970 = 100","AUS","AUS",1990-12-12,56.1,"D","Index","Indicative","RBA","Daily","Historical Daily Exchange Rates Of The Australian Dollar Against:","Australian Dollar Trade-weighted Index"
"3281","FXRTWI","Trade-weighted Index May 1970 = 100","AUS","AUS",1990-12-13,55.9,"D","Index","Indicative","RBA","Daily","Historical Daily Exchange Rates Of The Australian Dollar Against:","Australian Dollar Trade-weighted Index"
"3282","FXRTWI","Trade-weighted Index May 1970 = 100","AUS","AUS",1990-12-14,55.9,"D","Index","Indicative","RBA","Daily","Historical Daily Exchange Rates Of The Australian Dollar Against:","Australian Dollar Trade-weighted Index"
"3283","FXRTWI","Trade-weighted Index May 1970 = 100","AUS","AUS",1990-12-17,56.2,"D","Index","Indicative","RBA","Daily","Historical Daily Exchange Rates Of The Australian Dollar Against:","Australian Dollar Trade-weighted Index"
"3284","FXRTWI","Trade-weighted Index May 1970 = 100","AUS","AUS",1990-12-18,56.5,"D","Index","Indicative","RBA","Daily","Historical Daily Exchange Rates Of The Australian Dollar Against:","Australian Dollar Trade-weighted Index"
"3285","FXRTWI","Trade-weighted Index May 1970 = 100","AUS","AUS",1990-12-19,56.6,"D","Index","Indicative","RBA","Daily","Historical Daily Exchange Rates Of The Australian Dollar Against:","Australian Dollar Trade-weighted Index"
"3286","FXRTWI","Trade-weighted Index May 1970 = 100","AUS","AUS",1990-12-20,56.8,"D","Index","Indicative","RBA","Daily","Historical Daily Exchange Rates Of The Australian Dollar Against:","Australian Dollar Trade-weighted Index"
"3287","FXRTWI","Trade-weighted Index May 1970 = 100","AUS","AUS",1990-12-21,57.2,"D","Index","Indicative","RBA","Daily","Historical Daily Exchange Rates Of The Australian Dollar Against:","Australian Dollar Trade-weighted Index"
"3288","FXRTWI","Trade-weighted Index May 1970 = 100","AUS","AUS",1990-12-24,57.5,"D","Index","Indicative","RBA","Daily","Historical Daily Exchange Rates Of The Australian Dollar Against:","Australian Dollar Trade-weighted Index"
"3289","FXRTWI","Trade-weighted Index May 1970 = 100","AUS","AUS",1990-12-27,57.5,"D","Index","Indicative","RBA","Daily","Historical Daily Exchange Rates Of The Australian Dollar Against:","Australian Dollar Trade-weighted Index"
"3290","FXRTWI","Trade-weighted Index May 1970 = 100","AUS","AUS",1990-12-28,57.4,"D","Index","Indicative","RBA","Daily","Historical Daily Exchange Rates Of The Australian Dollar Against:","Australian Dollar Trade-weighted Index"
"3291","DLCACS","Credit; Total; Seasonally adjusted","AUS","AUS",1990-12-31,346.335,"M","$ billion","Seasonally Adjusted","RBA","Monthly","D2 Lending And Credit Aggregates","Credit; Total; Seasonally adjusted – Includes securitisations – For series breaks see Series Breaks"
"3292","FIRMMCRT","Cash Rate Target","AUS","AUS",1990-12-31,12.5789473684211,"M","Per cent","Original","RBA","Monthly","F1.1 Interest Rates And Yields - Money Market","Cash Rate Target; monthly average"
"3293","FXRTWI","Trade-weighted Index May 1970 = 100","AUS","AUS",1990-12-31,57.3,"D","Index","Indicative","RBA","Daily","Historical Daily Exchange Rates Of The Australian Dollar Against:","Australian Dollar Trade-weighted Index"
"3294","FXRTWI","Trade-weighted Index May 1970 = 100","AUS","AUS",1990-12-31,57.3,"M","Index","Indicative","RBA","Monthly","F11 Exchange Rates","Australian Dollar Trade-weighted Index"
"3295","GCPIOCPMTMQP","Quarterly trimmed mean inflation","AUS","AUS",1990-12-31,1.8,"Q","Per cent","Seasonally Adjusted","ABS","Quarterly","G1 Consumer Price Inflation","Consumer price index; Trimmed mean; Quarterly change (in per cent)"
"3296","GRCPAISDR","Commodity prices – SDR","AUS","AUS",1990-12-31,30.2174984812922,"M","Index, 2023/24=100","Original","RBA","Monthly","I2 Commodity Prices","Index of commodity prices; All items; SDR"
"3297","A2718577A","Credits, Total goods ;","AUS","AUS",1991-01-01,4404,"M","$ Millions","Seasonally Adjusted",NA,"Monthly","TABLE 1. GOODS, Summary: Seasonally adjusted and trend estimates, Current prices",NA
"3298","A2718594C","Balance on goods ;","AUS","AUS",1991-01-01,109,"M","$ Millions","Seasonally Adjusted",NA,"Monthly","TABLE 1. GOODS, Summary: Seasonally adjusted and trend estimates, Current prices",NA
"3299","FXRTWI","Trade-weighted Index May 1970 = 100","AUS","AUS",1991-01-02,57.2,"D","Index","Indicative","RBA","Daily","Historical Daily Exchange Rates Of The Australian Dollar Against:","Australian Dollar Trade-weighted Index"
"3300","FXRTWI","Trade-weighted Index May 1970 = 100","AUS","AUS",1991-01-03,57,"D","Index","Indicative","RBA","Daily","Historical Daily Exchange Rates Of The Australian Dollar Against:","Australian Dollar Trade-weighted Index"
"3301","FXRTWI","Trade-weighted Index May 1970 = 100","AUS","AUS",1991-01-04,57.3,"D","Index","Indicative","RBA","Daily","Historical Daily Exchange Rates Of The Australian Dollar Against:","Australian Dollar Trade-weighted Index"
"3302","FXRTWI","Trade-weighted Index May 1970 = 100","AUS","AUS",1991-01-07,57.8,"D","Index","Indicative","RBA","Daily","Historical Daily Exchange Rates Of The Australian Dollar Against:","Australian Dollar Trade-weighted Index"
"3303","FXRTWI","Trade-weighted Index May 1970 = 100","AUS","AUS",1991-01-08,58,"D","Index","Indicative","RBA","Daily","Historical Daily Exchange Rates Of The Australian Dollar Against:","Australian Dollar Trade-weighted Index"
"3304","FXRTWI","Trade-weighted Index May 1970 = 100","AUS","AUS",1991-01-09,57.8,"D","Index","Indicative","RBA","Daily","Historical Daily Exchange Rates Of The Australian Dollar Against:","Australian Dollar Trade-weighted Index"
"3305","FXRTWI","Trade-weighted Index May 1970 = 100","AUS","AUS",1991-01-10,57.6,"D","Index","Indicative","RBA","Daily","Historical Daily Exchange Rates Of The Australian Dollar Against:","Australian Dollar Trade-weighted Index"
"3306","FXRTWI","Trade-weighted Index May 1970 = 100","AUS","AUS",1991-01-11,57.4,"D","Index","Indicative","RBA","Daily","Historical Daily Exchange Rates Of The Australian Dollar Against:","Australian Dollar Trade-weighted Index"
"3307","FXRTWI","Trade-weighted Index May 1970 = 100","AUS","AUS",1991-01-14,57.7,"D","Index","Indicative","RBA","Daily","Historical Daily Exchange Rates Of The Australian Dollar Against:","Australian Dollar Trade-weighted Index"
"3308","FXRTWI","Trade-weighted Index May 1970 = 100","AUS","AUS",1991-01-15,57.9,"D","Index","Indicative","RBA","Daily","Historical Daily Exchange Rates Of The Australian Dollar Against:","Australian Dollar Trade-weighted Index"
"3309","FXRTWI","Trade-weighted Index May 1970 = 100","AUS","AUS",1991-01-16,58.6,"D","Index","Indicative","RBA","Daily","Historical Daily Exchange Rates Of The Australian Dollar Against:","Australian Dollar Trade-weighted Index"
"3310","FXRTWI","Trade-weighted Index May 1970 = 100","AUS","AUS",1991-01-17,57.7,"D","Index","Indicative","RBA","Daily","Historical Daily Exchange Rates Of The Australian Dollar Against:","Australian Dollar Trade-weighted Index"
"3311","FXRTWI","Trade-weighted Index May 1970 = 100","AUS","AUS",1991-01-18,57.9,"D","Index","Indicative","RBA","Daily","Historical Daily Exchange Rates Of The Australian Dollar Against:","Australian Dollar Trade-weighted Index"
"3312","FXRTWI","Trade-weighted Index May 1970 = 100","AUS","AUS",1991-01-21,57.6,"D","Index","Indicative","RBA","Daily","Historical Daily Exchange Rates Of The Australian Dollar Against:","Australian Dollar Trade-weighted Index"
"3313","FXRTWI","Trade-weighted Index May 1970 = 100","AUS","AUS",1991-01-22,57.3,"D","Index","Indicative","RBA","Daily","Historical Daily Exchange Rates Of The Australian Dollar Against:","Australian Dollar Trade-weighted Index"
"3314","FXRTWI","Trade-weighted Index May 1970 = 100","AUS","AUS",1991-01-23,57.6,"D","Index","Indicative","RBA","Daily","Historical Daily Exchange Rates Of The Australian Dollar Against:","Australian Dollar Trade-weighted Index"
"3315","FXRTWI","Trade-weighted Index May 1970 = 100","AUS","AUS",1991-01-24,57.4,"D","Index","Indicative","RBA","Daily","Historical Daily Exchange Rates Of The Australian Dollar Against:","Australian Dollar Trade-weighted Index"
"3316","FXRTWI","Trade-weighted Index May 1970 = 100","AUS","AUS",1991-01-25,57.3,"D","Index","Indicative","RBA","Daily","Historical Daily Exchange Rates Of The Australian Dollar Against:","Australian Dollar Trade-weighted Index"
"3317","FXRTWI","Trade-weighted Index May 1970 = 100","AUS","AUS",1991-01-29,57.4,"D","Index","Indicative","RBA","Daily","Historical Daily Exchange Rates Of The Australian Dollar Against:","Australian Dollar Trade-weighted Index"
"3318","FXRTWI","Trade-weighted Index May 1970 = 100","AUS","AUS",1991-01-30,57.6,"D","Index","Indicative","RBA","Daily","Historical Daily Exchange Rates Of The Australian Dollar Against:","Australian Dollar Trade-weighted Index"
"3319","DLCACS","Credit; Total; Seasonally adjusted","AUS","AUS",1991-01-31,347.53,"M","$ billion","Seasonally Adjusted","RBA","Monthly","D2 Lending And Credit Aggregates","Credit; Total; Seasonally adjusted – Includes securitisations – For series breaks see Series Breaks"
"3320","FIRMMCRT","Cash Rate Target","AUS","AUS",1991-01-31,12,"M","Per cent","Original","RBA","Monthly","F1.1 Interest Rates And Yields - Money Market","Cash Rate Target; monthly average"
"3321","FXRTWI","Trade-weighted Index May 1970 = 100","AUS","AUS",1991-01-31,57.5,"D","Index","Indicative","RBA","Daily","Historical Daily Exchange Rates Of The Australian Dollar Against:","Australian Dollar Trade-weighted Index"
"3322","FXRTWI","Trade-weighted Index May 1970 = 100","AUS","AUS",1991-01-31,57.5,"M","Index","Indicative","RBA","Monthly","F11 Exchange Rates","Australian Dollar Trade-weighted Index"
"3323","GRCPAISDR","Commodity prices – SDR","AUS","AUS",1991-01-31,30.1197577448825,"M","Index, 2023/24=100","Original","RBA","Monthly","I2 Commodity Prices","Index of commodity prices; All items; SDR"
"3324","A2718577A","Credits, Total goods ;","AUS","AUS",1991-02-01,4413,"M","$ Millions","Seasonally Adjusted",NA,"Monthly","TABLE 1. GOODS, Summary: Seasonally adjusted and trend estimates, Current prices",NA
"3325","A2718594C","Balance on goods ;","AUS","AUS",1991-02-01,136,"M","$ Millions","Seasonally Adjusted",NA,"Monthly","TABLE 1. GOODS, Summary: Seasonally adjusted and trend estimates, Current prices",NA
"3326","FXRTWI","Trade-weighted Index May 1970 = 100","AUS","AUS",1991-02-01,57.3,"D","Index","Indicative","RBA","Daily","Historical Daily Exchange Rates Of The Australian Dollar Against:","Australian Dollar Trade-weighted Index"
"3327","FXRTWI","Trade-weighted Index May 1970 = 100","AUS","AUS",1991-02-04,57.1,"D","Index","Indicative","RBA","Daily","Historical Daily Exchange Rates Of The Australian Dollar Against:","Australian Dollar Trade-weighted Index"
"3328","FXRTWI","Trade-weighted Index May 1970 = 100","AUS","AUS",1991-02-05,56.9,"D","Index","Indicative","RBA","Daily","Historical Daily Exchange Rates Of The Australian Dollar Against:","Australian Dollar Trade-weighted Index"
"3329","FXRTWI","Trade-weighted Index May 1970 = 100","AUS","AUS",1991-02-06,56.4,"D","Index","Indicative","RBA","Daily","Historical Daily Exchange Rates Of The Australian Dollar Against:","Australian Dollar Trade-weighted Index"
"3330","FXRTWI","Trade-weighted Index May 1970 = 100","AUS","AUS",1991-02-07,56.7,"D","Index","Indicative","RBA","Daily","Historical Daily Exchange Rates Of The Australian Dollar Against:","Australian Dollar Trade-weighted Index"
"3331","FXRTWI","Trade-weighted Index May 1970 = 100","AUS","AUS",1991-02-08,56.5,"D","Index","Indicative","RBA","Daily","Historical Daily Exchange Rates Of The Australian Dollar Against:","Australian Dollar Trade-weighted Index"
"3332","FXRTWI","Trade-weighted Index May 1970 = 100","AUS","AUS",1991-02-11,56.5,"D","Index","Indicative","RBA","Daily","Historical Daily Exchange Rates Of The Australian Dollar Against:","Australian Dollar Trade-weighted Index"
"3333","FXRTWI","Trade-weighted Index May 1970 = 100","AUS","AUS",1991-02-12,56.5,"D","Index","Indicative","RBA","Daily","Historical Daily Exchange Rates Of The Australian Dollar Against:","Australian Dollar Trade-weighted Index"
"3334","FXRTWI","Trade-weighted Index May 1970 = 100","AUS","AUS",1991-02-13,57.2,"D","Index","Indicative","RBA","Daily","Historical Daily Exchange Rates Of The Australian Dollar Against:","Australian Dollar Trade-weighted Index"
"3335","FXRTWI","Trade-weighted Index May 1970 = 100","AUS","AUS",1991-02-14,57.2,"D","Index","Indicative","RBA","Daily","Historical Daily Exchange Rates Of The Australian Dollar Against:","Australian Dollar Trade-weighted Index"
"3336","FXRTWI","Trade-weighted Index May 1970 = 100","AUS","AUS",1991-02-15,57.3,"D","Index","Indicative","RBA","Daily","Historical Daily Exchange Rates Of The Australian Dollar Against:","Australian Dollar Trade-weighted Index"
"3337","FXRTWI","Trade-weighted Index May 1970 = 100","AUS","AUS",1991-02-18,57.5,"D","Index","Indicative","RBA","Daily","Historical Daily Exchange Rates Of The Australian Dollar Against:","Australian Dollar Trade-weighted Index"
"3338","FXRTWI","Trade-weighted Index May 1970 = 100","AUS","AUS",1991-02-19,57.7,"D","Index","Indicative","RBA","Daily","Historical Daily Exchange Rates Of The Australian Dollar Against:","Australian Dollar Trade-weighted Index"
"3339","FXRTWI","Trade-weighted Index May 1970 = 100","AUS","AUS",1991-02-20,57.7,"D","Index","Indicative","RBA","Daily","Historical Daily Exchange Rates Of The Australian Dollar Against:","Australian Dollar Trade-weighted Index"
"3340","FXRTWI","Trade-weighted Index May 1970 = 100","AUS","AUS",1991-02-21,57.7,"D","Index","Indicative","RBA","Daily","Historical Daily Exchange Rates Of The Australian Dollar Against:","Australian Dollar Trade-weighted Index"
"3341","FXRTWI","Trade-weighted Index May 1970 = 100","AUS","AUS",1991-02-22,57.7,"D","Index","Indicative","RBA","Daily","Historical Daily Exchange Rates Of The Australian Dollar Against:","Australian Dollar Trade-weighted Index"
"3342","FXRTWI","Trade-weighted Index May 1970 = 100","AUS","AUS",1991-02-25,57.7,"D","Index","Indicative","RBA","Daily","Historical Daily Exchange Rates Of The Australian Dollar Against:","Australian Dollar Trade-weighted Index"
"3343","FXRTWI","Trade-weighted Index May 1970 = 100","AUS","AUS",1991-02-26,57.9,"D","Index","Indicative","RBA","Daily","Historical Daily Exchange Rates Of The Australian Dollar Against:","Australian Dollar Trade-weighted Index"
"3344","FXRTWI","Trade-weighted Index May 1970 = 100","AUS","AUS",1991-02-27,58,"D","Index","Indicative","RBA","Daily","Historical Daily Exchange Rates Of The Australian Dollar Against:","Australian Dollar Trade-weighted Index"
"3345","DLCACS","Credit; Total; Seasonally adjusted","AUS","AUS",1991-02-28,348.141,"M","$ billion","Seasonally Adjusted","RBA","Monthly","D2 Lending And Credit Aggregates","Credit; Total; Seasonally adjusted – Includes securitisations – For series breaks see Series Breaks"
"3346","FIRMMCRT","Cash Rate Target","AUS","AUS",1991-02-28,12,"M","Per cent","Original","RBA","Monthly","F1.1 Interest Rates And Yields - Money Market","Cash Rate Target; monthly average"
"3347","FXRTWI","Trade-weighted Index May 1970 = 100","AUS","AUS",1991-02-28,57.9,"D","Index","Indicative","RBA","Daily","Historical Daily Exchange Rates Of The Australian Dollar Against:","Australian Dollar Trade-weighted Index"
"3348","FXRTWI","Trade-weighted Index May 1970 = 100","AUS","AUS",1991-02-28,57.9,"M","Index","Indicative","RBA","Monthly","F11 Exchange Rates","Australian Dollar Trade-weighted Index"
"3349","GRCPAISDR","Commodity prices – SDR","AUS","AUS",1991-02-28,28.2222199591574,"M","Index, 2023/24=100","Original","RBA","Monthly","I2 Commodity Prices","Index of commodity prices; All items; SDR"
"3350","A2302956R","South Australia ; STATE FINAL DEMAND ;","SA","SA",1991-03-01,16023,"Q","$ Millions","Seasonally Adjusted",NA,"Quarterly","Table 25. State Final Demand, Summary Components by State: Chain volume measures",NA
"3351","A2302984X","Western Australia ; STATE FINAL DEMAND ;","WA","WA",1991-03-01,20578,"Q","$ Millions","Seasonally Adjusted",NA,"Quarterly","Table 25. State Final Demand, Summary Components by State: Chain volume measures",NA
"3352","A2303012X","Tasmania ; STATE FINAL DEMAND ;","TAS","TAS",1991-03-01,5226,"Q","$ Millions","Seasonally Adjusted",NA,"Quarterly","Table 25. State Final Demand, Summary Components by State: Chain volume measures",NA
"3353","A2303040J","Northern Territory ; STATE FINAL DEMAND ;","NT","NT",1991-03-01,2563,"Q","$ Millions","Seasonally Adjusted",NA,"Quarterly","Table 25. State Final Demand, Summary Components by State: Chain volume measures",NA
"3354","A2303068K","Australian Capital Territory ; STATE FINAL DEMAND ;","ACT","ACT",1991-03-01,5527,"Q","$ Millions","Seasonally Adjusted",NA,"Quarterly","Table 25. State Final Demand, Summary Components by State: Chain volume measures",NA
"3355","A2303111F","New South Wales ; STATE FINAL DEMAND ;","NSW","NSW",1991-03-01,75473,"Q","$ Millions","Seasonally Adjusted",NA,"Quarterly","Table 25. State Final Demand, Summary Components by State: Chain volume measures",NA
"3356","A2303139J","Victoria ; STATE FINAL DEMAND ;","VIC","VIC",1991-03-01,49506,"Q","$ Millions","Seasonally Adjusted",NA,"Quarterly","Table 25. State Final Demand, Summary Components by State: Chain volume measures",NA
"3357","A2303187A","Queensland ; STATE FINAL DEMAND ;","QLD","QLD",1991-03-01,34353,"Q","$ Millions","Seasonally Adjusted",NA,"Quarterly","Table 25. State Final Demand, Summary Components by State: Chain volume measures",NA
"3358","A2304418T","Gross domestic product: Current prices ;","AUS","AUS",1991-03-01,103441,"Q","$ Millions","Seasonally Adjusted",NA,"Quarterly","Table 1. Key National Accounts Aggregates",NA
"3359","A2325846C","Index Numbers ; All groups CPI ; Australia ;","AUS","AUS",1991-03-01,58.9,"Q","Index Numbers","Original",NA,"Quarterly","TABLES 1 and 2. CPI: All Groups, Index Numbers and Percentage Changes",NA
"3360","A2718577A","Credits, Total goods ;","AUS","AUS",1991-03-01,4587,"M","$ Millions","Seasonally Adjusted",NA,"Monthly","TABLE 1. GOODS, Summary: Seasonally adjusted and trend estimates, Current prices",NA
"3361","A2718594C","Balance on goods ;","AUS","AUS",1991-03-01,690,"M","$ Millions","Seasonally Adjusted",NA,"Monthly","TABLE 1. GOODS, Summary: Seasonally adjusted and trend estimates, Current prices",NA
"3362","FXRTWI","Trade-weighted Index May 1970 = 100","AUS","AUS",1991-03-01,58.3,"D","Index","Indicative","RBA","Daily","Historical Daily Exchange Rates Of The Australian Dollar Against:","Australian Dollar Trade-weighted Index"
"3363","FXRTWI","Trade-weighted Index May 1970 = 100","AUS","AUS",1991-03-04,58.3,"D","Index","Indicative","RBA","Daily","Historical Daily Exchange Rates Of The Australian Dollar Against:","Australian Dollar Trade-weighted Index"
"3364","FXRTWI","Trade-weighted Index May 1970 = 100","AUS","AUS",1991-03-05,57.5,"D","Index","Indicative","RBA","Daily","Historical Daily Exchange Rates Of The Australian Dollar Against:","Australian Dollar Trade-weighted Index"
"3365","FXRTWI","Trade-weighted Index May 1970 = 100","AUS","AUS",1991-03-06,57.4,"D","Index","Indicative","RBA","Daily","Historical Daily Exchange Rates Of The Australian Dollar Against:","Australian Dollar Trade-weighted Index"
"3366","FXRTWI","Trade-weighted Index May 1970 = 100","AUS","AUS",1991-03-07,57.5,"D","Index","Indicative","RBA","Daily","Historical Daily Exchange Rates Of The Australian Dollar Against:","Australian Dollar Trade-weighted Index"
"3367","FXRTWI","Trade-weighted Index May 1970 = 100","AUS","AUS",1991-03-08,57.2,"D","Index","Indicative","RBA","Daily","Historical Daily Exchange Rates Of The Australian Dollar Against:","Australian Dollar Trade-weighted Index"
"3368","FXRTWI","Trade-weighted Index May 1970 = 100","AUS","AUS",1991-03-11,57.7,"D","Index","Indicative","RBA","Daily","Historical Daily Exchange Rates Of The Australian Dollar Against:","Australian Dollar Trade-weighted Index"
"3369","FXRTWI","Trade-weighted Index May 1970 = 100","AUS","AUS",1991-03-12,57.7,"D","Index","Indicative","RBA","Daily","Historical Daily Exchange Rates Of The Australian Dollar Against:","Australian Dollar Trade-weighted Index"
"3370","FXRTWI","Trade-weighted Index May 1970 = 100","AUS","AUS",1991-03-13,57.5,"D","Index","Indicative","RBA","Daily","Historical Daily Exchange Rates Of The Australian Dollar Against:","Australian Dollar Trade-weighted Index"
"3371","FXRTWI","Trade-weighted Index May 1970 = 100","AUS","AUS",1991-03-14,57.5,"D","Index","Indicative","RBA","Daily","Historical Daily Exchange Rates Of The Australian Dollar Against:","Australian Dollar Trade-weighted Index"
"3372","FXRTWI","Trade-weighted Index May 1970 = 100","AUS","AUS",1991-03-15,57.9,"D","Index","Indicative","RBA","Daily","Historical Daily Exchange Rates Of The Australian Dollar Against:","Australian Dollar Trade-weighted Index"
"3373","FXRTWI","Trade-weighted Index May 1970 = 100","AUS","AUS",1991-03-18,58.1,"D","Index","Indicative","RBA","Daily","Historical Daily Exchange Rates Of The Australian Dollar Against:","Australian Dollar Trade-weighted Index"
"3374","FXRTWI","Trade-weighted Index May 1970 = 100","AUS","AUS",1991-03-19,58.6,"D","Index","Indicative","RBA","Daily","Historical Daily Exchange Rates Of The Australian Dollar Against:","Australian Dollar Trade-weighted Index"
"3375","FXRTWI","Trade-weighted Index May 1970 = 100","AUS","AUS",1991-03-20,58.7,"D","Index","Indicative","RBA","Daily","Historical Daily Exchange Rates Of The Australian Dollar Against:","Australian Dollar Trade-weighted Index"
"3376","FXRTWI","Trade-weighted Index May 1970 = 100","AUS","AUS",1991-03-21,58.5,"D","Index","Indicative","RBA","Daily","Historical Daily Exchange Rates Of The Australian Dollar Against:","Australian Dollar Trade-weighted Index"
"3377","FXRTWI","Trade-weighted Index May 1970 = 100","AUS","AUS",1991-03-22,58.5,"D","Index","Indicative","RBA","Daily","Historical Daily Exchange Rates Of The Australian Dollar Against:","Australian Dollar Trade-weighted Index"
"3378","FXRTWI","Trade-weighted Index May 1970 = 100","AUS","AUS",1991-03-25,58.7,"D","Index","Indicative","RBA","Daily","Historical Daily Exchange Rates Of The Australian Dollar Against:","Australian Dollar Trade-weighted Index"
"3379","FXRTWI","Trade-weighted Index May 1970 = 100","AUS","AUS",1991-03-26,58.9,"D","Index","Indicative","RBA","Daily","Historical Daily Exchange Rates Of The Australian Dollar Against:","Australian Dollar Trade-weighted Index"
"3380","FXRTWI","Trade-weighted Index May 1970 = 100","AUS","AUS",1991-03-27,59.2,"D","Index","Indicative","RBA","Daily","Historical Daily Exchange Rates Of The Australian Dollar Against:","Australian Dollar Trade-weighted Index"
"3381","FXRTWI","Trade-weighted Index May 1970 = 100","AUS","AUS",1991-03-28,59.7,"D","Index","Indicative","RBA","Daily","Historical Daily Exchange Rates Of The Australian Dollar Against:","Australian Dollar Trade-weighted Index"
"3382","DLCACS","Credit; Total; Seasonally adjusted","AUS","AUS",1991-03-31,347.425,"M","$ billion","Seasonally Adjusted","RBA","Monthly","D2 Lending And Credit Aggregates","Credit; Total; Seasonally adjusted – Includes securitisations – For series breaks see Series Breaks"
"3383","FIRMMCRT","Cash Rate Target","AUS","AUS",1991-03-31,12,"M","Per cent","Original","RBA","Monthly","F1.1 Interest Rates And Yields - Money Market","Cash Rate Target; monthly average"
"3384","FXRTWI","Trade-weighted Index May 1970 = 100","AUS","AUS",1991-03-31,59.7,"M","Index","Indicative","RBA","Monthly","F11 Exchange Rates","Australian Dollar Trade-weighted Index"
"3385","GCPIOCPMTMQP","Quarterly trimmed mean inflation","AUS","AUS",1991-03-31,0.8,"Q","Per cent","Seasonally Adjusted","ABS","Quarterly","G1 Consumer Price Inflation","Consumer price index; Trimmed mean; Quarterly change (in per cent)"
"3386","GRCPAISDR","Commodity prices – SDR","AUS","AUS",1991-03-31,29.2375148955744,"M","Index, 2023/24=100","Original","RBA","Monthly","I2 Commodity Prices","Index of commodity prices; All items; SDR"
"3387","A2718577A","Credits, Total goods ;","AUS","AUS",1991-04-01,4385,"M","$ Millions","Seasonally Adjusted",NA,"Monthly","TABLE 1. GOODS, Summary: Seasonally adjusted and trend estimates, Current prices",NA
"3388","A2718594C","Balance on goods ;","AUS","AUS",1991-04-01,262,"M","$ Millions","Seasonally Adjusted",NA,"Monthly","TABLE 1. GOODS, Summary: Seasonally adjusted and trend estimates, Current prices",NA
"3389","FXRTWI","Trade-weighted Index May 1970 = 100","AUS","AUS",1991-04-02,59.2,"D","Index","Indicative","RBA","Daily","Historical Daily Exchange Rates Of The Australian Dollar Against:","Australian Dollar Trade-weighted Index"
"3390","FXRTWI","Trade-weighted Index May 1970 = 100","AUS","AUS",1991-04-03,59.2,"D","Index","Indicative","RBA","Daily","Historical Daily Exchange Rates Of The Australian Dollar Against:","Australian Dollar Trade-weighted Index"
"3391","FXRTWI","Trade-weighted Index May 1970 = 100","AUS","AUS",1991-04-04,59.6,"D","Index","Indicative","RBA","Daily","Historical Daily Exchange Rates Of The Australian Dollar Against:","Australian Dollar Trade-weighted Index"
"3392","FXRTWI","Trade-weighted Index May 1970 = 100","AUS","AUS",1991-04-05,59.5,"D","Index","Indicative","RBA","Daily","Historical Daily Exchange Rates Of The Australian Dollar Against:","Australian Dollar Trade-weighted Index"
"3393","FXRTWI","Trade-weighted Index May 1970 = 100","AUS","AUS",1991-04-08,59.9,"D","Index","Indicative","RBA","Daily","Historical Daily Exchange Rates Of The Australian Dollar Against:","Australian Dollar Trade-weighted Index"
"3394","FXRTWI","Trade-weighted Index May 1970 = 100","AUS","AUS",1991-04-09,60,"D","Index","Indicative","RBA","Daily","Historical Daily Exchange Rates Of The Australian Dollar Against:","Australian Dollar Trade-weighted Index"
"3395","FXRTWI","Trade-weighted Index May 1970 = 100","AUS","AUS",1991-04-10,59.7,"D","Index","Indicative","RBA","Daily","Historical Daily Exchange Rates Of The Australian Dollar Against:","Australian Dollar Trade-weighted Index"
"3396","FXRTWI","Trade-weighted Index May 1970 = 100","AUS","AUS",1991-04-11,59.7,"D","Index","Indicative","RBA","Daily","Historical Daily Exchange Rates Of The Australian Dollar Against:","Australian Dollar Trade-weighted Index"
"3397","FXRTWI","Trade-weighted Index May 1970 = 100","AUS","AUS",1991-04-12,59.4,"D","Index","Indicative","RBA","Daily","Historical Daily Exchange Rates Of The Australian Dollar Against:","Australian Dollar Trade-weighted Index"
"3398","FXRTWI","Trade-weighted Index May 1970 = 100","AUS","AUS",1991-04-15,59.4,"D","Index","Indicative","RBA","Daily","Historical Daily Exchange Rates Of The Australian Dollar Against:","Australian Dollar Trade-weighted Index"
"3399","FXRTWI","Trade-weighted Index May 1970 = 100","AUS","AUS",1991-04-16,59,"D","Index","Indicative","RBA","Daily","Historical Daily Exchange Rates Of The Australian Dollar Against:","Australian Dollar Trade-weighted Index"
"3400","FXRTWI","Trade-weighted Index May 1970 = 100","AUS","AUS",1991-04-17,59.1,"D","Index","Indicative","RBA","Daily","Historical Daily Exchange Rates Of The Australian Dollar Against:","Australian Dollar Trade-weighted Index"
"3401","FXRTWI","Trade-weighted Index May 1970 = 100","AUS","AUS",1991-04-18,59.1,"D","Index","Indicative","RBA","Daily","Historical Daily Exchange Rates Of The Australian Dollar Against:","Australian Dollar Trade-weighted Index"
"3402","FXRTWI","Trade-weighted Index May 1970 = 100","AUS","AUS",1991-04-19,59.1,"D","Index","Indicative","RBA","Daily","Historical Daily Exchange Rates Of The Australian Dollar Against:","Australian Dollar Trade-weighted Index"
"3403","FXRTWI","Trade-weighted Index May 1970 = 100","AUS","AUS",1991-04-22,59.4,"D","Index","Indicative","RBA","Daily","Historical Daily Exchange Rates Of The Australian Dollar Against:","Australian Dollar Trade-weighted Index"
"3404","FXRTWI","Trade-weighted Index May 1970 = 100","AUS","AUS",1991-04-23,59.7,"D","Index","Indicative","RBA","Daily","Historical Daily Exchange Rates Of The Australian Dollar Against:","Australian Dollar Trade-weighted Index"
"3405","FXRTWI","Trade-weighted Index May 1970 = 100","AUS","AUS",1991-04-24,59.6,"D","Index","Indicative","RBA","Daily","Historical Daily Exchange Rates Of The Australian Dollar Against:","Australian Dollar Trade-weighted Index"
"3406","FXRTWI","Trade-weighted Index May 1970 = 100","AUS","AUS",1991-04-26,59.9,"D","Index","Indicative","RBA","Daily","Historical Daily Exchange Rates Of The Australian Dollar Against:","Australian Dollar Trade-weighted Index"
"3407","FXRTWI","Trade-weighted Index May 1970 = 100","AUS","AUS",1991-04-29,60.3,"D","Index","Indicative","RBA","Daily","Historical Daily Exchange Rates Of The Australian Dollar Against:","Australian Dollar Trade-weighted Index"
"3408","DLCACS","Credit; Total; Seasonally adjusted","AUS","AUS",1991-04-30,347.39,"M","$ billion","Seasonally Adjusted","RBA","Monthly","D2 Lending And Credit Aggregates","Credit; Total; Seasonally adjusted – Includes securitisations – For series breaks see Series Breaks"
"3409","FIRMMCRT","Cash Rate Target","AUS","AUS",1991-04-30,11.55,"M","Per cent","Original","RBA","Monthly","F1.1 Interest Rates And Yields - Money Market","Cash Rate Target; monthly average"
"3410","FXRTWI","Trade-weighted Index May 1970 = 100","AUS","AUS",1991-04-30,60.2,"D","Index","Indicative","RBA","Daily","Historical Daily Exchange Rates Of The Australian Dollar Against:","Australian Dollar Trade-weighted Index"
"3411","FXRTWI","Trade-weighted Index May 1970 = 100","AUS","AUS",1991-04-30,60.2,"M","Index","Indicative","RBA","Monthly","F11 Exchange Rates","Australian Dollar Trade-weighted Index"
"3412","GRCPAISDR","Commodity prices – SDR","AUS","AUS",1991-04-30,30.0601627563301,"M","Index, 2023/24=100","Original","RBA","Monthly","I2 Commodity Prices","Index of commodity prices; All items; SDR"
"3413","A2718577A","Credits, Total goods ;","AUS","AUS",1991-05-01,4625,"M","$ Millions","Seasonally Adjusted",NA,"Monthly","TABLE 1. GOODS, Summary: Seasonally adjusted and trend estimates, Current prices",NA
"3414","A2718594C","Balance on goods ;","AUS","AUS",1991-05-01,725,"M","$ Millions","Seasonally Adjusted",NA,"Monthly","TABLE 1. GOODS, Summary: Seasonally adjusted and trend estimates, Current prices",NA
"3415","FXRTWI","Trade-weighted Index May 1970 = 100","AUS","AUS",1991-05-01,59.5,"D","Index","Indicative","RBA","Daily","Historical Daily Exchange Rates Of The Australian Dollar Against:","Australian Dollar Trade-weighted Index"
"3416","FXRTWI","Trade-weighted Index May 1970 = 100","AUS","AUS",1991-05-02,59.6,"D","Index","Indicative","RBA","Daily","Historical Daily Exchange Rates Of The Australian Dollar Against:","Australian Dollar Trade-weighted Index"
"3417","FXRTWI","Trade-weighted Index May 1970 = 100","AUS","AUS",1991-05-03,59.7,"D","Index","Indicative","RBA","Daily","Historical Daily Exchange Rates Of The Australian Dollar Against:","Australian Dollar Trade-weighted Index"
"3418","FXRTWI","Trade-weighted Index May 1970 = 100","AUS","AUS",1991-05-06,60.1,"D","Index","Indicative","RBA","Daily","Historical Daily Exchange Rates Of The Australian Dollar Against:","Australian Dollar Trade-weighted Index"
"3419","FXRTWI","Trade-weighted Index May 1970 = 100","AUS","AUS",1991-05-07,60,"D","Index","Indicative","RBA","Daily","Historical Daily Exchange Rates Of The Australian Dollar Against:","Australian Dollar Trade-weighted Index"
"3420","FXRTWI","Trade-weighted Index May 1970 = 100","AUS","AUS",1991-05-08,60,"D","Index","Indicative","RBA","Daily","Historical Daily Exchange Rates Of The Australian Dollar Against:","Australian Dollar Trade-weighted Index"
"3421","FXRTWI","Trade-weighted Index May 1970 = 100","AUS","AUS",1991-05-09,60.3,"D","Index","Indicative","RBA","Daily","Historical Daily Exchange Rates Of The Australian Dollar Against:","Australian Dollar Trade-weighted Index"
"3422","FXRTWI","Trade-weighted Index May 1970 = 100","AUS","AUS",1991-05-10,60.2,"D","Index","Indicative","RBA","Daily","Historical Daily Exchange Rates Of The Australian Dollar Against:","Australian Dollar Trade-weighted Index"
"3423","FXRTWI","Trade-weighted Index May 1970 = 100","AUS","AUS",1991-05-13,60.1,"D","Index","Indicative","RBA","Daily","Historical Daily Exchange Rates Of The Australian Dollar Against:","Australian Dollar Trade-weighted Index"
"3424","FXRTWI","Trade-weighted Index May 1970 = 100","AUS","AUS",1991-05-14,59.8,"D","Index","Indicative","RBA","Daily","Historical Daily Exchange Rates Of The Australian Dollar Against:","Australian Dollar Trade-weighted Index"
"3425","FXRTWI","Trade-weighted Index May 1970 = 100","AUS","AUS",1991-05-15,59.9,"D","Index","Indicative","RBA","Daily","Historical Daily Exchange Rates Of The Australian Dollar Against:","Australian Dollar Trade-weighted Index"
"3426","FXRTWI","Trade-weighted Index May 1970 = 100","AUS","AUS",1991-05-16,59.7,"D","Index","Indicative","RBA","Daily","Historical Daily Exchange Rates Of The Australian Dollar Against:","Australian Dollar Trade-weighted Index"
"3427","FXRTWI","Trade-weighted Index May 1970 = 100","AUS","AUS",1991-05-17,59.9,"D","Index","Indicative","RBA","Daily","Historical Daily Exchange Rates Of The Australian Dollar Against:","Australian Dollar Trade-weighted Index"
"3428","FXRTWI","Trade-weighted Index May 1970 = 100","AUS","AUS",1991-05-20,60.3,"D","Index","Indicative","RBA","Daily","Historical Daily Exchange Rates Of The Australian Dollar Against:","Australian Dollar Trade-weighted Index"
"3429","FXRTWI","Trade-weighted Index May 1970 = 100","AUS","AUS",1991-05-21,60.1,"D","Index","Indicative","RBA","Daily","Historical Daily Exchange Rates Of The Australian Dollar Against:","Australian Dollar Trade-weighted Index"
"3430","FXRTWI","Trade-weighted Index May 1970 = 100","AUS","AUS",1991-05-22,59.5,"D","Index","Indicative","RBA","Daily","Historical Daily Exchange Rates Of The Australian Dollar Against:","Australian Dollar Trade-weighted Index"
"3431","FXRTWI","Trade-weighted Index May 1970 = 100","AUS","AUS",1991-05-23,58.5,"D","Index","Indicative","RBA","Daily","Historical Daily Exchange Rates Of The Australian Dollar Against:","Australian Dollar Trade-weighted Index"
"3432","FXRTWI","Trade-weighted Index May 1970 = 100","AUS","AUS",1991-05-24,58.3,"D","Index","Indicative","RBA","Daily","Historical Daily Exchange Rates Of The Australian Dollar Against:","Australian Dollar Trade-weighted Index"
"3433","FXRTWI","Trade-weighted Index May 1970 = 100","AUS","AUS",1991-05-27,58.1,"D","Index","Indicative","RBA","Daily","Historical Daily Exchange Rates Of The Australian Dollar Against:","Australian Dollar Trade-weighted Index"
"3434","FXRTWI","Trade-weighted Index May 1970 = 100","AUS","AUS",1991-05-28,58.4,"D","Index","Indicative","RBA","Daily","Historical Daily Exchange Rates Of The Australian Dollar Against:","Australian Dollar Trade-weighted Index"
"3435","FXRTWI","Trade-weighted Index May 1970 = 100","AUS","AUS",1991-05-29,58.3,"D","Index","Indicative","RBA","Daily","Historical Daily Exchange Rates Of The Australian Dollar Against:","Australian Dollar Trade-weighted Index"
"3436","FXRTWI","Trade-weighted Index May 1970 = 100","AUS","AUS",1991-05-30,58.5,"D","Index","Indicative","RBA","Daily","Historical Daily Exchange Rates Of The Australian Dollar Against:","Australian Dollar Trade-weighted Index"
"3437","DLCACS","Credit; Total; Seasonally adjusted","AUS","AUS",1991-05-31,346.343,"M","$ billion","Seasonally Adjusted","RBA","Monthly","D2 Lending And Credit Aggregates","Credit; Total; Seasonally adjusted – Includes securitisations – For series breaks see Series Breaks"
"3438","FIRMMCRT","Cash Rate Target","AUS","AUS",1991-05-31,10.9782608695652,"M","Per cent","Original","RBA","Monthly","F1.1 Interest Rates And Yields - Money Market","Cash Rate Target; monthly average"
"3439","FXRTWI","Trade-weighted Index May 1970 = 100","AUS","AUS",1991-05-31,58.5,"D","Index","Indicative","RBA","Daily","Historical Daily Exchange Rates Of The Australian Dollar Against:","Australian Dollar Trade-weighted Index"
"3440","FXRTWI","Trade-weighted Index May 1970 = 100","AUS","AUS",1991-05-31,58.5,"M","Index","Indicative","RBA","Monthly","F11 Exchange Rates","Australian Dollar Trade-weighted Index"
"3441","GRCPAISDR","Commodity prices – SDR","AUS","AUS",1991-05-31,30.1484260684453,"M","Index, 2023/24=100","Original","RBA","Monthly","I2 Commodity Prices","Index of commodity prices; All items; SDR"
"3442","A2302956R","South Australia ; STATE FINAL DEMAND ;","SA","SA",1991-06-01,15843,"Q","$ Millions","Seasonally Adjusted",NA,"Quarterly","Table 25. State Final Demand, Summary Components by State: Chain volume measures",NA
"3443","A2302984X","Western Australia ; STATE FINAL DEMAND ;","WA","WA",1991-06-01,20447,"Q","$ Millions","Seasonally Adjusted",NA,"Quarterly","Table 25. State Final Demand, Summary Components by State: Chain volume measures",NA
"3444","A2303012X","Tasmania ; STATE FINAL DEMAND ;","TAS","TAS",1991-06-01,5118,"Q","$ Millions","Seasonally Adjusted",NA,"Quarterly","Table 25. State Final Demand, Summary Components by State: Chain volume measures",NA
"3445","A2303040J","Northern Territory ; STATE FINAL DEMAND ;","NT","NT",1991-06-01,2614,"Q","$ Millions","Seasonally Adjusted",NA,"Quarterly","Table 25. State Final Demand, Summary Components by State: Chain volume measures",NA
"3446","A2303068K","Australian Capital Territory ; STATE FINAL DEMAND ;","ACT","ACT",1991-06-01,5677,"Q","$ Millions","Seasonally Adjusted",NA,"Quarterly","Table 25. State Final Demand, Summary Components by State: Chain volume measures",NA
"3447","A2303111F","New South Wales ; STATE FINAL DEMAND ;","NSW","NSW",1991-06-01,74633,"Q","$ Millions","Seasonally Adjusted",NA,"Quarterly","Table 25. State Final Demand, Summary Components by State: Chain volume measures",NA
"3448","A2303139J","Victoria ; STATE FINAL DEMAND ;","VIC","VIC",1991-06-01,49380,"Q","$ Millions","Seasonally Adjusted",NA,"Quarterly","Table 25. State Final Demand, Summary Components by State: Chain volume measures",NA
"3449","A2303187A","Queensland ; STATE FINAL DEMAND ;","QLD","QLD",1991-06-01,34363,"Q","$ Millions","Seasonally Adjusted",NA,"Quarterly","Table 25. State Final Demand, Summary Components by State: Chain volume measures",NA
"3450","A2304418T","Gross domestic product: Current prices ;","AUS","AUS",1991-06-01,103499,"Q","$ Millions","Seasonally Adjusted",NA,"Quarterly","Table 1. Key National Accounts Aggregates",NA
"3451","A2325846C","Index Numbers ; All groups CPI ; Australia ;","AUS","AUS",1991-06-01,59,"Q","Index Numbers","Original",NA,"Quarterly","TABLES 1 and 2. CPI: All Groups, Index Numbers and Percentage Changes",NA
"3452","A2336320R","New South Wales ; Gross state product: Current prices ;","NSW","NSW",1991-06-01,154992,"Annual","$ Millions","Original",NA,"Annual","Table 1. Gross State Product, Chain volume measures and current prices",NA
"3453","A2336321T","Victoria ; Gross state product: Current prices ;","VIC","VIC",1991-06-01,105737,"Annual","$ Millions","Original",NA,"Annual","Table 1. Gross State Product, Chain volume measures and current prices",NA
"3454","A2336322V","Queensland ; Gross state product: Current prices ;","QLD","QLD",1991-06-01,60821,"Annual","$ Millions","Original",NA,"Annual","Table 1. Gross State Product, Chain volume measures and current prices",NA
"3455","A2336323W","South Australia ; Gross state product: Current prices ;","SA","SA",1991-06-01,31812,"Annual","$ Millions","Original",NA,"Annual","Table 1. Gross State Product, Chain volume measures and current prices",NA
"3456","A2336324X","Western Australia ; Gross state product: Current prices ;","WA","WA",1991-06-01,40324,"Annual","$ Millions","Original",NA,"Annual","Table 1. Gross State Product, Chain volume measures and current prices",NA
"3457","A2336325A","Tasmania ; Gross state product: Current prices ;","TAS","TAS",1991-06-01,8537,"Annual","$ Millions","Original",NA,"Annual","Table 1. Gross State Product, Chain volume measures and current prices",NA
"3458","A2336326C","Northern Territory ; Gross state product: Current prices ;","NT","NT",1991-06-01,4757,"Annual","$ Millions","Original",NA,"Annual","Table 1. Gross State Product, Chain volume measures and current prices",NA
"3459","A2336327F","Australian Capital Territory ; Gross state product: Current prices ;","ACT","ACT",1991-06-01,8350,"Annual","$ Millions","Original",NA,"Annual","Table 1. Gross State Product, Chain volume measures and current prices",NA
"3460","A2718577A","Credits, Total goods ;","AUS","AUS",1991-06-01,4514,"M","$ Millions","Seasonally Adjusted",NA,"Monthly","TABLE 1. GOODS, Summary: Seasonally adjusted and trend estimates, Current prices",NA
"3461","A2718594C","Balance on goods ;","AUS","AUS",1991-06-01,500,"M","$ Millions","Seasonally Adjusted",NA,"Monthly","TABLE 1. GOODS, Summary: Seasonally adjusted and trend estimates, Current prices",NA
"3462","FXRTWI","Trade-weighted Index May 1970 = 100","AUS","AUS",1991-06-03,58.3,"D","Index","Indicative","RBA","Daily","Historical Daily Exchange Rates Of The Australian Dollar Against:","Australian Dollar Trade-weighted Index"
"3463","FXRTWI","Trade-weighted Index May 1970 = 100","AUS","AUS",1991-06-04,58.7,"D","Index","Indicative","RBA","Daily","Historical Daily Exchange Rates Of The Australian Dollar Against:","Australian Dollar Trade-weighted Index"
"3464","FXRTWI","Trade-weighted Index May 1970 = 100","AUS","AUS",1991-06-05,58.8,"D","Index","Indicative","RBA","Daily","Historical Daily Exchange Rates Of The Australian Dollar Against:","Australian Dollar Trade-weighted Index"
"3465","FXRTWI","Trade-weighted Index May 1970 = 100","AUS","AUS",1991-06-06,58.6,"D","Index","Indicative","RBA","Daily","Historical Daily Exchange Rates Of The Australian Dollar Against:","Australian Dollar Trade-weighted Index"
"3466","FXRTWI","Trade-weighted Index May 1970 = 100","AUS","AUS",1991-06-07,58.3,"D","Index","Indicative","RBA","Daily","Historical Daily Exchange Rates Of The Australian Dollar Against:","Australian Dollar Trade-weighted Index"
"3467","FXRTWI","Trade-weighted Index May 1970 = 100","AUS","AUS",1991-06-11,58.7,"D","Index","Indicative","RBA","Daily","Historical Daily Exchange Rates Of The Australian Dollar Against:","Australian Dollar Trade-weighted Index"
"3468","FXRTWI","Trade-weighted Index May 1970 = 100","AUS","AUS",1991-06-12,59,"D","Index","Indicative","RBA","Daily","Historical Daily Exchange Rates Of The Australian Dollar Against:","Australian Dollar Trade-weighted Index"
"3469","FXRTWI","Trade-weighted Index May 1970 = 100","AUS","AUS",1991-06-13,58.9,"D","Index","Indicative","RBA","Daily","Historical Daily Exchange Rates Of The Australian Dollar Against:","Australian Dollar Trade-weighted Index"
"3470","FXRTWI","Trade-weighted Index May 1970 = 100","AUS","AUS",1991-06-14,59.1,"D","Index","Indicative","RBA","Daily","Historical Daily Exchange Rates Of The Australian Dollar Against:","Australian Dollar Trade-weighted Index"
"3471","FXRTWI","Trade-weighted Index May 1970 = 100","AUS","AUS",1991-06-17,59.2,"D","Index","Indicative","RBA","Daily","Historical Daily Exchange Rates Of The Australian Dollar Against:","Australian Dollar Trade-weighted Index"
"3472","FXRTWI","Trade-weighted Index May 1970 = 100","AUS","AUS",1991-06-18,59.6,"D","Index","Indicative","RBA","Daily","Historical Daily Exchange Rates Of The Australian Dollar Against:","Australian Dollar Trade-weighted Index"
"3473","FXRTWI","Trade-weighted Index May 1970 = 100","AUS","AUS",1991-06-19,59.7,"D","Index","Indicative","RBA","Daily","Historical Daily Exchange Rates Of The Australian Dollar Against:","Australian Dollar Trade-weighted Index"
"3474","FXRTWI","Trade-weighted Index May 1970 = 100","AUS","AUS",1991-06-20,59.5,"D","Index","Indicative","RBA","Daily","Historical Daily Exchange Rates Of The Australian Dollar Against:","Australian Dollar Trade-weighted Index"
"3475","FXRTWI","Trade-weighted Index May 1970 = 100","AUS","AUS",1991-06-21,59.6,"D","Index","Indicative","RBA","Daily","Historical Daily Exchange Rates Of The Australian Dollar Against:","Australian Dollar Trade-weighted Index"
"3476","FXRTWI","Trade-weighted Index May 1970 = 100","AUS","AUS",1991-06-24,59.6,"D","Index","Indicative","RBA","Daily","Historical Daily Exchange Rates Of The Australian Dollar Against:","Australian Dollar Trade-weighted Index"
"3477","FXRTWI","Trade-weighted Index May 1970 = 100","AUS","AUS",1991-06-25,59.4,"D","Index","Indicative","RBA","Daily","Historical Daily Exchange Rates Of The Australian Dollar Against:","Australian Dollar Trade-weighted Index"
"3478","FXRTWI","Trade-weighted Index May 1970 = 100","AUS","AUS",1991-06-26,59.7,"D","Index","Indicative","RBA","Daily","Historical Daily Exchange Rates Of The Australian Dollar Against:","Australian Dollar Trade-weighted Index"
"3479","FXRTWI","Trade-weighted Index May 1970 = 100","AUS","AUS",1991-06-27,59.7,"D","Index","Indicative","RBA","Daily","Historical Daily Exchange Rates Of The Australian Dollar Against:","Australian Dollar Trade-weighted Index"
"3480","FXRTWI","Trade-weighted Index May 1970 = 100","AUS","AUS",1991-06-28,59.7,"D","Index","Indicative","RBA","Daily","Historical Daily Exchange Rates Of The Australian Dollar Against:","Australian Dollar Trade-weighted Index"
"3481","DLCACS","Credit; Total; Seasonally adjusted","AUS","AUS",1991-06-30,345.632,"M","$ billion","Seasonally Adjusted","RBA","Monthly","D2 Lending And Credit Aggregates","Credit; Total; Seasonally adjusted – Includes securitisations – For series breaks see Series Breaks"
"3482","FIRMMCRT","Cash Rate Target","AUS","AUS",1991-06-30,10.5,"M","Per cent","Original","RBA","Monthly","F1.1 Interest Rates And Yields - Money Market","Cash Rate Target; monthly average"
"3483","FXRTWI","Trade-weighted Index May 1970 = 100","AUS","AUS",1991-06-30,59.7,"M","Index","Indicative","RBA","Monthly","F11 Exchange Rates","Australian Dollar Trade-weighted Index"
"3484","GCPIOCPMTMQP","Quarterly trimmed mean inflation","AUS","AUS",1991-06-30,1,"Q","Per cent","Seasonally Adjusted","ABS","Quarterly","G1 Consumer Price Inflation","Consumer price index; Trimmed mean; Quarterly change (in per cent)"
"3485","GRCPAISDR","Commodity prices – SDR","AUS","AUS",1991-06-30,30.9939687610049,"M","Index, 2023/24=100","Original","RBA","Monthly","I2 Commodity Prices","Index of commodity prices; All items; SDR"
"3486","A2718577A","Credits, Total goods ;","AUS","AUS",1991-07-01,4650,"M","$ Millions","Seasonally Adjusted",NA,"Monthly","TABLE 1. GOODS, Summary: Seasonally adjusted and trend estimates, Current prices",NA
"3487","A2718594C","Balance on goods ;","AUS","AUS",1991-07-01,500,"M","$ Millions","Seasonally Adjusted",NA,"Monthly","TABLE 1. GOODS, Summary: Seasonally adjusted and trend estimates, Current prices",NA
"3488","FXRTWI","Trade-weighted Index May 1970 = 100","AUS","AUS",1991-07-01,59.8,"D","Index","Indicative","RBA","Daily","Historical Daily Exchange Rates Of The Australian Dollar Against:","Australian Dollar Trade-weighted Index"
"3489","FXRTWI","Trade-weighted Index May 1970 = 100","AUS","AUS",1991-07-02,59.8,"D","Index","Indicative","RBA","Daily","Historical Daily Exchange Rates Of The Australian Dollar Against:","Australian Dollar Trade-weighted Index"
"3490","FXRTWI","Trade-weighted Index May 1970 = 100","AUS","AUS",1991-07-03,59.9,"D","Index","Indicative","RBA","Daily","Historical Daily Exchange Rates Of The Australian Dollar Against:","Australian Dollar Trade-weighted Index"
"3491","FXRTWI","Trade-weighted Index May 1970 = 100","AUS","AUS",1991-07-04,59.8,"D","Index","Indicative","RBA","Daily","Historical Daily Exchange Rates Of The Australian Dollar Against:","Australian Dollar Trade-weighted Index"
"3492","FXRTWI","Trade-weighted Index May 1970 = 100","AUS","AUS",1991-07-05,60,"D","Index","Indicative","RBA","Daily","Historical Daily Exchange Rates Of The Australian Dollar Against:","Australian Dollar Trade-weighted Index"
"3493","FXRTWI","Trade-weighted Index May 1970 = 100","AUS","AUS",1991-07-08,59.9,"D","Index","Indicative","RBA","Daily","Historical Daily Exchange Rates Of The Australian Dollar Against:","Australian Dollar Trade-weighted Index"
"3494","FXRTWI","Trade-weighted Index May 1970 = 100","AUS","AUS",1991-07-09,59.9,"D","Index","Indicative","RBA","Daily","Historical Daily Exchange Rates Of The Australian Dollar Against:","Australian Dollar Trade-weighted Index"
"3495","FXRTWI","Trade-weighted Index May 1970 = 100","AUS","AUS",1991-07-10,60,"D","Index","Indicative","RBA","Daily","Historical Daily Exchange Rates Of The Australian Dollar Against:","Australian Dollar Trade-weighted Index"
"3496","FXRTWI","Trade-weighted Index May 1970 = 100","AUS","AUS",1991-07-11,60.1,"D","Index","Indicative","RBA","Daily","Historical Daily Exchange Rates Of The Australian Dollar Against:","Australian Dollar Trade-weighted Index"
"3497","FXRTWI","Trade-weighted Index May 1970 = 100","AUS","AUS",1991-07-12,60.2,"D","Index","Indicative","RBA","Daily","Historical Daily Exchange Rates Of The Australian Dollar Against:","Australian Dollar Trade-weighted Index"
"3498","FXRTWI","Trade-weighted Index May 1970 = 100","AUS","AUS",1991-07-15,60.1,"D","Index","Indicative","RBA","Daily","Historical Daily Exchange Rates Of The Australian Dollar Against:","Australian Dollar Trade-weighted Index"
"3499","FXRTWI","Trade-weighted Index May 1970 = 100","AUS","AUS",1991-07-16,60.3,"D","Index","Indicative","RBA","Daily","Historical Daily Exchange Rates Of The Australian Dollar Against:","Australian Dollar Trade-weighted Index"
"3500","FXRTWI","Trade-weighted Index May 1970 = 100","AUS","AUS",1991-07-17,60.3,"D","Index","Indicative","RBA","Daily","Historical Daily Exchange Rates Of The Australian Dollar Against:","Australian Dollar Trade-weighted Index"
"3501","FXRTWI","Trade-weighted Index May 1970 = 100","AUS","AUS",1991-07-18,60.2,"D","Index","Indicative","RBA","Daily","Historical Daily Exchange Rates Of The Australian Dollar Against:","Australian Dollar Trade-weighted Index"
"3502","FXRTWI","Trade-weighted Index May 1970 = 100","AUS","AUS",1991-07-19,59.9,"D","Index","Indicative","RBA","Daily","Historical Daily Exchange Rates Of The Australian Dollar Against:","Australian Dollar Trade-weighted Index"
"3503","FXRTWI","Trade-weighted Index May 1970 = 100","AUS","AUS",1991-07-22,60,"D","Index","Indicative","RBA","Daily","Historical Daily Exchange Rates Of The Australian Dollar Against:","Australian Dollar Trade-weighted Index"
"3504","FXRTWI","Trade-weighted Index May 1970 = 100","AUS","AUS",1991-07-23,60,"D","Index","Indicative","RBA","Daily","Historical Daily Exchange Rates Of The Australian Dollar Against:","Australian Dollar Trade-weighted Index"
"3505","FXRTWI","Trade-weighted Index May 1970 = 100","AUS","AUS",1991-07-24,60,"D","Index","Indicative","RBA","Daily","Historical Daily Exchange Rates Of The Australian Dollar Against:","Australian Dollar Trade-weighted Index"
"3506","FXRTWI","Trade-weighted Index May 1970 = 100","AUS","AUS",1991-07-25,60,"D","Index","Indicative","RBA","Daily","Historical Daily Exchange Rates Of The Australian Dollar Against:","Australian Dollar Trade-weighted Index"
"3507","FXRTWI","Trade-weighted Index May 1970 = 100","AUS","AUS",1991-07-26,60,"D","Index","Indicative","RBA","Daily","Historical Daily Exchange Rates Of The Australian Dollar Against:","Australian Dollar Trade-weighted Index"
"3508","FXRTWI","Trade-weighted Index May 1970 = 100","AUS","AUS",1991-07-29,60.1,"D","Index","Indicative","RBA","Daily","Historical Daily Exchange Rates Of The Australian Dollar Against:","Australian Dollar Trade-weighted Index"
"3509","FXRTWI","Trade-weighted Index May 1970 = 100","AUS","AUS",1991-07-30,60.1,"D","Index","Indicative","RBA","Daily","Historical Daily Exchange Rates Of The Australian Dollar Against:","Australian Dollar Trade-weighted Index"
"3510","DLCACS","Credit; Total; Seasonally adjusted","AUS","AUS",1991-07-31,345.348,"M","$ billion","Seasonally Adjusted","RBA","Monthly","D2 Lending And Credit Aggregates","Credit; Total; Seasonally adjusted – Includes securitisations – For series breaks see Series Breaks"
"3511","FIRMMCRT","Cash Rate Target","AUS","AUS",1991-07-31,10.5,"M","Per cent","Original","RBA","Monthly","F1.1 Interest Rates And Yields - Money Market","Cash Rate Target; monthly average"
"3512","FXRTWI","Trade-weighted Index May 1970 = 100","AUS","AUS",1991-07-31,60.1,"D","Index","Indicative","RBA","Daily","Historical Daily Exchange Rates Of The Australian Dollar Against:","Australian Dollar Trade-weighted Index"
"3513","FXRTWI","Trade-weighted Index May 1970 = 100","AUS","AUS",1991-07-31,60.1,"M","Index","Indicative","RBA","Monthly","F11 Exchange Rates","Australian Dollar Trade-weighted Index"
"3514","GRCPAISDR","Commodity prices – SDR","AUS","AUS",1991-07-31,30.9243245757161,"M","Index, 2023/24=100","Original","RBA","Monthly","I2 Commodity Prices","Index of commodity prices; All items; SDR"
"3515","A2718577A","Credits, Total goods ;","AUS","AUS",1991-08-01,4745,"M","$ Millions","Seasonally Adjusted",NA,"Monthly","TABLE 1. GOODS, Summary: Seasonally adjusted and trend estimates, Current prices",NA
"3516","A2718594C","Balance on goods ;","AUS","AUS",1991-08-01,861,"M","$ Millions","Seasonally Adjusted",NA,"Monthly","TABLE 1. GOODS, Summary: Seasonally adjusted and trend estimates, Current prices",NA
"3517","FXRTWI","Trade-weighted Index May 1970 = 100","AUS","AUS",1991-08-01,60.2,"D","Index","Indicative","RBA","Daily","Historical Daily Exchange Rates Of The Australian Dollar Against:","Australian Dollar Trade-weighted Index"
"3518","FXRTWI","Trade-weighted Index May 1970 = 100","AUS","AUS",1991-08-02,60.2,"D","Index","Indicative","RBA","Daily","Historical Daily Exchange Rates Of The Australian Dollar Against:","Australian Dollar Trade-weighted Index"
"3519","FXRTWI","Trade-weighted Index May 1970 = 100","AUS","AUS",1991-08-05,60.1,"D","Index","Indicative","RBA","Daily","Historical Daily Exchange Rates Of The Australian Dollar Against:","Australian Dollar Trade-weighted Index"
"3520","FXRTWI","Trade-weighted Index May 1970 = 100","AUS","AUS",1991-08-06,60.1,"D","Index","Indicative","RBA","Daily","Historical Daily Exchange Rates Of The Australian Dollar Against:","Australian Dollar Trade-weighted Index"
"3521","FXRTWI","Trade-weighted Index May 1970 = 100","AUS","AUS",1991-08-07,60.1,"D","Index","Indicative","RBA","Daily","Historical Daily Exchange Rates Of The Australian Dollar Against:","Australian Dollar Trade-weighted Index"
"3522","FXRTWI","Trade-weighted Index May 1970 = 100","AUS","AUS",1991-08-08,60,"D","Index","Indicative","RBA","Daily","Historical Daily Exchange Rates Of The Australian Dollar Against:","Australian Dollar Trade-weighted Index"
"3523","FXRTWI","Trade-weighted Index May 1970 = 100","AUS","AUS",1991-08-09,60.2,"D","Index","Indicative","RBA","Daily","Historical Daily Exchange Rates Of The Australian Dollar Against:","Australian Dollar Trade-weighted Index"
"3524","FXRTWI","Trade-weighted Index May 1970 = 100","AUS","AUS",1991-08-12,60.3,"D","Index","Indicative","RBA","Daily","Historical Daily Exchange Rates Of The Australian Dollar Against:","Australian Dollar Trade-weighted Index"
"3525","FXRTWI","Trade-weighted Index May 1970 = 100","AUS","AUS",1991-08-13,60.3,"D","Index","Indicative","RBA","Daily","Historical Daily Exchange Rates Of The Australian Dollar Against:","Australian Dollar Trade-weighted Index"
"3526","FXRTWI","Trade-weighted Index May 1970 = 100","AUS","AUS",1991-08-14,60.2,"D","Index","Indicative","RBA","Daily","Historical Daily Exchange Rates Of The Australian Dollar Against:","Australian Dollar Trade-weighted Index"
"3527","FXRTWI","Trade-weighted Index May 1970 = 100","AUS","AUS",1991-08-15,60.2,"D","Index","Indicative","RBA","Daily","Historical Daily Exchange Rates Of The Australian Dollar Against:","Australian Dollar Trade-weighted Index"
"3528","FXRTWI","Trade-weighted Index May 1970 = 100","AUS","AUS",1991-08-16,60.1,"D","Index","Indicative","RBA","Daily","Historical Daily Exchange Rates Of The Australian Dollar Against:","Australian Dollar Trade-weighted Index"
"3529","FXRTWI","Trade-weighted Index May 1970 = 100","AUS","AUS",1991-08-19,60.6,"D","Index","Indicative","RBA","Daily","Historical Daily Exchange Rates Of The Australian Dollar Against:","Australian Dollar Trade-weighted Index"
"3530","FXRTWI","Trade-weighted Index May 1970 = 100","AUS","AUS",1991-08-20,60.8,"D","Index","Indicative","RBA","Daily","Historical Daily Exchange Rates Of The Australian Dollar Against:","Australian Dollar Trade-weighted Index"
"3531","FXRTWI","Trade-weighted Index May 1970 = 100","AUS","AUS",1991-08-21,60.7,"D","Index","Indicative","RBA","Daily","Historical Daily Exchange Rates Of The Australian Dollar Against:","Australian Dollar Trade-weighted Index"
"3532","FXRTWI","Trade-weighted Index May 1970 = 100","AUS","AUS",1991-08-22,60.6,"D","Index","Indicative","RBA","Daily","Historical Daily Exchange Rates Of The Australian Dollar Against:","Australian Dollar Trade-weighted Index"
"3533","FXRTWI","Trade-weighted Index May 1970 = 100","AUS","AUS",1991-08-23,60.6,"D","Index","Indicative","RBA","Daily","Historical Daily Exchange Rates Of The Australian Dollar Against:","Australian Dollar Trade-weighted Index"
"3534","FXRTWI","Trade-weighted Index May 1970 = 100","AUS","AUS",1991-08-26,60.7,"D","Index","Indicative","RBA","Daily","Historical Daily Exchange Rates Of The Australian Dollar Against:","Australian Dollar Trade-weighted Index"
"3535","FXRTWI","Trade-weighted Index May 1970 = 100","AUS","AUS",1991-08-27,60.5,"D","Index","Indicative","RBA","Daily","Historical Daily Exchange Rates Of The Australian Dollar Against:","Australian Dollar Trade-weighted Index"
"3536","FXRTWI","Trade-weighted Index May 1970 = 100","AUS","AUS",1991-08-28,60.7,"D","Index","Indicative","RBA","Daily","Historical Daily Exchange Rates Of The Australian Dollar Against:","Australian Dollar Trade-weighted Index"
"3537","FXRTWI","Trade-weighted Index May 1970 = 100","AUS","AUS",1991-08-29,60.5,"D","Index","Indicative","RBA","Daily","Historical Daily Exchange Rates Of The Australian Dollar Against:","Australian Dollar Trade-weighted Index"
"3538","FXRTWI","Trade-weighted Index May 1970 = 100","AUS","AUS",1991-08-30,60.5,"D","Index","Indicative","RBA","Daily","Historical Daily Exchange Rates Of The Australian Dollar Against:","Australian Dollar Trade-weighted Index"
"3539","DLCACS","Credit; Total; Seasonally adjusted","AUS","AUS",1991-08-31,345.519,"M","$ billion","Seasonally Adjusted","RBA","Monthly","D2 Lending And Credit Aggregates","Credit; Total; Seasonally adjusted – Includes securitisations – For series breaks see Series Breaks"
"3540","FIRMMCRT","Cash Rate Target","AUS","AUS",1991-08-31,10.5,"M","Per cent","Original","RBA","Monthly","F1.1 Interest Rates And Yields - Money Market","Cash Rate Target; monthly average"
"3541","FXRTWI","Trade-weighted Index May 1970 = 100","AUS","AUS",1991-08-31,60.5,"M","Index","Indicative","RBA","Monthly","F11 Exchange Rates","Australian Dollar Trade-weighted Index"
"3542","GRCPAISDR","Commodity prices – SDR","AUS","AUS",1991-08-31,30.2791564575677,"M","Index, 2023/24=100","Original","RBA","Monthly","I2 Commodity Prices","Index of commodity prices; All items; SDR"
"3543","A2302956R","South Australia ; STATE FINAL DEMAND ;","SA","SA",1991-09-01,16079,"Q","$ Millions","Seasonally Adjusted",NA,"Quarterly","Table 25. State Final Demand, Summary Components by State: Chain volume measures",NA
"3544","A2302984X","Western Australia ; STATE FINAL DEMAND ;","WA","WA",1991-09-01,20953,"Q","$ Millions","Seasonally Adjusted",NA,"Quarterly","Table 25. State Final Demand, Summary Components by State: Chain volume measures",NA
"3545","A2303012X","Tasmania ; STATE FINAL DEMAND ;","TAS","TAS",1991-09-01,5273,"Q","$ Millions","Seasonally Adjusted",NA,"Quarterly","Table 25. State Final Demand, Summary Components by State: Chain volume measures",NA
"3546","A2303040J","Northern Territory ; STATE FINAL DEMAND ;","NT","NT",1991-09-01,2613,"Q","$ Millions","Seasonally Adjusted",NA,"Quarterly","Table 25. State Final Demand, Summary Components by State: Chain volume measures",NA
"3547","A2303068K","Australian Capital Territory ; STATE FINAL DEMAND ;","ACT","ACT",1991-09-01,5787,"Q","$ Millions","Seasonally Adjusted",NA,"Quarterly","Table 25. State Final Demand, Summary Components by State: Chain volume measures",NA
"3548","A2303111F","New South Wales ; STATE FINAL DEMAND ;","NSW","NSW",1991-09-01,76258,"Q","$ Millions","Seasonally Adjusted",NA,"Quarterly","Table 25. State Final Demand, Summary Components by State: Chain volume measures",NA
"3549","A2303139J","Victoria ; STATE FINAL DEMAND ;","VIC","VIC",1991-09-01,49927,"Q","$ Millions","Seasonally Adjusted",NA,"Quarterly","Table 25. State Final Demand, Summary Components by State: Chain volume measures",NA
"3550","A2303187A","Queensland ; STATE FINAL DEMAND ;","QLD","QLD",1991-09-01,34977,"Q","$ Millions","Seasonally Adjusted",NA,"Quarterly","Table 25. State Final Demand, Summary Components by State: Chain volume measures",NA
"3551","A2304418T","Gross domestic product: Current prices ;","AUS","AUS",1991-09-01,104266,"Q","$ Millions","Seasonally Adjusted",NA,"Quarterly","Table 1. Key National Accounts Aggregates",NA
"3552","A2325846C","Index Numbers ; All groups CPI ; Australia ;","AUS","AUS",1991-09-01,59.3,"Q","Index Numbers","Original",NA,"Quarterly","TABLES 1 and 2. CPI: All Groups, Index Numbers and Percentage Changes",NA
"3553","A2718577A","Credits, Total goods ;","AUS","AUS",1991-09-01,4462,"M","$ Millions","Seasonally Adjusted",NA,"Monthly","TABLE 1. GOODS, Summary: Seasonally adjusted and trend estimates, Current prices",NA
"3554","A2718594C","Balance on goods ;","AUS","AUS",1991-09-01,231,"M","$ Millions","Seasonally Adjusted",NA,"Monthly","TABLE 1. GOODS, Summary: Seasonally adjusted and trend estimates, Current prices",NA
"3555","FXRTWI","Trade-weighted Index May 1970 = 100","AUS","AUS",1991-09-02,60.5,"D","Index","Indicative","RBA","Daily","Historical Daily Exchange Rates Of The Australian Dollar Against:","Australian Dollar Trade-weighted Index"
"3556","FXRTWI","Trade-weighted Index May 1970 = 100","AUS","AUS",1991-09-03,60,"D","Index","Indicative","RBA","Daily","Historical Daily Exchange Rates Of The Australian Dollar Against:","Australian Dollar Trade-weighted Index"
"3557","FXRTWI","Trade-weighted Index May 1970 = 100","AUS","AUS",1991-09-04,60.3,"D","Index","Indicative","RBA","Daily","Historical Daily Exchange Rates Of The Australian Dollar Against:","Australian Dollar Trade-weighted Index"
"3558","FXRTWI","Trade-weighted Index May 1970 = 100","AUS","AUS",1991-09-05,60.4,"D","Index","Indicative","RBA","Daily","Historical Daily Exchange Rates Of The Australian Dollar Against:","Australian Dollar Trade-weighted Index"
"3559","FXRTWI","Trade-weighted Index May 1970 = 100","AUS","AUS",1991-09-06,60.5,"D","Index","Indicative","RBA","Daily","Historical Daily Exchange Rates Of The Australian Dollar Against:","Australian Dollar Trade-weighted Index"
"3560","FXRTWI","Trade-weighted Index May 1970 = 100","AUS","AUS",1991-09-09,60.3,"D","Index","Indicative","RBA","Daily","Historical Daily Exchange Rates Of The Australian Dollar Against:","Australian Dollar Trade-weighted Index"
"3561","FXRTWI","Trade-weighted Index May 1970 = 100","AUS","AUS",1991-09-10,60.3,"D","Index","Indicative","RBA","Daily","Historical Daily Exchange Rates Of The Australian Dollar Against:","Australian Dollar Trade-weighted Index"
"3562","FXRTWI","Trade-weighted Index May 1970 = 100","AUS","AUS",1991-09-11,60.2,"D","Index","Indicative","RBA","Daily","Historical Daily Exchange Rates Of The Australian Dollar Against:","Australian Dollar Trade-weighted Index"
"3563","FXRTWI","Trade-weighted Index May 1970 = 100","AUS","AUS",1991-09-12,60.4,"D","Index","Indicative","RBA","Daily","Historical Daily Exchange Rates Of The Australian Dollar Against:","Australian Dollar Trade-weighted Index"
"3564","FXRTWI","Trade-weighted Index May 1970 = 100","AUS","AUS",1991-09-13,60.5,"D","Index","Indicative","RBA","Daily","Historical Daily Exchange Rates Of The Australian Dollar Against:","Australian Dollar Trade-weighted Index"
"3565","FXRTWI","Trade-weighted Index May 1970 = 100","AUS","AUS",1991-09-16,60.6,"D","Index","Indicative","RBA","Daily","Historical Daily Exchange Rates Of The Australian Dollar Against:","Australian Dollar Trade-weighted Index"
"3566","FXRTWI","Trade-weighted Index May 1970 = 100","AUS","AUS",1991-09-17,60.7,"D","Index","Indicative","RBA","Daily","Historical Daily Exchange Rates Of The Australian Dollar Against:","Australian Dollar Trade-weighted Index"
"3567","FXRTWI","Trade-weighted Index May 1970 = 100","AUS","AUS",1991-09-18,60.8,"D","Index","Indicative","RBA","Daily","Historical Daily Exchange Rates Of The Australian Dollar Against:","Australian Dollar Trade-weighted Index"
"3568","FXRTWI","Trade-weighted Index May 1970 = 100","AUS","AUS",1991-09-19,60.7,"D","Index","Indicative","RBA","Daily","Historical Daily Exchange Rates Of The Australian Dollar Against:","Australian Dollar Trade-weighted Index"
"3569","FXRTWI","Trade-weighted Index May 1970 = 100","AUS","AUS",1991-09-20,60.6,"D","Index","Indicative","RBA","Daily","Historical Daily Exchange Rates Of The Australian Dollar Against:","Australian Dollar Trade-weighted Index"
"3570","FXRTWI","Trade-weighted Index May 1970 = 100","AUS","AUS",1991-09-23,60.7,"D","Index","Indicative","RBA","Daily","Historical Daily Exchange Rates Of The Australian Dollar Against:","Australian Dollar Trade-weighted Index"
"3571","FXRTWI","Trade-weighted Index May 1970 = 100","AUS","AUS",1991-09-24,60.7,"D","Index","Indicative","RBA","Daily","Historical Daily Exchange Rates Of The Australian Dollar Against:","Australian Dollar Trade-weighted Index"
"3572","FXRTWI","Trade-weighted Index May 1970 = 100","AUS","AUS",1991-09-25,60.7,"D","Index","Indicative","RBA","Daily","Historical Daily Exchange Rates Of The Australian Dollar Against:","Australian Dollar Trade-weighted Index"
"3573","FXRTWI","Trade-weighted Index May 1970 = 100","AUS","AUS",1991-09-26,60.5,"D","Index","Indicative","RBA","Daily","Historical Daily Exchange Rates Of The Australian Dollar Against:","Australian Dollar Trade-weighted Index"
"3574","FXRTWI","Trade-weighted Index May 1970 = 100","AUS","AUS",1991-09-27,60.5,"D","Index","Indicative","RBA","Daily","Historical Daily Exchange Rates Of The Australian Dollar Against:","Australian Dollar Trade-weighted Index"
"3575","DLCACS","Credit; Total; Seasonally adjusted","AUS","AUS",1991-09-30,345.084,"M","$ billion","Seasonally Adjusted","RBA","Monthly","D2 Lending And Credit Aggregates","Credit; Total; Seasonally adjusted – Includes securitisations – For series breaks see Series Breaks"
"3576","FIRMMCRT","Cash Rate Target","AUS","AUS",1991-09-30,9.54761904761905,"M","Per cent","Original","RBA","Monthly","F1.1 Interest Rates And Yields - Money Market","Cash Rate Target; monthly average"
"3577","FXRTWI","Trade-weighted Index May 1970 = 100","AUS","AUS",1991-09-30,60.6,"D","Index","Indicative","RBA","Daily","Historical Daily Exchange Rates Of The Australian Dollar Against:","Australian Dollar Trade-weighted Index"
"3578","FXRTWI","Trade-weighted Index May 1970 = 100","AUS","AUS",1991-09-30,60.6,"M","Index","Indicative","RBA","Monthly","F11 Exchange Rates","Australian Dollar Trade-weighted Index"
"3579","GCPIOCPMTMQP","Quarterly trimmed mean inflation","AUS","AUS",1991-09-30,1.1,"Q","Per cent","Seasonally Adjusted","ABS","Quarterly","G1 Consumer Price Inflation","Consumer price index; Trimmed mean; Quarterly change (in per cent)"
"3580","GRCPAISDR","Commodity prices – SDR","AUS","AUS",1991-09-30,29.8682873607518,"M","Index, 2023/24=100","Original","RBA","Monthly","I2 Commodity Prices","Index of commodity prices; All items; SDR"
"3581","A2718577A","Credits, Total goods ;","AUS","AUS",1991-10-01,4424,"M","$ Millions","Seasonally Adjusted",NA,"Monthly","TABLE 1. GOODS, Summary: Seasonally adjusted and trend estimates, Current prices",NA
"3582","A2718594C","Balance on goods ;","AUS","AUS",1991-10-01,213,"M","$ Millions","Seasonally Adjusted",NA,"Monthly","TABLE 1. GOODS, Summary: Seasonally adjusted and trend estimates, Current prices",NA
"3583","FXRTWI","Trade-weighted Index May 1970 = 100","AUS","AUS",1991-10-01,60.6,"D","Index","Indicative","RBA","Daily","Historical Daily Exchange Rates Of The Australian Dollar Against:","Australian Dollar Trade-weighted Index"
"3584","FXRTWI","Trade-weighted Index May 1970 = 100","AUS","AUS",1991-10-02,60.6,"D","Index","Indicative","RBA","Daily","Historical Daily Exchange Rates Of The Australian Dollar Against:","Australian Dollar Trade-weighted Index"
"3585","FXRTWI","Trade-weighted Index May 1970 = 100","AUS","AUS",1991-10-03,60.6,"D","Index","Indicative","RBA","Daily","Historical Daily Exchange Rates Of The Australian Dollar Against:","Australian Dollar Trade-weighted Index"
"3586","FXRTWI","Trade-weighted Index May 1970 = 100","AUS","AUS",1991-10-04,60.1,"D","Index","Indicative","RBA","Daily","Historical Daily Exchange Rates Of The Australian Dollar Against:","Australian Dollar Trade-weighted Index"
"3587","FXRTWI","Trade-weighted Index May 1970 = 100","AUS","AUS",1991-10-07,59.9,"D","Index","Indicative","RBA","Daily","Historical Daily Exchange Rates Of The Australian Dollar Against:","Australian Dollar Trade-weighted Index"
"3588","FXRTWI","Trade-weighted Index May 1970 = 100","AUS","AUS",1991-10-08,60,"D","Index","Indicative","RBA","Daily","Historical Daily Exchange Rates Of The Australian Dollar Against:","Australian Dollar Trade-weighted Index"
"3589","FXRTWI","Trade-weighted Index May 1970 = 100","AUS","AUS",1991-10-09,60.3,"D","Index","Indicative","RBA","Daily","Historical Daily Exchange Rates Of The Australian Dollar Against:","Australian Dollar Trade-weighted Index"
"3590","FXRTWI","Trade-weighted Index May 1970 = 100","AUS","AUS",1991-10-10,60.2,"D","Index","Indicative","RBA","Daily","Historical Daily Exchange Rates Of The Australian Dollar Against:","Australian Dollar Trade-weighted Index"
"3591","FXRTWI","Trade-weighted Index May 1970 = 100","AUS","AUS",1991-10-11,60.3,"D","Index","Indicative","RBA","Daily","Historical Daily Exchange Rates Of The Australian Dollar Against:","Australian Dollar Trade-weighted Index"
"3592","FXRTWI","Trade-weighted Index May 1970 = 100","AUS","AUS",1991-10-14,60.4,"D","Index","Indicative","RBA","Daily","Historical Daily Exchange Rates Of The Australian Dollar Against:","Australian Dollar Trade-weighted Index"
"3593","FXRTWI","Trade-weighted Index May 1970 = 100","AUS","AUS",1991-10-15,60.6,"D","Index","Indicative","RBA","Daily","Historical Daily Exchange Rates Of The Australian Dollar Against:","Australian Dollar Trade-weighted Index"
"3594","FXRTWI","Trade-weighted Index May 1970 = 100","AUS","AUS",1991-10-16,60.3,"D","Index","Indicative","RBA","Daily","Historical Daily Exchange Rates Of The Australian Dollar Against:","Australian Dollar Trade-weighted Index"
"3595","FXRTWI","Trade-weighted Index May 1970 = 100","AUS","AUS",1991-10-17,60.3,"D","Index","Indicative","RBA","Daily","Historical Daily Exchange Rates Of The Australian Dollar Against:","Australian Dollar Trade-weighted Index"
"3596","FXRTWI","Trade-weighted Index May 1970 = 100","AUS","AUS",1991-10-18,60.4,"D","Index","Indicative","RBA","Daily","Historical Daily Exchange Rates Of The Australian Dollar Against:","Australian Dollar Trade-weighted Index"
"3597","FXRTWI","Trade-weighted Index May 1970 = 100","AUS","AUS",1991-10-21,60.4,"D","Index","Indicative","RBA","Daily","Historical Daily Exchange Rates Of The Australian Dollar Against:","Australian Dollar Trade-weighted Index"
"3598","FXRTWI","Trade-weighted Index May 1970 = 100","AUS","AUS",1991-10-22,60.4,"D","Index","Indicative","RBA","Daily","Historical Daily Exchange Rates Of The Australian Dollar Against:","Australian Dollar Trade-weighted Index"
"3599","FXRTWI","Trade-weighted Index May 1970 = 100","AUS","AUS",1991-10-23,60.1,"D","Index","Indicative","RBA","Daily","Historical Daily Exchange Rates Of The Australian Dollar Against:","Australian Dollar Trade-weighted Index"
"3600","FXRTWI","Trade-weighted Index May 1970 = 100","AUS","AUS",1991-10-24,59.7,"D","Index","Indicative","RBA","Daily","Historical Daily Exchange Rates Of The Australian Dollar Against:","Australian Dollar Trade-weighted Index"
"3601","FXRTWI","Trade-weighted Index May 1970 = 100","AUS","AUS",1991-10-25,59.8,"D","Index","Indicative","RBA","Daily","Historical Daily Exchange Rates Of The Australian Dollar Against:","Australian Dollar Trade-weighted Index"
"3602","FXRTWI","Trade-weighted Index May 1970 = 100","AUS","AUS",1991-10-28,59.8,"D","Index","Indicative","RBA","Daily","Historical Daily Exchange Rates Of The Australian Dollar Against:","Australian Dollar Trade-weighted Index"
"3603","FXRTWI","Trade-weighted Index May 1970 = 100","AUS","AUS",1991-10-29,59.9,"D","Index","Indicative","RBA","Daily","Historical Daily Exchange Rates Of The Australian Dollar Against:","Australian Dollar Trade-weighted Index"
"3604","FXRTWI","Trade-weighted Index May 1970 = 100","AUS","AUS",1991-10-30,59.8,"D","Index","Indicative","RBA","Daily","Historical Daily Exchange Rates Of The Australian Dollar Against:","Australian Dollar Trade-weighted Index"
"3605","DLCACS","Credit; Total; Seasonally adjusted","AUS","AUS",1991-10-31,344.429,"M","$ billion","Seasonally Adjusted","RBA","Monthly","D2 Lending And Credit Aggregates","Credit; Total; Seasonally adjusted – Includes securitisations – For series breaks see Series Breaks"
"3606","FIRMMCRT","Cash Rate Target","AUS","AUS",1991-10-31,9.5,"M","Per cent","Original","RBA","Monthly","F1.1 Interest Rates And Yields - Money Market","Cash Rate Target; monthly average"
"3607","FXRTWI","Trade-weighted Index May 1970 = 100","AUS","AUS",1991-10-31,59.3,"D","Index","Indicative","RBA","Daily","Historical Daily Exchange Rates Of The Australian Dollar Against:","Australian Dollar Trade-weighted Index"
"3608","FXRTWI","Trade-weighted Index May 1970 = 100","AUS","AUS",1991-10-31,59.3,"M","Index","Indicative","RBA","Monthly","F11 Exchange Rates","Australian Dollar Trade-weighted Index"
"3609","GRCPAISDR","Commodity prices – SDR","AUS","AUS",1991-10-31,29.7491464190696,"M","Index, 2023/24=100","Original","RBA","Monthly","I2 Commodity Prices","Index of commodity prices; All items; SDR"
"3610","A2718577A","Credits, Total goods ;","AUS","AUS",1991-11-01,4540,"M","$ Millions","Seasonally Adjusted",NA,"Monthly","TABLE 1. GOODS, Summary: Seasonally adjusted and trend estimates, Current prices",NA
"3611","A2718594C","Balance on goods ;","AUS","AUS",1991-11-01,8,"M","$ Millions","Seasonally Adjusted",NA,"Monthly","TABLE 1. GOODS, Summary: Seasonally adjusted and trend estimates, Current prices",NA
"3612","FXRTWI","Trade-weighted Index May 1970 = 100","AUS","AUS",1991-11-01,59,"D","Index","Indicative","RBA","Daily","Historical Daily Exchange Rates Of The Australian Dollar Against:","Australian Dollar Trade-weighted Index"
"3613","FXRTWI","Trade-weighted Index May 1970 = 100","AUS","AUS",1991-11-04,58.8,"D","Index","Indicative","RBA","Daily","Historical Daily Exchange Rates Of The Australian Dollar Against:","Australian Dollar Trade-weighted Index"
"3614","FXRTWI","Trade-weighted Index May 1970 = 100","AUS","AUS",1991-11-05,59,"D","Index","Indicative","RBA","Daily","Historical Daily Exchange Rates Of The Australian Dollar Against:","Australian Dollar Trade-weighted Index"
"3615","FXRTWI","Trade-weighted Index May 1970 = 100","AUS","AUS",1991-11-06,59.1,"D","Index","Indicative","RBA","Daily","Historical Daily Exchange Rates Of The Australian Dollar Against:","Australian Dollar Trade-weighted Index"
"3616","FXRTWI","Trade-weighted Index May 1970 = 100","AUS","AUS",1991-11-07,58.9,"D","Index","Indicative","RBA","Daily","Historical Daily Exchange Rates Of The Australian Dollar Against:","Australian Dollar Trade-weighted Index"
"3617","FXRTWI","Trade-weighted Index May 1970 = 100","AUS","AUS",1991-11-08,59.1,"D","Index","Indicative","RBA","Daily","Historical Daily Exchange Rates Of The Australian Dollar Against:","Australian Dollar Trade-weighted Index"
"3618","FXRTWI","Trade-weighted Index May 1970 = 100","AUS","AUS",1991-11-11,59.2,"D","Index","Indicative","RBA","Daily","Historical Daily Exchange Rates Of The Australian Dollar Against:","Australian Dollar Trade-weighted Index"
"3619","FXRTWI","Trade-weighted Index May 1970 = 100","AUS","AUS",1991-11-12,59.2,"D","Index","Indicative","RBA","Daily","Historical Daily Exchange Rates Of The Australian Dollar Against:","Australian Dollar Trade-weighted Index"
"3620","FXRTWI","Trade-weighted Index May 1970 = 100","AUS","AUS",1991-11-13,59.1,"D","Index","Indicative","RBA","Daily","Historical Daily Exchange Rates Of The Australian Dollar Against:","Australian Dollar Trade-weighted Index"
"3621","FXRTWI","Trade-weighted Index May 1970 = 100","AUS","AUS",1991-11-14,59.1,"D","Index","Indicative","RBA","Daily","Historical Daily Exchange Rates Of The Australian Dollar Against:","Australian Dollar Trade-weighted Index"
"3622","FXRTWI","Trade-weighted Index May 1970 = 100","AUS","AUS",1991-11-15,59,"D","Index","Indicative","RBA","Daily","Historical Daily Exchange Rates Of The Australian Dollar Against:","Australian Dollar Trade-weighted Index"
"3623","FXRTWI","Trade-weighted Index May 1970 = 100","AUS","AUS",1991-11-18,58.8,"D","Index","Indicative","RBA","Daily","Historical Daily Exchange Rates Of The Australian Dollar Against:","Australian Dollar Trade-weighted Index"
"3624","FXRTWI","Trade-weighted Index May 1970 = 100","AUS","AUS",1991-11-19,58.9,"D","Index","Indicative","RBA","Daily","Historical Daily Exchange Rates Of The Australian Dollar Against:","Australian Dollar Trade-weighted Index"
"3625","FXRTWI","Trade-weighted Index May 1970 = 100","AUS","AUS",1991-11-20,59,"D","Index","Indicative","RBA","Daily","Historical Daily Exchange Rates Of The Australian Dollar Against:","Australian Dollar Trade-weighted Index"
"3626","FXRTWI","Trade-weighted Index May 1970 = 100","AUS","AUS",1991-11-21,59.1,"D","Index","Indicative","RBA","Daily","Historical Daily Exchange Rates Of The Australian Dollar Against:","Australian Dollar Trade-weighted Index"
"3627","FXRTWI","Trade-weighted Index May 1970 = 100","AUS","AUS",1991-11-22,59.2,"D","Index","Indicative","RBA","Daily","Historical Daily Exchange Rates Of The Australian Dollar Against:","Australian Dollar Trade-weighted Index"
"3628","FXRTWI","Trade-weighted Index May 1970 = 100","AUS","AUS",1991-11-25,59.1,"D","Index","Indicative","RBA","Daily","Historical Daily Exchange Rates Of The Australian Dollar Against:","Australian Dollar Trade-weighted Index"
"3629","FXRTWI","Trade-weighted Index May 1970 = 100","AUS","AUS",1991-11-26,58.8,"D","Index","Indicative","RBA","Daily","Historical Daily Exchange Rates Of The Australian Dollar Against:","Australian Dollar Trade-weighted Index"
"3630","FXRTWI","Trade-weighted Index May 1970 = 100","AUS","AUS",1991-11-27,58.9,"D","Index","Indicative","RBA","Daily","Historical Daily Exchange Rates Of The Australian Dollar Against:","Australian Dollar Trade-weighted Index"
"3631","FXRTWI","Trade-weighted Index May 1970 = 100","AUS","AUS",1991-11-28,59,"D","Index","Indicative","RBA","Daily","Historical Daily Exchange Rates Of The Australian Dollar Against:","Australian Dollar Trade-weighted Index"
"3632","FXRTWI","Trade-weighted Index May 1970 = 100","AUS","AUS",1991-11-29,59,"D","Index","Indicative","RBA","Daily","Historical Daily Exchange Rates Of The Australian Dollar Against:","Australian Dollar Trade-weighted Index"
"3633","DLCACS","Credit; Total; Seasonally adjusted","AUS","AUS",1991-11-30,344.523,"M","$ billion","Seasonally Adjusted","RBA","Monthly","D2 Lending And Credit Aggregates","Credit; Total; Seasonally adjusted – Includes securitisations – For series breaks see Series Breaks"
"3634","FIRMMCRT","Cash Rate Target","AUS","AUS",1991-11-30,8.64285714285714,"M","Per cent","Original","RBA","Monthly","F1.1 Interest Rates And Yields - Money Market","Cash Rate Target; monthly average"
"3635","FXRTWI","Trade-weighted Index May 1970 = 100","AUS","AUS",1991-11-30,59,"M","Index","Indicative","RBA","Monthly","F11 Exchange Rates","Australian Dollar Trade-weighted Index"
"3636","GRCPAISDR","Commodity prices – SDR","AUS","AUS",1991-11-30,29.5744295435817,"M","Index, 2023/24=100","Original","RBA","Monthly","I2 Commodity Prices","Index of commodity prices; All items; SDR"
"3637","A2302956R","South Australia ; STATE FINAL DEMAND ;","SA","SA",1991-12-01,15904,"Q","$ Millions","Seasonally Adjusted",NA,"Quarterly","Table 25. State Final Demand, Summary Components by State: Chain volume measures",NA
"3638","A2302984X","Western Australia ; STATE FINAL DEMAND ;","WA","WA",1991-12-01,20834,"Q","$ Millions","Seasonally Adjusted",NA,"Quarterly","Table 25. State Final Demand, Summary Components by State: Chain volume measures",NA
"3639","A2303012X","Tasmania ; STATE FINAL DEMAND ;","TAS","TAS",1991-12-01,5177,"Q","$ Millions","Seasonally Adjusted",NA,"Quarterly","Table 25. State Final Demand, Summary Components by State: Chain volume measures",NA
"3640","A2303040J","Northern Territory ; STATE FINAL DEMAND ;","NT","NT",1991-12-01,2548,"Q","$ Millions","Seasonally Adjusted",NA,"Quarterly","Table 25. State Final Demand, Summary Components by State: Chain volume measures",NA
"3641","A2303068K","Australian Capital Territory ; STATE FINAL DEMAND ;","ACT","ACT",1991-12-01,5910,"Q","$ Millions","Seasonally Adjusted",NA,"Quarterly","Table 25. State Final Demand, Summary Components by State: Chain volume measures",NA
"3642","A2303111F","New South Wales ; STATE FINAL DEMAND ;","NSW","NSW",1991-12-01,74838,"Q","$ Millions","Seasonally Adjusted",NA,"Quarterly","Table 25. State Final Demand, Summary Components by State: Chain volume measures",NA
"3643","A2303139J","Victoria ; STATE FINAL DEMAND ;","VIC","VIC",1991-12-01,49982,"Q","$ Millions","Seasonally Adjusted",NA,"Quarterly","Table 25. State Final Demand, Summary Components by State: Chain volume measures",NA
"3644","A2303187A","Queensland ; STATE FINAL DEMAND ;","QLD","QLD",1991-12-01,35691,"Q","$ Millions","Seasonally Adjusted",NA,"Quarterly","Table 25. State Final Demand, Summary Components by State: Chain volume measures",NA
"3645","A2304418T","Gross domestic product: Current prices ;","AUS","AUS",1991-12-01,105234,"Q","$ Millions","Seasonally Adjusted",NA,"Quarterly","Table 1. Key National Accounts Aggregates",NA
"3646","A2325846C","Index Numbers ; All groups CPI ; Australia ;","AUS","AUS",1991-12-01,59.9,"Q","Index Numbers","Original",NA,"Quarterly","TABLES 1 and 2. CPI: All Groups, Index Numbers and Percentage Changes",NA
"3647","A2718577A","Credits, Total goods ;","AUS","AUS",1991-12-01,4567,"M","$ Millions","Seasonally Adjusted",NA,"Monthly","TABLE 1. GOODS, Summary: Seasonally adjusted and trend estimates, Current prices",NA
"3648","A2718594C","Balance on goods ;","AUS","AUS",1991-12-01,438,"M","$ Millions","Seasonally Adjusted",NA,"Monthly","TABLE 1. GOODS, Summary: Seasonally adjusted and trend estimates, Current prices",NA
"3649","FXRTWI","Trade-weighted Index May 1970 = 100","AUS","AUS",1991-12-02,58.7,"D","Index","Indicative","RBA","Daily","Historical Daily Exchange Rates Of The Australian Dollar Against:","Australian Dollar Trade-weighted Index"
"3650","FXRTWI","Trade-weighted Index May 1970 = 100","AUS","AUS",1991-12-03,58.7,"D","Index","Indicative","RBA","Daily","Historical Daily Exchange Rates Of The Australian Dollar Against:","Australian Dollar Trade-weighted Index"
"3651","FXRTWI","Trade-weighted Index May 1970 = 100","AUS","AUS",1991-12-04,58.8,"D","Index","Indicative","RBA","Daily","Historical Daily Exchange Rates Of The Australian Dollar Against:","Australian Dollar Trade-weighted Index"
"3652","FXRTWI","Trade-weighted Index May 1970 = 100","AUS","AUS",1991-12-05,58.3,"D","Index","Indicative","RBA","Daily","Historical Daily Exchange Rates Of The Australian Dollar Against:","Australian Dollar Trade-weighted Index"
"3653","FXRTWI","Trade-weighted Index May 1970 = 100","AUS","AUS",1991-12-06,57.9,"D","Index","Indicative","RBA","Daily","Historical Daily Exchange Rates Of The Australian Dollar Against:","Australian Dollar Trade-weighted Index"
"3654","FXRTWI","Trade-weighted Index May 1970 = 100","AUS","AUS",1991-12-09,57.7,"D","Index","Indicative","RBA","Daily","Historical Daily Exchange Rates Of The Australian Dollar Against:","Australian Dollar Trade-weighted Index"
"3655","FXRTWI","Trade-weighted Index May 1970 = 100","AUS","AUS",1991-12-10,57.5,"D","Index","Indicative","RBA","Daily","Historical Daily Exchange Rates Of The Australian Dollar Against:","Australian Dollar Trade-weighted Index"
"3656","FXRTWI","Trade-weighted Index May 1970 = 100","AUS","AUS",1991-12-11,57.8,"D","Index","Indicative","RBA","Daily","Historical Daily Exchange Rates Of The Australian Dollar Against:","Australian Dollar Trade-weighted Index"
"3657","FXRTWI","Trade-weighted Index May 1970 = 100","AUS","AUS",1991-12-12,57.6,"D","Index","Indicative","RBA","Daily","Historical Daily Exchange Rates Of The Australian Dollar Against:","Australian Dollar Trade-weighted Index"
"3658","FXRTWI","Trade-weighted Index May 1970 = 100","AUS","AUS",1991-12-13,57.5,"D","Index","Indicative","RBA","Daily","Historical Daily Exchange Rates Of The Australian Dollar Against:","Australian Dollar Trade-weighted Index"
"3659","FXRTWI","Trade-weighted Index May 1970 = 100","AUS","AUS",1991-12-16,57.7,"D","Index","Indicative","RBA","Daily","Historical Daily Exchange Rates Of The Australian Dollar Against:","Australian Dollar Trade-weighted Index"
"3660","FXRTWI","Trade-weighted Index May 1970 = 100","AUS","AUS",1991-12-17,57.6,"D","Index","Indicative","RBA","Daily","Historical Daily Exchange Rates Of The Australian Dollar Against:","Australian Dollar Trade-weighted Index"
"3661","FXRTWI","Trade-weighted Index May 1970 = 100","AUS","AUS",1991-12-18,57.6,"D","Index","Indicative","RBA","Daily","Historical Daily Exchange Rates Of The Australian Dollar Against:","Australian Dollar Trade-weighted Index"
"3662","FXRTWI","Trade-weighted Index May 1970 = 100","AUS","AUS",1991-12-19,57.6,"D","Index","Indicative","RBA","Daily","Historical Daily Exchange Rates Of The Australian Dollar Against:","Australian Dollar Trade-weighted Index"
"3663","FXRTWI","Trade-weighted Index May 1970 = 100","AUS","AUS",1991-12-20,57.3,"D","Index","Indicative","RBA","Daily","Historical Daily Exchange Rates Of The Australian Dollar Against:","Australian Dollar Trade-weighted Index"
"3664","FXRTWI","Trade-weighted Index May 1970 = 100","AUS","AUS",1991-12-23,56.5,"D","Index","Indicative","RBA","Daily","Historical Daily Exchange Rates Of The Australian Dollar Against:","Australian Dollar Trade-weighted Index"
"3665","FXRTWI","Trade-weighted Index May 1970 = 100","AUS","AUS",1991-12-24,56.2,"D","Index","Indicative","RBA","Daily","Historical Daily Exchange Rates Of The Australian Dollar Against:","Australian Dollar Trade-weighted Index"
"3666","FXRTWI","Trade-weighted Index May 1970 = 100","AUS","AUS",1991-12-27,56,"D","Index","Indicative","RBA","Daily","Historical Daily Exchange Rates Of The Australian Dollar Against:","Australian Dollar Trade-weighted Index"
"3667","FXRTWI","Trade-weighted Index May 1970 = 100","AUS","AUS",1991-12-30,56,"D","Index","Indicative","RBA","Daily","Historical Daily Exchange Rates Of The Australian Dollar Against:","Australian Dollar Trade-weighted Index"
"3668","DLCACS","Credit; Total; Seasonally adjusted","AUS","AUS",1991-12-31,343.858,"M","$ billion","Seasonally Adjusted","RBA","Monthly","D2 Lending And Credit Aggregates","Credit; Total; Seasonally adjusted – Includes securitisations – For series breaks see Series Breaks"
"3669","FIRMMCRT","Cash Rate Target","AUS","AUS",1991-12-31,8.5,"M","Per cent","Original","RBA","Monthly","F1.1 Interest Rates And Yields - Money Market","Cash Rate Target; monthly average"
"3670","FXRTWI","Trade-weighted Index May 1970 = 100","AUS","AUS",1991-12-31,55.9,"D","Index","Indicative","RBA","Daily","Historical Daily Exchange Rates Of The Australian Dollar Against:","Australian Dollar Trade-weighted Index"
"3671","FXRTWI","Trade-weighted Index May 1970 = 100","AUS","AUS",1991-12-31,55.9,"M","Index","Indicative","RBA","Monthly","F11 Exchange Rates","Australian Dollar Trade-weighted Index"
"3672","GCPIOCPMTMQP","Quarterly trimmed mean inflation","AUS","AUS",1991-12-31,0.7,"Q","Per cent","Seasonally Adjusted","ABS","Quarterly","G1 Consumer Price Inflation","Consumer price index; Trimmed mean; Quarterly change (in per cent)"
"3673","GRCPAISDR","Commodity prices – SDR","AUS","AUS",1991-12-31,29.4386848514145,"M","Index, 2023/24=100","Original","RBA","Monthly","I2 Commodity Prices","Index of commodity prices; All items; SDR"
"3674","A2718577A","Credits, Total goods ;","AUS","AUS",1992-01-01,4644,"M","$ Millions","Seasonally Adjusted",NA,"Monthly","TABLE 1. GOODS, Summary: Seasonally adjusted and trend estimates, Current prices",NA
"3675","A2718594C","Balance on goods ;","AUS","AUS",1992-01-01,446,"M","$ Millions","Seasonally Adjusted",NA,"Monthly","TABLE 1. GOODS, Summary: Seasonally adjusted and trend estimates, Current prices",NA
"3676","FXRTWI","Trade-weighted Index May 1970 = 100","AUS","AUS",1992-01-02,55.9,"D","Index","Indicative","RBA","Daily","Historical Daily Exchange Rates Of The Australian Dollar Against:","Australian Dollar Trade-weighted Index"
"3677","FXRTWI","Trade-weighted Index May 1970 = 100","AUS","AUS",1992-01-03,55.7,"D","Index","Indicative","RBA","Daily","Historical Daily Exchange Rates Of The Australian Dollar Against:","Australian Dollar Trade-weighted Index"
"3678","FXRTWI","Trade-weighted Index May 1970 = 100","AUS","AUS",1992-01-06,56,"D","Index","Indicative","RBA","Daily","Historical Daily Exchange Rates Of The Australian Dollar Against:","Australian Dollar Trade-weighted Index"
"3679","FXRTWI","Trade-weighted Index May 1970 = 100","AUS","AUS",1992-01-07,55.6,"D","Index","Indicative","RBA","Daily","Historical Daily Exchange Rates Of The Australian Dollar Against:","Australian Dollar Trade-weighted Index"
"3680","FXRTWI","Trade-weighted Index May 1970 = 100","AUS","AUS",1992-01-08,55.4,"D","Index","Indicative","RBA","Daily","Historical Daily Exchange Rates Of The Australian Dollar Against:","Australian Dollar Trade-weighted Index"
"3681","FXRTWI","Trade-weighted Index May 1970 = 100","AUS","AUS",1992-01-09,55.1,"D","Index","Indicative","RBA","Daily","Historical Daily Exchange Rates Of The Australian Dollar Against:","Australian Dollar Trade-weighted Index"
"3682","FXRTWI","Trade-weighted Index May 1970 = 100","AUS","AUS",1992-01-10,54.8,"D","Index","Indicative","RBA","Daily","Historical Daily Exchange Rates Of The Australian Dollar Against:","Australian Dollar Trade-weighted Index"
"3683","FXRTWI","Trade-weighted Index May 1970 = 100","AUS","AUS",1992-01-13,55,"D","Index","Indicative","RBA","Daily","Historical Daily Exchange Rates Of The Australian Dollar Against:","Australian Dollar Trade-weighted Index"
"3684","FXRTWI","Trade-weighted Index May 1970 = 100","AUS","AUS",1992-01-14,55.2,"D","Index","Indicative","RBA","Daily","Historical Daily Exchange Rates Of The Australian Dollar Against:","Australian Dollar Trade-weighted Index"
"3685","FXRTWI","Trade-weighted Index May 1970 = 100","AUS","AUS",1992-01-15,55.3,"D","Index","Indicative","RBA","Daily","Historical Daily Exchange Rates Of The Australian Dollar Against:","Australian Dollar Trade-weighted Index"
"3686","FXRTWI","Trade-weighted Index May 1970 = 100","AUS","AUS",1992-01-16,55.8,"D","Index","Indicative","RBA","Daily","Historical Daily Exchange Rates Of The Australian Dollar Against:","Australian Dollar Trade-weighted Index"
"3687","FXRTWI","Trade-weighted Index May 1970 = 100","AUS","AUS",1992-01-17,55.6,"D","Index","Indicative","RBA","Daily","Historical Daily Exchange Rates Of The Australian Dollar Against:","Australian Dollar Trade-weighted Index"
"3688","FXRTWI","Trade-weighted Index May 1970 = 100","AUS","AUS",1992-01-20,55,"D","Index","Indicative","RBA","Daily","Historical Daily Exchange Rates Of The Australian Dollar Against:","Australian Dollar Trade-weighted Index"
"3689","FXRTWI","Trade-weighted Index May 1970 = 100","AUS","AUS",1992-01-21,55.4,"D","Index","Indicative","RBA","Daily","Historical Daily Exchange Rates Of The Australian Dollar Against:","Australian Dollar Trade-weighted Index"
"3690","FXRTWI","Trade-weighted Index May 1970 = 100","AUS","AUS",1992-01-22,55.4,"D","Index","Indicative","RBA","Daily","Historical Daily Exchange Rates Of The Australian Dollar Against:","Australian Dollar Trade-weighted Index"
"3691","FXRTWI","Trade-weighted Index May 1970 = 100","AUS","AUS",1992-01-23,55.7,"D","Index","Indicative","RBA","Daily","Historical Daily Exchange Rates Of The Australian Dollar Against:","Australian Dollar Trade-weighted Index"
"3692","FXRTWI","Trade-weighted Index May 1970 = 100","AUS","AUS",1992-01-24,54.9,"D","Index","Indicative","RBA","Daily","Historical Daily Exchange Rates Of The Australian Dollar Against:","Australian Dollar Trade-weighted Index"
"3693","FXRTWI","Trade-weighted Index May 1970 = 100","AUS","AUS",1992-01-28,55.2,"D","Index","Indicative","RBA","Daily","Historical Daily Exchange Rates Of The Australian Dollar Against:","Australian Dollar Trade-weighted Index"
"3694","FXRTWI","Trade-weighted Index May 1970 = 100","AUS","AUS",1992-01-29,55.2,"D","Index","Indicative","RBA","Daily","Historical Daily Exchange Rates Of The Australian Dollar Against:","Australian Dollar Trade-weighted Index"
"3695","FXRTWI","Trade-weighted Index May 1970 = 100","AUS","AUS",1992-01-30,55.4,"D","Index","Indicative","RBA","Daily","Historical Daily Exchange Rates Of The Australian Dollar Against:","Australian Dollar Trade-weighted Index"
"3696","DLCACS","Credit; Total; Seasonally adjusted","AUS","AUS",1992-01-31,344.036,"M","$ billion","Seasonally Adjusted","RBA","Monthly","D2 Lending And Credit Aggregates","Credit; Total; Seasonally adjusted – Includes securitisations – For series breaks see Series Breaks"
"3697","FIRMMCRT","Cash Rate Target","AUS","AUS",1992-01-31,7.69047619047619,"M","Per cent","Original","RBA","Monthly","F1.1 Interest Rates And Yields - Money Market","Cash Rate Target; monthly average"
"3698","FXRTWI","Trade-weighted Index May 1970 = 100","AUS","AUS",1992-01-31,55.8,"D","Index","Indicative","RBA","Daily","Historical Daily Exchange Rates Of The Australian Dollar Against:","Australian Dollar Trade-weighted Index"
"3699","FXRTWI","Trade-weighted Index May 1970 = 100","AUS","AUS",1992-01-31,55.8,"M","Index","Indicative","RBA","Monthly","F11 Exchange Rates","Australian Dollar Trade-weighted Index"
"3700","GRCPAISDR","Commodity prices – SDR","AUS","AUS",1992-01-31,29.1474581851138,"M","Index, 2023/24=100","Original","RBA","Monthly","I2 Commodity Prices","Index of commodity prices; All items; SDR"
"3701","A2718577A","Credits, Total goods ;","AUS","AUS",1992-02-01,4540,"M","$ Millions","Seasonally Adjusted",NA,"Monthly","TABLE 1. GOODS, Summary: Seasonally adjusted and trend estimates, Current prices",NA
"3702","A2718594C","Balance on goods ;","AUS","AUS",1992-02-01,254,"M","$ Millions","Seasonally Adjusted",NA,"Monthly","TABLE 1. GOODS, Summary: Seasonally adjusted and trend estimates, Current prices",NA
"3703","FXRTWI","Trade-weighted Index May 1970 = 100","AUS","AUS",1992-02-03,55.8,"D","Index","Indicative","RBA","Daily","Historical Daily Exchange Rates Of The Australian Dollar Against:","Australian Dollar Trade-weighted Index"
"3704","FXRTWI","Trade-weighted Index May 1970 = 100","AUS","AUS",1992-02-04,55.9,"D","Index","Indicative","RBA","Daily","Historical Daily Exchange Rates Of The Australian Dollar Against:","Australian Dollar Trade-weighted Index"
"3705","FXRTWI","Trade-weighted Index May 1970 = 100","AUS","AUS",1992-02-05,55.7,"D","Index","Indicative","RBA","Daily","Historical Daily Exchange Rates Of The Australian Dollar Against:","Australian Dollar Trade-weighted Index"
"3706","FXRTWI","Trade-weighted Index May 1970 = 100","AUS","AUS",1992-02-06,55.1,"D","Index","Indicative","RBA","Daily","Historical Daily Exchange Rates Of The Australian Dollar Against:","Australian Dollar Trade-weighted Index"
"3707","FXRTWI","Trade-weighted Index May 1970 = 100","AUS","AUS",1992-02-07,55.3,"D","Index","Indicative","RBA","Daily","Historical Daily Exchange Rates Of The Australian Dollar Against:","Australian Dollar Trade-weighted Index"
"3708","FXRTWI","Trade-weighted Index May 1970 = 100","AUS","AUS",1992-02-10,55.5,"D","Index","Indicative","RBA","Daily","Historical Daily Exchange Rates Of The Australian Dollar Against:","Australian Dollar Trade-weighted Index"
"3709","FXRTWI","Trade-weighted Index May 1970 = 100","AUS","AUS",1992-02-11,55.6,"D","Index","Indicative","RBA","Daily","Historical Daily Exchange Rates Of The Australian Dollar Against:","Australian Dollar Trade-weighted Index"
"3710","FXRTWI","Trade-weighted Index May 1970 = 100","AUS","AUS",1992-02-12,55.9,"D","Index","Indicative","RBA","Daily","Historical Daily Exchange Rates Of The Australian Dollar Against:","Australian Dollar Trade-weighted Index"
"3711","FXRTWI","Trade-weighted Index May 1970 = 100","AUS","AUS",1992-02-13,56.2,"D","Index","Indicative","RBA","Daily","Historical Daily Exchange Rates Of The Australian Dollar Against:","Australian Dollar Trade-weighted Index"
"3712","FXRTWI","Trade-weighted Index May 1970 = 100","AUS","AUS",1992-02-14,56.6,"D","Index","Indicative","RBA","Daily","Historical Daily Exchange Rates Of The Australian Dollar Against:","Australian Dollar Trade-weighted Index"
"3713","FXRTWI","Trade-weighted Index May 1970 = 100","AUS","AUS",1992-02-17,56.5,"D","Index","Indicative","RBA","Daily","Historical Daily Exchange Rates Of The Australian Dollar Against:","Australian Dollar Trade-weighted Index"
"3714","FXRTWI","Trade-weighted Index May 1970 = 100","AUS","AUS",1992-02-18,56.4,"D","Index","Indicative","RBA","Daily","Historical Daily Exchange Rates Of The Australian Dollar Against:","Australian Dollar Trade-weighted Index"
"3715","FXRTWI","Trade-weighted Index May 1970 = 100","AUS","AUS",1992-02-19,56.8,"D","Index","Indicative","RBA","Daily","Historical Daily Exchange Rates Of The Australian Dollar Against:","Australian Dollar Trade-weighted Index"
"3716","FXRTWI","Trade-weighted Index May 1970 = 100","AUS","AUS",1992-02-20,56.8,"D","Index","Indicative","RBA","Daily","Historical Daily Exchange Rates Of The Australian Dollar Against:","Australian Dollar Trade-weighted Index"
"3717","FXRTWI","Trade-weighted Index May 1970 = 100","AUS","AUS",1992-02-21,56.8,"D","Index","Indicative","RBA","Daily","Historical Daily Exchange Rates Of The Australian Dollar Against:","Australian Dollar Trade-weighted Index"
"3718","FXRTWI","Trade-weighted Index May 1970 = 100","AUS","AUS",1992-02-24,56.6,"D","Index","Indicative","RBA","Daily","Historical Daily Exchange Rates Of The Australian Dollar Against:","Australian Dollar Trade-weighted Index"
"3719","FXRTWI","Trade-weighted Index May 1970 = 100","AUS","AUS",1992-02-25,56.6,"D","Index","Indicative","RBA","Daily","Historical Daily Exchange Rates Of The Australian Dollar Against:","Australian Dollar Trade-weighted Index"
"3720","FXRTWI","Trade-weighted Index May 1970 = 100","AUS","AUS",1992-02-26,56.7,"D","Index","Indicative","RBA","Daily","Historical Daily Exchange Rates Of The Australian Dollar Against:","Australian Dollar Trade-weighted Index"
"3721","FXRTWI","Trade-weighted Index May 1970 = 100","AUS","AUS",1992-02-27,56.6,"D","Index","Indicative","RBA","Daily","Historical Daily Exchange Rates Of The Australian Dollar Against:","Australian Dollar Trade-weighted Index"
"3722","FXRTWI","Trade-weighted Index May 1970 = 100","AUS","AUS",1992-02-28,56.8,"D","Index","Indicative","RBA","Daily","Historical Daily Exchange Rates Of The Australian Dollar Against:","Australian Dollar Trade-weighted Index"
"3723","DLCACS","Credit; Total; Seasonally adjusted","AUS","AUS",1992-02-29,343.747,"M","$ billion","Seasonally Adjusted","RBA","Monthly","D2 Lending And Credit Aggregates","Credit; Total; Seasonally adjusted – Includes securitisations – For series breaks see Series Breaks"
"3724","FIRMMCRT","Cash Rate Target","AUS","AUS",1992-02-29,7.5,"M","Per cent","Original","RBA","Monthly","F1.1 Interest Rates And Yields - Money Market","Cash Rate Target; monthly average"
"3725","FXRTWI","Trade-weighted Index May 1970 = 100","AUS","AUS",1992-02-29,56.8,"M","Index","Indicative","RBA","Monthly","F11 Exchange Rates","Australian Dollar Trade-weighted Index"
"3726","GRCPAISDR","Commodity prices – SDR","AUS","AUS",1992-02-29,29.8906652699773,"M","Index, 2023/24=100","Original","RBA","Monthly","I2 Commodity Prices","Index of commodity prices; All items; SDR"
"3727","A2302956R","South Australia ; STATE FINAL DEMAND ;","SA","SA",1992-03-01,15824,"Q","$ Millions","Seasonally Adjusted",NA,"Quarterly","Table 25. State Final Demand, Summary Components by State: Chain volume measures",NA
"3728","A2302984X","Western Australia ; STATE FINAL DEMAND ;","WA","WA",1992-03-01,20722,"Q","$ Millions","Seasonally Adjusted",NA,"Quarterly","Table 25. State Final Demand, Summary Components by State: Chain volume measures",NA
"3729","A2303012X","Tasmania ; STATE FINAL DEMAND ;","TAS","TAS",1992-03-01,5286,"Q","$ Millions","Seasonally Adjusted",NA,"Quarterly","Table 25. State Final Demand, Summary Components by State: Chain volume measures",NA
"3730","A2303040J","Northern Territory ; STATE FINAL DEMAND ;","NT","NT",1992-03-01,2608,"Q","$ Millions","Seasonally Adjusted",NA,"Quarterly","Table 25. State Final Demand, Summary Components by State: Chain volume measures",NA
"3731","A2303068K","Australian Capital Territory ; STATE FINAL DEMAND ;","ACT","ACT",1992-03-01,5811,"Q","$ Millions","Seasonally Adjusted",NA,"Quarterly","Table 25. State Final Demand, Summary Components by State: Chain volume measures",NA
"3732","A2303111F","New South Wales ; STATE FINAL DEMAND ;","NSW","NSW",1992-03-01,75447,"Q","$ Millions","Seasonally Adjusted",NA,"Quarterly","Table 25. State Final Demand, Summary Components by State: Chain volume measures",NA
"3733","A2303139J","Victoria ; STATE FINAL DEMAND ;","VIC","VIC",1992-03-01,50123,"Q","$ Millions","Seasonally Adjusted",NA,"Quarterly","Table 25. State Final Demand, Summary Components by State: Chain volume measures",NA
"3734","A2303187A","Queensland ; STATE FINAL DEMAND ;","QLD","QLD",1992-03-01,35468,"Q","$ Millions","Seasonally Adjusted",NA,"Quarterly","Table 25. State Final Demand, Summary Components by State: Chain volume measures",NA
"3735","A2304418T","Gross domestic product: Current prices ;","AUS","AUS",1992-03-01,106759,"Q","$ Millions","Seasonally Adjusted",NA,"Quarterly","Table 1. Key National Accounts Aggregates",NA
"3736","A2325846C","Index Numbers ; All groups CPI ; Australia ;","AUS","AUS",1992-03-01,59.9,"Q","Index Numbers","Original",NA,"Quarterly","TABLES 1 and 2. CPI: All Groups, Index Numbers and Percentage Changes",NA
"3737","A2718577A","Credits, Total goods ;","AUS","AUS",1992-03-01,4605,"M","$ Millions","Seasonally Adjusted",NA,"Monthly","TABLE 1. GOODS, Summary: Seasonally adjusted and trend estimates, Current prices",NA
"3738","A2718594C","Balance on goods ;","AUS","AUS",1992-03-01,333,"M","$ Millions","Seasonally Adjusted",NA,"Monthly","TABLE 1. GOODS, Summary: Seasonally adjusted and trend estimates, Current prices",NA
"3739","FXRTWI","Trade-weighted Index May 1970 = 100","AUS","AUS",1992-03-02,56.8,"D","Index","Indicative","RBA","Daily","Historical Daily Exchange Rates Of The Australian Dollar Against:","Australian Dollar Trade-weighted Index"
"3740","FXRTWI","Trade-weighted Index May 1970 = 100","AUS","AUS",1992-03-03,57,"D","Index","Indicative","RBA","Daily","Historical Daily Exchange Rates Of The Australian Dollar Against:","Australian Dollar Trade-weighted Index"
"3741","FXRTWI","Trade-weighted Index May 1970 = 100","AUS","AUS",1992-03-04,57.1,"D","Index","Indicative","RBA","Daily","Historical Daily Exchange Rates Of The Australian Dollar Against:","Australian Dollar Trade-weighted Index"
"3742","FXRTWI","Trade-weighted Index May 1970 = 100","AUS","AUS",1992-03-05,57.4,"D","Index","Indicative","RBA","Daily","Historical Daily Exchange Rates Of The Australian Dollar Against:","Australian Dollar Trade-weighted Index"
"3743","FXRTWI","Trade-weighted Index May 1970 = 100","AUS","AUS",1992-03-06,57.5,"D","Index","Indicative","RBA","Daily","Historical Daily Exchange Rates Of The Australian Dollar Against:","Australian Dollar Trade-weighted Index"
"3744","FXRTWI","Trade-weighted Index May 1970 = 100","AUS","AUS",1992-03-09,57.4,"D","Index","Indicative","RBA","Daily","Historical Daily Exchange Rates Of The Australian Dollar Against:","Australian Dollar Trade-weighted Index"
"3745","FXRTWI","Trade-weighted Index May 1970 = 100","AUS","AUS",1992-03-10,57.5,"D","Index","Indicative","RBA","Daily","Historical Daily Exchange Rates Of The Australian Dollar Against:","Australian Dollar Trade-weighted Index"
"3746","FXRTWI","Trade-weighted Index May 1970 = 100","AUS","AUS",1992-03-11,57.8,"D","Index","Indicative","RBA","Daily","Historical Daily Exchange Rates Of The Australian Dollar Against:","Australian Dollar Trade-weighted Index"
"3747","FXRTWI","Trade-weighted Index May 1970 = 100","AUS","AUS",1992-03-12,57.9,"D","Index","Indicative","RBA","Daily","Historical Daily Exchange Rates Of The Australian Dollar Against:","Australian Dollar Trade-weighted Index"
"3748","FXRTWI","Trade-weighted Index May 1970 = 100","AUS","AUS",1992-03-13,57.7,"D","Index","Indicative","RBA","Daily","Historical Daily Exchange Rates Of The Australian Dollar Against:","Australian Dollar Trade-weighted Index"
"3749","FXRTWI","Trade-weighted Index May 1970 = 100","AUS","AUS",1992-03-16,57.8,"D","Index","Indicative","RBA","Daily","Historical Daily Exchange Rates Of The Australian Dollar Against:","Australian Dollar Trade-weighted Index"
"3750","FXRTWI","Trade-weighted Index May 1970 = 100","AUS","AUS",1992-03-17,57.7,"D","Index","Indicative","RBA","Daily","Historical Daily Exchange Rates Of The Australian Dollar Against:","Australian Dollar Trade-weighted Index"
"3751","FXRTWI","Trade-weighted Index May 1970 = 100","AUS","AUS",1992-03-18,57.9,"D","Index","Indicative","RBA","Daily","Historical Daily Exchange Rates Of The Australian Dollar Against:","Australian Dollar Trade-weighted Index"
"3752","FXRTWI","Trade-weighted Index May 1970 = 100","AUS","AUS",1992-03-19,57.8,"D","Index","Indicative","RBA","Daily","Historical Daily Exchange Rates Of The Australian Dollar Against:","Australian Dollar Trade-weighted Index"
"3753","FXRTWI","Trade-weighted Index May 1970 = 100","AUS","AUS",1992-03-20,58.2,"D","Index","Indicative","RBA","Daily","Historical Daily Exchange Rates Of The Australian Dollar Against:","Australian Dollar Trade-weighted Index"
"3754","FXRTWI","Trade-weighted Index May 1970 = 100","AUS","AUS",1992-03-23,58.3,"D","Index","Indicative","RBA","Daily","Historical Daily Exchange Rates Of The Australian Dollar Against:","Australian Dollar Trade-weighted Index"
"3755","FXRTWI","Trade-weighted Index May 1970 = 100","AUS","AUS",1992-03-24,58.3,"D","Index","Indicative","RBA","Daily","Historical Daily Exchange Rates Of The Australian Dollar Against:","Australian Dollar Trade-weighted Index"
"3756","FXRTWI","Trade-weighted Index May 1970 = 100","AUS","AUS",1992-03-25,58.4,"D","Index","Indicative","RBA","Daily","Historical Daily Exchange Rates Of The Australian Dollar Against:","Australian Dollar Trade-weighted Index"
"3757","FXRTWI","Trade-weighted Index May 1970 = 100","AUS","AUS",1992-03-26,58.4,"D","Index","Indicative","RBA","Daily","Historical Daily Exchange Rates Of The Australian Dollar Against:","Australian Dollar Trade-weighted Index"
"3758","FXRTWI","Trade-weighted Index May 1970 = 100","AUS","AUS",1992-03-27,58.4,"D","Index","Indicative","RBA","Daily","Historical Daily Exchange Rates Of The Australian Dollar Against:","Australian Dollar Trade-weighted Index"
"3759","FXRTWI","Trade-weighted Index May 1970 = 100","AUS","AUS",1992-03-30,58.3,"D","Index","Indicative","RBA","Daily","Historical Daily Exchange Rates Of The Australian Dollar Against:","Australian Dollar Trade-weighted Index"
"3760","DLCACS","Credit; Total; Seasonally adjusted","AUS","AUS",1992-03-31,342.377,"M","$ billion","Seasonally Adjusted","RBA","Monthly","D2 Lending And Credit Aggregates","Credit; Total; Seasonally adjusted – Includes securitisations – For series breaks see Series Breaks"
"3761","FIRMMCRT","Cash Rate Target","AUS","AUS",1992-03-31,7.5,"M","Per cent","Original","RBA","Monthly","F1.1 Interest Rates And Yields - Money Market","Cash Rate Target; monthly average"
"3762","FXRTWI","Trade-weighted Index May 1970 = 100","AUS","AUS",1992-03-31,58.6,"D","Index","Indicative","RBA","Daily","Historical Daily Exchange Rates Of The Australian Dollar Against:","Australian Dollar Trade-weighted Index"
"3763","FXRTWI","Trade-weighted Index May 1970 = 100","AUS","AUS",1992-03-31,58.6,"M","Index","Indicative","RBA","Monthly","F11 Exchange Rates","Australian Dollar Trade-weighted Index"
"3764","GCPIOCPMTMQP","Quarterly trimmed mean inflation","AUS","AUS",1992-03-31,0.4,"Q","Per cent","Seasonally Adjusted","ABS","Quarterly","G1 Consumer Price Inflation","Consumer price index; Trimmed mean; Quarterly change (in per cent)"
"3765","GRCPAISDR","Commodity prices – SDR","AUS","AUS",1992-03-31,30.0213293293414,"M","Index, 2023/24=100","Original","RBA","Monthly","I2 Commodity Prices","Index of commodity prices; All items; SDR"
"3766","A2718577A","Credits, Total goods ;","AUS","AUS",1992-04-01,4710,"M","$ Millions","Seasonally Adjusted",NA,"Monthly","TABLE 1. GOODS, Summary: Seasonally adjusted and trend estimates, Current prices",NA
"3767","A2718594C","Balance on goods ;","AUS","AUS",1992-04-01,376,"M","$ Millions","Seasonally Adjusted",NA,"Monthly","TABLE 1. GOODS, Summary: Seasonally adjusted and trend estimates, Current prices",NA
"3768","FXRTWI","Trade-weighted Index May 1970 = 100","AUS","AUS",1992-04-01,58.5,"D","Index","Indicative","RBA","Daily","Historical Daily Exchange Rates Of The Australian Dollar Against:","Australian Dollar Trade-weighted Index"
"3769","FXRTWI","Trade-weighted Index May 1970 = 100","AUS","AUS",1992-04-02,58.6,"D","Index","Indicative","RBA","Daily","Historical Daily Exchange Rates Of The Australian Dollar Against:","Australian Dollar Trade-weighted Index"
"3770","FXRTWI","Trade-weighted Index May 1970 = 100","AUS","AUS",1992-04-03,58.5,"D","Index","Indicative","RBA","Daily","Historical Daily Exchange Rates Of The Australian Dollar Against:","Australian Dollar Trade-weighted Index"
"3771","FXRTWI","Trade-weighted Index May 1970 = 100","AUS","AUS",1992-04-06,58.4,"D","Index","Indicative","RBA","Daily","Historical Daily Exchange Rates Of The Australian Dollar Against:","Australian Dollar Trade-weighted Index"
"3772","FXRTWI","Trade-weighted Index May 1970 = 100","AUS","AUS",1992-04-07,58,"D","Index","Indicative","RBA","Daily","Historical Daily Exchange Rates Of The Australian Dollar Against:","Australian Dollar Trade-weighted Index"
"3773","FXRTWI","Trade-weighted Index May 1970 = 100","AUS","AUS",1992-04-08,57.8,"D","Index","Indicative","RBA","Daily","Historical Daily Exchange Rates Of The Australian Dollar Against:","Australian Dollar Trade-weighted Index"
"3774","FXRTWI","Trade-weighted Index May 1970 = 100","AUS","AUS",1992-04-09,57.9,"D","Index","Indicative","RBA","Daily","Historical Daily Exchange Rates Of The Australian Dollar Against:","Australian Dollar Trade-weighted Index"
"3775","FXRTWI","Trade-weighted Index May 1970 = 100","AUS","AUS",1992-04-10,57.7,"D","Index","Indicative","RBA","Daily","Historical Daily Exchange Rates Of The Australian Dollar Against:","Australian Dollar Trade-weighted Index"
"3776","FXRTWI","Trade-weighted Index May 1970 = 100","AUS","AUS",1992-04-13,58,"D","Index","Indicative","RBA","Daily","Historical Daily Exchange Rates Of The Australian Dollar Against:","Australian Dollar Trade-weighted Index"
"3777","FXRTWI","Trade-weighted Index May 1970 = 100","AUS","AUS",1992-04-14,58.3,"D","Index","Indicative","RBA","Daily","Historical Daily Exchange Rates Of The Australian Dollar Against:","Australian Dollar Trade-weighted Index"
"3778","FXRTWI","Trade-weighted Index May 1970 = 100","AUS","AUS",1992-04-15,58.5,"D","Index","Indicative","RBA","Daily","Historical Daily Exchange Rates Of The Australian Dollar Against:","Australian Dollar Trade-weighted Index"
"3779","FXRTWI","Trade-weighted Index May 1970 = 100","AUS","AUS",1992-04-16,58.4,"D","Index","Indicative","RBA","Daily","Historical Daily Exchange Rates Of The Australian Dollar Against:","Australian Dollar Trade-weighted Index"
"3780","FXRTWI","Trade-weighted Index May 1970 = 100","AUS","AUS",1992-04-21,58.7,"D","Index","Indicative","RBA","Daily","Historical Daily Exchange Rates Of The Australian Dollar Against:","Australian Dollar Trade-weighted Index"
"3781","FXRTWI","Trade-weighted Index May 1970 = 100","AUS","AUS",1992-04-22,58.4,"D","Index","Indicative","RBA","Daily","Historical Daily Exchange Rates Of The Australian Dollar Against:","Australian Dollar Trade-weighted Index"
"3782","FXRTWI","Trade-weighted Index May 1970 = 100","AUS","AUS",1992-04-23,58.2,"D","Index","Indicative","RBA","Daily","Historical Daily Exchange Rates Of The Australian Dollar Against:","Australian Dollar Trade-weighted Index"
"3783","FXRTWI","Trade-weighted Index May 1970 = 100","AUS","AUS",1992-04-24,57.9,"D","Index","Indicative","RBA","Daily","Historical Daily Exchange Rates Of The Australian Dollar Against:","Australian Dollar Trade-weighted Index"
"3784","FXRTWI","Trade-weighted Index May 1970 = 100","AUS","AUS",1992-04-27,57.7,"D","Index","Indicative","RBA","Daily","Historical Daily Exchange Rates Of The Australian Dollar Against:","Australian Dollar Trade-weighted Index"
"3785","FXRTWI","Trade-weighted Index May 1970 = 100","AUS","AUS",1992-04-28,57.6,"D","Index","Indicative","RBA","Daily","Historical Daily Exchange Rates Of The Australian Dollar Against:","Australian Dollar Trade-weighted Index"
"3786","FXRTWI","Trade-weighted Index May 1970 = 100","AUS","AUS",1992-04-29,58,"D","Index","Indicative","RBA","Daily","Historical Daily Exchange Rates Of The Australian Dollar Against:","Australian Dollar Trade-weighted Index"
"3787","DLCACS","Credit; Total; Seasonally adjusted","AUS","AUS",1992-04-30,341.21,"M","$ billion","Seasonally Adjusted","RBA","Monthly","D2 Lending And Credit Aggregates","Credit; Total; Seasonally adjusted – Includes securitisations – For series breaks see Series Breaks"
"3788","FIRMMCRT","Cash Rate Target","AUS","AUS",1992-04-30,7.5,"M","Per cent","Original","RBA","Monthly","F1.1 Interest Rates And Yields - Money Market","Cash Rate Target; monthly average"
"3789","FXRTWI","Trade-weighted Index May 1970 = 100","AUS","AUS",1992-04-30,57.9,"D","Index","Indicative","RBA","Daily","Historical Daily Exchange Rates Of The Australian Dollar Against:","Australian Dollar Trade-weighted Index"
"3790","FXRTWI","Trade-weighted Index May 1970 = 100","AUS","AUS",1992-04-30,57.9,"M","Index","Indicative","RBA","Monthly","F11 Exchange Rates","Australian Dollar Trade-weighted Index"
"3791","GRCPAISDR","Commodity prices – SDR","AUS","AUS",1992-04-30,29.5434978705422,"M","Index, 2023/24=100","Original","RBA","Monthly","I2 Commodity Prices","Index of commodity prices; All items; SDR"
"3792","A2718577A","Credits, Total goods ;","AUS","AUS",1992-05-01,4705,"M","$ Millions","Seasonally Adjusted",NA,"Monthly","TABLE 1. GOODS, Summary: Seasonally adjusted and trend estimates, Current prices",NA
"3793","A2718594C","Balance on goods ;","AUS","AUS",1992-05-01,274,"M","$ Millions","Seasonally Adjusted",NA,"Monthly","TABLE 1. GOODS, Summary: Seasonally adjusted and trend estimates, Current prices",NA
"3794","FXRTWI","Trade-weighted Index May 1970 = 100","AUS","AUS",1992-05-01,57.6,"D","Index","Indicative","RBA","Daily","Historical Daily Exchange Rates Of The Australian Dollar Against:","Australian Dollar Trade-weighted Index"
"3795","FXRTWI","Trade-weighted Index May 1970 = 100","AUS","AUS",1992-05-04,57.5,"D","Index","Indicative","RBA","Daily","Historical Daily Exchange Rates Of The Australian Dollar Against:","Australian Dollar Trade-weighted Index"
"3796","FXRTWI","Trade-weighted Index May 1970 = 100","AUS","AUS",1992-05-05,57.8,"D","Index","Indicative","RBA","Daily","Historical Daily Exchange Rates Of The Australian Dollar Against:","Australian Dollar Trade-weighted Index"
"3797","FXRTWI","Trade-weighted Index May 1970 = 100","AUS","AUS",1992-05-06,57.5,"D","Index","Indicative","RBA","Daily","Historical Daily Exchange Rates Of The Australian Dollar Against:","Australian Dollar Trade-weighted Index"
"3798","FXRTWI","Trade-weighted Index May 1970 = 100","AUS","AUS",1992-05-07,57.3,"D","Index","Indicative","RBA","Daily","Historical Daily Exchange Rates Of The Australian Dollar Against:","Australian Dollar Trade-weighted Index"
"3799","FXRTWI","Trade-weighted Index May 1970 = 100","AUS","AUS",1992-05-08,57.2,"D","Index","Indicative","RBA","Daily","Historical Daily Exchange Rates Of The Australian Dollar Against:","Australian Dollar Trade-weighted Index"
"3800","FXRTWI","Trade-weighted Index May 1970 = 100","AUS","AUS",1992-05-11,57.2,"D","Index","Indicative","RBA","Daily","Historical Daily Exchange Rates Of The Australian Dollar Against:","Australian Dollar Trade-weighted Index"
"3801","FXRTWI","Trade-weighted Index May 1970 = 100","AUS","AUS",1992-05-12,57,"D","Index","Indicative","RBA","Daily","Historical Daily Exchange Rates Of The Australian Dollar Against:","Australian Dollar Trade-weighted Index"
"3802","FXRTWI","Trade-weighted Index May 1970 = 100","AUS","AUS",1992-05-13,56.8,"D","Index","Indicative","RBA","Daily","Historical Daily Exchange Rates Of The Australian Dollar Against:","Australian Dollar Trade-weighted Index"
"3803","FXRTWI","Trade-weighted Index May 1970 = 100","AUS","AUS",1992-05-14,56.9,"D","Index","Indicative","RBA","Daily","Historical Daily Exchange Rates Of The Australian Dollar Against:","Australian Dollar Trade-weighted Index"
"3804","FXRTWI","Trade-weighted Index May 1970 = 100","AUS","AUS",1992-05-15,57.1,"D","Index","Indicative","RBA","Daily","Historical Daily Exchange Rates Of The Australian Dollar Against:","Australian Dollar Trade-weighted Index"
"3805","FXRTWI","Trade-weighted Index May 1970 = 100","AUS","AUS",1992-05-18,56.9,"D","Index","Indicative","RBA","Daily","Historical Daily Exchange Rates Of The Australian Dollar Against:","Australian Dollar Trade-weighted Index"
"3806","FXRTWI","Trade-weighted Index May 1970 = 100","AUS","AUS",1992-05-19,56.9,"D","Index","Indicative","RBA","Daily","Historical Daily Exchange Rates Of The Australian Dollar Against:","Australian Dollar Trade-weighted Index"
"3807","FXRTWI","Trade-weighted Index May 1970 = 100","AUS","AUS",1992-05-20,56.7,"D","Index","Indicative","RBA","Daily","Historical Daily Exchange Rates Of The Australian Dollar Against:","Australian Dollar Trade-weighted Index"
"3808","FXRTWI","Trade-weighted Index May 1970 = 100","AUS","AUS",1992-05-21,56.8,"D","Index","Indicative","RBA","Daily","Historical Daily Exchange Rates Of The Australian Dollar Against:","Australian Dollar Trade-weighted Index"
"3809","FXRTWI","Trade-weighted Index May 1970 = 100","AUS","AUS",1992-05-22,57,"D","Index","Indicative","RBA","Daily","Historical Daily Exchange Rates Of The Australian Dollar Against:","Australian Dollar Trade-weighted Index"
"3810","FXRTWI","Trade-weighted Index May 1970 = 100","AUS","AUS",1992-05-25,57,"D","Index","Indicative","RBA","Daily","Historical Daily Exchange Rates Of The Australian Dollar Against:","Australian Dollar Trade-weighted Index"
"3811","FXRTWI","Trade-weighted Index May 1970 = 100","AUS","AUS",1992-05-26,57,"D","Index","Indicative","RBA","Daily","Historical Daily Exchange Rates Of The Australian Dollar Against:","Australian Dollar Trade-weighted Index"
"3812","FXRTWI","Trade-weighted Index May 1970 = 100","AUS","AUS",1992-05-27,57.1,"D","Index","Indicative","RBA","Daily","Historical Daily Exchange Rates Of The Australian Dollar Against:","Australian Dollar Trade-weighted Index"
"3813","FXRTWI","Trade-weighted Index May 1970 = 100","AUS","AUS",1992-05-28,57.2,"D","Index","Indicative","RBA","Daily","Historical Daily Exchange Rates Of The Australian Dollar Against:","Australian Dollar Trade-weighted Index"
"3814","FXRTWI","Trade-weighted Index May 1970 = 100","AUS","AUS",1992-05-29,56.9,"D","Index","Indicative","RBA","Daily","Historical Daily Exchange Rates Of The Australian Dollar Against:","Australian Dollar Trade-weighted Index"
"3815","DLCACS","Credit; Total; Seasonally adjusted","AUS","AUS",1992-05-31,340.905,"M","$ billion","Seasonally Adjusted","RBA","Monthly","D2 Lending And Credit Aggregates","Credit; Total; Seasonally adjusted – Includes securitisations – For series breaks see Series Breaks"
"3816","FIRMMCRT","Cash Rate Target","AUS","AUS",1992-05-31,6.64285714285714,"M","Per cent","Original","RBA","Monthly","F1.1 Interest Rates And Yields - Money Market","Cash Rate Target; monthly average"
"3817","FXRTWI","Trade-weighted Index May 1970 = 100","AUS","AUS",1992-05-31,56.9,"M","Index","Indicative","RBA","Monthly","F11 Exchange Rates","Australian Dollar Trade-weighted Index"
"3818","GRCPAISDR","Commodity prices – SDR","AUS","AUS",1992-05-31,29.2222751236647,"M","Index, 2023/24=100","Original","RBA","Monthly","I2 Commodity Prices","Index of commodity prices; All items; SDR"
"3819","A2302956R","South Australia ; STATE FINAL DEMAND ;","SA","SA",1992-06-01,16150,"Q","$ Millions","Seasonally Adjusted",NA,"Quarterly","Table 25. State Final Demand, Summary Components by State: Chain volume measures",NA
"3820","A2302984X","Western Australia ; STATE FINAL DEMAND ;","WA","WA",1992-06-01,21039,"Q","$ Millions","Seasonally Adjusted",NA,"Quarterly","Table 25. State Final Demand, Summary Components by State: Chain volume measures",NA
"3821","A2303012X","Tasmania ; STATE FINAL DEMAND ;","TAS","TAS",1992-06-01,5243,"Q","$ Millions","Seasonally Adjusted",NA,"Quarterly","Table 25. State Final Demand, Summary Components by State: Chain volume measures",NA
"3822","A2303040J","Northern Territory ; STATE FINAL DEMAND ;","NT","NT",1992-06-01,2481,"Q","$ Millions","Seasonally Adjusted",NA,"Quarterly","Table 25. State Final Demand, Summary Components by State: Chain volume measures",NA
"3823","A2303068K","Australian Capital Territory ; STATE FINAL DEMAND ;","ACT","ACT",1992-06-01,5929,"Q","$ Millions","Seasonally Adjusted",NA,"Quarterly","Table 25. State Final Demand, Summary Components by State: Chain volume measures",NA
"3824","A2303111F","New South Wales ; STATE FINAL DEMAND ;","NSW","NSW",1992-06-01,75153,"Q","$ Millions","Seasonally Adjusted",NA,"Quarterly","Table 25. State Final Demand, Summary Components by State: Chain volume measures",NA
"3825","A2303139J","Victoria ; STATE FINAL DEMAND ;","VIC","VIC",1992-06-01,51022,"Q","$ Millions","Seasonally Adjusted",NA,"Quarterly","Table 25. State Final Demand, Summary Components by State: Chain volume measures",NA
"3826","A2303187A","Queensland ; STATE FINAL DEMAND ;","QLD","QLD",1992-06-01,35863,"Q","$ Millions","Seasonally Adjusted",NA,"Quarterly","Table 25. State Final Demand, Summary Components by State: Chain volume measures",NA
"3827","A2304418T","Gross domestic product: Current prices ;","AUS","AUS",1992-06-01,107165,"Q","$ Millions","Seasonally Adjusted",NA,"Quarterly","Table 1. Key National Accounts Aggregates",NA
"3828","A2325846C","Index Numbers ; All groups CPI ; Australia ;","AUS","AUS",1992-06-01,59.7,"Q","Index Numbers","Original",NA,"Quarterly","TABLES 1 and 2. CPI: All Groups, Index Numbers and Percentage Changes",NA
"3829","A2336320R","New South Wales ; Gross state product: Current prices ;","NSW","NSW",1992-06-01,157979,"Annual","$ Millions","Original",NA,"Annual","Table 1. Gross State Product, Chain volume measures and current prices",NA
"3830","A2336321T","Victoria ; Gross state product: Current prices ;","VIC","VIC",1992-06-01,104702,"Annual","$ Millions","Original",NA,"Annual","Table 1. Gross State Product, Chain volume measures and current prices",NA
"3831","A2336322V","Queensland ; Gross state product: Current prices ;","QLD","QLD",1992-06-01,64651,"Annual","$ Millions","Original",NA,"Annual","Table 1. Gross State Product, Chain volume measures and current prices",NA
"3832","A2336323W","South Australia ; Gross state product: Current prices ;","SA","SA",1992-06-01,32093,"Annual","$ Millions","Original",NA,"Annual","Table 1. Gross State Product, Chain volume measures and current prices",NA
"3833","A2336324X","Western Australia ; Gross state product: Current prices ;","WA","WA",1992-06-01,41685,"Annual","$ Millions","Original",NA,"Annual","Table 1. Gross State Product, Chain volume measures and current prices",NA
"3834","A2336325A","Tasmania ; Gross state product: Current prices ;","TAS","TAS",1992-06-01,9001,"Annual","$ Millions","Original",NA,"Annual","Table 1. Gross State Product, Chain volume measures and current prices",NA
"3835","A2336326C","Northern Territory ; Gross state product: Current prices ;","NT","NT",1992-06-01,4568,"Annual","$ Millions","Original",NA,"Annual","Table 1. Gross State Product, Chain volume measures and current prices",NA
"3836","A2336327F","Australian Capital Territory ; Gross state product: Current prices ;","ACT","ACT",1992-06-01,8601,"Annual","$ Millions","Original",NA,"Annual","Table 1. Gross State Product, Chain volume measures and current prices",NA
"3837","A2718577A","Credits, Total goods ;","AUS","AUS",1992-06-01,4788,"M","$ Millions","Seasonally Adjusted",NA,"Monthly","TABLE 1. GOODS, Summary: Seasonally adjusted and trend estimates, Current prices",NA
"3838","A2718594C","Balance on goods ;","AUS","AUS",1992-06-01,135,"M","$ Millions","Seasonally Adjusted",NA,"Monthly","TABLE 1. GOODS, Summary: Seasonally adjusted and trend estimates, Current prices",NA
"3839","FXRTWI","Trade-weighted Index May 1970 = 100","AUS","AUS",1992-06-01,56.6,"D","Index","Indicative","RBA","Daily","Historical Daily Exchange Rates Of The Australian Dollar Against:","Australian Dollar Trade-weighted Index"
"3840","FXRTWI","Trade-weighted Index May 1970 = 100","AUS","AUS",1992-06-02,56.8,"D","Index","Indicative","RBA","Daily","Historical Daily Exchange Rates Of The Australian Dollar Against:","Australian Dollar Trade-weighted Index"
"3841","FXRTWI","Trade-weighted Index May 1970 = 100","AUS","AUS",1992-06-03,56.8,"D","Index","Indicative","RBA","Daily","Historical Daily Exchange Rates Of The Australian Dollar Against:","Australian Dollar Trade-weighted Index"
"3842","FXRTWI","Trade-weighted Index May 1970 = 100","AUS","AUS",1992-06-04,57.1,"D","Index","Indicative","RBA","Daily","Historical Daily Exchange Rates Of The Australian Dollar Against:","Australian Dollar Trade-weighted Index"
"3843","FXRTWI","Trade-weighted Index May 1970 = 100","AUS","AUS",1992-06-05,57,"D","Index","Indicative","RBA","Daily","Historical Daily Exchange Rates Of The Australian Dollar Against:","Australian Dollar Trade-weighted Index"
"3844","FXRTWI","Trade-weighted Index May 1970 = 100","AUS","AUS",1992-06-09,57,"D","Index","Indicative","RBA","Daily","Historical Daily Exchange Rates Of The Australian Dollar Against:","Australian Dollar Trade-weighted Index"
"3845","FXRTWI","Trade-weighted Index May 1970 = 100","AUS","AUS",1992-06-10,56.9,"D","Index","Indicative","RBA","Daily","Historical Daily Exchange Rates Of The Australian Dollar Against:","Australian Dollar Trade-weighted Index"
"3846","FXRTWI","Trade-weighted Index May 1970 = 100","AUS","AUS",1992-06-11,56.8,"D","Index","Indicative","RBA","Daily","Historical Daily Exchange Rates Of The Australian Dollar Against:","Australian Dollar Trade-weighted Index"
"3847","FXRTWI","Trade-weighted Index May 1970 = 100","AUS","AUS",1992-06-12,56.6,"D","Index","Indicative","RBA","Daily","Historical Daily Exchange Rates Of The Australian Dollar Against:","Australian Dollar Trade-weighted Index"
"3848","FXRTWI","Trade-weighted Index May 1970 = 100","AUS","AUS",1992-06-15,56.2,"D","Index","Indicative","RBA","Daily","Historical Daily Exchange Rates Of The Australian Dollar Against:","Australian Dollar Trade-weighted Index"
"3849","FXRTWI","Trade-weighted Index May 1970 = 100","AUS","AUS",1992-06-16,56.1,"D","Index","Indicative","RBA","Daily","Historical Daily Exchange Rates Of The Australian Dollar Against:","Australian Dollar Trade-weighted Index"
"3850","FXRTWI","Trade-weighted Index May 1970 = 100","AUS","AUS",1992-06-17,56,"D","Index","Indicative","RBA","Daily","Historical Daily Exchange Rates Of The Australian Dollar Against:","Australian Dollar Trade-weighted Index"
"3851","FXRTWI","Trade-weighted Index May 1970 = 100","AUS","AUS",1992-06-18,56.1,"D","Index","Indicative","RBA","Daily","Historical Daily Exchange Rates Of The Australian Dollar Against:","Australian Dollar Trade-weighted Index"
"3852","FXRTWI","Trade-weighted Index May 1970 = 100","AUS","AUS",1992-06-19,56,"D","Index","Indicative","RBA","Daily","Historical Daily Exchange Rates Of The Australian Dollar Against:","Australian Dollar Trade-weighted Index"
"3853","FXRTWI","Trade-weighted Index May 1970 = 100","AUS","AUS",1992-06-22,55.9,"D","Index","Indicative","RBA","Daily","Historical Daily Exchange Rates Of The Australian Dollar Against:","Australian Dollar Trade-weighted Index"
"3854","FXRTWI","Trade-weighted Index May 1970 = 100","AUS","AUS",1992-06-23,55.9,"D","Index","Indicative","RBA","Daily","Historical Daily Exchange Rates Of The Australian Dollar Against:","Australian Dollar Trade-weighted Index"
"3855","FXRTWI","Trade-weighted Index May 1970 = 100","AUS","AUS",1992-06-24,55.8,"D","Index","Indicative","RBA","Daily","Historical Daily Exchange Rates Of The Australian Dollar Against:","Australian Dollar Trade-weighted Index"
"3856","FXRTWI","Trade-weighted Index May 1970 = 100","AUS","AUS",1992-06-25,55.7,"D","Index","Indicative","RBA","Daily","Historical Daily Exchange Rates Of The Australian Dollar Against:","Australian Dollar Trade-weighted Index"
"3857","FXRTWI","Trade-weighted Index May 1970 = 100","AUS","AUS",1992-06-26,55.2,"D","Index","Indicative","RBA","Daily","Historical Daily Exchange Rates Of The Australian Dollar Against:","Australian Dollar Trade-weighted Index"
"3858","FXRTWI","Trade-weighted Index May 1970 = 100","AUS","AUS",1992-06-29,55.2,"D","Index","Indicative","RBA","Daily","Historical Daily Exchange Rates Of The Australian Dollar Against:","Australian Dollar Trade-weighted Index"
"3859","DLCACS","Credit; Total; Seasonally adjusted","AUS","AUS",1992-06-30,341.548,"M","$ billion","Seasonally Adjusted","RBA","Monthly","D2 Lending And Credit Aggregates","Credit; Total; Seasonally adjusted – Includes securitisations – For series breaks see Series Breaks"
"3860","FIRMMCRT","Cash Rate Target","AUS","AUS",1992-06-30,6.5,"M","Per cent","Original","RBA","Monthly","F1.1 Interest Rates And Yields - Money Market","Cash Rate Target; monthly average"
"3861","FXRTWI","Trade-weighted Index May 1970 = 100","AUS","AUS",1992-06-30,55.2,"D","Index","Indicative","RBA","Daily","Historical Daily Exchange Rates Of The Australian Dollar Against:","Australian Dollar Trade-weighted Index"
"3862","FXRTWI","Trade-weighted Index May 1970 = 100","AUS","AUS",1992-06-30,55.2,"M","Index","Indicative","RBA","Monthly","F11 Exchange Rates","Australian Dollar Trade-weighted Index"
"3863","GCPIOCPMTMQP","Quarterly trimmed mean inflation","AUS","AUS",1992-06-30,0.5,"Q","Per cent","Seasonally Adjusted","ABS","Quarterly","G1 Consumer Price Inflation","Consumer price index; Trimmed mean; Quarterly change (in per cent)"
"3864","GRCPAISDR","Commodity prices – SDR","AUS","AUS",1992-06-30,28.8437127375574,"M","Index, 2023/24=100","Original","RBA","Monthly","I2 Commodity Prices","Index of commodity prices; All items; SDR"
"3865","A2718577A","Credits, Total goods ;","AUS","AUS",1992-07-01,4770,"M","$ Millions","Seasonally Adjusted",NA,"Monthly","TABLE 1. GOODS, Summary: Seasonally adjusted and trend estimates, Current prices",NA
"3866","A2718594C","Balance on goods ;","AUS","AUS",1992-07-01,1,"M","$ Millions","Seasonally Adjusted",NA,"Monthly","TABLE 1. GOODS, Summary: Seasonally adjusted and trend estimates, Current prices",NA
"3867","FXRTWI","Trade-weighted Index May 1970 = 100","AUS","AUS",1992-07-01,54.9,"D","Index","Indicative","RBA","Daily","Historical Daily Exchange Rates Of The Australian Dollar Against:","Australian Dollar Trade-weighted Index"
"3868","FXRTWI","Trade-weighted Index May 1970 = 100","AUS","AUS",1992-07-02,54.6,"D","Index","Indicative","RBA","Daily","Historical Daily Exchange Rates Of The Australian Dollar Against:","Australian Dollar Trade-weighted Index"
"3869","FXRTWI","Trade-weighted Index May 1970 = 100","AUS","AUS",1992-07-03,54.6,"D","Index","Indicative","RBA","Daily","Historical Daily Exchange Rates Of The Australian Dollar Against:","Australian Dollar Trade-weighted Index"
"3870","FXRTWI","Trade-weighted Index May 1970 = 100","AUS","AUS",1992-07-06,54.9,"D","Index","Indicative","RBA","Daily","Historical Daily Exchange Rates Of The Australian Dollar Against:","Australian Dollar Trade-weighted Index"
"3871","FXRTWI","Trade-weighted Index May 1970 = 100","AUS","AUS",1992-07-07,54.6,"D","Index","Indicative","RBA","Daily","Historical Daily Exchange Rates Of The Australian Dollar Against:","Australian Dollar Trade-weighted Index"
"3872","FXRTWI","Trade-weighted Index May 1970 = 100","AUS","AUS",1992-07-08,54.3,"D","Index","Indicative","RBA","Daily","Historical Daily Exchange Rates Of The Australian Dollar Against:","Australian Dollar Trade-weighted Index"
"3873","FXRTWI","Trade-weighted Index May 1970 = 100","AUS","AUS",1992-07-09,54.5,"D","Index","Indicative","RBA","Daily","Historical Daily Exchange Rates Of The Australian Dollar Against:","Australian Dollar Trade-weighted Index"
"3874","FXRTWI","Trade-weighted Index May 1970 = 100","AUS","AUS",1992-07-10,54.9,"D","Index","Indicative","RBA","Daily","Historical Daily Exchange Rates Of The Australian Dollar Against:","Australian Dollar Trade-weighted Index"
"3875","FXRTWI","Trade-weighted Index May 1970 = 100","AUS","AUS",1992-07-13,54.7,"D","Index","Indicative","RBA","Daily","Historical Daily Exchange Rates Of The Australian Dollar Against:","Australian Dollar Trade-weighted Index"
"3876","FXRTWI","Trade-weighted Index May 1970 = 100","AUS","AUS",1992-07-14,54.7,"D","Index","Indicative","RBA","Daily","Historical Daily Exchange Rates Of The Australian Dollar Against:","Australian Dollar Trade-weighted Index"
"3877","FXRTWI","Trade-weighted Index May 1970 = 100","AUS","AUS",1992-07-15,54.7,"D","Index","Indicative","RBA","Daily","Historical Daily Exchange Rates Of The Australian Dollar Against:","Australian Dollar Trade-weighted Index"
"3878","FXRTWI","Trade-weighted Index May 1970 = 100","AUS","AUS",1992-07-16,54.5,"D","Index","Indicative","RBA","Daily","Historical Daily Exchange Rates Of The Australian Dollar Against:","Australian Dollar Trade-weighted Index"
"3879","FXRTWI","Trade-weighted Index May 1970 = 100","AUS","AUS",1992-07-17,54.4,"D","Index","Indicative","RBA","Daily","Historical Daily Exchange Rates Of The Australian Dollar Against:","Australian Dollar Trade-weighted Index"
"3880","FXRTWI","Trade-weighted Index May 1970 = 100","AUS","AUS",1992-07-20,54.4,"D","Index","Indicative","RBA","Daily","Historical Daily Exchange Rates Of The Australian Dollar Against:","Australian Dollar Trade-weighted Index"
"3881","FXRTWI","Trade-weighted Index May 1970 = 100","AUS","AUS",1992-07-21,54.7,"D","Index","Indicative","RBA","Daily","Historical Daily Exchange Rates Of The Australian Dollar Against:","Australian Dollar Trade-weighted Index"
"3882","FXRTWI","Trade-weighted Index May 1970 = 100","AUS","AUS",1992-07-22,54.8,"D","Index","Indicative","RBA","Daily","Historical Daily Exchange Rates Of The Australian Dollar Against:","Australian Dollar Trade-weighted Index"
"3883","FXRTWI","Trade-weighted Index May 1970 = 100","AUS","AUS",1992-07-23,54.9,"D","Index","Indicative","RBA","Daily","Historical Daily Exchange Rates Of The Australian Dollar Against:","Australian Dollar Trade-weighted Index"
"3884","FXRTWI","Trade-weighted Index May 1970 = 100","AUS","AUS",1992-07-24,54.9,"D","Index","Indicative","RBA","Daily","Historical Daily Exchange Rates Of The Australian Dollar Against:","Australian Dollar Trade-weighted Index"
"3885","FXRTWI","Trade-weighted Index May 1970 = 100","AUS","AUS",1992-07-27,55,"D","Index","Indicative","RBA","Daily","Historical Daily Exchange Rates Of The Australian Dollar Against:","Australian Dollar Trade-weighted Index"
"3886","FXRTWI","Trade-weighted Index May 1970 = 100","AUS","AUS",1992-07-28,54.6,"D","Index","Indicative","RBA","Daily","Historical Daily Exchange Rates Of The Australian Dollar Against:","Australian Dollar Trade-weighted Index"
"3887","FXRTWI","Trade-weighted Index May 1970 = 100","AUS","AUS",1992-07-29,54.6,"D","Index","Indicative","RBA","Daily","Historical Daily Exchange Rates Of The Australian Dollar Against:","Australian Dollar Trade-weighted Index"
"3888","FXRTWI","Trade-weighted Index May 1970 = 100","AUS","AUS",1992-07-30,54.9,"D","Index","Indicative","RBA","Daily","Historical Daily Exchange Rates Of The Australian Dollar Against:","Australian Dollar Trade-weighted Index"
"3889","DLCACS","Credit; Total; Seasonally adjusted","AUS","AUS",1992-07-31,340.318,"M","$ billion","Seasonally Adjusted","RBA","Monthly","D2 Lending And Credit Aggregates","Credit; Total; Seasonally adjusted – Includes securitisations – For series breaks see Series Breaks"
"3890","FIRMMCRT","Cash Rate Target","AUS","AUS",1992-07-31,5.91304347826087,"M","Per cent","Original","RBA","Monthly","F1.1 Interest Rates And Yields - Money Market","Cash Rate Target; monthly average"
"3891","FXRTWI","Trade-weighted Index May 1970 = 100","AUS","AUS",1992-07-31,54.7,"D","Index","Indicative","RBA","Daily","Historical Daily Exchange Rates Of The Australian Dollar Against:","Australian Dollar Trade-weighted Index"
"3892","FXRTWI","Trade-weighted Index May 1970 = 100","AUS","AUS",1992-07-31,54.7,"M","Index","Indicative","RBA","Monthly","F11 Exchange Rates","Australian Dollar Trade-weighted Index"
"3893","GRCPAISDR","Commodity prices – SDR","AUS","AUS",1992-07-31,28.2191989206163,"M","Index, 2023/24=100","Original","RBA","Monthly","I2 Commodity Prices","Index of commodity prices; All items; SDR"
"3894","A2718577A","Credits, Total goods ;","AUS","AUS",1992-08-01,4806,"M","$ Millions","Seasonally Adjusted",NA,"Monthly","TABLE 1. GOODS, Summary: Seasonally adjusted and trend estimates, Current prices",NA
"3895","A2718594C","Balance on goods ;","AUS","AUS",1992-08-01,242,"M","$ Millions","Seasonally Adjusted",NA,"Monthly","TABLE 1. GOODS, Summary: Seasonally adjusted and trend estimates, Current prices",NA
"3896","FXRTWI","Trade-weighted Index May 1970 = 100","AUS","AUS",1992-08-03,54.6,"D","Index","Indicative","RBA","Daily","Historical Daily Exchange Rates Of The Australian Dollar Against:","Australian Dollar Trade-weighted Index"
"3897","FXRTWI","Trade-weighted Index May 1970 = 100","AUS","AUS",1992-08-04,54.6,"D","Index","Indicative","RBA","Daily","Historical Daily Exchange Rates Of The Australian Dollar Against:","Australian Dollar Trade-weighted Index"
"3898","FXRTWI","Trade-weighted Index May 1970 = 100","AUS","AUS",1992-08-05,54.5,"D","Index","Indicative","RBA","Daily","Historical Daily Exchange Rates Of The Australian Dollar Against:","Australian Dollar Trade-weighted Index"
"3899","FXRTWI","Trade-weighted Index May 1970 = 100","AUS","AUS",1992-08-06,54.3,"D","Index","Indicative","RBA","Daily","Historical Daily Exchange Rates Of The Australian Dollar Against:","Australian Dollar Trade-weighted Index"
"3900","FXRTWI","Trade-weighted Index May 1970 = 100","AUS","AUS",1992-08-07,54.4,"D","Index","Indicative","RBA","Daily","Historical Daily Exchange Rates Of The Australian Dollar Against:","Australian Dollar Trade-weighted Index"
"3901","FXRTWI","Trade-weighted Index May 1970 = 100","AUS","AUS",1992-08-10,54.3,"D","Index","Indicative","RBA","Daily","Historical Daily Exchange Rates Of The Australian Dollar Against:","Australian Dollar Trade-weighted Index"
"3902","FXRTWI","Trade-weighted Index May 1970 = 100","AUS","AUS",1992-08-11,53.9,"D","Index","Indicative","RBA","Daily","Historical Daily Exchange Rates Of The Australian Dollar Against:","Australian Dollar Trade-weighted Index"
"3903","FXRTWI","Trade-weighted Index May 1970 = 100","AUS","AUS",1992-08-12,53.5,"D","Index","Indicative","RBA","Daily","Historical Daily Exchange Rates Of The Australian Dollar Against:","Australian Dollar Trade-weighted Index"
"3904","FXRTWI","Trade-weighted Index May 1970 = 100","AUS","AUS",1992-08-13,52.9,"D","Index","Indicative","RBA","Daily","Historical Daily Exchange Rates Of The Australian Dollar Against:","Australian Dollar Trade-weighted Index"
"3905","FXRTWI","Trade-weighted Index May 1970 = 100","AUS","AUS",1992-08-14,52.7,"D","Index","Indicative","RBA","Daily","Historical Daily Exchange Rates Of The Australian Dollar Against:","Australian Dollar Trade-weighted Index"
"3906","FXRTWI","Trade-weighted Index May 1970 = 100","AUS","AUS",1992-08-17,53.1,"D","Index","Indicative","RBA","Daily","Historical Daily Exchange Rates Of The Australian Dollar Against:","Australian Dollar Trade-weighted Index"
"3907","FXRTWI","Trade-weighted Index May 1970 = 100","AUS","AUS",1992-08-18,53,"D","Index","Indicative","RBA","Daily","Historical Daily Exchange Rates Of The Australian Dollar Against:","Australian Dollar Trade-weighted Index"
"3908","FXRTWI","Trade-weighted Index May 1970 = 100","AUS","AUS",1992-08-19,53.2,"D","Index","Indicative","RBA","Daily","Historical Daily Exchange Rates Of The Australian Dollar Against:","Australian Dollar Trade-weighted Index"
"3909","FXRTWI","Trade-weighted Index May 1970 = 100","AUS","AUS",1992-08-20,53,"D","Index","Indicative","RBA","Daily","Historical Daily Exchange Rates Of The Australian Dollar Against:","Australian Dollar Trade-weighted Index"
"3910","FXRTWI","Trade-weighted Index May 1970 = 100","AUS","AUS",1992-08-21,52.9,"D","Index","Indicative","RBA","Daily","Historical Daily Exchange Rates Of The Australian Dollar Against:","Australian Dollar Trade-weighted Index"
"3911","FXRTWI","Trade-weighted Index May 1970 = 100","AUS","AUS",1992-08-24,51.8,"D","Index","Indicative","RBA","Daily","Historical Daily Exchange Rates Of The Australian Dollar Against:","Australian Dollar Trade-weighted Index"
"3912","FXRTWI","Trade-weighted Index May 1970 = 100","AUS","AUS",1992-08-25,51.9,"D","Index","Indicative","RBA","Daily","Historical Daily Exchange Rates Of The Australian Dollar Against:","Australian Dollar Trade-weighted Index"
"3913","FXRTWI","Trade-weighted Index May 1970 = 100","AUS","AUS",1992-08-26,51.9,"D","Index","Indicative","RBA","Daily","Historical Daily Exchange Rates Of The Australian Dollar Against:","Australian Dollar Trade-weighted Index"
"3914","FXRTWI","Trade-weighted Index May 1970 = 100","AUS","AUS",1992-08-27,51.9,"D","Index","Indicative","RBA","Daily","Historical Daily Exchange Rates Of The Australian Dollar Against:","Australian Dollar Trade-weighted Index"
"3915","FXRTWI","Trade-weighted Index May 1970 = 100","AUS","AUS",1992-08-28,52,"D","Index","Indicative","RBA","Daily","Historical Daily Exchange Rates Of The Australian Dollar Against:","Australian Dollar Trade-weighted Index"
"3916","DLCACS","Credit; Total; Seasonally adjusted","AUS","AUS",1992-08-31,340.986,"M","$ billion","Seasonally Adjusted","RBA","Monthly","D2 Lending And Credit Aggregates","Credit; Total; Seasonally adjusted – Includes securitisations – For series breaks see Series Breaks"
"3917","FIRMMCRT","Cash Rate Target","AUS","AUS",1992-08-31,5.75,"M","Per cent","Original","RBA","Monthly","F1.1 Interest Rates And Yields - Money Market","Cash Rate Target; monthly average"
"3918","FXRTWI","Trade-weighted Index May 1970 = 100","AUS","AUS",1992-08-31,51.6,"D","Index","Indicative","RBA","Daily","Historical Daily Exchange Rates Of The Australian Dollar Against:","Australian Dollar Trade-weighted Index"
"3919","FXRTWI","Trade-weighted Index May 1970 = 100","AUS","AUS",1992-08-31,51.6,"M","Index","Indicative","RBA","Monthly","F11 Exchange Rates","Australian Dollar Trade-weighted Index"
"3920","GRCPAISDR","Commodity prices – SDR","AUS","AUS",1992-08-31,27.6282262293129,"M","Index, 2023/24=100","Original","RBA","Monthly","I2 Commodity Prices","Index of commodity prices; All items; SDR"
"3921","A2302956R","South Australia ; STATE FINAL DEMAND ;","SA","SA",1992-09-01,16060,"Q","$ Millions","Seasonally Adjusted",NA,"Quarterly","Table 25. State Final Demand, Summary Components by State: Chain volume measures",NA
"3922","A2302984X","Western Australia ; STATE FINAL DEMAND ;","WA","WA",1992-09-01,22003,"Q","$ Millions","Seasonally Adjusted",NA,"Quarterly","Table 25. State Final Demand, Summary Components by State: Chain volume measures",NA
"3923","A2303012X","Tasmania ; STATE FINAL DEMAND ;","TAS","TAS",1992-09-01,5325,"Q","$ Millions","Seasonally Adjusted",NA,"Quarterly","Table 25. State Final Demand, Summary Components by State: Chain volume measures",NA
"3924","A2303040J","Northern Territory ; STATE FINAL DEMAND ;","NT","NT",1992-09-01,2658,"Q","$ Millions","Seasonally Adjusted",NA,"Quarterly","Table 25. State Final Demand, Summary Components by State: Chain volume measures",NA
"3925","A2303068K","Australian Capital Territory ; STATE FINAL DEMAND ;","ACT","ACT",1992-09-01,5890,"Q","$ Millions","Seasonally Adjusted",NA,"Quarterly","Table 25. State Final Demand, Summary Components by State: Chain volume measures",NA
"3926","A2303111F","New South Wales ; STATE FINAL DEMAND ;","NSW","NSW",1992-09-01,76072,"Q","$ Millions","Seasonally Adjusted",NA,"Quarterly","Table 25. State Final Demand, Summary Components by State: Chain volume measures",NA
"3927","A2303139J","Victoria ; STATE FINAL DEMAND ;","VIC","VIC",1992-09-01,50726,"Q","$ Millions","Seasonally Adjusted",NA,"Quarterly","Table 25. State Final Demand, Summary Components by State: Chain volume measures",NA
"3928","A2303187A","Queensland ; STATE FINAL DEMAND ;","QLD","QLD",1992-09-01,36635,"Q","$ Millions","Seasonally Adjusted",NA,"Quarterly","Table 25. State Final Demand, Summary Components by State: Chain volume measures",NA
"3929","A2304418T","Gross domestic product: Current prices ;","AUS","AUS",1992-09-01,108192,"Q","$ Millions","Seasonally Adjusted",NA,"Quarterly","Table 1. Key National Accounts Aggregates",NA
"3930","A2325846C","Index Numbers ; All groups CPI ; Australia ;","AUS","AUS",1992-09-01,59.8,"Q","Index Numbers","Original",NA,"Quarterly","TABLES 1 and 2. CPI: All Groups, Index Numbers and Percentage Changes",NA
"3931","A2718577A","Credits, Total goods ;","AUS","AUS",1992-09-01,5216,"M","$ Millions","Seasonally Adjusted",NA,"Monthly","TABLE 1. GOODS, Summary: Seasonally adjusted and trend estimates, Current prices",NA
"3932","A2718594C","Balance on goods ;","AUS","AUS",1992-09-01,163,"M","$ Millions","Seasonally Adjusted",NA,"Monthly","TABLE 1. GOODS, Summary: Seasonally adjusted and trend estimates, Current prices",NA
"3933","FXRTWI","Trade-weighted Index May 1970 = 100","AUS","AUS",1992-09-01,51.8,"D","Index","Indicative","RBA","Daily","Historical Daily Exchange Rates Of The Australian Dollar Against:","Australian Dollar Trade-weighted Index"
"3934","FXRTWI","Trade-weighted Index May 1970 = 100","AUS","AUS",1992-09-02,51.9,"D","Index","Indicative","RBA","Daily","Historical Daily Exchange Rates Of The Australian Dollar Against:","Australian Dollar Trade-weighted Index"
"3935","FXRTWI","Trade-weighted Index May 1970 = 100","AUS","AUS",1992-09-03,52,"D","Index","Indicative","RBA","Daily","Historical Daily Exchange Rates Of The Australian Dollar Against:","Australian Dollar Trade-weighted Index"
"3936","FXRTWI","Trade-weighted Index May 1970 = 100","AUS","AUS",1992-09-04,52.4,"D","Index","Indicative","RBA","Daily","Historical Daily Exchange Rates Of The Australian Dollar Against:","Australian Dollar Trade-weighted Index"
"3937","FXRTWI","Trade-weighted Index May 1970 = 100","AUS","AUS",1992-09-07,51.9,"D","Index","Indicative","RBA","Daily","Historical Daily Exchange Rates Of The Australian Dollar Against:","Australian Dollar Trade-weighted Index"
"3938","FXRTWI","Trade-weighted Index May 1970 = 100","AUS","AUS",1992-09-08,51.6,"D","Index","Indicative","RBA","Daily","Historical Daily Exchange Rates Of The Australian Dollar Against:","Australian Dollar Trade-weighted Index"
"3939","FXRTWI","Trade-weighted Index May 1970 = 100","AUS","AUS",1992-09-09,51.6,"D","Index","Indicative","RBA","Daily","Historical Daily Exchange Rates Of The Australian Dollar Against:","Australian Dollar Trade-weighted Index"
"3940","FXRTWI","Trade-weighted Index May 1970 = 100","AUS","AUS",1992-09-10,52.2,"D","Index","Indicative","RBA","Daily","Historical Daily Exchange Rates Of The Australian Dollar Against:","Australian Dollar Trade-weighted Index"
"3941","FXRTWI","Trade-weighted Index May 1970 = 100","AUS","AUS",1992-09-11,52.7,"D","Index","Indicative","RBA","Daily","Historical Daily Exchange Rates Of The Australian Dollar Against:","Australian Dollar Trade-weighted Index"
"3942","FXRTWI","Trade-weighted Index May 1970 = 100","AUS","AUS",1992-09-14,53.9,"D","Index","Indicative","RBA","Daily","Historical Daily Exchange Rates Of The Australian Dollar Against:","Australian Dollar Trade-weighted Index"
"3943","FXRTWI","Trade-weighted Index May 1970 = 100","AUS","AUS",1992-09-15,53.4,"D","Index","Indicative","RBA","Daily","Historical Daily Exchange Rates Of The Australian Dollar Against:","Australian Dollar Trade-weighted Index"
"3944","FXRTWI","Trade-weighted Index May 1970 = 100","AUS","AUS",1992-09-16,53.9,"D","Index","Indicative","RBA","Daily","Historical Daily Exchange Rates Of The Australian Dollar Against:","Australian Dollar Trade-weighted Index"
"3945","FXRTWI","Trade-weighted Index May 1970 = 100","AUS","AUS",1992-09-17,54.1,"D","Index","Indicative","RBA","Daily","Historical Daily Exchange Rates Of The Australian Dollar Against:","Australian Dollar Trade-weighted Index"
"3946","FXRTWI","Trade-weighted Index May 1970 = 100","AUS","AUS",1992-09-18,53.7,"D","Index","Indicative","RBA","Daily","Historical Daily Exchange Rates Of The Australian Dollar Against:","Australian Dollar Trade-weighted Index"
"3947","FXRTWI","Trade-weighted Index May 1970 = 100","AUS","AUS",1992-09-21,53.7,"D","Index","Indicative","RBA","Daily","Historical Daily Exchange Rates Of The Australian Dollar Against:","Australian Dollar Trade-weighted Index"
"3948","FXRTWI","Trade-weighted Index May 1970 = 100","AUS","AUS",1992-09-22,53.3,"D","Index","Indicative","RBA","Daily","Historical Daily Exchange Rates Of The Australian Dollar Against:","Australian Dollar Trade-weighted Index"
"3949","FXRTWI","Trade-weighted Index May 1970 = 100","AUS","AUS",1992-09-23,53.2,"D","Index","Indicative","RBA","Daily","Historical Daily Exchange Rates Of The Australian Dollar Against:","Australian Dollar Trade-weighted Index"
"3950","FXRTWI","Trade-weighted Index May 1970 = 100","AUS","AUS",1992-09-24,53,"D","Index","Indicative","RBA","Daily","Historical Daily Exchange Rates Of The Australian Dollar Against:","Australian Dollar Trade-weighted Index"
"3951","FXRTWI","Trade-weighted Index May 1970 = 100","AUS","AUS",1992-09-25,53.1,"D","Index","Indicative","RBA","Daily","Historical Daily Exchange Rates Of The Australian Dollar Against:","Australian Dollar Trade-weighted Index"
"3952","FXRTWI","Trade-weighted Index May 1970 = 100","AUS","AUS",1992-09-28,52.8,"D","Index","Indicative","RBA","Daily","Historical Daily Exchange Rates Of The Australian Dollar Against:","Australian Dollar Trade-weighted Index"
"3953","FXRTWI","Trade-weighted Index May 1970 = 100","AUS","AUS",1992-09-29,52.1,"D","Index","Indicative","RBA","Daily","Historical Daily Exchange Rates Of The Australian Dollar Against:","Australian Dollar Trade-weighted Index"
"3954","DLCACS","Credit; Total; Seasonally adjusted","AUS","AUS",1992-09-30,342.328,"M","$ billion","Seasonally Adjusted","RBA","Monthly","D2 Lending And Credit Aggregates","Credit; Total; Seasonally adjusted – Includes securitisations – For series breaks see Series Breaks"
"3955","FIRMMCRT","Cash Rate Target","AUS","AUS",1992-09-30,5.75,"M","Per cent","Original","RBA","Monthly","F1.1 Interest Rates And Yields - Money Market","Cash Rate Target; monthly average"
"3956","FXRTWI","Trade-weighted Index May 1970 = 100","AUS","AUS",1992-09-30,51.7,"D","Index","Indicative","RBA","Daily","Historical Daily Exchange Rates Of The Australian Dollar Against:","Australian Dollar Trade-weighted Index"
"3957","FXRTWI","Trade-weighted Index May 1970 = 100","AUS","AUS",1992-09-30,51.7,"M","Index","Indicative","RBA","Monthly","F11 Exchange Rates","Australian Dollar Trade-weighted Index"
"3958","GCPIOCPMTMQP","Quarterly trimmed mean inflation","AUS","AUS",1992-09-30,0.5,"Q","Per cent","Seasonally Adjusted","ABS","Quarterly","G1 Consumer Price Inflation","Consumer price index; Trimmed mean; Quarterly change (in per cent)"
"3959","GRCPAISDR","Commodity prices – SDR","AUS","AUS",1992-09-30,27.5909273638756,"M","Index, 2023/24=100","Original","RBA","Monthly","I2 Commodity Prices","Index of commodity prices; All items; SDR"
"3960","A2718577A","Credits, Total goods ;","AUS","AUS",1992-10-01,5037,"M","$ Millions","Seasonally Adjusted",NA,"Monthly","TABLE 1. GOODS, Summary: Seasonally adjusted and trend estimates, Current prices",NA
"3961","A2718594C","Balance on goods ;","AUS","AUS",1992-10-01,-8,"M","$ Millions","Seasonally Adjusted",NA,"Monthly","TABLE 1. GOODS, Summary: Seasonally adjusted and trend estimates, Current prices",NA
"3962","FXRTWI","Trade-weighted Index May 1970 = 100","AUS","AUS",1992-10-01,51.9,"D","Index","Indicative","RBA","Daily","Historical Daily Exchange Rates Of The Australian Dollar Against:","Australian Dollar Trade-weighted Index"
"3963","FXRTWI","Trade-weighted Index May 1970 = 100","AUS","AUS",1992-10-02,52,"D","Index","Indicative","RBA","Daily","Historical Daily Exchange Rates Of The Australian Dollar Against:","Australian Dollar Trade-weighted Index"
"3964","FXRTWI","Trade-weighted Index May 1970 = 100","AUS","AUS",1992-10-05,52.1,"D","Index","Indicative","RBA","Daily","Historical Daily Exchange Rates Of The Australian Dollar Against:","Australian Dollar Trade-weighted Index"
"3965","FXRTWI","Trade-weighted Index May 1970 = 100","AUS","AUS",1992-10-06,52.6,"D","Index","Indicative","RBA","Daily","Historical Daily Exchange Rates Of The Australian Dollar Against:","Australian Dollar Trade-weighted Index"
"3966","FXRTWI","Trade-weighted Index May 1970 = 100","AUS","AUS",1992-10-07,52.3,"D","Index","Indicative","RBA","Daily","Historical Daily Exchange Rates Of The Australian Dollar Against:","Australian Dollar Trade-weighted Index"
"3967","FXRTWI","Trade-weighted Index May 1970 = 100","AUS","AUS",1992-10-08,52.8,"D","Index","Indicative","RBA","Daily","Historical Daily Exchange Rates Of The Australian Dollar Against:","Australian Dollar Trade-weighted Index"
"3968","FXRTWI","Trade-weighted Index May 1970 = 100","AUS","AUS",1992-10-09,52.8,"D","Index","Indicative","RBA","Daily","Historical Daily Exchange Rates Of The Australian Dollar Against:","Australian Dollar Trade-weighted Index"
"3969","FXRTWI","Trade-weighted Index May 1970 = 100","AUS","AUS",1992-10-12,52.7,"D","Index","Indicative","RBA","Daily","Historical Daily Exchange Rates Of The Australian Dollar Against:","Australian Dollar Trade-weighted Index"
"3970","FXRTWI","Trade-weighted Index May 1970 = 100","AUS","AUS",1992-10-13,53.2,"D","Index","Indicative","RBA","Daily","Historical Daily Exchange Rates Of The Australian Dollar Against:","Australian Dollar Trade-weighted Index"
"3971","FXRTWI","Trade-weighted Index May 1970 = 100","AUS","AUS",1992-10-14,53,"D","Index","Indicative","RBA","Daily","Historical Daily Exchange Rates Of The Australian Dollar Against:","Australian Dollar Trade-weighted Index"
"3972","FXRTWI","Trade-weighted Index May 1970 = 100","AUS","AUS",1992-10-15,52.9,"D","Index","Indicative","RBA","Daily","Historical Daily Exchange Rates Of The Australian Dollar Against:","Australian Dollar Trade-weighted Index"
"3973","FXRTWI","Trade-weighted Index May 1970 = 100","AUS","AUS",1992-10-16,53,"D","Index","Indicative","RBA","Daily","Historical Daily Exchange Rates Of The Australian Dollar Against:","Australian Dollar Trade-weighted Index"
"3974","FXRTWI","Trade-weighted Index May 1970 = 100","AUS","AUS",1992-10-19,52.9,"D","Index","Indicative","RBA","Daily","Historical Daily Exchange Rates Of The Australian Dollar Against:","Australian Dollar Trade-weighted Index"
"3975","FXRTWI","Trade-weighted Index May 1970 = 100","AUS","AUS",1992-10-20,52.9,"D","Index","Indicative","RBA","Daily","Historical Daily Exchange Rates Of The Australian Dollar Against:","Australian Dollar Trade-weighted Index"
"3976","FXRTWI","Trade-weighted Index May 1970 = 100","AUS","AUS",1992-10-21,53.1,"D","Index","Indicative","RBA","Daily","Historical Daily Exchange Rates Of The Australian Dollar Against:","Australian Dollar Trade-weighted Index"
"3977","FXRTWI","Trade-weighted Index May 1970 = 100","AUS","AUS",1992-10-22,53.3,"D","Index","Indicative","RBA","Daily","Historical Daily Exchange Rates Of The Australian Dollar Against:","Australian Dollar Trade-weighted Index"
"3978","FXRTWI","Trade-weighted Index May 1970 = 100","AUS","AUS",1992-10-23,53.1,"D","Index","Indicative","RBA","Daily","Historical Daily Exchange Rates Of The Australian Dollar Against:","Australian Dollar Trade-weighted Index"
"3979","FXRTWI","Trade-weighted Index May 1970 = 100","AUS","AUS",1992-10-26,53.2,"D","Index","Indicative","RBA","Daily","Historical Daily Exchange Rates Of The Australian Dollar Against:","Australian Dollar Trade-weighted Index"
"3980","FXRTWI","Trade-weighted Index May 1970 = 100","AUS","AUS",1992-10-27,53,"D","Index","Indicative","RBA","Daily","Historical Daily Exchange Rates Of The Australian Dollar Against:","Australian Dollar Trade-weighted Index"
"3981","FXRTWI","Trade-weighted Index May 1970 = 100","AUS","AUS",1992-10-28,52.2,"D","Index","Indicative","RBA","Daily","Historical Daily Exchange Rates Of The Australian Dollar Against:","Australian Dollar Trade-weighted Index"
"3982","FXRTWI","Trade-weighted Index May 1970 = 100","AUS","AUS",1992-10-29,52,"D","Index","Indicative","RBA","Daily","Historical Daily Exchange Rates Of The Australian Dollar Against:","Australian Dollar Trade-weighted Index"
"3983","FXRTWI","Trade-weighted Index May 1970 = 100","AUS","AUS",1992-10-30,51.9,"D","Index","Indicative","RBA","Daily","Historical Daily Exchange Rates Of The Australian Dollar Against:","Australian Dollar Trade-weighted Index"
"3984","DLCACS","Credit; Total; Seasonally adjusted","AUS","AUS",1992-10-31,342.461,"M","$ billion","Seasonally Adjusted","RBA","Monthly","D2 Lending And Credit Aggregates","Credit; Total; Seasonally adjusted – Includes securitisations – For series breaks see Series Breaks"
"3985","FIRMMCRT","Cash Rate Target","AUS","AUS",1992-10-31,5.75,"M","Per cent","Original","RBA","Monthly","F1.1 Interest Rates And Yields - Money Market","Cash Rate Target; monthly average"
"3986","FXRTWI","Trade-weighted Index May 1970 = 100","AUS","AUS",1992-10-31,51.9,"M","Index","Indicative","RBA","Monthly","F11 Exchange Rates","Australian Dollar Trade-weighted Index"
"3987","GRCPAISDR","Commodity prices – SDR","AUS","AUS",1992-10-31,27.5606565993208,"M","Index, 2023/24=100","Original","RBA","Monthly","I2 Commodity Prices","Index of commodity prices; All items; SDR"
"3988","A2718577A","Credits, Total goods ;","AUS","AUS",1992-11-01,5189,"M","$ Millions","Seasonally Adjusted",NA,"Monthly","TABLE 1. GOODS, Summary: Seasonally adjusted and trend estimates, Current prices",NA
"3989","A2718594C","Balance on goods ;","AUS","AUS",1992-11-01,-8,"M","$ Millions","Seasonally Adjusted",NA,"Monthly","TABLE 1. GOODS, Summary: Seasonally adjusted and trend estimates, Current prices",NA
"3990","FXRTWI","Trade-weighted Index May 1970 = 100","AUS","AUS",1992-11-02,51.7,"D","Index","Indicative","RBA","Daily","Historical Daily Exchange Rates Of The Australian Dollar Against:","Australian Dollar Trade-weighted Index"
"3991","FXRTWI","Trade-weighted Index May 1970 = 100","AUS","AUS",1992-11-03,52,"D","Index","Indicative","RBA","Daily","Historical Daily Exchange Rates Of The Australian Dollar Against:","Australian Dollar Trade-weighted Index"
"3992","FXRTWI","Trade-weighted Index May 1970 = 100","AUS","AUS",1992-11-04,52,"D","Index","Indicative","RBA","Daily","Historical Daily Exchange Rates Of The Australian Dollar Against:","Australian Dollar Trade-weighted Index"
"3993","FXRTWI","Trade-weighted Index May 1970 = 100","AUS","AUS",1992-11-05,52.2,"D","Index","Indicative","RBA","Daily","Historical Daily Exchange Rates Of The Australian Dollar Against:","Australian Dollar Trade-weighted Index"
"3994","FXRTWI","Trade-weighted Index May 1970 = 100","AUS","AUS",1992-11-06,52.2,"D","Index","Indicative","RBA","Daily","Historical Daily Exchange Rates Of The Australian Dollar Against:","Australian Dollar Trade-weighted Index"
"3995","FXRTWI","Trade-weighted Index May 1970 = 100","AUS","AUS",1992-11-09,52.6,"D","Index","Indicative","RBA","Daily","Historical Daily Exchange Rates Of The Australian Dollar Against:","Australian Dollar Trade-weighted Index"
"3996","FXRTWI","Trade-weighted Index May 1970 = 100","AUS","AUS",1992-11-10,52.1,"D","Index","Indicative","RBA","Daily","Historical Daily Exchange Rates Of The Australian Dollar Against:","Australian Dollar Trade-weighted Index"
"3997","FXRTWI","Trade-weighted Index May 1970 = 100","AUS","AUS",1992-11-11,52.3,"D","Index","Indicative","RBA","Daily","Historical Daily Exchange Rates Of The Australian Dollar Against:","Australian Dollar Trade-weighted Index"
"3998","FXRTWI","Trade-weighted Index May 1970 = 100","AUS","AUS",1992-11-12,52.2,"D","Index","Indicative","RBA","Daily","Historical Daily Exchange Rates Of The Australian Dollar Against:","Australian Dollar Trade-weighted Index"
"3999","FXRTWI","Trade-weighted Index May 1970 = 100","AUS","AUS",1992-11-13,52.1,"D","Index","Indicative","RBA","Daily","Historical Daily Exchange Rates Of The Australian Dollar Against:","Australian Dollar Trade-weighted Index"
"4000","FXRTWI","Trade-weighted Index May 1970 = 100","AUS","AUS",1992-11-16,52.2,"D","Index","Indicative","RBA","Daily","Historical Daily Exchange Rates Of The Australian Dollar Against:","Australian Dollar Trade-weighted Index"
"4001","FXRTWI","Trade-weighted Index May 1970 = 100","AUS","AUS",1992-11-17,51.8,"D","Index","Indicative","RBA","Daily","Historical Daily Exchange Rates Of The Australian Dollar Against:","Australian Dollar Trade-weighted Index"
"4002","FXRTWI","Trade-weighted Index May 1970 = 100","AUS","AUS",1992-11-18,51.8,"D","Index","Indicative","RBA","Daily","Historical Daily Exchange Rates Of The Australian Dollar Against:","Australian Dollar Trade-weighted Index"
"4003","FXRTWI","Trade-weighted Index May 1970 = 100","AUS","AUS",1992-11-19,51.7,"D","Index","Indicative","RBA","Daily","Historical Daily Exchange Rates Of The Australian Dollar Against:","Australian Dollar Trade-weighted Index"
"4004","FXRTWI","Trade-weighted Index May 1970 = 100","AUS","AUS",1992-11-20,51.6,"D","Index","Indicative","RBA","Daily","Historical Daily Exchange Rates Of The Australian Dollar Against:","Australian Dollar Trade-weighted Index"
"4005","FXRTWI","Trade-weighted Index May 1970 = 100","AUS","AUS",1992-11-23,52.1,"D","Index","Indicative","RBA","Daily","Historical Daily Exchange Rates Of The Australian Dollar Against:","Australian Dollar Trade-weighted Index"
"4006","FXRTWI","Trade-weighted Index May 1970 = 100","AUS","AUS",1992-11-24,51.9,"D","Index","Indicative","RBA","Daily","Historical Daily Exchange Rates Of The Australian Dollar Against:","Australian Dollar Trade-weighted Index"
"4007","FXRTWI","Trade-weighted Index May 1970 = 100","AUS","AUS",1992-11-25,52.1,"D","Index","Indicative","RBA","Daily","Historical Daily Exchange Rates Of The Australian Dollar Against:","Australian Dollar Trade-weighted Index"
"4008","FXRTWI","Trade-weighted Index May 1970 = 100","AUS","AUS",1992-11-26,52,"D","Index","Indicative","RBA","Daily","Historical Daily Exchange Rates Of The Australian Dollar Against:","Australian Dollar Trade-weighted Index"
"4009","FXRTWI","Trade-weighted Index May 1970 = 100","AUS","AUS",1992-11-27,52.1,"D","Index","Indicative","RBA","Daily","Historical Daily Exchange Rates Of The Australian Dollar Against:","Australian Dollar Trade-weighted Index"
"4010","DLCACS","Credit; Total; Seasonally adjusted","AUS","AUS",1992-11-30,342.422,"M","$ billion","Seasonally Adjusted","RBA","Monthly","D2 Lending And Credit Aggregates","Credit; Total; Seasonally adjusted – Includes securitisations – For series breaks see Series Breaks"
"4011","FIRMMCRT","Cash Rate Target","AUS","AUS",1992-11-30,5.75,"M","Per cent","Original","RBA","Monthly","F1.1 Interest Rates And Yields - Money Market","Cash Rate Target; monthly average"
"4012","FXRTWI","Trade-weighted Index May 1970 = 100","AUS","AUS",1992-11-30,51.8,"D","Index","Indicative","RBA","Daily","Historical Daily Exchange Rates Of The Australian Dollar Against:","Australian Dollar Trade-weighted Index"
"4013","FXRTWI","Trade-weighted Index May 1970 = 100","AUS","AUS",1992-11-30,51.8,"M","Index","Indicative","RBA","Monthly","F11 Exchange Rates","Australian Dollar Trade-weighted Index"
"4014","GRCPAISDR","Commodity prices – SDR","AUS","AUS",1992-11-30,27.7585744346738,"M","Index, 2023/24=100","Original","RBA","Monthly","I2 Commodity Prices","Index of commodity prices; All items; SDR"
"4015","A2302956R","South Australia ; STATE FINAL DEMAND ;","SA","SA",1992-12-01,16136,"Q","$ Millions","Seasonally Adjusted",NA,"Quarterly","Table 25. State Final Demand, Summary Components by State: Chain volume measures",NA
"4016","A2302984X","Western Australia ; STATE FINAL DEMAND ;","WA","WA",1992-12-01,22672,"Q","$ Millions","Seasonally Adjusted",NA,"Quarterly","Table 25. State Final Demand, Summary Components by State: Chain volume measures",NA
"4017","A2303012X","Tasmania ; STATE FINAL DEMAND ;","TAS","TAS",1992-12-01,5407,"Q","$ Millions","Seasonally Adjusted",NA,"Quarterly","Table 25. State Final Demand, Summary Components by State: Chain volume measures",NA
"4018","A2303040J","Northern Territory ; STATE FINAL DEMAND ;","NT","NT",1992-12-01,2659,"Q","$ Millions","Seasonally Adjusted",NA,"Quarterly","Table 25. State Final Demand, Summary Components by State: Chain volume measures",NA
"4019","A2303068K","Australian Capital Territory ; STATE FINAL DEMAND ;","ACT","ACT",1992-12-01,6084,"Q","$ Millions","Seasonally Adjusted",NA,"Quarterly","Table 25. State Final Demand, Summary Components by State: Chain volume measures",NA
"4020","A2303111F","New South Wales ; STATE FINAL DEMAND ;","NSW","NSW",1992-12-01,77505,"Q","$ Millions","Seasonally Adjusted",NA,"Quarterly","Table 25. State Final Demand, Summary Components by State: Chain volume measures",NA
"4021","A2303139J","Victoria ; STATE FINAL DEMAND ;","VIC","VIC",1992-12-01,52456,"Q","$ Millions","Seasonally Adjusted",NA,"Quarterly","Table 25. State Final Demand, Summary Components by State: Chain volume measures",NA
"4022","A2303187A","Queensland ; STATE FINAL DEMAND ;","QLD","QLD",1992-12-01,37368,"Q","$ Millions","Seasonally Adjusted",NA,"Quarterly","Table 25. State Final Demand, Summary Components by State: Chain volume measures",NA
"4023","A2304418T","Gross domestic product: Current prices ;","AUS","AUS",1992-12-01,110383,"Q","$ Millions","Seasonally Adjusted",NA,"Quarterly","Table 1. Key National Accounts Aggregates",NA
"4024","A2325846C","Index Numbers ; All groups CPI ; Australia ;","AUS","AUS",1992-12-01,60.1,"Q","Index Numbers","Original",NA,"Quarterly","TABLES 1 and 2. CPI: All Groups, Index Numbers and Percentage Changes",NA
"4025","A2718577A","Credits, Total goods ;","AUS","AUS",1992-12-01,5255,"M","$ Millions","Seasonally Adjusted",NA,"Monthly","TABLE 1. GOODS, Summary: Seasonally adjusted and trend estimates, Current prices",NA
"4026","A2718594C","Balance on goods ;","AUS","AUS",1992-12-01,281,"M","$ Millions","Seasonally Adjusted",NA,"Monthly","TABLE 1. GOODS, Summary: Seasonally adjusted and trend estimates, Current prices",NA
"4027","FXRTWI","Trade-weighted Index May 1970 = 100","AUS","AUS",1992-12-01,51.9,"D","Index","Indicative","RBA","Daily","Historical Daily Exchange Rates Of The Australian Dollar Against:","Australian Dollar Trade-weighted Index"
"4028","FXRTWI","Trade-weighted Index May 1970 = 100","AUS","AUS",1992-12-02,51.7,"D","Index","Indicative","RBA","Daily","Historical Daily Exchange Rates Of The Australian Dollar Against:","Australian Dollar Trade-weighted Index"
"4029","FXRTWI","Trade-weighted Index May 1970 = 100","AUS","AUS",1992-12-03,51.9,"D","Index","Indicative","RBA","Daily","Historical Daily Exchange Rates Of The Australian Dollar Against:","Australian Dollar Trade-weighted Index"
"4030","FXRTWI","Trade-weighted Index May 1970 = 100","AUS","AUS",1992-12-04,52.5,"D","Index","Indicative","RBA","Daily","Historical Daily Exchange Rates Of The Australian Dollar Against:","Australian Dollar Trade-weighted Index"
"4031","FXRTWI","Trade-weighted Index May 1970 = 100","AUS","AUS",1992-12-07,52.4,"D","Index","Indicative","RBA","Daily","Historical Daily Exchange Rates Of The Australian Dollar Against:","Australian Dollar Trade-weighted Index"
"4032","FXRTWI","Trade-weighted Index May 1970 = 100","AUS","AUS",1992-12-08,52.2,"D","Index","Indicative","RBA","Daily","Historical Daily Exchange Rates Of The Australian Dollar Against:","Australian Dollar Trade-weighted Index"
"4033","FXRTWI","Trade-weighted Index May 1970 = 100","AUS","AUS",1992-12-09,52.3,"D","Index","Indicative","RBA","Daily","Historical Daily Exchange Rates Of The Australian Dollar Against:","Australian Dollar Trade-weighted Index"
"4034","FXRTWI","Trade-weighted Index May 1970 = 100","AUS","AUS",1992-12-10,52.3,"D","Index","Indicative","RBA","Daily","Historical Daily Exchange Rates Of The Australian Dollar Against:","Australian Dollar Trade-weighted Index"
"4035","FXRTWI","Trade-weighted Index May 1970 = 100","AUS","AUS",1992-12-11,52.1,"D","Index","Indicative","RBA","Daily","Historical Daily Exchange Rates Of The Australian Dollar Against:","Australian Dollar Trade-weighted Index"
"4036","FXRTWI","Trade-weighted Index May 1970 = 100","AUS","AUS",1992-12-14,52.1,"D","Index","Indicative","RBA","Daily","Historical Daily Exchange Rates Of The Australian Dollar Against:","Australian Dollar Trade-weighted Index"
"4037","FXRTWI","Trade-weighted Index May 1970 = 100","AUS","AUS",1992-12-15,52,"D","Index","Indicative","RBA","Daily","Historical Daily Exchange Rates Of The Australian Dollar Against:","Australian Dollar Trade-weighted Index"
"4038","FXRTWI","Trade-weighted Index May 1970 = 100","AUS","AUS",1992-12-16,52.1,"D","Index","Indicative","RBA","Daily","Historical Daily Exchange Rates Of The Australian Dollar Against:","Australian Dollar Trade-weighted Index"
"4039","FXRTWI","Trade-weighted Index May 1970 = 100","AUS","AUS",1992-12-17,52,"D","Index","Indicative","RBA","Daily","Historical Daily Exchange Rates Of The Australian Dollar Against:","Australian Dollar Trade-weighted Index"
"4040","FXRTWI","Trade-weighted Index May 1970 = 100","AUS","AUS",1992-12-18,52.1,"D","Index","Indicative","RBA","Daily","Historical Daily Exchange Rates Of The Australian Dollar Against:","Australian Dollar Trade-weighted Index"
"4041","FXRTWI","Trade-weighted Index May 1970 = 100","AUS","AUS",1992-12-21,52.2,"D","Index","Indicative","RBA","Daily","Historical Daily Exchange Rates Of The Australian Dollar Against:","Australian Dollar Trade-weighted Index"
"4042","FXRTWI","Trade-weighted Index May 1970 = 100","AUS","AUS",1992-12-22,52.2,"D","Index","Indicative","RBA","Daily","Historical Daily Exchange Rates Of The Australian Dollar Against:","Australian Dollar Trade-weighted Index"
"4043","FXRTWI","Trade-weighted Index May 1970 = 100","AUS","AUS",1992-12-23,52.2,"D","Index","Indicative","RBA","Daily","Historical Daily Exchange Rates Of The Australian Dollar Against:","Australian Dollar Trade-weighted Index"
"4044","FXRTWI","Trade-weighted Index May 1970 = 100","AUS","AUS",1992-12-24,52.3,"D","Index","Indicative","RBA","Daily","Historical Daily Exchange Rates Of The Australian Dollar Against:","Australian Dollar Trade-weighted Index"
"4045","FXRTWI","Trade-weighted Index May 1970 = 100","AUS","AUS",1992-12-29,52.5,"D","Index","Indicative","RBA","Daily","Historical Daily Exchange Rates Of The Australian Dollar Against:","Australian Dollar Trade-weighted Index"
"4046","FXRTWI","Trade-weighted Index May 1970 = 100","AUS","AUS",1992-12-30,52.4,"D","Index","Indicative","RBA","Daily","Historical Daily Exchange Rates Of The Australian Dollar Against:","Australian Dollar Trade-weighted Index"
"4047","DLCACS","Credit; Total; Seasonally adjusted","AUS","AUS",1992-12-31,340.948,"M","$ billion","Seasonally Adjusted","RBA","Monthly","D2 Lending And Credit Aggregates","Credit; Total; Seasonally adjusted – Includes securitisations – For series breaks see Series Breaks"
"4048","FIRMMCRT","Cash Rate Target","AUS","AUS",1992-12-31,5.75,"M","Per cent","Original","RBA","Monthly","F1.1 Interest Rates And Yields - Money Market","Cash Rate Target; monthly average"
"4049","FXRTWI","Trade-weighted Index May 1970 = 100","AUS","AUS",1992-12-31,52.4,"D","Index","Indicative","RBA","Daily","Historical Daily Exchange Rates Of The Australian Dollar Against:","Australian Dollar Trade-weighted Index"
"4050","FXRTWI","Trade-weighted Index May 1970 = 100","AUS","AUS",1992-12-31,52.4,"M","Index","Indicative","RBA","Monthly","F11 Exchange Rates","Australian Dollar Trade-weighted Index"
"4051","GCPIOCPMTMQP","Quarterly trimmed mean inflation","AUS","AUS",1992-12-31,0.6,"Q","Per cent","Seasonally Adjusted","ABS","Quarterly","G1 Consumer Price Inflation","Consumer price index; Trimmed mean; Quarterly change (in per cent)"
"4052","GRCPAISDR","Commodity prices – SDR","AUS","AUS",1992-12-31,27.7071800483943,"M","Index, 2023/24=100","Original","RBA","Monthly","I2 Commodity Prices","Index of commodity prices; All items; SDR"
"4053","A2718577A","Credits, Total goods ;","AUS","AUS",1993-01-01,5186,"M","$ Millions","Seasonally Adjusted",NA,"Monthly","TABLE 1. GOODS, Summary: Seasonally adjusted and trend estimates, Current prices",NA
"4054","A2718594C","Balance on goods ;","AUS","AUS",1993-01-01,452,"M","$ Millions","Seasonally Adjusted",NA,"Monthly","TABLE 1. GOODS, Summary: Seasonally adjusted and trend estimates, Current prices",NA
"4055","FXRTWI","Trade-weighted Index May 1970 = 100","AUS","AUS",1993-01-04,52.4,"D","Index","Indicative","RBA","Daily","Historical Daily Exchange Rates Of The Australian Dollar Against:","Australian Dollar Trade-weighted Index"
"4056","FXRTWI","Trade-weighted Index May 1970 = 100","AUS","AUS",1993-01-05,52,"D","Index","Indicative","RBA","Daily","Historical Daily Exchange Rates Of The Australian Dollar Against:","Australian Dollar Trade-weighted Index"
"4057","FXRTWI","Trade-weighted Index May 1970 = 100","AUS","AUS",1993-01-06,51.4,"D","Index","Indicative","RBA","Daily","Historical Daily Exchange Rates Of The Australian Dollar Against:","Australian Dollar Trade-weighted Index"
"4058","FXRTWI","Trade-weighted Index May 1970 = 100","AUS","AUS",1993-01-07,51.3,"D","Index","Indicative","RBA","Daily","Historical Daily Exchange Rates Of The Australian Dollar Against:","Australian Dollar Trade-weighted Index"
"4059","FXRTWI","Trade-weighted Index May 1970 = 100","AUS","AUS",1993-01-08,51.4,"D","Index","Indicative","RBA","Daily","Historical Daily Exchange Rates Of The Australian Dollar Against:","Australian Dollar Trade-weighted Index"
"4060","FXRTWI","Trade-weighted Index May 1970 = 100","AUS","AUS",1993-01-11,51.4,"D","Index","Indicative","RBA","Daily","Historical Daily Exchange Rates Of The Australian Dollar Against:","Australian Dollar Trade-weighted Index"
"4061","FXRTWI","Trade-weighted Index May 1970 = 100","AUS","AUS",1993-01-12,51.4,"D","Index","Indicative","RBA","Daily","Historical Daily Exchange Rates Of The Australian Dollar Against:","Australian Dollar Trade-weighted Index"
"4062","FXRTWI","Trade-weighted Index May 1970 = 100","AUS","AUS",1993-01-13,51.6,"D","Index","Indicative","RBA","Daily","Historical Daily Exchange Rates Of The Australian Dollar Against:","Australian Dollar Trade-weighted Index"
"4063","FXRTWI","Trade-weighted Index May 1970 = 100","AUS","AUS",1993-01-14,51.4,"D","Index","Indicative","RBA","Daily","Historical Daily Exchange Rates Of The Australian Dollar Against:","Australian Dollar Trade-weighted Index"
"4064","FXRTWI","Trade-weighted Index May 1970 = 100","AUS","AUS",1993-01-15,51.5,"D","Index","Indicative","RBA","Daily","Historical Daily Exchange Rates Of The Australian Dollar Against:","Australian Dollar Trade-weighted Index"
"4065","FXRTWI","Trade-weighted Index May 1970 = 100","AUS","AUS",1993-01-18,51.7,"D","Index","Indicative","RBA","Daily","Historical Daily Exchange Rates Of The Australian Dollar Against:","Australian Dollar Trade-weighted Index"
"4066","FXRTWI","Trade-weighted Index May 1970 = 100","AUS","AUS",1993-01-19,51.5,"D","Index","Indicative","RBA","Daily","Historical Daily Exchange Rates Of The Australian Dollar Against:","Australian Dollar Trade-weighted Index"
"4067","FXRTWI","Trade-weighted Index May 1970 = 100","AUS","AUS",1993-01-20,51.2,"D","Index","Indicative","RBA","Daily","Historical Daily Exchange Rates Of The Australian Dollar Against:","Australian Dollar Trade-weighted Index"
"4068","FXRTWI","Trade-weighted Index May 1970 = 100","AUS","AUS",1993-01-21,50.7,"D","Index","Indicative","RBA","Daily","Historical Daily Exchange Rates Of The Australian Dollar Against:","Australian Dollar Trade-weighted Index"
"4069","FXRTWI","Trade-weighted Index May 1970 = 100","AUS","AUS",1993-01-22,51.4,"D","Index","Indicative","RBA","Daily","Historical Daily Exchange Rates Of The Australian Dollar Against:","Australian Dollar Trade-weighted Index"
"4070","FXRTWI","Trade-weighted Index May 1970 = 100","AUS","AUS",1993-01-25,51.1,"D","Index","Indicative","RBA","Daily","Historical Daily Exchange Rates Of The Australian Dollar Against:","Australian Dollar Trade-weighted Index"
"4071","FXRTWI","Trade-weighted Index May 1970 = 100","AUS","AUS",1993-01-26,50.9,"D","Index","Indicative","RBA","Daily","Historical Daily Exchange Rates Of The Australian Dollar Against:","Australian Dollar Trade-weighted Index"
"4072","FXRTWI","Trade-weighted Index May 1970 = 100","AUS","AUS",1993-01-27,51.3,"D","Index","Indicative","RBA","Daily","Historical Daily Exchange Rates Of The Australian Dollar Against:","Australian Dollar Trade-weighted Index"
"4073","FXRTWI","Trade-weighted Index May 1970 = 100","AUS","AUS",1993-01-28,51.3,"D","Index","Indicative","RBA","Daily","Historical Daily Exchange Rates Of The Australian Dollar Against:","Australian Dollar Trade-weighted Index"
"4074","FXRTWI","Trade-weighted Index May 1970 = 100","AUS","AUS",1993-01-29,51.6,"D","Index","Indicative","RBA","Daily","Historical Daily Exchange Rates Of The Australian Dollar Against:","Australian Dollar Trade-weighted Index"
"4075","DLCACS","Credit; Total; Seasonally adjusted","AUS","AUS",1993-01-31,342.856,"M","$ billion","Seasonally Adjusted","RBA","Monthly","D2 Lending And Credit Aggregates","Credit; Total; Seasonally adjusted – Includes securitisations – For series breaks see Series Breaks"
"4076","FIRMMCRT","Cash Rate Target","AUS","AUS",1993-01-31,5.75,"M","Per cent","Original","RBA","Monthly","F1.1 Interest Rates And Yields - Money Market","Cash Rate Target; monthly average"
"4077","FXRTWI","Trade-weighted Index May 1970 = 100","AUS","AUS",1993-01-31,51.6,"M","Index","Indicative","RBA","Monthly","F11 Exchange Rates","Australian Dollar Trade-weighted Index"
"4078","GRCPAISDR","Commodity prices – SDR","AUS","AUS",1993-01-31,28.1298098708988,"M","Index, 2023/24=100","Original","RBA","Monthly","I2 Commodity Prices","Index of commodity prices; All items; SDR"
"4079","A2718577A","Credits, Total goods ;","AUS","AUS",1993-02-01,5198,"M","$ Millions","Seasonally Adjusted",NA,"Monthly","TABLE 1. GOODS, Summary: Seasonally adjusted and trend estimates, Current prices",NA
"4080","A2718594C","Balance on goods ;","AUS","AUS",1993-02-01,362,"M","$ Millions","Seasonally Adjusted",NA,"Monthly","TABLE 1. GOODS, Summary: Seasonally adjusted and trend estimates, Current prices",NA
"4081","FXRTWI","Trade-weighted Index May 1970 = 100","AUS","AUS",1993-02-01,51.6,"D","Index","Indicative","RBA","Daily","Historical Daily Exchange Rates Of The Australian Dollar Against:","Australian Dollar Trade-weighted Index"
"4082","FXRTWI","Trade-weighted Index May 1970 = 100","AUS","AUS",1993-02-02,51.9,"D","Index","Indicative","RBA","Daily","Historical Daily Exchange Rates Of The Australian Dollar Against:","Australian Dollar Trade-weighted Index"
"4083","FXRTWI","Trade-weighted Index May 1970 = 100","AUS","AUS",1993-02-03,52,"D","Index","Indicative","RBA","Daily","Historical Daily Exchange Rates Of The Australian Dollar Against:","Australian Dollar Trade-weighted Index"
"4084","FXRTWI","Trade-weighted Index May 1970 = 100","AUS","AUS",1993-02-04,52.1,"D","Index","Indicative","RBA","Daily","Historical Daily Exchange Rates Of The Australian Dollar Against:","Australian Dollar Trade-weighted Index"
"4085","FXRTWI","Trade-weighted Index May 1970 = 100","AUS","AUS",1993-02-05,52.1,"D","Index","Indicative","RBA","Daily","Historical Daily Exchange Rates Of The Australian Dollar Against:","Australian Dollar Trade-weighted Index"
"4086","FXRTWI","Trade-weighted Index May 1970 = 100","AUS","AUS",1993-02-08,51.6,"D","Index","Indicative","RBA","Daily","Historical Daily Exchange Rates Of The Australian Dollar Against:","Australian Dollar Trade-weighted Index"
"4087","FXRTWI","Trade-weighted Index May 1970 = 100","AUS","AUS",1993-02-09,51.4,"D","Index","Indicative","RBA","Daily","Historical Daily Exchange Rates Of The Australian Dollar Against:","Australian Dollar Trade-weighted Index"
"4088","FXRTWI","Trade-weighted Index May 1970 = 100","AUS","AUS",1993-02-10,51.3,"D","Index","Indicative","RBA","Daily","Historical Daily Exchange Rates Of The Australian Dollar Against:","Australian Dollar Trade-weighted Index"
"4089","FXRTWI","Trade-weighted Index May 1970 = 100","AUS","AUS",1993-02-11,51.6,"D","Index","Indicative","RBA","Daily","Historical Daily Exchange Rates Of The Australian Dollar Against:","Australian Dollar Trade-weighted Index"
"4090","FXRTWI","Trade-weighted Index May 1970 = 100","AUS","AUS",1993-02-12,51.6,"D","Index","Indicative","RBA","Daily","Historical Daily Exchange Rates Of The Australian Dollar Against:","Australian Dollar Trade-weighted Index"
"4091","FXRTWI","Trade-weighted Index May 1970 = 100","AUS","AUS",1993-02-15,51.8,"D","Index","Indicative","RBA","Daily","Historical Daily Exchange Rates Of The Australian Dollar Against:","Australian Dollar Trade-weighted Index"
"4092","FXRTWI","Trade-weighted Index May 1970 = 100","AUS","AUS",1993-02-16,51.6,"D","Index","Indicative","RBA","Daily","Historical Daily Exchange Rates Of The Australian Dollar Against:","Australian Dollar Trade-weighted Index"
"4093","FXRTWI","Trade-weighted Index May 1970 = 100","AUS","AUS",1993-02-17,52,"D","Index","Indicative","RBA","Daily","Historical Daily Exchange Rates Of The Australian Dollar Against:","Australian Dollar Trade-weighted Index"
"4094","FXRTWI","Trade-weighted Index May 1970 = 100","AUS","AUS",1993-02-18,52.2,"D","Index","Indicative","RBA","Daily","Historical Daily Exchange Rates Of The Australian Dollar Against:","Australian Dollar Trade-weighted Index"
"4095","FXRTWI","Trade-weighted Index May 1970 = 100","AUS","AUS",1993-02-19,52.1,"D","Index","Indicative","RBA","Daily","Historical Daily Exchange Rates Of The Australian Dollar Against:","Australian Dollar Trade-weighted Index"
"4096","FXRTWI","Trade-weighted Index May 1970 = 100","AUS","AUS",1993-02-22,52.2,"D","Index","Indicative","RBA","Daily","Historical Daily Exchange Rates Of The Australian Dollar Against:","Australian Dollar Trade-weighted Index"
"4097","FXRTWI","Trade-weighted Index May 1970 = 100","AUS","AUS",1993-02-23,52.2,"D","Index","Indicative","RBA","Daily","Historical Daily Exchange Rates Of The Australian Dollar Against:","Australian Dollar Trade-weighted Index"
"4098","FXRTWI","Trade-weighted Index May 1970 = 100","AUS","AUS",1993-02-24,52.4,"D","Index","Indicative","RBA","Daily","Historical Daily Exchange Rates Of The Australian Dollar Against:","Australian Dollar Trade-weighted Index"
"4099","FXRTWI","Trade-weighted Index May 1970 = 100","AUS","AUS",1993-02-25,52.5,"D","Index","Indicative","RBA","Daily","Historical Daily Exchange Rates Of The Australian Dollar Against:","Australian Dollar Trade-weighted Index"
"4100","FXRTWI","Trade-weighted Index May 1970 = 100","AUS","AUS",1993-02-26,52.7,"D","Index","Indicative","RBA","Daily","Historical Daily Exchange Rates Of The Australian Dollar Against:","Australian Dollar Trade-weighted Index"
"4101","DLCACS","Credit; Total; Seasonally adjusted","AUS","AUS",1993-02-28,344.186,"M","$ billion","Seasonally Adjusted","RBA","Monthly","D2 Lending And Credit Aggregates","Credit; Total; Seasonally adjusted – Includes securitisations – For series breaks see Series Breaks"
"4102","FIRMMCRT","Cash Rate Target","AUS","AUS",1993-02-28,5.75,"M","Per cent","Original","RBA","Monthly","F1.1 Interest Rates And Yields - Money Market","Cash Rate Target; monthly average"
"4103","FXRTWI","Trade-weighted Index May 1970 = 100","AUS","AUS",1993-02-28,52.7,"M","Index","Indicative","RBA","Monthly","F11 Exchange Rates","Australian Dollar Trade-weighted Index"
"4104","GRCPAISDR","Commodity prices – SDR","AUS","AUS",1993-02-28,28.1380580701306,"M","Index, 2023/24=100","Original","RBA","Monthly","I2 Commodity Prices","Index of commodity prices; All items; SDR"
"4105","A2302956R","South Australia ; STATE FINAL DEMAND ;","SA","SA",1993-03-01,16126,"Q","$ Millions","Seasonally Adjusted",NA,"Quarterly","Table 25. State Final Demand, Summary Components by State: Chain volume measures",NA
"4106","A2302984X","Western Australia ; STATE FINAL DEMAND ;","WA","WA",1993-03-01,23126,"Q","$ Millions","Seasonally Adjusted",NA,"Quarterly","Table 25. State Final Demand, Summary Components by State: Chain volume measures",NA
"4107","A2303012X","Tasmania ; STATE FINAL DEMAND ;","TAS","TAS",1993-03-01,5223,"Q","$ Millions","Seasonally Adjusted",NA,"Quarterly","Table 25. State Final Demand, Summary Components by State: Chain volume measures",NA
"4108","A2303040J","Northern Territory ; STATE FINAL DEMAND ;","NT","NT",1993-03-01,2669,"Q","$ Millions","Seasonally Adjusted",NA,"Quarterly","Table 25. State Final Demand, Summary Components by State: Chain volume measures",NA
"4109","A2303068K","Australian Capital Territory ; STATE FINAL DEMAND ;","ACT","ACT",1993-03-01,6018,"Q","$ Millions","Seasonally Adjusted",NA,"Quarterly","Table 25. State Final Demand, Summary Components by State: Chain volume measures",NA
"4110","A2303111F","New South Wales ; STATE FINAL DEMAND ;","NSW","NSW",1993-03-01,76416,"Q","$ Millions","Seasonally Adjusted",NA,"Quarterly","Table 25. State Final Demand, Summary Components by State: Chain volume measures",NA
"4111","A2303139J","Victoria ; STATE FINAL DEMAND ;","VIC","VIC",1993-03-01,51087,"Q","$ Millions","Seasonally Adjusted",NA,"Quarterly","Table 25. State Final Demand, Summary Components by State: Chain volume measures",NA
"4112","A2303187A","Queensland ; STATE FINAL DEMAND ;","QLD","QLD",1993-03-01,37320,"Q","$ Millions","Seasonally Adjusted",NA,"Quarterly","Table 25. State Final Demand, Summary Components by State: Chain volume measures",NA
"4113","A2304418T","Gross domestic product: Current prices ;","AUS","AUS",1993-03-01,112266,"Q","$ Millions","Seasonally Adjusted",NA,"Quarterly","Table 1. Key National Accounts Aggregates",NA
"4114","A2325846C","Index Numbers ; All groups CPI ; Australia ;","AUS","AUS",1993-03-01,60.6,"Q","Index Numbers","Original",NA,"Quarterly","TABLES 1 and 2. CPI: All Groups, Index Numbers and Percentage Changes",NA
"4115","A2718577A","Credits, Total goods ;","AUS","AUS",1993-03-01,4924,"M","$ Millions","Seasonally Adjusted",NA,"Monthly","TABLE 1. GOODS, Summary: Seasonally adjusted and trend estimates, Current prices",NA
"4116","A2718594C","Balance on goods ;","AUS","AUS",1993-03-01,-319,"M","$ Millions","Seasonally Adjusted",NA,"Monthly","TABLE 1. GOODS, Summary: Seasonally adjusted and trend estimates, Current prices",NA
"4117","FXRTWI","Trade-weighted Index May 1970 = 100","AUS","AUS",1993-03-01,53.3,"D","Index","Indicative","RBA","Daily","Historical Daily Exchange Rates Of The Australian Dollar Against:","Australian Dollar Trade-weighted Index"
"4118","FXRTWI","Trade-weighted Index May 1970 = 100","AUS","AUS",1993-03-02,53.4,"D","Index","Indicative","RBA","Daily","Historical Daily Exchange Rates Of The Australian Dollar Against:","Australian Dollar Trade-weighted Index"
"4119","FXRTWI","Trade-weighted Index May 1970 = 100","AUS","AUS",1993-03-03,53.3,"D","Index","Indicative","RBA","Daily","Historical Daily Exchange Rates Of The Australian Dollar Against:","Australian Dollar Trade-weighted Index"
"4120","FXRTWI","Trade-weighted Index May 1970 = 100","AUS","AUS",1993-03-04,53.4,"D","Index","Indicative","RBA","Daily","Historical Daily Exchange Rates Of The Australian Dollar Against:","Australian Dollar Trade-weighted Index"
"4121","FXRTWI","Trade-weighted Index May 1970 = 100","AUS","AUS",1993-03-05,53.6,"D","Index","Indicative","RBA","Daily","Historical Daily Exchange Rates Of The Australian Dollar Against:","Australian Dollar Trade-weighted Index"
"4122","FXRTWI","Trade-weighted Index May 1970 = 100","AUS","AUS",1993-03-08,53.4,"D","Index","Indicative","RBA","Daily","Historical Daily Exchange Rates Of The Australian Dollar Against:","Australian Dollar Trade-weighted Index"
"4123","FXRTWI","Trade-weighted Index May 1970 = 100","AUS","AUS",1993-03-09,53.1,"D","Index","Indicative","RBA","Daily","Historical Daily Exchange Rates Of The Australian Dollar Against:","Australian Dollar Trade-weighted Index"
"4124","FXRTWI","Trade-weighted Index May 1970 = 100","AUS","AUS",1993-03-10,53.3,"D","Index","Indicative","RBA","Daily","Historical Daily Exchange Rates Of The Australian Dollar Against:","Australian Dollar Trade-weighted Index"
"4125","FXRTWI","Trade-weighted Index May 1970 = 100","AUS","AUS",1993-03-11,53.5,"D","Index","Indicative","RBA","Daily","Historical Daily Exchange Rates Of The Australian Dollar Against:","Australian Dollar Trade-weighted Index"
"4126","FXRTWI","Trade-weighted Index May 1970 = 100","AUS","AUS",1993-03-12,53.5,"D","Index","Indicative","RBA","Daily","Historical Daily Exchange Rates Of The Australian Dollar Against:","Australian Dollar Trade-weighted Index"
"4127","FXRTWI","Trade-weighted Index May 1970 = 100","AUS","AUS",1993-03-15,53.6,"D","Index","Indicative","RBA","Daily","Historical Daily Exchange Rates Of The Australian Dollar Against:","Australian Dollar Trade-weighted Index"
"4128","FXRTWI","Trade-weighted Index May 1970 = 100","AUS","AUS",1993-03-16,53.6,"D","Index","Indicative","RBA","Daily","Historical Daily Exchange Rates Of The Australian Dollar Against:","Australian Dollar Trade-weighted Index"
"4129","FXRTWI","Trade-weighted Index May 1970 = 100","AUS","AUS",1993-03-17,53.4,"D","Index","Indicative","RBA","Daily","Historical Daily Exchange Rates Of The Australian Dollar Against:","Australian Dollar Trade-weighted Index"
"4130","FXRTWI","Trade-weighted Index May 1970 = 100","AUS","AUS",1993-03-18,53.6,"D","Index","Indicative","RBA","Daily","Historical Daily Exchange Rates Of The Australian Dollar Against:","Australian Dollar Trade-weighted Index"
"4131","FXRTWI","Trade-weighted Index May 1970 = 100","AUS","AUS",1993-03-19,53.8,"D","Index","Indicative","RBA","Daily","Historical Daily Exchange Rates Of The Australian Dollar Against:","Australian Dollar Trade-weighted Index"
"4132","FXRTWI","Trade-weighted Index May 1970 = 100","AUS","AUS",1993-03-22,53.9,"D","Index","Indicative","RBA","Daily","Historical Daily Exchange Rates Of The Australian Dollar Against:","Australian Dollar Trade-weighted Index"
"4133","FXRTWI","Trade-weighted Index May 1970 = 100","AUS","AUS",1993-03-23,53.1,"D","Index","Indicative","RBA","Daily","Historical Daily Exchange Rates Of The Australian Dollar Against:","Australian Dollar Trade-weighted Index"
"4134","FXRTWI","Trade-weighted Index May 1970 = 100","AUS","AUS",1993-03-24,53,"D","Index","Indicative","RBA","Daily","Historical Daily Exchange Rates Of The Australian Dollar Against:","Australian Dollar Trade-weighted Index"
"4135","FXRTWI","Trade-weighted Index May 1970 = 100","AUS","AUS",1993-03-25,53.2,"D","Index","Indicative","RBA","Daily","Historical Daily Exchange Rates Of The Australian Dollar Against:","Australian Dollar Trade-weighted Index"
"4136","FXRTWI","Trade-weighted Index May 1970 = 100","AUS","AUS",1993-03-26,53.3,"D","Index","Indicative","RBA","Daily","Historical Daily Exchange Rates Of The Australian Dollar Against:","Australian Dollar Trade-weighted Index"
"4137","FXRTWI","Trade-weighted Index May 1970 = 100","AUS","AUS",1993-03-29,53.2,"D","Index","Indicative","RBA","Daily","Historical Daily Exchange Rates Of The Australian Dollar Against:","Australian Dollar Trade-weighted Index"
"4138","FXRTWI","Trade-weighted Index May 1970 = 100","AUS","AUS",1993-03-30,53.5,"D","Index","Indicative","RBA","Daily","Historical Daily Exchange Rates Of The Australian Dollar Against:","Australian Dollar Trade-weighted Index"
"4139","DLCACS","Credit; Total; Seasonally adjusted","AUS","AUS",1993-03-31,345.128,"M","$ billion","Seasonally Adjusted","RBA","Monthly","D2 Lending And Credit Aggregates","Credit; Total; Seasonally adjusted – Includes securitisations – For series breaks see Series Breaks"
"4140","FIRMMCRT","Cash Rate Target","AUS","AUS",1993-03-31,5.59782608695652,"M","Per cent","Original","RBA","Monthly","F1.1 Interest Rates And Yields - Money Market","Cash Rate Target; monthly average"
"4141","FXRTWI","Trade-weighted Index May 1970 = 100","AUS","AUS",1993-03-31,52.9,"D","Index","Indicative","RBA","Daily","Historical Daily Exchange Rates Of The Australian Dollar Against:","Australian Dollar Trade-weighted Index"
"4142","FXRTWI","Trade-weighted Index May 1970 = 100","AUS","AUS",1993-03-31,52.9,"M","Index","Indicative","RBA","Monthly","F11 Exchange Rates","Australian Dollar Trade-weighted Index"
"4143","GCPIOCPMTMQP","Quarterly trimmed mean inflation","AUS","AUS",1993-03-31,0.6,"Q","Per cent","Seasonally Adjusted","ABS","Quarterly","G1 Consumer Price Inflation","Consumer price index; Trimmed mean; Quarterly change (in per cent)"
"4144","GRCPAISDR","Commodity prices – SDR","AUS","AUS",1993-03-31,27.4792800525446,"M","Index, 2023/24=100","Original","RBA","Monthly","I2 Commodity Prices","Index of commodity prices; All items; SDR"
"4145","A2718577A","Credits, Total goods ;","AUS","AUS",1993-04-01,4897,"M","$ Millions","Seasonally Adjusted",NA,"Monthly","TABLE 1. GOODS, Summary: Seasonally adjusted and trend estimates, Current prices",NA
"4146","A2718594C","Balance on goods ;","AUS","AUS",1993-04-01,-196,"M","$ Millions","Seasonally Adjusted",NA,"Monthly","TABLE 1. GOODS, Summary: Seasonally adjusted and trend estimates, Current prices",NA
"4147","FXRTWI","Trade-weighted Index May 1970 = 100","AUS","AUS",1993-04-01,52.3,"D","Index","Indicative","RBA","Daily","Historical Daily Exchange Rates Of The Australian Dollar Against:","Australian Dollar Trade-weighted Index"
"4148","FXRTWI","Trade-weighted Index May 1970 = 100","AUS","AUS",1993-04-02,52,"D","Index","Indicative","RBA","Daily","Historical Daily Exchange Rates Of The Australian Dollar Against:","Australian Dollar Trade-weighted Index"
"4149","FXRTWI","Trade-weighted Index May 1970 = 100","AUS","AUS",1993-04-05,52,"D","Index","Indicative","RBA","Daily","Historical Daily Exchange Rates Of The Australian Dollar Against:","Australian Dollar Trade-weighted Index"
"4150","FXRTWI","Trade-weighted Index May 1970 = 100","AUS","AUS",1993-04-06,52.4,"D","Index","Indicative","RBA","Daily","Historical Daily Exchange Rates Of The Australian Dollar Against:","Australian Dollar Trade-weighted Index"
"4151","FXRTWI","Trade-weighted Index May 1970 = 100","AUS","AUS",1993-04-07,52.6,"D","Index","Indicative","RBA","Daily","Historical Daily Exchange Rates Of The Australian Dollar Against:","Australian Dollar Trade-weighted Index"
"4152","FXRTWI","Trade-weighted Index May 1970 = 100","AUS","AUS",1993-04-08,52.4,"D","Index","Indicative","RBA","Daily","Historical Daily Exchange Rates Of The Australian Dollar Against:","Australian Dollar Trade-weighted Index"
"4153","FXRTWI","Trade-weighted Index May 1970 = 100","AUS","AUS",1993-04-13,52.9,"D","Index","Indicative","RBA","Daily","Historical Daily Exchange Rates Of The Australian Dollar Against:","Australian Dollar Trade-weighted Index"
"4154","FXRTWI","Trade-weighted Index May 1970 = 100","AUS","AUS",1993-04-14,53.1,"D","Index","Indicative","RBA","Daily","Historical Daily Exchange Rates Of The Australian Dollar Against:","Australian Dollar Trade-weighted Index"
"4155","FXRTWI","Trade-weighted Index May 1970 = 100","AUS","AUS",1993-04-15,53.5,"D","Index","Indicative","RBA","Daily","Historical Daily Exchange Rates Of The Australian Dollar Against:","Australian Dollar Trade-weighted Index"
"4156","FXRTWI","Trade-weighted Index May 1970 = 100","AUS","AUS",1993-04-16,53.2,"D","Index","Indicative","RBA","Daily","Historical Daily Exchange Rates Of The Australian Dollar Against:","Australian Dollar Trade-weighted Index"
"4157","FXRTWI","Trade-weighted Index May 1970 = 100","AUS","AUS",1993-04-19,52.9,"D","Index","Indicative","RBA","Daily","Historical Daily Exchange Rates Of The Australian Dollar Against:","Australian Dollar Trade-weighted Index"
"4158","FXRTWI","Trade-weighted Index May 1970 = 100","AUS","AUS",1993-04-20,53,"D","Index","Indicative","RBA","Daily","Historical Daily Exchange Rates Of The Australian Dollar Against:","Australian Dollar Trade-weighted Index"
"4159","FXRTWI","Trade-weighted Index May 1970 = 100","AUS","AUS",1993-04-21,52.7,"D","Index","Indicative","RBA","Daily","Historical Daily Exchange Rates Of The Australian Dollar Against:","Australian Dollar Trade-weighted Index"
"4160","FXRTWI","Trade-weighted Index May 1970 = 100","AUS","AUS",1993-04-22,52.5,"D","Index","Indicative","RBA","Daily","Historical Daily Exchange Rates Of The Australian Dollar Against:","Australian Dollar Trade-weighted Index"
"4161","FXRTWI","Trade-weighted Index May 1970 = 100","AUS","AUS",1993-04-23,52.2,"D","Index","Indicative","RBA","Daily","Historical Daily Exchange Rates Of The Australian Dollar Against:","Australian Dollar Trade-weighted Index"
"4162","FXRTWI","Trade-weighted Index May 1970 = 100","AUS","AUS",1993-04-26,52.6,"D","Index","Indicative","RBA","Daily","Historical Daily Exchange Rates Of The Australian Dollar Against:","Australian Dollar Trade-weighted Index"
"4163","FXRTWI","Trade-weighted Index May 1970 = 100","AUS","AUS",1993-04-27,52.8,"D","Index","Indicative","RBA","Daily","Historical Daily Exchange Rates Of The Australian Dollar Against:","Australian Dollar Trade-weighted Index"
"4164","FXRTWI","Trade-weighted Index May 1970 = 100","AUS","AUS",1993-04-28,52.5,"D","Index","Indicative","RBA","Daily","Historical Daily Exchange Rates Of The Australian Dollar Against:","Australian Dollar Trade-weighted Index"
"4165","FXRTWI","Trade-weighted Index May 1970 = 100","AUS","AUS",1993-04-29,52.4,"D","Index","Indicative","RBA","Daily","Historical Daily Exchange Rates Of The Australian Dollar Against:","Australian Dollar Trade-weighted Index"
"4166","DLCACS","Credit; Total; Seasonally adjusted","AUS","AUS",1993-04-30,346.231,"M","$ billion","Seasonally Adjusted","RBA","Monthly","D2 Lending And Credit Aggregates","Credit; Total; Seasonally adjusted – Includes securitisations – For series breaks see Series Breaks"
"4167","FIRMMCRT","Cash Rate Target","AUS","AUS",1993-04-30,5.25,"M","Per cent","Original","RBA","Monthly","F1.1 Interest Rates And Yields - Money Market","Cash Rate Target; monthly average"
"4168","FXRTWI","Trade-weighted Index May 1970 = 100","AUS","AUS",1993-04-30,52.3,"D","Index","Indicative","RBA","Daily","Historical Daily Exchange Rates Of The Australian Dollar Against:","Australian Dollar Trade-weighted Index"
"4169","FXRTWI","Trade-weighted Index May 1970 = 100","AUS","AUS",1993-04-30,52.3,"M","Index","Indicative","RBA","Monthly","F11 Exchange Rates","Australian Dollar Trade-weighted Index"
"4170","GRCPAISDR","Commodity prices – SDR","AUS","AUS",1993-04-30,26.6545243114172,"M","Index, 2023/24=100","Original","RBA","Monthly","I2 Commodity Prices","Index of commodity prices; All items; SDR"
"4171","A2718577A","Credits, Total goods ;","AUS","AUS",1993-05-01,5200,"M","$ Millions","Seasonally Adjusted",NA,"Monthly","TABLE 1. GOODS, Summary: Seasonally adjusted and trend estimates, Current prices",NA
"4172","A2718594C","Balance on goods ;","AUS","AUS",1993-05-01,70,"M","$ Millions","Seasonally Adjusted",NA,"Monthly","TABLE 1. GOODS, Summary: Seasonally adjusted and trend estimates, Current prices",NA
"4173","FXRTWI","Trade-weighted Index May 1970 = 100","AUS","AUS",1993-05-03,52,"D","Index","Indicative","RBA","Daily","Historical Daily Exchange Rates Of The Australian Dollar Against:","Australian Dollar Trade-weighted Index"
"4174","FXRTWI","Trade-weighted Index May 1970 = 100","AUS","AUS",1993-05-04,51.5,"D","Index","Indicative","RBA","Daily","Historical Daily Exchange Rates Of The Australian Dollar Against:","Australian Dollar Trade-weighted Index"
"4175","FXRTWI","Trade-weighted Index May 1970 = 100","AUS","AUS",1993-05-05,51.4,"D","Index","Indicative","RBA","Daily","Historical Daily Exchange Rates Of The Australian Dollar Against:","Australian Dollar Trade-weighted Index"
"4176","FXRTWI","Trade-weighted Index May 1970 = 100","AUS","AUS",1993-05-06,51.6,"D","Index","Indicative","RBA","Daily","Historical Daily Exchange Rates Of The Australian Dollar Against:","Australian Dollar Trade-weighted Index"
"4177","FXRTWI","Trade-weighted Index May 1970 = 100","AUS","AUS",1993-05-07,51.6,"D","Index","Indicative","RBA","Daily","Historical Daily Exchange Rates Of The Australian Dollar Against:","Australian Dollar Trade-weighted Index"
"4178","FXRTWI","Trade-weighted Index May 1970 = 100","AUS","AUS",1993-05-10,51.9,"D","Index","Indicative","RBA","Daily","Historical Daily Exchange Rates Of The Australian Dollar Against:","Australian Dollar Trade-weighted Index"
"4179","FXRTWI","Trade-weighted Index May 1970 = 100","AUS","AUS",1993-05-11,51.8,"D","Index","Indicative","RBA","Daily","Historical Daily Exchange Rates Of The Australian Dollar Against:","Australian Dollar Trade-weighted Index"
"4180","FXRTWI","Trade-weighted Index May 1970 = 100","AUS","AUS",1993-05-12,51.8,"D","Index","Indicative","RBA","Daily","Historical Daily Exchange Rates Of The Australian Dollar Against:","Australian Dollar Trade-weighted Index"
"4181","FXRTWI","Trade-weighted Index May 1970 = 100","AUS","AUS",1993-05-13,51.6,"D","Index","Indicative","RBA","Daily","Historical Daily Exchange Rates Of The Australian Dollar Against:","Australian Dollar Trade-weighted Index"
"4182","FXRTWI","Trade-weighted Index May 1970 = 100","AUS","AUS",1993-05-14,52,"D","Index","Indicative","RBA","Daily","Historical Daily Exchange Rates Of The Australian Dollar Against:","Australian Dollar Trade-weighted Index"
"4183","FXRTWI","Trade-weighted Index May 1970 = 100","AUS","AUS",1993-05-17,51.7,"D","Index","Indicative","RBA","Daily","Historical Daily Exchange Rates Of The Australian Dollar Against:","Australian Dollar Trade-weighted Index"
"4184","FXRTWI","Trade-weighted Index May 1970 = 100","AUS","AUS",1993-05-18,51.3,"D","Index","Indicative","RBA","Daily","Historical Daily Exchange Rates Of The Australian Dollar Against:","Australian Dollar Trade-weighted Index"
"4185","FXRTWI","Trade-weighted Index May 1970 = 100","AUS","AUS",1993-05-19,51.2,"D","Index","Indicative","RBA","Daily","Historical Daily Exchange Rates Of The Australian Dollar Against:","Australian Dollar Trade-weighted Index"
"4186","FXRTWI","Trade-weighted Index May 1970 = 100","AUS","AUS",1993-05-20,51,"D","Index","Indicative","RBA","Daily","Historical Daily Exchange Rates Of The Australian Dollar Against:","Australian Dollar Trade-weighted Index"
"4187","FXRTWI","Trade-weighted Index May 1970 = 100","AUS","AUS",1993-05-21,51.1,"D","Index","Indicative","RBA","Daily","Historical Daily Exchange Rates Of The Australian Dollar Against:","Australian Dollar Trade-weighted Index"
"4188","FXRTWI","Trade-weighted Index May 1970 = 100","AUS","AUS",1993-05-24,51,"D","Index","Indicative","RBA","Daily","Historical Daily Exchange Rates Of The Australian Dollar Against:","Australian Dollar Trade-weighted Index"
"4189","FXRTWI","Trade-weighted Index May 1970 = 100","AUS","AUS",1993-05-25,51.4,"D","Index","Indicative","RBA","Daily","Historical Daily Exchange Rates Of The Australian Dollar Against:","Australian Dollar Trade-weighted Index"
"4190","FXRTWI","Trade-weighted Index May 1970 = 100","AUS","AUS",1993-05-26,51.1,"D","Index","Indicative","RBA","Daily","Historical Daily Exchange Rates Of The Australian Dollar Against:","Australian Dollar Trade-weighted Index"
"4191","FXRTWI","Trade-weighted Index May 1970 = 100","AUS","AUS",1993-05-27,50.8,"D","Index","Indicative","RBA","Daily","Historical Daily Exchange Rates Of The Australian Dollar Against:","Australian Dollar Trade-weighted Index"
"4192","FXRTWI","Trade-weighted Index May 1970 = 100","AUS","AUS",1993-05-28,50.5,"D","Index","Indicative","RBA","Daily","Historical Daily Exchange Rates Of The Australian Dollar Against:","Australian Dollar Trade-weighted Index"
"4193","DLCACS","Credit; Total; Seasonally adjusted","AUS","AUS",1993-05-31,347.3,"M","$ billion","Seasonally Adjusted","RBA","Monthly","D2 Lending And Credit Aggregates","Credit; Total; Seasonally adjusted – Includes securitisations – For series breaks see Series Breaks"
"4194","FIRMMCRT","Cash Rate Target","AUS","AUS",1993-05-31,5.25,"M","Per cent","Original","RBA","Monthly","F1.1 Interest Rates And Yields - Money Market","Cash Rate Target; monthly average"
"4195","FXRTWI","Trade-weighted Index May 1970 = 100","AUS","AUS",1993-05-31,49.4,"D","Index","Indicative","RBA","Daily","Historical Daily Exchange Rates Of The Australian Dollar Against:","Australian Dollar Trade-weighted Index"
"4196","FXRTWI","Trade-weighted Index May 1970 = 100","AUS","AUS",1993-05-31,49.4,"M","Index","Indicative","RBA","Monthly","F11 Exchange Rates","Australian Dollar Trade-weighted Index"
"4197","GRCPAISDR","Commodity prices – SDR","AUS","AUS",1993-05-31,26.7100528295939,"M","Index, 2023/24=100","Original","RBA","Monthly","I2 Commodity Prices","Index of commodity prices; All items; SDR"
"4198","A2302956R","South Australia ; STATE FINAL DEMAND ;","SA","SA",1993-06-01,16069,"Q","$ Millions","Seasonally Adjusted",NA,"Quarterly","Table 25. State Final Demand, Summary Components by State: Chain volume measures",NA
"4199","A2302984X","Western Australia ; STATE FINAL DEMAND ;","WA","WA",1993-06-01,22878,"Q","$ Millions","Seasonally Adjusted",NA,"Quarterly","Table 25. State Final Demand, Summary Components by State: Chain volume measures",NA
"4200","A2303012X","Tasmania ; STATE FINAL DEMAND ;","TAS","TAS",1993-06-01,5319,"Q","$ Millions","Seasonally Adjusted",NA,"Quarterly","Table 25. State Final Demand, Summary Components by State: Chain volume measures",NA
"4201","A2303040J","Northern Territory ; STATE FINAL DEMAND ;","NT","NT",1993-06-01,2793,"Q","$ Millions","Seasonally Adjusted",NA,"Quarterly","Table 25. State Final Demand, Summary Components by State: Chain volume measures",NA
"4202","A2303068K","Australian Capital Territory ; STATE FINAL DEMAND ;","ACT","ACT",1993-06-01,6141,"Q","$ Millions","Seasonally Adjusted",NA,"Quarterly","Table 25. State Final Demand, Summary Components by State: Chain volume measures",NA
"4203","A2303111F","New South Wales ; STATE FINAL DEMAND ;","NSW","NSW",1993-06-01,76527,"Q","$ Millions","Seasonally Adjusted",NA,"Quarterly","Table 25. State Final Demand, Summary Components by State: Chain volume measures",NA
"4204","A2303139J","Victoria ; STATE FINAL DEMAND ;","VIC","VIC",1993-06-01,52266,"Q","$ Millions","Seasonally Adjusted",NA,"Quarterly","Table 25. State Final Demand, Summary Components by State: Chain volume measures",NA
"4205","A2303187A","Queensland ; STATE FINAL DEMAND ;","QLD","QLD",1993-06-01,37797,"Q","$ Millions","Seasonally Adjusted",NA,"Quarterly","Table 25. State Final Demand, Summary Components by State: Chain volume measures",NA
"4206","A2304418T","Gross domestic product: Current prices ;","AUS","AUS",1993-06-01,113413,"Q","$ Millions","Seasonally Adjusted",NA,"Quarterly","Table 1. Key National Accounts Aggregates",NA
"4207","A2325846C","Index Numbers ; All groups CPI ; Australia ;","AUS","AUS",1993-06-01,60.8,"Q","Index Numbers","Original",NA,"Quarterly","TABLES 1 and 2. CPI: All Groups, Index Numbers and Percentage Changes",NA
"4208","A2336320R","New South Wales ; Gross state product: Current prices ;","NSW","NSW",1993-06-01,162146,"Annual","$ Millions","Original",NA,"Annual","Table 1. Gross State Product, Chain volume measures and current prices",NA
"4209","A2336321T","Victoria ; Gross state product: Current prices ;","VIC","VIC",1993-06-01,111157,"Annual","$ Millions","Original",NA,"Annual","Table 1. Gross State Product, Chain volume measures and current prices",NA
"4210","A2336322V","Queensland ; Gross state product: Current prices ;","QLD","QLD",1993-06-01,70248,"Annual","$ Millions","Original",NA,"Annual","Table 1. Gross State Product, Chain volume measures and current prices",NA
"4211","A2336323W","South Australia ; Gross state product: Current prices ;","SA","SA",1993-06-01,33722,"Annual","$ Millions","Original",NA,"Annual","Table 1. Gross State Product, Chain volume measures and current prices",NA
"4212","A2336324X","Western Australia ; Gross state product: Current prices ;","WA","WA",1993-06-01,43778,"Annual","$ Millions","Original",NA,"Annual","Table 1. Gross State Product, Chain volume measures and current prices",NA
"4213","A2336325A","Tasmania ; Gross state product: Current prices ;","TAS","TAS",1993-06-01,9374,"Annual","$ Millions","Original",NA,"Annual","Table 1. Gross State Product, Chain volume measures and current prices",NA
"4214","A2336326C","Northern Territory ; Gross state product: Current prices ;","NT","NT",1993-06-01,4707,"Annual","$ Millions","Original",NA,"Annual","Table 1. Gross State Product, Chain volume measures and current prices",NA
"4215","A2336327F","Australian Capital Territory ; Gross state product: Current prices ;","ACT","ACT",1993-06-01,9096,"Annual","$ Millions","Original",NA,"Annual","Table 1. Gross State Product, Chain volume measures and current prices",NA
"4216","A2718577A","Credits, Total goods ;","AUS","AUS",1993-06-01,5083,"M","$ Millions","Seasonally Adjusted",NA,"Monthly","TABLE 1. GOODS, Summary: Seasonally adjusted and trend estimates, Current prices",NA
"4217","A2718594C","Balance on goods ;","AUS","AUS",1993-06-01,-114,"M","$ Millions","Seasonally Adjusted",NA,"Monthly","TABLE 1. GOODS, Summary: Seasonally adjusted and trend estimates, Current prices",NA
"4218","FXRTWI","Trade-weighted Index May 1970 = 100","AUS","AUS",1993-06-01,49.1,"D","Index","Indicative","RBA","Daily","Historical Daily Exchange Rates Of The Australian Dollar Against:","Australian Dollar Trade-weighted Index"
"4219","FXRTWI","Trade-weighted Index May 1970 = 100","AUS","AUS",1993-06-02,49.6,"D","Index","Indicative","RBA","Daily","Historical Daily Exchange Rates Of The Australian Dollar Against:","Australian Dollar Trade-weighted Index"
"4220","FXRTWI","Trade-weighted Index May 1970 = 100","AUS","AUS",1993-06-03,49.5,"D","Index","Indicative","RBA","Daily","Historical Daily Exchange Rates Of The Australian Dollar Against:","Australian Dollar Trade-weighted Index"
"4221","FXRTWI","Trade-weighted Index May 1970 = 100","AUS","AUS",1993-06-04,49.3,"D","Index","Indicative","RBA","Daily","Historical Daily Exchange Rates Of The Australian Dollar Against:","Australian Dollar Trade-weighted Index"
"4222","FXRTWI","Trade-weighted Index May 1970 = 100","AUS","AUS",1993-06-07,49.5,"D","Index","Indicative","RBA","Daily","Historical Daily Exchange Rates Of The Australian Dollar Against:","Australian Dollar Trade-weighted Index"
"4223","FXRTWI","Trade-weighted Index May 1970 = 100","AUS","AUS",1993-06-08,49.1,"D","Index","Indicative","RBA","Daily","Historical Daily Exchange Rates Of The Australian Dollar Against:","Australian Dollar Trade-weighted Index"
"4224","FXRTWI","Trade-weighted Index May 1970 = 100","AUS","AUS",1993-06-09,49.1,"D","Index","Indicative","RBA","Daily","Historical Daily Exchange Rates Of The Australian Dollar Against:","Australian Dollar Trade-weighted Index"
"4225","FXRTWI","Trade-weighted Index May 1970 = 100","AUS","AUS",1993-06-10,49.3,"D","Index","Indicative","RBA","Daily","Historical Daily Exchange Rates Of The Australian Dollar Against:","Australian Dollar Trade-weighted Index"
"4226","FXRTWI","Trade-weighted Index May 1970 = 100","AUS","AUS",1993-06-11,49.5,"D","Index","Indicative","RBA","Daily","Historical Daily Exchange Rates Of The Australian Dollar Against:","Australian Dollar Trade-weighted Index"
"4227","FXRTWI","Trade-weighted Index May 1970 = 100","AUS","AUS",1993-06-14,49.2,"D","Index","Indicative","RBA","Daily","Historical Daily Exchange Rates Of The Australian Dollar Against:","Australian Dollar Trade-weighted Index"
"4228","FXRTWI","Trade-weighted Index May 1970 = 100","AUS","AUS",1993-06-15,49.7,"D","Index","Indicative","RBA","Daily","Historical Daily Exchange Rates Of The Australian Dollar Against:","Australian Dollar Trade-weighted Index"
"4229","FXRTWI","Trade-weighted Index May 1970 = 100","AUS","AUS",1993-06-16,49.8,"D","Index","Indicative","RBA","Daily","Historical Daily Exchange Rates Of The Australian Dollar Against:","Australian Dollar Trade-weighted Index"
"4230","FXRTWI","Trade-weighted Index May 1970 = 100","AUS","AUS",1993-06-17,49.6,"D","Index","Indicative","RBA","Daily","Historical Daily Exchange Rates Of The Australian Dollar Against:","Australian Dollar Trade-weighted Index"
"4231","FXRTWI","Trade-weighted Index May 1970 = 100","AUS","AUS",1993-06-18,50.5,"D","Index","Indicative","RBA","Daily","Historical Daily Exchange Rates Of The Australian Dollar Against:","Australian Dollar Trade-weighted Index"
"4232","FXRTWI","Trade-weighted Index May 1970 = 100","AUS","AUS",1993-06-21,51.1,"D","Index","Indicative","RBA","Daily","Historical Daily Exchange Rates Of The Australian Dollar Against:","Australian Dollar Trade-weighted Index"
"4233","FXRTWI","Trade-weighted Index May 1970 = 100","AUS","AUS",1993-06-22,50.9,"D","Index","Indicative","RBA","Daily","Historical Daily Exchange Rates Of The Australian Dollar Against:","Australian Dollar Trade-weighted Index"
"4234","FXRTWI","Trade-weighted Index May 1970 = 100","AUS","AUS",1993-06-23,49.7,"D","Index","Indicative","RBA","Daily","Historical Daily Exchange Rates Of The Australian Dollar Against:","Australian Dollar Trade-weighted Index"
"4235","FXRTWI","Trade-weighted Index May 1970 = 100","AUS","AUS",1993-06-24,49.8,"D","Index","Indicative","RBA","Daily","Historical Daily Exchange Rates Of The Australian Dollar Against:","Australian Dollar Trade-weighted Index"
"4236","FXRTWI","Trade-weighted Index May 1970 = 100","AUS","AUS",1993-06-25,49.4,"D","Index","Indicative","RBA","Daily","Historical Daily Exchange Rates Of The Australian Dollar Against:","Australian Dollar Trade-weighted Index"
"4237","FXRTWI","Trade-weighted Index May 1970 = 100","AUS","AUS",1993-06-28,49.4,"D","Index","Indicative","RBA","Daily","Historical Daily Exchange Rates Of The Australian Dollar Against:","Australian Dollar Trade-weighted Index"
"4238","FXRTWI","Trade-weighted Index May 1970 = 100","AUS","AUS",1993-06-29,49.5,"D","Index","Indicative","RBA","Daily","Historical Daily Exchange Rates Of The Australian Dollar Against:","Australian Dollar Trade-weighted Index"
"4239","DLCACS","Credit; Total; Seasonally adjusted","AUS","AUS",1993-06-30,347.509,"M","$ billion","Seasonally Adjusted","RBA","Monthly","D2 Lending And Credit Aggregates","Credit; Total; Seasonally adjusted – Includes securitisations – For series breaks see Series Breaks"
"4240","FIRMMCRT","Cash Rate Target","AUS","AUS",1993-06-30,5.25,"M","Per cent","Original","RBA","Monthly","F1.1 Interest Rates And Yields - Money Market","Cash Rate Target; monthly average"
"4241","FXRTWI","Trade-weighted Index May 1970 = 100","AUS","AUS",1993-06-30,49.5,"D","Index","Indicative","RBA","Daily","Historical Daily Exchange Rates Of The Australian Dollar Against:","Australian Dollar Trade-weighted Index"
"4242","FXRTWI","Trade-weighted Index May 1970 = 100","AUS","AUS",1993-06-30,49.5,"M","Index","Indicative","RBA","Monthly","F11 Exchange Rates","Australian Dollar Trade-weighted Index"
"4243","GCPIOCPMTMQP","Quarterly trimmed mean inflation","AUS","AUS",1993-06-30,0.6,"Q","Per cent","Seasonally Adjusted","ABS","Quarterly","G1 Consumer Price Inflation","Consumer price index; Trimmed mean; Quarterly change (in per cent)"
"4244","GRCPAISDR","Commodity prices – SDR","AUS","AUS",1993-06-30,26.5646535098135,"M","Index, 2023/24=100","Original","RBA","Monthly","I2 Commodity Prices","Index of commodity prices; All items; SDR"
"4245","A2718577A","Credits, Total goods ;","AUS","AUS",1993-07-01,5276,"M","$ Millions","Seasonally Adjusted",NA,"Monthly","TABLE 1. GOODS, Summary: Seasonally adjusted and trend estimates, Current prices",NA
"4246","A2718594C","Balance on goods ;","AUS","AUS",1993-07-01,64,"M","$ Millions","Seasonally Adjusted",NA,"Monthly","TABLE 1. GOODS, Summary: Seasonally adjusted and trend estimates, Current prices",NA
"4247","FXRTWI","Trade-weighted Index May 1970 = 100","AUS","AUS",1993-07-01,49.5,"D","Index","Indicative","RBA","Daily","Historical Daily Exchange Rates Of The Australian Dollar Against:","Australian Dollar Trade-weighted Index"
"4248","FXRTWI","Trade-weighted Index May 1970 = 100","AUS","AUS",1993-07-02,49.4,"D","Index","Indicative","RBA","Daily","Historical Daily Exchange Rates Of The Australian Dollar Against:","Australian Dollar Trade-weighted Index"
"4249","FXRTWI","Trade-weighted Index May 1970 = 100","AUS","AUS",1993-07-05,50,"D","Index","Indicative","RBA","Daily","Historical Daily Exchange Rates Of The Australian Dollar Against:","Australian Dollar Trade-weighted Index"
"4250","FXRTWI","Trade-weighted Index May 1970 = 100","AUS","AUS",1993-07-06,50,"D","Index","Indicative","RBA","Daily","Historical Daily Exchange Rates Of The Australian Dollar Against:","Australian Dollar Trade-weighted Index"
"4251","FXRTWI","Trade-weighted Index May 1970 = 100","AUS","AUS",1993-07-07,50.2,"D","Index","Indicative","RBA","Daily","Historical Daily Exchange Rates Of The Australian Dollar Against:","Australian Dollar Trade-weighted Index"
"4252","FXRTWI","Trade-weighted Index May 1970 = 100","AUS","AUS",1993-07-08,50.4,"D","Index","Indicative","RBA","Daily","Historical Daily Exchange Rates Of The Australian Dollar Against:","Australian Dollar Trade-weighted Index"
"4253","FXRTWI","Trade-weighted Index May 1970 = 100","AUS","AUS",1993-07-09,50.5,"D","Index","Indicative","RBA","Daily","Historical Daily Exchange Rates Of The Australian Dollar Against:","Australian Dollar Trade-weighted Index"
"4254","FXRTWI","Trade-weighted Index May 1970 = 100","AUS","AUS",1993-07-12,50.6,"D","Index","Indicative","RBA","Daily","Historical Daily Exchange Rates Of The Australian Dollar Against:","Australian Dollar Trade-weighted Index"
"4255","FXRTWI","Trade-weighted Index May 1970 = 100","AUS","AUS",1993-07-13,50.4,"D","Index","Indicative","RBA","Daily","Historical Daily Exchange Rates Of The Australian Dollar Against:","Australian Dollar Trade-weighted Index"
"4256","FXRTWI","Trade-weighted Index May 1970 = 100","AUS","AUS",1993-07-14,50.6,"D","Index","Indicative","RBA","Daily","Historical Daily Exchange Rates Of The Australian Dollar Against:","Australian Dollar Trade-weighted Index"
"4257","FXRTWI","Trade-weighted Index May 1970 = 100","AUS","AUS",1993-07-15,50.3,"D","Index","Indicative","RBA","Daily","Historical Daily Exchange Rates Of The Australian Dollar Against:","Australian Dollar Trade-weighted Index"
"4258","FXRTWI","Trade-weighted Index May 1970 = 100","AUS","AUS",1993-07-16,50.6,"D","Index","Indicative","RBA","Daily","Historical Daily Exchange Rates Of The Australian Dollar Against:","Australian Dollar Trade-weighted Index"
"4259","FXRTWI","Trade-weighted Index May 1970 = 100","AUS","AUS",1993-07-19,50.1,"D","Index","Indicative","RBA","Daily","Historical Daily Exchange Rates Of The Australian Dollar Against:","Australian Dollar Trade-weighted Index"
"4260","FXRTWI","Trade-weighted Index May 1970 = 100","AUS","AUS",1993-07-20,50.1,"D","Index","Indicative","RBA","Daily","Historical Daily Exchange Rates Of The Australian Dollar Against:","Australian Dollar Trade-weighted Index"
"4261","FXRTWI","Trade-weighted Index May 1970 = 100","AUS","AUS",1993-07-21,50.3,"D","Index","Indicative","RBA","Daily","Historical Daily Exchange Rates Of The Australian Dollar Against:","Australian Dollar Trade-weighted Index"
"4262","FXRTWI","Trade-weighted Index May 1970 = 100","AUS","AUS",1993-07-22,50.2,"D","Index","Indicative","RBA","Daily","Historical Daily Exchange Rates Of The Australian Dollar Against:","Australian Dollar Trade-weighted Index"
"4263","FXRTWI","Trade-weighted Index May 1970 = 100","AUS","AUS",1993-07-23,50,"D","Index","Indicative","RBA","Daily","Historical Daily Exchange Rates Of The Australian Dollar Against:","Australian Dollar Trade-weighted Index"
"4264","FXRTWI","Trade-weighted Index May 1970 = 100","AUS","AUS",1993-07-26,50.3,"D","Index","Indicative","RBA","Daily","Historical Daily Exchange Rates Of The Australian Dollar Against:","Australian Dollar Trade-weighted Index"
"4265","FXRTWI","Trade-weighted Index May 1970 = 100","AUS","AUS",1993-07-27,50.2,"D","Index","Indicative","RBA","Daily","Historical Daily Exchange Rates Of The Australian Dollar Against:","Australian Dollar Trade-weighted Index"
"4266","FXRTWI","Trade-weighted Index May 1970 = 100","AUS","AUS",1993-07-28,50.2,"D","Index","Indicative","RBA","Daily","Historical Daily Exchange Rates Of The Australian Dollar Against:","Australian Dollar Trade-weighted Index"
"4267","FXRTWI","Trade-weighted Index May 1970 = 100","AUS","AUS",1993-07-29,50,"D","Index","Indicative","RBA","Daily","Historical Daily Exchange Rates Of The Australian Dollar Against:","Australian Dollar Trade-weighted Index"
"4268","FXRTWI","Trade-weighted Index May 1970 = 100","AUS","AUS",1993-07-30,50.6,"D","Index","Indicative","RBA","Daily","Historical Daily Exchange Rates Of The Australian Dollar Against:","Australian Dollar Trade-weighted Index"
"4269","DLCACS","Credit; Total; Seasonally adjusted","AUS","AUS",1993-07-31,348.214,"M","$ billion","Seasonally Adjusted","RBA","Monthly","D2 Lending And Credit Aggregates","Credit; Total; Seasonally adjusted – Includes securitisations – For series breaks see Series Breaks"
"4270","FIRMMCRT","Cash Rate Target","AUS","AUS",1993-07-31,5.22727272727273,"M","Per cent","Original","RBA","Monthly","F1.1 Interest Rates And Yields - Money Market","Cash Rate Target; monthly average"
"4271","FXRTWI","Trade-weighted Index May 1970 = 100","AUS","AUS",1993-07-31,50.9,"M","Index","Indicative","RBA","Monthly","F11 Exchange Rates","Australian Dollar Trade-weighted Index"
"4272","GRCPAISDR","Commodity prices – SDR","AUS","AUS",1993-07-31,27.3802749067525,"M","Index, 2023/24=100","Original","RBA","Monthly","I2 Commodity Prices","Index of commodity prices; All items; SDR"
"4273","A2718577A","Credits, Total goods ;","AUS","AUS",1993-08-01,5252,"M","$ Millions","Seasonally Adjusted",NA,"Monthly","TABLE 1. GOODS, Summary: Seasonally adjusted and trend estimates, Current prices",NA
"4274","A2718594C","Balance on goods ;","AUS","AUS",1993-08-01,-141,"M","$ Millions","Seasonally Adjusted",NA,"Monthly","TABLE 1. GOODS, Summary: Seasonally adjusted and trend estimates, Current prices",NA
"4275","FXRTWI","Trade-weighted Index May 1970 = 100","AUS","AUS",1993-08-02,50.9,"D","Index","Indicative","RBA","Daily","Historical Daily Exchange Rates Of The Australian Dollar Against:","Australian Dollar Trade-weighted Index"
"4276","FXRTWI","Trade-weighted Index May 1970 = 100","AUS","AUS",1993-08-03,50.7,"D","Index","Indicative","RBA","Daily","Historical Daily Exchange Rates Of The Australian Dollar Against:","Australian Dollar Trade-weighted Index"
"4277","FXRTWI","Trade-weighted Index May 1970 = 100","AUS","AUS",1993-08-04,50.6,"D","Index","Indicative","RBA","Daily","Historical Daily Exchange Rates Of The Australian Dollar Against:","Australian Dollar Trade-weighted Index"
"4278","FXRTWI","Trade-weighted Index May 1970 = 100","AUS","AUS",1993-08-05,50.7,"D","Index","Indicative","RBA","Daily","Historical Daily Exchange Rates Of The Australian Dollar Against:","Australian Dollar Trade-weighted Index"
"4279","FXRTWI","Trade-weighted Index May 1970 = 100","AUS","AUS",1993-08-06,50.1,"D","Index","Indicative","RBA","Daily","Historical Daily Exchange Rates Of The Australian Dollar Against:","Australian Dollar Trade-weighted Index"
"4280","FXRTWI","Trade-weighted Index May 1970 = 100","AUS","AUS",1993-08-09,50.1,"D","Index","Indicative","RBA","Daily","Historical Daily Exchange Rates Of The Australian Dollar Against:","Australian Dollar Trade-weighted Index"
"4281","FXRTWI","Trade-weighted Index May 1970 = 100","AUS","AUS",1993-08-10,50.4,"D","Index","Indicative","RBA","Daily","Historical Daily Exchange Rates Of The Australian Dollar Against:","Australian Dollar Trade-weighted Index"
"4282","FXRTWI","Trade-weighted Index May 1970 = 100","AUS","AUS",1993-08-11,50.6,"D","Index","Indicative","RBA","Daily","Historical Daily Exchange Rates Of The Australian Dollar Against:","Australian Dollar Trade-weighted Index"
"4283","FXRTWI","Trade-weighted Index May 1970 = 100","AUS","AUS",1993-08-12,50.2,"D","Index","Indicative","RBA","Daily","Historical Daily Exchange Rates Of The Australian Dollar Against:","Australian Dollar Trade-weighted Index"
"4284","FXRTWI","Trade-weighted Index May 1970 = 100","AUS","AUS",1993-08-13,49.6,"D","Index","Indicative","RBA","Daily","Historical Daily Exchange Rates Of The Australian Dollar Against:","Australian Dollar Trade-weighted Index"
"4285","FXRTWI","Trade-weighted Index May 1970 = 100","AUS","AUS",1993-08-16,49.5,"D","Index","Indicative","RBA","Daily","Historical Daily Exchange Rates Of The Australian Dollar Against:","Australian Dollar Trade-weighted Index"
"4286","FXRTWI","Trade-weighted Index May 1970 = 100","AUS","AUS",1993-08-17,49.6,"D","Index","Indicative","RBA","Daily","Historical Daily Exchange Rates Of The Australian Dollar Against:","Australian Dollar Trade-weighted Index"
"4287","FXRTWI","Trade-weighted Index May 1970 = 100","AUS","AUS",1993-08-18,49.3,"D","Index","Indicative","RBA","Daily","Historical Daily Exchange Rates Of The Australian Dollar Against:","Australian Dollar Trade-weighted Index"
"4288","FXRTWI","Trade-weighted Index May 1970 = 100","AUS","AUS",1993-08-19,49.4,"D","Index","Indicative","RBA","Daily","Historical Daily Exchange Rates Of The Australian Dollar Against:","Australian Dollar Trade-weighted Index"
"4289","FXRTWI","Trade-weighted Index May 1970 = 100","AUS","AUS",1993-08-20,49.9,"D","Index","Indicative","RBA","Daily","Historical Daily Exchange Rates Of The Australian Dollar Against:","Australian Dollar Trade-weighted Index"
"4290","FXRTWI","Trade-weighted Index May 1970 = 100","AUS","AUS",1993-08-23,49.5,"D","Index","Indicative","RBA","Daily","Historical Daily Exchange Rates Of The Australian Dollar Against:","Australian Dollar Trade-weighted Index"
"4291","FXRTWI","Trade-weighted Index May 1970 = 100","AUS","AUS",1993-08-24,49,"D","Index","Indicative","RBA","Daily","Historical Daily Exchange Rates Of The Australian Dollar Against:","Australian Dollar Trade-weighted Index"
"4292","FXRTWI","Trade-weighted Index May 1970 = 100","AUS","AUS",1993-08-25,49.3,"D","Index","Indicative","RBA","Daily","Historical Daily Exchange Rates Of The Australian Dollar Against:","Australian Dollar Trade-weighted Index"
"4293","FXRTWI","Trade-weighted Index May 1970 = 100","AUS","AUS",1993-08-26,49.4,"D","Index","Indicative","RBA","Daily","Historical Daily Exchange Rates Of The Australian Dollar Against:","Australian Dollar Trade-weighted Index"
"4294","FXRTWI","Trade-weighted Index May 1970 = 100","AUS","AUS",1993-08-27,49,"D","Index","Indicative","RBA","Daily","Historical Daily Exchange Rates Of The Australian Dollar Against:","Australian Dollar Trade-weighted Index"
"4295","FXRTWI","Trade-weighted Index May 1970 = 100","AUS","AUS",1993-08-30,49.3,"D","Index","Indicative","RBA","Daily","Historical Daily Exchange Rates Of The Australian Dollar Against:","Australian Dollar Trade-weighted Index"
"4296","DLCACS","Credit; Total; Seasonally adjusted","AUS","AUS",1993-08-31,349.523,"M","$ billion","Seasonally Adjusted","RBA","Monthly","D2 Lending And Credit Aggregates","Credit; Total; Seasonally adjusted – Includes securitisations – For series breaks see Series Breaks"
"4297","FIRMMCRT","Cash Rate Target","AUS","AUS",1993-08-31,4.75,"M","Per cent","Original","RBA","Monthly","F1.1 Interest Rates And Yields - Money Market","Cash Rate Target; monthly average"
"4298","FXRTWI","Trade-weighted Index May 1970 = 100","AUS","AUS",1993-08-31,49.3,"D","Index","Indicative","RBA","Daily","Historical Daily Exchange Rates Of The Australian Dollar Against:","Australian Dollar Trade-weighted Index"
"4299","FXRTWI","Trade-weighted Index May 1970 = 100","AUS","AUS",1993-08-31,49.3,"M","Index","Indicative","RBA","Monthly","F11 Exchange Rates","Australian Dollar Trade-weighted Index"
"4300","GRCPAISDR","Commodity prices – SDR","AUS","AUS",1993-08-31,26.8786969336958,"M","Index, 2023/24=100","Original","RBA","Monthly","I2 Commodity Prices","Index of commodity prices; All items; SDR"
"4301","A2302956R","South Australia ; STATE FINAL DEMAND ;","SA","SA",1993-09-01,16208,"Q","$ Millions","Seasonally Adjusted",NA,"Quarterly","Table 25. State Final Demand, Summary Components by State: Chain volume measures",NA
"4302","A2302984X","Western Australia ; STATE FINAL DEMAND ;","WA","WA",1993-09-01,22844,"Q","$ Millions","Seasonally Adjusted",NA,"Quarterly","Table 25. State Final Demand, Summary Components by State: Chain volume measures",NA
"4303","A2303012X","Tasmania ; STATE FINAL DEMAND ;","TAS","TAS",1993-09-01,5669,"Q","$ Millions","Seasonally Adjusted",NA,"Quarterly","Table 25. State Final Demand, Summary Components by State: Chain volume measures",NA
"4304","A2303040J","Northern Territory ; STATE FINAL DEMAND ;","NT","NT",1993-09-01,2858,"Q","$ Millions","Seasonally Adjusted",NA,"Quarterly","Table 25. State Final Demand, Summary Components by State: Chain volume measures",NA
"4305","A2303068K","Australian Capital Territory ; STATE FINAL DEMAND ;","ACT","ACT",1993-09-01,6042,"Q","$ Millions","Seasonally Adjusted",NA,"Quarterly","Table 25. State Final Demand, Summary Components by State: Chain volume measures",NA
"4306","A2303111F","New South Wales ; STATE FINAL DEMAND ;","NSW","NSW",1993-09-01,75852,"Q","$ Millions","Seasonally Adjusted",NA,"Quarterly","Table 25. State Final Demand, Summary Components by State: Chain volume measures",NA
"4307","A2303139J","Victoria ; STATE FINAL DEMAND ;","VIC","VIC",1993-09-01,51835,"Q","$ Millions","Seasonally Adjusted",NA,"Quarterly","Table 25. State Final Demand, Summary Components by State: Chain volume measures",NA
"4308","A2303187A","Queensland ; STATE FINAL DEMAND ;","QLD","QLD",1993-09-01,37929,"Q","$ Millions","Seasonally Adjusted",NA,"Quarterly","Table 25. State Final Demand, Summary Components by State: Chain volume measures",NA
"4309","A2304418T","Gross domestic product: Current prices ;","AUS","AUS",1993-09-01,113255,"Q","$ Millions","Seasonally Adjusted",NA,"Quarterly","Table 1. Key National Accounts Aggregates",NA
"4310","A2325846C","Index Numbers ; All groups CPI ; Australia ;","AUS","AUS",1993-09-01,61.1,"Q","Index Numbers","Original",NA,"Quarterly","TABLES 1 and 2. CPI: All Groups, Index Numbers and Percentage Changes",NA
"4311","A2718577A","Credits, Total goods ;","AUS","AUS",1993-09-01,5476,"M","$ Millions","Seasonally Adjusted",NA,"Monthly","TABLE 1. GOODS, Summary: Seasonally adjusted and trend estimates, Current prices",NA
"4312","A2718594C","Balance on goods ;","AUS","AUS",1993-09-01,-67,"M","$ Millions","Seasonally Adjusted",NA,"Monthly","TABLE 1. GOODS, Summary: Seasonally adjusted and trend estimates, Current prices",NA
"4313","FXRTWI","Trade-weighted Index May 1970 = 100","AUS","AUS",1993-09-01,49.3,"D","Index","Indicative","RBA","Daily","Historical Daily Exchange Rates Of The Australian Dollar Against:","Australian Dollar Trade-weighted Index"
"4314","FXRTWI","Trade-weighted Index May 1970 = 100","AUS","AUS",1993-09-02,48.9,"D","Index","Indicative","RBA","Daily","Historical Daily Exchange Rates Of The Australian Dollar Against:","Australian Dollar Trade-weighted Index"
"4315","FXRTWI","Trade-weighted Index May 1970 = 100","AUS","AUS",1993-09-03,48.1,"D","Index","Indicative","RBA","Daily","Historical Daily Exchange Rates Of The Australian Dollar Against:","Australian Dollar Trade-weighted Index"
"4316","FXRTWI","Trade-weighted Index May 1970 = 100","AUS","AUS",1993-09-06,47.7,"D","Index","Indicative","RBA","Daily","Historical Daily Exchange Rates Of The Australian Dollar Against:","Australian Dollar Trade-weighted Index"
"4317","FXRTWI","Trade-weighted Index May 1970 = 100","AUS","AUS",1993-09-07,47.3,"D","Index","Indicative","RBA","Daily","Historical Daily Exchange Rates Of The Australian Dollar Against:","Australian Dollar Trade-weighted Index"
"4318","FXRTWI","Trade-weighted Index May 1970 = 100","AUS","AUS",1993-09-08,47.9,"D","Index","Indicative","RBA","Daily","Historical Daily Exchange Rates Of The Australian Dollar Against:","Australian Dollar Trade-weighted Index"
"4319","FXRTWI","Trade-weighted Index May 1970 = 100","AUS","AUS",1993-09-09,48.1,"D","Index","Indicative","RBA","Daily","Historical Daily Exchange Rates Of The Australian Dollar Against:","Australian Dollar Trade-weighted Index"
"4320","FXRTWI","Trade-weighted Index May 1970 = 100","AUS","AUS",1993-09-10,48,"D","Index","Indicative","RBA","Daily","Historical Daily Exchange Rates Of The Australian Dollar Against:","Australian Dollar Trade-weighted Index"
"4321","FXRTWI","Trade-weighted Index May 1970 = 100","AUS","AUS",1993-09-13,47.6,"D","Index","Indicative","RBA","Daily","Historical Daily Exchange Rates Of The Australian Dollar Against:","Australian Dollar Trade-weighted Index"
"4322","FXRTWI","Trade-weighted Index May 1970 = 100","AUS","AUS",1993-09-14,47.1,"D","Index","Indicative","RBA","Daily","Historical Daily Exchange Rates Of The Australian Dollar Against:","Australian Dollar Trade-weighted Index"
"4323","FXRTWI","Trade-weighted Index May 1970 = 100","AUS","AUS",1993-09-15,47.4,"D","Index","Indicative","RBA","Daily","Historical Daily Exchange Rates Of The Australian Dollar Against:","Australian Dollar Trade-weighted Index"
"4324","FXRTWI","Trade-weighted Index May 1970 = 100","AUS","AUS",1993-09-16,47.4,"D","Index","Indicative","RBA","Daily","Historical Daily Exchange Rates Of The Australian Dollar Against:","Australian Dollar Trade-weighted Index"
"4325","FXRTWI","Trade-weighted Index May 1970 = 100","AUS","AUS",1993-09-17,47.4,"D","Index","Indicative","RBA","Daily","Historical Daily Exchange Rates Of The Australian Dollar Against:","Australian Dollar Trade-weighted Index"
"4326","FXRTWI","Trade-weighted Index May 1970 = 100","AUS","AUS",1993-09-20,47.3,"D","Index","Indicative","RBA","Daily","Historical Daily Exchange Rates Of The Australian Dollar Against:","Australian Dollar Trade-weighted Index"
"4327","FXRTWI","Trade-weighted Index May 1970 = 100","AUS","AUS",1993-09-21,47.6,"D","Index","Indicative","RBA","Daily","Historical Daily Exchange Rates Of The Australian Dollar Against:","Australian Dollar Trade-weighted Index"
"4328","FXRTWI","Trade-weighted Index May 1970 = 100","AUS","AUS",1993-09-22,48.2,"D","Index","Indicative","RBA","Daily","Historical Daily Exchange Rates Of The Australian Dollar Against:","Australian Dollar Trade-weighted Index"
"4329","FXRTWI","Trade-weighted Index May 1970 = 100","AUS","AUS",1993-09-23,47.9,"D","Index","Indicative","RBA","Daily","Historical Daily Exchange Rates Of The Australian Dollar Against:","Australian Dollar Trade-weighted Index"
"4330","FXRTWI","Trade-weighted Index May 1970 = 100","AUS","AUS",1993-09-24,48.1,"D","Index","Indicative","RBA","Daily","Historical Daily Exchange Rates Of The Australian Dollar Against:","Australian Dollar Trade-weighted Index"
"4331","FXRTWI","Trade-weighted Index May 1970 = 100","AUS","AUS",1993-09-27,47.9,"D","Index","Indicative","RBA","Daily","Historical Daily Exchange Rates Of The Australian Dollar Against:","Australian Dollar Trade-weighted Index"
"4332","FXRTWI","Trade-weighted Index May 1970 = 100","AUS","AUS",1993-09-28,47.5,"D","Index","Indicative","RBA","Daily","Historical Daily Exchange Rates Of The Australian Dollar Against:","Australian Dollar Trade-weighted Index"
"4333","FXRTWI","Trade-weighted Index May 1970 = 100","AUS","AUS",1993-09-29,47.3,"D","Index","Indicative","RBA","Daily","Historical Daily Exchange Rates Of The Australian Dollar Against:","Australian Dollar Trade-weighted Index"
"4334","DLCACS","Credit; Total; Seasonally adjusted","AUS","AUS",1993-09-30,351.026,"M","$ billion","Seasonally Adjusted","RBA","Monthly","D2 Lending And Credit Aggregates","Credit; Total; Seasonally adjusted – Includes securitisations – For series breaks see Series Breaks"
"4335","FIRMMCRT","Cash Rate Target","AUS","AUS",1993-09-30,4.75,"M","Per cent","Original","RBA","Monthly","F1.1 Interest Rates And Yields - Money Market","Cash Rate Target; monthly average"
"4336","FXRTWI","Trade-weighted Index May 1970 = 100","AUS","AUS",1993-09-30,47.3,"D","Index","Indicative","RBA","Daily","Historical Daily Exchange Rates Of The Australian Dollar Against:","Australian Dollar Trade-weighted Index"
"4337","FXRTWI","Trade-weighted Index May 1970 = 100","AUS","AUS",1993-09-30,47.3,"M","Index","Indicative","RBA","Monthly","F11 Exchange Rates","Australian Dollar Trade-weighted Index"
"4338","GCPIOCPMTMQP","Quarterly trimmed mean inflation","AUS","AUS",1993-09-30,0.6,"Q","Per cent","Seasonally Adjusted","ABS","Quarterly","G1 Consumer Price Inflation","Consumer price index; Trimmed mean; Quarterly change (in per cent)"
"4339","GRCPAISDR","Commodity prices – SDR","AUS","AUS",1993-09-30,25.9825192318892,"M","Index, 2023/24=100","Original","RBA","Monthly","I2 Commodity Prices","Index of commodity prices; All items; SDR"
"4340","A2718577A","Credits, Total goods ;","AUS","AUS",1993-10-01,5497,"M","$ Millions","Seasonally Adjusted",NA,"Monthly","TABLE 1. GOODS, Summary: Seasonally adjusted and trend estimates, Current prices",NA
"4341","A2718594C","Balance on goods ;","AUS","AUS",1993-10-01,62,"M","$ Millions","Seasonally Adjusted",NA,"Monthly","TABLE 1. GOODS, Summary: Seasonally adjusted and trend estimates, Current prices",NA
"4342","FXRTWI","Trade-weighted Index May 1970 = 100","AUS","AUS",1993-10-01,47.6,"D","Index","Indicative","RBA","Daily","Historical Daily Exchange Rates Of The Australian Dollar Against:","Australian Dollar Trade-weighted Index"
"4343","FXRTWI","Trade-weighted Index May 1970 = 100","AUS","AUS",1993-10-04,47.7,"D","Index","Indicative","RBA","Daily","Historical Daily Exchange Rates Of The Australian Dollar Against:","Australian Dollar Trade-weighted Index"
"4344","FXRTWI","Trade-weighted Index May 1970 = 100","AUS","AUS",1993-10-05,47.4,"D","Index","Indicative","RBA","Daily","Historical Daily Exchange Rates Of The Australian Dollar Against:","Australian Dollar Trade-weighted Index"
"4345","FXRTWI","Trade-weighted Index May 1970 = 100","AUS","AUS",1993-10-06,47.8,"D","Index","Indicative","RBA","Daily","Historical Daily Exchange Rates Of The Australian Dollar Against:","Australian Dollar Trade-weighted Index"
"4346","FXRTWI","Trade-weighted Index May 1970 = 100","AUS","AUS",1993-10-07,47.9,"D","Index","Indicative","RBA","Daily","Historical Daily Exchange Rates Of The Australian Dollar Against:","Australian Dollar Trade-weighted Index"
"4347","FXRTWI","Trade-weighted Index May 1970 = 100","AUS","AUS",1993-10-08,48,"D","Index","Indicative","RBA","Daily","Historical Daily Exchange Rates Of The Australian Dollar Against:","Australian Dollar Trade-weighted Index"
"4348","FXRTWI","Trade-weighted Index May 1970 = 100","AUS","AUS",1993-10-11,48.3,"D","Index","Indicative","RBA","Daily","Historical Daily Exchange Rates Of The Australian Dollar Against:","Australian Dollar Trade-weighted Index"
"4349","FXRTWI","Trade-weighted Index May 1970 = 100","AUS","AUS",1993-10-12,48.3,"D","Index","Indicative","RBA","Daily","Historical Daily Exchange Rates Of The Australian Dollar Against:","Australian Dollar Trade-weighted Index"
"4350","FXRTWI","Trade-weighted Index May 1970 = 100","AUS","AUS",1993-10-13,48.3,"D","Index","Indicative","RBA","Daily","Historical Daily Exchange Rates Of The Australian Dollar Against:","Australian Dollar Trade-weighted Index"
"4351","FXRTWI","Trade-weighted Index May 1970 = 100","AUS","AUS",1993-10-14,48.5,"D","Index","Indicative","RBA","Daily","Historical Daily Exchange Rates Of The Australian Dollar Against:","Australian Dollar Trade-weighted Index"
"4352","FXRTWI","Trade-weighted Index May 1970 = 100","AUS","AUS",1993-10-15,48.8,"D","Index","Indicative","RBA","Daily","Historical Daily Exchange Rates Of The Australian Dollar Against:","Australian Dollar Trade-weighted Index"
"4353","FXRTWI","Trade-weighted Index May 1970 = 100","AUS","AUS",1993-10-18,48.7,"D","Index","Indicative","RBA","Daily","Historical Daily Exchange Rates Of The Australian Dollar Against:","Australian Dollar Trade-weighted Index"
"4354","FXRTWI","Trade-weighted Index May 1970 = 100","AUS","AUS",1993-10-19,49,"D","Index","Indicative","RBA","Daily","Historical Daily Exchange Rates Of The Australian Dollar Against:","Australian Dollar Trade-weighted Index"
"4355","FXRTWI","Trade-weighted Index May 1970 = 100","AUS","AUS",1993-10-20,49,"D","Index","Indicative","RBA","Daily","Historical Daily Exchange Rates Of The Australian Dollar Against:","Australian Dollar Trade-weighted Index"
"4356","FXRTWI","Trade-weighted Index May 1970 = 100","AUS","AUS",1993-10-21,49.4,"D","Index","Indicative","RBA","Daily","Historical Daily Exchange Rates Of The Australian Dollar Against:","Australian Dollar Trade-weighted Index"
"4357","FXRTWI","Trade-weighted Index May 1970 = 100","AUS","AUS",1993-10-22,49.5,"D","Index","Indicative","RBA","Daily","Historical Daily Exchange Rates Of The Australian Dollar Against:","Australian Dollar Trade-weighted Index"
"4358","FXRTWI","Trade-weighted Index May 1970 = 100","AUS","AUS",1993-10-25,49.5,"D","Index","Indicative","RBA","Daily","Historical Daily Exchange Rates Of The Australian Dollar Against:","Australian Dollar Trade-weighted Index"
"4359","FXRTWI","Trade-weighted Index May 1970 = 100","AUS","AUS",1993-10-26,49.7,"D","Index","Indicative","RBA","Daily","Historical Daily Exchange Rates Of The Australian Dollar Against:","Australian Dollar Trade-weighted Index"
"4360","FXRTWI","Trade-weighted Index May 1970 = 100","AUS","AUS",1993-10-27,49.3,"D","Index","Indicative","RBA","Daily","Historical Daily Exchange Rates Of The Australian Dollar Against:","Australian Dollar Trade-weighted Index"
"4361","FXRTWI","Trade-weighted Index May 1970 = 100","AUS","AUS",1993-10-28,49.4,"D","Index","Indicative","RBA","Daily","Historical Daily Exchange Rates Of The Australian Dollar Against:","Australian Dollar Trade-weighted Index"
"4362","FXRTWI","Trade-weighted Index May 1970 = 100","AUS","AUS",1993-10-29,49.4,"D","Index","Indicative","RBA","Daily","Historical Daily Exchange Rates Of The Australian Dollar Against:","Australian Dollar Trade-weighted Index"
"4363","DLCACS","Credit; Total; Seasonally adjusted","AUS","AUS",1993-10-31,352.265,"M","$ billion","Seasonally Adjusted","RBA","Monthly","D2 Lending And Credit Aggregates","Credit; Total; Seasonally adjusted – Includes securitisations – For series breaks see Series Breaks"
"4364","FIRMMCRT","Cash Rate Target","AUS","AUS",1993-10-31,4.75,"M","Per cent","Original","RBA","Monthly","F1.1 Interest Rates And Yields - Money Market","Cash Rate Target; monthly average"
"4365","FXRTWI","Trade-weighted Index May 1970 = 100","AUS","AUS",1993-10-31,49.4,"M","Index","Indicative","RBA","Monthly","F11 Exchange Rates","Australian Dollar Trade-weighted Index"
"4366","GRCPAISDR","Commodity prices – SDR","AUS","AUS",1993-10-31,26.2399989955607,"M","Index, 2023/24=100","Original","RBA","Monthly","I2 Commodity Prices","Index of commodity prices; All items; SDR"
"4367","A2718577A","Credits, Total goods ;","AUS","AUS",1993-11-01,5395,"M","$ Millions","Seasonally Adjusted",NA,"Monthly","TABLE 1. GOODS, Summary: Seasonally adjusted and trend estimates, Current prices",NA
"4368","A2718594C","Balance on goods ;","AUS","AUS",1993-11-01,93,"M","$ Millions","Seasonally Adjusted",NA,"Monthly","TABLE 1. GOODS, Summary: Seasonally adjusted and trend estimates, Current prices",NA
"4369","FXRTWI","Trade-weighted Index May 1970 = 100","AUS","AUS",1993-11-01,49.9,"D","Index","Indicative","RBA","Daily","Historical Daily Exchange Rates Of The Australian Dollar Against:","Australian Dollar Trade-weighted Index"
"4370","FXRTWI","Trade-weighted Index May 1970 = 100","AUS","AUS",1993-11-02,50,"D","Index","Indicative","RBA","Daily","Historical Daily Exchange Rates Of The Australian Dollar Against:","Australian Dollar Trade-weighted Index"
"4371","FXRTWI","Trade-weighted Index May 1970 = 100","AUS","AUS",1993-11-03,50,"D","Index","Indicative","RBA","Daily","Historical Daily Exchange Rates Of The Australian Dollar Against:","Australian Dollar Trade-weighted Index"
"4372","FXRTWI","Trade-weighted Index May 1970 = 100","AUS","AUS",1993-11-04,50,"D","Index","Indicative","RBA","Daily","Historical Daily Exchange Rates Of The Australian Dollar Against:","Australian Dollar Trade-weighted Index"
"4373","FXRTWI","Trade-weighted Index May 1970 = 100","AUS","AUS",1993-11-05,50,"D","Index","Indicative","RBA","Daily","Historical Daily Exchange Rates Of The Australian Dollar Against:","Australian Dollar Trade-weighted Index"
"4374","FXRTWI","Trade-weighted Index May 1970 = 100","AUS","AUS",1993-11-08,49.9,"D","Index","Indicative","RBA","Daily","Historical Daily Exchange Rates Of The Australian Dollar Against:","Australian Dollar Trade-weighted Index"
"4375","FXRTWI","Trade-weighted Index May 1970 = 100","AUS","AUS",1993-11-09,49.4,"D","Index","Indicative","RBA","Daily","Historical Daily Exchange Rates Of The Australian Dollar Against:","Australian Dollar Trade-weighted Index"
"4376","FXRTWI","Trade-weighted Index May 1970 = 100","AUS","AUS",1993-11-10,49.5,"D","Index","Indicative","RBA","Daily","Historical Daily Exchange Rates Of The Australian Dollar Against:","Australian Dollar Trade-weighted Index"
"4377","FXRTWI","Trade-weighted Index May 1970 = 100","AUS","AUS",1993-11-11,49,"D","Index","Indicative","RBA","Daily","Historical Daily Exchange Rates Of The Australian Dollar Against:","Australian Dollar Trade-weighted Index"
"4378","FXRTWI","Trade-weighted Index May 1970 = 100","AUS","AUS",1993-11-12,49.2,"D","Index","Indicative","RBA","Daily","Historical Daily Exchange Rates Of The Australian Dollar Against:","Australian Dollar Trade-weighted Index"
"4379","FXRTWI","Trade-weighted Index May 1970 = 100","AUS","AUS",1993-11-15,48.3,"D","Index","Indicative","RBA","Daily","Historical Daily Exchange Rates Of The Australian Dollar Against:","Australian Dollar Trade-weighted Index"
"4380","FXRTWI","Trade-weighted Index May 1970 = 100","AUS","AUS",1993-11-16,48.7,"D","Index","Indicative","RBA","Daily","Historical Daily Exchange Rates Of The Australian Dollar Against:","Australian Dollar Trade-weighted Index"
"4381","FXRTWI","Trade-weighted Index May 1970 = 100","AUS","AUS",1993-11-17,49.1,"D","Index","Indicative","RBA","Daily","Historical Daily Exchange Rates Of The Australian Dollar Against:","Australian Dollar Trade-weighted Index"
"4382","FXRTWI","Trade-weighted Index May 1970 = 100","AUS","AUS",1993-11-18,49.4,"D","Index","Indicative","RBA","Daily","Historical Daily Exchange Rates Of The Australian Dollar Against:","Australian Dollar Trade-weighted Index"
"4383","FXRTWI","Trade-weighted Index May 1970 = 100","AUS","AUS",1993-11-19,49,"D","Index","Indicative","RBA","Daily","Historical Daily Exchange Rates Of The Australian Dollar Against:","Australian Dollar Trade-weighted Index"
"4384","FXRTWI","Trade-weighted Index May 1970 = 100","AUS","AUS",1993-11-22,49.1,"D","Index","Indicative","RBA","Daily","Historical Daily Exchange Rates Of The Australian Dollar Against:","Australian Dollar Trade-weighted Index"
"4385","FXRTWI","Trade-weighted Index May 1970 = 100","AUS","AUS",1993-11-23,49.4,"D","Index","Indicative","RBA","Daily","Historical Daily Exchange Rates Of The Australian Dollar Against:","Australian Dollar Trade-weighted Index"
"4386","FXRTWI","Trade-weighted Index May 1970 = 100","AUS","AUS",1993-11-24,49.3,"D","Index","Indicative","RBA","Daily","Historical Daily Exchange Rates Of The Australian Dollar Against:","Australian Dollar Trade-weighted Index"
"4387","FXRTWI","Trade-weighted Index May 1970 = 100","AUS","AUS",1993-11-25,49.5,"D","Index","Indicative","RBA","Daily","Historical Daily Exchange Rates Of The Australian Dollar Against:","Australian Dollar Trade-weighted Index"
"4388","FXRTWI","Trade-weighted Index May 1970 = 100","AUS","AUS",1993-11-26,49.3,"D","Index","Indicative","RBA","Daily","Historical Daily Exchange Rates Of The Australian Dollar Against:","Australian Dollar Trade-weighted Index"
"4389","FXRTWI","Trade-weighted Index May 1970 = 100","AUS","AUS",1993-11-29,49.2,"D","Index","Indicative","RBA","Daily","Historical Daily Exchange Rates Of The Australian Dollar Against:","Australian Dollar Trade-weighted Index"
"4390","DLCACS","Credit; Total; Seasonally adjusted","AUS","AUS",1993-11-30,354.352,"M","$ billion","Seasonally Adjusted","RBA","Monthly","D2 Lending And Credit Aggregates","Credit; Total; Seasonally adjusted – Includes securitisations – For series breaks see Series Breaks"
"4391","FIRMMCRT","Cash Rate Target","AUS","AUS",1993-11-30,4.75,"M","Per cent","Original","RBA","Monthly","F1.1 Interest Rates And Yields - Money Market","Cash Rate Target; monthly average"
"4392","FXRTWI","Trade-weighted Index May 1970 = 100","AUS","AUS",1993-11-30,49.1,"D","Index","Indicative","RBA","Daily","Historical Daily Exchange Rates Of The Australian Dollar Against:","Australian Dollar Trade-weighted Index"
"4393","FXRTWI","Trade-weighted Index May 1970 = 100","AUS","AUS",1993-11-30,49.1,"M","Index","Indicative","RBA","Monthly","F11 Exchange Rates","Australian Dollar Trade-weighted Index"
"4394","GRCPAISDR","Commodity prices – SDR","AUS","AUS",1993-11-30,26.589162420845,"M","Index, 2023/24=100","Original","RBA","Monthly","I2 Commodity Prices","Index of commodity prices; All items; SDR"
"4395","A2302956R","South Australia ; STATE FINAL DEMAND ;","SA","SA",1993-12-01,16040,"Q","$ Millions","Seasonally Adjusted",NA,"Quarterly","Table 25. State Final Demand, Summary Components by State: Chain volume measures",NA
"4396","A2302984X","Western Australia ; STATE FINAL DEMAND ;","WA","WA",1993-12-01,23659,"Q","$ Millions","Seasonally Adjusted",NA,"Quarterly","Table 25. State Final Demand, Summary Components by State: Chain volume measures",NA
"4397","A2303012X","Tasmania ; STATE FINAL DEMAND ;","TAS","TAS",1993-12-01,5364,"Q","$ Millions","Seasonally Adjusted",NA,"Quarterly","Table 25. State Final Demand, Summary Components by State: Chain volume measures",NA
"4398","A2303040J","Northern Territory ; STATE FINAL DEMAND ;","NT","NT",1993-12-01,2872,"Q","$ Millions","Seasonally Adjusted",NA,"Quarterly","Table 25. State Final Demand, Summary Components by State: Chain volume measures",NA
"4399","A2303068K","Australian Capital Territory ; STATE FINAL DEMAND ;","ACT","ACT",1993-12-01,6338,"Q","$ Millions","Seasonally Adjusted",NA,"Quarterly","Table 25. State Final Demand, Summary Components by State: Chain volume measures",NA
"4400","A2303111F","New South Wales ; STATE FINAL DEMAND ;","NSW","NSW",1993-12-01,77341,"Q","$ Millions","Seasonally Adjusted",NA,"Quarterly","Table 25. State Final Demand, Summary Components by State: Chain volume measures",NA
"4401","A2303139J","Victoria ; STATE FINAL DEMAND ;","VIC","VIC",1993-12-01,52684,"Q","$ Millions","Seasonally Adjusted",NA,"Quarterly","Table 25. State Final Demand, Summary Components by State: Chain volume measures",NA
"4402","A2303187A","Queensland ; STATE FINAL DEMAND ;","QLD","QLD",1993-12-01,39077,"Q","$ Millions","Seasonally Adjusted",NA,"Quarterly","Table 25. State Final Demand, Summary Components by State: Chain volume measures",NA
"4403","A2304418T","Gross domestic product: Current prices ;","AUS","AUS",1993-12-01,115645,"Q","$ Millions","Seasonally Adjusted",NA,"Quarterly","Table 1. Key National Accounts Aggregates",NA
"4404","A2325846C","Index Numbers ; All groups CPI ; Australia ;","AUS","AUS",1993-12-01,61.2,"Q","Index Numbers","Original",NA,"Quarterly","TABLES 1 and 2. CPI: All Groups, Index Numbers and Percentage Changes",NA
"4405","A2718577A","Credits, Total goods ;","AUS","AUS",1993-12-01,5264,"M","$ Millions","Seasonally Adjusted",NA,"Monthly","TABLE 1. GOODS, Summary: Seasonally adjusted and trend estimates, Current prices",NA
"4406","A2718594C","Balance on goods ;","AUS","AUS",1993-12-01,-283,"M","$ Millions","Seasonally Adjusted",NA,"Monthly","TABLE 1. GOODS, Summary: Seasonally adjusted and trend estimates, Current prices",NA
"4407","FXRTWI","Trade-weighted Index May 1970 = 100","AUS","AUS",1993-12-01,49.2,"D","Index","Indicative","RBA","Daily","Historical Daily Exchange Rates Of The Australian Dollar Against:","Australian Dollar Trade-weighted Index"
"4408","FXRTWI","Trade-weighted Index May 1970 = 100","AUS","AUS",1993-12-02,49.4,"D","Index","Indicative","RBA","Daily","Historical Daily Exchange Rates Of The Australian Dollar Against:","Australian Dollar Trade-weighted Index"
"4409","FXRTWI","Trade-weighted Index May 1970 = 100","AUS","AUS",1993-12-03,49.9,"D","Index","Indicative","RBA","Daily","Historical Daily Exchange Rates Of The Australian Dollar Against:","Australian Dollar Trade-weighted Index"
"4410","FXRTWI","Trade-weighted Index May 1970 = 100","AUS","AUS",1993-12-06,49.6,"D","Index","Indicative","RBA","Daily","Historical Daily Exchange Rates Of The Australian Dollar Against:","Australian Dollar Trade-weighted Index"
"4411","FXRTWI","Trade-weighted Index May 1970 = 100","AUS","AUS",1993-12-07,49.7,"D","Index","Indicative","RBA","Daily","Historical Daily Exchange Rates Of The Australian Dollar Against:","Australian Dollar Trade-weighted Index"
"4412","FXRTWI","Trade-weighted Index May 1970 = 100","AUS","AUS",1993-12-08,49.6,"D","Index","Indicative","RBA","Daily","Historical Daily Exchange Rates Of The Australian Dollar Against:","Australian Dollar Trade-weighted Index"
"4413","FXRTWI","Trade-weighted Index May 1970 = 100","AUS","AUS",1993-12-09,50,"D","Index","Indicative","RBA","Daily","Historical Daily Exchange Rates Of The Australian Dollar Against:","Australian Dollar Trade-weighted Index"
"4414","FXRTWI","Trade-weighted Index May 1970 = 100","AUS","AUS",1993-12-10,49.9,"D","Index","Indicative","RBA","Daily","Historical Daily Exchange Rates Of The Australian Dollar Against:","Australian Dollar Trade-weighted Index"
"4415","FXRTWI","Trade-weighted Index May 1970 = 100","AUS","AUS",1993-12-13,49.8,"D","Index","Indicative","RBA","Daily","Historical Daily Exchange Rates Of The Australian Dollar Against:","Australian Dollar Trade-weighted Index"
"4416","FXRTWI","Trade-weighted Index May 1970 = 100","AUS","AUS",1993-12-14,49.9,"D","Index","Indicative","RBA","Daily","Historical Daily Exchange Rates Of The Australian Dollar Against:","Australian Dollar Trade-weighted Index"
"4417","FXRTWI","Trade-weighted Index May 1970 = 100","AUS","AUS",1993-12-15,50.2,"D","Index","Indicative","RBA","Daily","Historical Daily Exchange Rates Of The Australian Dollar Against:","Australian Dollar Trade-weighted Index"
"4418","FXRTWI","Trade-weighted Index May 1970 = 100","AUS","AUS",1993-12-16,50.4,"D","Index","Indicative","RBA","Daily","Historical Daily Exchange Rates Of The Australian Dollar Against:","Australian Dollar Trade-weighted Index"
"4419","FXRTWI","Trade-weighted Index May 1970 = 100","AUS","AUS",1993-12-17,50.2,"D","Index","Indicative","RBA","Daily","Historical Daily Exchange Rates Of The Australian Dollar Against:","Australian Dollar Trade-weighted Index"
"4420","FXRTWI","Trade-weighted Index May 1970 = 100","AUS","AUS",1993-12-20,50.6,"D","Index","Indicative","RBA","Daily","Historical Daily Exchange Rates Of The Australian Dollar Against:","Australian Dollar Trade-weighted Index"
"4421","FXRTWI","Trade-weighted Index May 1970 = 100","AUS","AUS",1993-12-21,50.7,"D","Index","Indicative","RBA","Daily","Historical Daily Exchange Rates Of The Australian Dollar Against:","Australian Dollar Trade-weighted Index"
"4422","FXRTWI","Trade-weighted Index May 1970 = 100","AUS","AUS",1993-12-22,50.8,"D","Index","Indicative","RBA","Daily","Historical Daily Exchange Rates Of The Australian Dollar Against:","Australian Dollar Trade-weighted Index"
"4423","FXRTWI","Trade-weighted Index May 1970 = 100","AUS","AUS",1993-12-23,50.6,"D","Index","Indicative","RBA","Daily","Historical Daily Exchange Rates Of The Australian Dollar Against:","Australian Dollar Trade-weighted Index"
"4424","FXRTWI","Trade-weighted Index May 1970 = 100","AUS","AUS",1993-12-24,50.6,"D","Index","Indicative","RBA","Daily","Historical Daily Exchange Rates Of The Australian Dollar Against:","Australian Dollar Trade-weighted Index"
"4425","FXRTWI","Trade-weighted Index May 1970 = 100","AUS","AUS",1993-12-29,50.6,"D","Index","Indicative","RBA","Daily","Historical Daily Exchange Rates Of The Australian Dollar Against:","Australian Dollar Trade-weighted Index"
"4426","FXRTWI","Trade-weighted Index May 1970 = 100","AUS","AUS",1993-12-30,50.7,"D","Index","Indicative","RBA","Daily","Historical Daily Exchange Rates Of The Australian Dollar Against:","Australian Dollar Trade-weighted Index"
"4427","DLCACS","Credit; Total; Seasonally adjusted","AUS","AUS",1993-12-31,356.02,"M","$ billion","Seasonally Adjusted","RBA","Monthly","D2 Lending And Credit Aggregates","Credit; Total; Seasonally adjusted – Includes securitisations – For series breaks see Series Breaks"
"4428","FIRMMCRT","Cash Rate Target","AUS","AUS",1993-12-31,4.75,"M","Per cent","Original","RBA","Monthly","F1.1 Interest Rates And Yields - Money Market","Cash Rate Target; monthly average"
"4429","FXRTWI","Trade-weighted Index May 1970 = 100","AUS","AUS",1993-12-31,50.8,"D","Index","Indicative","RBA","Daily","Historical Daily Exchange Rates Of The Australian Dollar Against:","Australian Dollar Trade-weighted Index"
"4430","FXRTWI","Trade-weighted Index May 1970 = 100","AUS","AUS",1993-12-31,50.8,"M","Index","Indicative","RBA","Monthly","F11 Exchange Rates","Australian Dollar Trade-weighted Index"
"4431","GCPIOCPMTMQP","Quarterly trimmed mean inflation","AUS","AUS",1993-12-31,0.6,"Q","Per cent","Seasonally Adjusted","ABS","Quarterly","G1 Consumer Price Inflation","Consumer price index; Trimmed mean; Quarterly change (in per cent)"
"4432","GRCPAISDR","Commodity prices – SDR","AUS","AUS",1993-12-31,27.1722459959335,"M","Index, 2023/24=100","Original","RBA","Monthly","I2 Commodity Prices","Index of commodity prices; All items; SDR"
"4433","A2718577A","Credits, Total goods ;","AUS","AUS",1994-01-01,5332,"M","$ Millions","Seasonally Adjusted",NA,"Monthly","TABLE 1. GOODS, Summary: Seasonally adjusted and trend estimates, Current prices",NA
"4434","A2718594C","Balance on goods ;","AUS","AUS",1994-01-01,45,"M","$ Millions","Seasonally Adjusted",NA,"Monthly","TABLE 1. GOODS, Summary: Seasonally adjusted and trend estimates, Current prices",NA
"4435","FXRTWI","Trade-weighted Index May 1970 = 100","AUS","AUS",1994-01-04,52.7,"D","Index","Indicative","RBA","Daily","Historical Daily Exchange Rates Of The Australian Dollar Against:","Australian Dollar Trade-weighted Index"
"4436","FXRTWI","Trade-weighted Index May 1970 = 100","AUS","AUS",1994-01-05,52.6,"D","Index","Indicative","RBA","Daily","Historical Daily Exchange Rates Of The Australian Dollar Against:","Australian Dollar Trade-weighted Index"
"4437","FXRTWI","Trade-weighted Index May 1970 = 100","AUS","AUS",1994-01-06,52.5,"D","Index","Indicative","RBA","Daily","Historical Daily Exchange Rates Of The Australian Dollar Against:","Australian Dollar Trade-weighted Index"
"4438","FXRTWI","Trade-weighted Index May 1970 = 100","AUS","AUS",1994-01-07,52.4,"D","Index","Indicative","RBA","Daily","Historical Daily Exchange Rates Of The Australian Dollar Against:","Australian Dollar Trade-weighted Index"
"4439","FXRTWI","Trade-weighted Index May 1970 = 100","AUS","AUS",1994-01-10,52.2,"D","Index","Indicative","RBA","Daily","Historical Daily Exchange Rates Of The Australian Dollar Against:","Australian Dollar Trade-weighted Index"
"4440","FXRTWI","Trade-weighted Index May 1970 = 100","AUS","AUS",1994-01-11,52.8,"D","Index","Indicative","RBA","Daily","Historical Daily Exchange Rates Of The Australian Dollar Against:","Australian Dollar Trade-weighted Index"
"4441","FXRTWI","Trade-weighted Index May 1970 = 100","AUS","AUS",1994-01-12,52.7,"D","Index","Indicative","RBA","Daily","Historical Daily Exchange Rates Of The Australian Dollar Against:","Australian Dollar Trade-weighted Index"
"4442","FXRTWI","Trade-weighted Index May 1970 = 100","AUS","AUS",1994-01-13,52.7,"D","Index","Indicative","RBA","Daily","Historical Daily Exchange Rates Of The Australian Dollar Against:","Australian Dollar Trade-weighted Index"
"4443","FXRTWI","Trade-weighted Index May 1970 = 100","AUS","AUS",1994-01-14,52.7,"D","Index","Indicative","RBA","Daily","Historical Daily Exchange Rates Of The Australian Dollar Against:","Australian Dollar Trade-weighted Index"
"4444","FXRTWI","Trade-weighted Index May 1970 = 100","AUS","AUS",1994-01-17,52.7,"D","Index","Indicative","RBA","Daily","Historical Daily Exchange Rates Of The Australian Dollar Against:","Australian Dollar Trade-weighted Index"
"4445","FXRTWI","Trade-weighted Index May 1970 = 100","AUS","AUS",1994-01-18,53.1,"D","Index","Indicative","RBA","Daily","Historical Daily Exchange Rates Of The Australian Dollar Against:","Australian Dollar Trade-weighted Index"
"4446","FXRTWI","Trade-weighted Index May 1970 = 100","AUS","AUS",1994-01-19,53.3,"D","Index","Indicative","RBA","Daily","Historical Daily Exchange Rates Of The Australian Dollar Against:","Australian Dollar Trade-weighted Index"
"4447","FXRTWI","Trade-weighted Index May 1970 = 100","AUS","AUS",1994-01-20,53.5,"D","Index","Indicative","RBA","Daily","Historical Daily Exchange Rates Of The Australian Dollar Against:","Australian Dollar Trade-weighted Index"
"4448","FXRTWI","Trade-weighted Index May 1970 = 100","AUS","AUS",1994-01-21,53.5,"D","Index","Indicative","RBA","Daily","Historical Daily Exchange Rates Of The Australian Dollar Against:","Australian Dollar Trade-weighted Index"
"4449","FXRTWI","Trade-weighted Index May 1970 = 100","AUS","AUS",1994-01-24,53.6,"D","Index","Indicative","RBA","Daily","Historical Daily Exchange Rates Of The Australian Dollar Against:","Australian Dollar Trade-weighted Index"
"4450","FXRTWI","Trade-weighted Index May 1970 = 100","AUS","AUS",1994-01-25,54.1,"D","Index","Indicative","RBA","Daily","Historical Daily Exchange Rates Of The Australian Dollar Against:","Australian Dollar Trade-weighted Index"
"4451","FXRTWI","Trade-weighted Index May 1970 = 100","AUS","AUS",1994-01-27,53.8,"D","Index","Indicative","RBA","Daily","Historical Daily Exchange Rates Of The Australian Dollar Against:","Australian Dollar Trade-weighted Index"
"4452","FXRTWI","Trade-weighted Index May 1970 = 100","AUS","AUS",1994-01-28,53.5,"D","Index","Indicative","RBA","Daily","Historical Daily Exchange Rates Of The Australian Dollar Against:","Australian Dollar Trade-weighted Index"
"4453","DLCACS","Credit; Total; Seasonally adjusted","AUS","AUS",1994-01-31,357.834,"M","$ billion","Seasonally Adjusted","RBA","Monthly","D2 Lending And Credit Aggregates","Credit; Total; Seasonally adjusted – Includes securitisations – For series breaks see Series Breaks"
"4454","FIRMMCRT","Cash Rate Target","AUS","AUS",1994-01-31,4.75,"M","Per cent","Original","RBA","Monthly","F1.1 Interest Rates And Yields - Money Market","Cash Rate Target; monthly average"
"4455","FXRTWI","Trade-weighted Index May 1970 = 100","AUS","AUS",1994-01-31,54,"D","Index","Indicative","RBA","Daily","Historical Daily Exchange Rates Of The Australian Dollar Against:","Australian Dollar Trade-weighted Index"
"4456","FXRTWI","Trade-weighted Index May 1970 = 100","AUS","AUS",1994-01-31,54,"M","Index","Indicative","RBA","Monthly","F11 Exchange Rates","Australian Dollar Trade-weighted Index"
"4457","GRCPAISDR","Commodity prices – SDR","AUS","AUS",1994-01-31,28.0260694949565,"M","Index, 2023/24=100","Original","RBA","Monthly","I2 Commodity Prices","Index of commodity prices; All items; SDR"
"4458","A2718577A","Credits, Total goods ;","AUS","AUS",1994-02-01,5324,"M","$ Millions","Seasonally Adjusted",NA,"Monthly","TABLE 1. GOODS, Summary: Seasonally adjusted and trend estimates, Current prices",NA
"4459","A2718594C","Balance on goods ;","AUS","AUS",1994-02-01,263,"M","$ Millions","Seasonally Adjusted",NA,"Monthly","TABLE 1. GOODS, Summary: Seasonally adjusted and trend estimates, Current prices",NA
"4460","FXRTWI","Trade-weighted Index May 1970 = 100","AUS","AUS",1994-02-01,53.9,"D","Index","Indicative","RBA","Daily","Historical Daily Exchange Rates Of The Australian Dollar Against:","Australian Dollar Trade-weighted Index"
"4461","FXRTWI","Trade-weighted Index May 1970 = 100","AUS","AUS",1994-02-02,53.9,"D","Index","Indicative","RBA","Daily","Historical Daily Exchange Rates Of The Australian Dollar Against:","Australian Dollar Trade-weighted Index"
"4462","FXRTWI","Trade-weighted Index May 1970 = 100","AUS","AUS",1994-02-03,54.1,"D","Index","Indicative","RBA","Daily","Historical Daily Exchange Rates Of The Australian Dollar Against:","Australian Dollar Trade-weighted Index"
"4463","FXRTWI","Trade-weighted Index May 1970 = 100","AUS","AUS",1994-02-04,54,"D","Index","Indicative","RBA","Daily","Historical Daily Exchange Rates Of The Australian Dollar Against:","Australian Dollar Trade-weighted Index"
"4464","FXRTWI","Trade-weighted Index May 1970 = 100","AUS","AUS",1994-02-07,54,"D","Index","Indicative","RBA","Daily","Historical Daily Exchange Rates Of The Australian Dollar Against:","Australian Dollar Trade-weighted Index"
"4465","FXRTWI","Trade-weighted Index May 1970 = 100","AUS","AUS",1994-02-08,54.4,"D","Index","Indicative","RBA","Daily","Historical Daily Exchange Rates Of The Australian Dollar Against:","Australian Dollar Trade-weighted Index"
"4466","FXRTWI","Trade-weighted Index May 1970 = 100","AUS","AUS",1994-02-09,54.4,"D","Index","Indicative","RBA","Daily","Historical Daily Exchange Rates Of The Australian Dollar Against:","Australian Dollar Trade-weighted Index"
"4467","FXRTWI","Trade-weighted Index May 1970 = 100","AUS","AUS",1994-02-10,54.6,"D","Index","Indicative","RBA","Daily","Historical Daily Exchange Rates Of The Australian Dollar Against:","Australian Dollar Trade-weighted Index"
"4468","FXRTWI","Trade-weighted Index May 1970 = 100","AUS","AUS",1994-02-11,54.3,"D","Index","Indicative","RBA","Daily","Historical Daily Exchange Rates Of The Australian Dollar Against:","Australian Dollar Trade-weighted Index"
"4469","FXRTWI","Trade-weighted Index May 1970 = 100","AUS","AUS",1994-02-14,53.6,"D","Index","Indicative","RBA","Daily","Historical Daily Exchange Rates Of The Australian Dollar Against:","Australian Dollar Trade-weighted Index"
"4470","FXRTWI","Trade-weighted Index May 1970 = 100","AUS","AUS",1994-02-15,52.8,"D","Index","Indicative","RBA","Daily","Historical Daily Exchange Rates Of The Australian Dollar Against:","Australian Dollar Trade-weighted Index"
"4471","FXRTWI","Trade-weighted Index May 1970 = 100","AUS","AUS",1994-02-16,53.3,"D","Index","Indicative","RBA","Daily","Historical Daily Exchange Rates Of The Australian Dollar Against:","Australian Dollar Trade-weighted Index"
"4472","FXRTWI","Trade-weighted Index May 1970 = 100","AUS","AUS",1994-02-17,53.4,"D","Index","Indicative","RBA","Daily","Historical Daily Exchange Rates Of The Australian Dollar Against:","Australian Dollar Trade-weighted Index"
"4473","FXRTWI","Trade-weighted Index May 1970 = 100","AUS","AUS",1994-02-18,53.5,"D","Index","Indicative","RBA","Daily","Historical Daily Exchange Rates Of The Australian Dollar Against:","Australian Dollar Trade-weighted Index"
"4474","FXRTWI","Trade-weighted Index May 1970 = 100","AUS","AUS",1994-02-21,53.3,"D","Index","Indicative","RBA","Daily","Historical Daily Exchange Rates Of The Australian Dollar Against:","Australian Dollar Trade-weighted Index"
"4475","FXRTWI","Trade-weighted Index May 1970 = 100","AUS","AUS",1994-02-22,54.1,"D","Index","Indicative","RBA","Daily","Historical Daily Exchange Rates Of The Australian Dollar Against:","Australian Dollar Trade-weighted Index"
"4476","FXRTWI","Trade-weighted Index May 1970 = 100","AUS","AUS",1994-02-23,54.1,"D","Index","Indicative","RBA","Daily","Historical Daily Exchange Rates Of The Australian Dollar Against:","Australian Dollar Trade-weighted Index"
"4477","FXRTWI","Trade-weighted Index May 1970 = 100","AUS","AUS",1994-02-24,54.6,"D","Index","Indicative","RBA","Daily","Historical Daily Exchange Rates Of The Australian Dollar Against:","Australian Dollar Trade-weighted Index"
"4478","FXRTWI","Trade-weighted Index May 1970 = 100","AUS","AUS",1994-02-25,54.1,"D","Index","Indicative","RBA","Daily","Historical Daily Exchange Rates Of The Australian Dollar Against:","Australian Dollar Trade-weighted Index"
"4479","DLCACS","Credit; Total; Seasonally adjusted","AUS","AUS",1994-02-28,359.558,"M","$ billion","Seasonally Adjusted","RBA","Monthly","D2 Lending And Credit Aggregates","Credit; Total; Seasonally adjusted – Includes securitisations – For series breaks see Series Breaks"
"4480","FIRMMCRT","Cash Rate Target","AUS","AUS",1994-02-28,4.75,"M","Per cent","Original","RBA","Monthly","F1.1 Interest Rates And Yields - Money Market","Cash Rate Target; monthly average"
"4481","FXRTWI","Trade-weighted Index May 1970 = 100","AUS","AUS",1994-02-28,53.6,"D","Index","Indicative","RBA","Daily","Historical Daily Exchange Rates Of The Australian Dollar Against:","Australian Dollar Trade-weighted Index"
"4482","FXRTWI","Trade-weighted Index May 1970 = 100","AUS","AUS",1994-02-28,53.6,"M","Index","Indicative","RBA","Monthly","F11 Exchange Rates","Australian Dollar Trade-weighted Index"
"4483","GRCPAISDR","Commodity prices – SDR","AUS","AUS",1994-02-28,28.1629439804364,"M","Index, 2023/24=100","Original","RBA","Monthly","I2 Commodity Prices","Index of commodity prices; All items; SDR"
"4484","A2302956R","South Australia ; STATE FINAL DEMAND ;","SA","SA",1994-03-01,16204,"Q","$ Millions","Seasonally Adjusted",NA,"Quarterly","Table 25. State Final Demand, Summary Components by State: Chain volume measures",NA
"4485","A2302984X","Western Australia ; STATE FINAL DEMAND ;","WA","WA",1994-03-01,23630,"Q","$ Millions","Seasonally Adjusted",NA,"Quarterly","Table 25. State Final Demand, Summary Components by State: Chain volume measures",NA
"4486","A2303012X","Tasmania ; STATE FINAL DEMAND ;","TAS","TAS",1994-03-01,5419,"Q","$ Millions","Seasonally Adjusted",NA,"Quarterly","Table 25. State Final Demand, Summary Components by State: Chain volume measures",NA
"4487","A2303040J","Northern Territory ; STATE FINAL DEMAND ;","NT","NT",1994-03-01,2916,"Q","$ Millions","Seasonally Adjusted",NA,"Quarterly","Table 25. State Final Demand, Summary Components by State: Chain volume measures",NA
"4488","A2303068K","Australian Capital Territory ; STATE FINAL DEMAND ;","ACT","ACT",1994-03-01,6497,"Q","$ Millions","Seasonally Adjusted",NA,"Quarterly","Table 25. State Final Demand, Summary Components by State: Chain volume measures",NA
"4489","A2303111F","New South Wales ; STATE FINAL DEMAND ;","NSW","NSW",1994-03-01,78636,"Q","$ Millions","Seasonally Adjusted",NA,"Quarterly","Table 25. State Final Demand, Summary Components by State: Chain volume measures",NA
"4490","A2303139J","Victoria ; STATE FINAL DEMAND ;","VIC","VIC",1994-03-01,52922,"Q","$ Millions","Seasonally Adjusted",NA,"Quarterly","Table 25. State Final Demand, Summary Components by State: Chain volume measures",NA
"4491","A2303187A","Queensland ; STATE FINAL DEMAND ;","QLD","QLD",1994-03-01,39651,"Q","$ Millions","Seasonally Adjusted",NA,"Quarterly","Table 25. State Final Demand, Summary Components by State: Chain volume measures",NA
"4492","A2304418T","Gross domestic product: Current prices ;","AUS","AUS",1994-03-01,118001,"Q","$ Millions","Seasonally Adjusted",NA,"Quarterly","Table 1. Key National Accounts Aggregates",NA
"4493","A2325846C","Index Numbers ; All groups CPI ; Australia ;","AUS","AUS",1994-03-01,61.5,"Q","Index Numbers","Original",NA,"Quarterly","TABLES 1 and 2. CPI: All Groups, Index Numbers and Percentage Changes",NA
"4494","A2718577A","Credits, Total goods ;","AUS","AUS",1994-03-01,5457,"M","$ Millions","Seasonally Adjusted",NA,"Monthly","TABLE 1. GOODS, Summary: Seasonally adjusted and trend estimates, Current prices",NA
"4495","A2718594C","Balance on goods ;","AUS","AUS",1994-03-01,-74,"M","$ Millions","Seasonally Adjusted",NA,"Monthly","TABLE 1. GOODS, Summary: Seasonally adjusted and trend estimates, Current prices",NA
"4496","FXRTWI","Trade-weighted Index May 1970 = 100","AUS","AUS",1994-03-01,53.5,"D","Index","Indicative","RBA","Daily","Historical Daily Exchange Rates Of The Australian Dollar Against:","Australian Dollar Trade-weighted Index"
"4497","FXRTWI","Trade-weighted Index May 1970 = 100","AUS","AUS",1994-03-02,53,"D","Index","Indicative","RBA","Daily","Historical Daily Exchange Rates Of The Australian Dollar Against:","Australian Dollar Trade-weighted Index"
"4498","FXRTWI","Trade-weighted Index May 1970 = 100","AUS","AUS",1994-03-03,52.9,"D","Index","Indicative","RBA","Daily","Historical Daily Exchange Rates Of The Australian Dollar Against:","Australian Dollar Trade-weighted Index"
"4499","FXRTWI","Trade-weighted Index May 1970 = 100","AUS","AUS",1994-03-04,53.3,"D","Index","Indicative","RBA","Daily","Historical Daily Exchange Rates Of The Australian Dollar Against:","Australian Dollar Trade-weighted Index"
"4500","FXRTWI","Trade-weighted Index May 1970 = 100","AUS","AUS",1994-03-07,54,"D","Index","Indicative","RBA","Daily","Historical Daily Exchange Rates Of The Australian Dollar Against:","Australian Dollar Trade-weighted Index"
"4501","FXRTWI","Trade-weighted Index May 1970 = 100","AUS","AUS",1994-03-08,53.9,"D","Index","Indicative","RBA","Daily","Historical Daily Exchange Rates Of The Australian Dollar Against:","Australian Dollar Trade-weighted Index"
"4502","FXRTWI","Trade-weighted Index May 1970 = 100","AUS","AUS",1994-03-09,53.5,"D","Index","Indicative","RBA","Daily","Historical Daily Exchange Rates Of The Australian Dollar Against:","Australian Dollar Trade-weighted Index"
"4503","FXRTWI","Trade-weighted Index May 1970 = 100","AUS","AUS",1994-03-10,53.1,"D","Index","Indicative","RBA","Daily","Historical Daily Exchange Rates Of The Australian Dollar Against:","Australian Dollar Trade-weighted Index"
"4504","FXRTWI","Trade-weighted Index May 1970 = 100","AUS","AUS",1994-03-11,53.1,"D","Index","Indicative","RBA","Daily","Historical Daily Exchange Rates Of The Australian Dollar Against:","Australian Dollar Trade-weighted Index"
"4505","FXRTWI","Trade-weighted Index May 1970 = 100","AUS","AUS",1994-03-14,53.7,"D","Index","Indicative","RBA","Daily","Historical Daily Exchange Rates Of The Australian Dollar Against:","Australian Dollar Trade-weighted Index"
"4506","FXRTWI","Trade-weighted Index May 1970 = 100","AUS","AUS",1994-03-15,54,"D","Index","Indicative","RBA","Daily","Historical Daily Exchange Rates Of The Australian Dollar Against:","Australian Dollar Trade-weighted Index"
"4507","FXRTWI","Trade-weighted Index May 1970 = 100","AUS","AUS",1994-03-16,53.5,"D","Index","Indicative","RBA","Daily","Historical Daily Exchange Rates Of The Australian Dollar Against:","Australian Dollar Trade-weighted Index"
"4508","FXRTWI","Trade-weighted Index May 1970 = 100","AUS","AUS",1994-03-17,53.4,"D","Index","Indicative","RBA","Daily","Historical Daily Exchange Rates Of The Australian Dollar Against:","Australian Dollar Trade-weighted Index"
"4509","FXRTWI","Trade-weighted Index May 1970 = 100","AUS","AUS",1994-03-18,53.3,"D","Index","Indicative","RBA","Daily","Historical Daily Exchange Rates Of The Australian Dollar Against:","Australian Dollar Trade-weighted Index"
"4510","FXRTWI","Trade-weighted Index May 1970 = 100","AUS","AUS",1994-03-21,53.6,"D","Index","Indicative","RBA","Daily","Historical Daily Exchange Rates Of The Australian Dollar Against:","Australian Dollar Trade-weighted Index"
"4511","FXRTWI","Trade-weighted Index May 1970 = 100","AUS","AUS",1994-03-22,53.2,"D","Index","Indicative","RBA","Daily","Historical Daily Exchange Rates Of The Australian Dollar Against:","Australian Dollar Trade-weighted Index"
"4512","FXRTWI","Trade-weighted Index May 1970 = 100","AUS","AUS",1994-03-23,53.4,"D","Index","Indicative","RBA","Daily","Historical Daily Exchange Rates Of The Australian Dollar Against:","Australian Dollar Trade-weighted Index"
"4513","FXRTWI","Trade-weighted Index May 1970 = 100","AUS","AUS",1994-03-24,53.4,"D","Index","Indicative","RBA","Daily","Historical Daily Exchange Rates Of The Australian Dollar Against:","Australian Dollar Trade-weighted Index"
"4514","FXRTWI","Trade-weighted Index May 1970 = 100","AUS","AUS",1994-03-25,53,"D","Index","Indicative","RBA","Daily","Historical Daily Exchange Rates Of The Australian Dollar Against:","Australian Dollar Trade-weighted Index"
"4515","FXRTWI","Trade-weighted Index May 1970 = 100","AUS","AUS",1994-03-28,53.1,"D","Index","Indicative","RBA","Daily","Historical Daily Exchange Rates Of The Australian Dollar Against:","Australian Dollar Trade-weighted Index"
"4516","FXRTWI","Trade-weighted Index May 1970 = 100","AUS","AUS",1994-03-29,52.8,"D","Index","Indicative","RBA","Daily","Historical Daily Exchange Rates Of The Australian Dollar Against:","Australian Dollar Trade-weighted Index"
"4517","FXRTWI","Trade-weighted Index May 1970 = 100","AUS","AUS",1994-03-30,52.3,"D","Index","Indicative","RBA","Daily","Historical Daily Exchange Rates Of The Australian Dollar Against:","Australian Dollar Trade-weighted Index"
"4518","DLCACS","Credit; Total; Seasonally adjusted","AUS","AUS",1994-03-31,362.31,"M","$ billion","Seasonally Adjusted","RBA","Monthly","D2 Lending And Credit Aggregates","Credit; Total; Seasonally adjusted – Includes securitisations – For series breaks see Series Breaks"
"4519","FIRMMCRT","Cash Rate Target","AUS","AUS",1994-03-31,4.75,"M","Per cent","Original","RBA","Monthly","F1.1 Interest Rates And Yields - Money Market","Cash Rate Target; monthly average"
"4520","FXRTWI","Trade-weighted Index May 1970 = 100","AUS","AUS",1994-03-31,52.1,"D","Index","Indicative","RBA","Daily","Historical Daily Exchange Rates Of The Australian Dollar Against:","Australian Dollar Trade-weighted Index"
"4521","FXRTWI","Trade-weighted Index May 1970 = 100","AUS","AUS",1994-03-31,52.1,"M","Index","Indicative","RBA","Monthly","F11 Exchange Rates","Australian Dollar Trade-weighted Index"
"4522","GCPIOCPMTMQP","Quarterly trimmed mean inflation","AUS","AUS",1994-03-31,0.5,"Q","Per cent","Seasonally Adjusted","ABS","Quarterly","G1 Consumer Price Inflation","Consumer price index; Trimmed mean; Quarterly change (in per cent)"
"4523","GRCPAISDR","Commodity prices – SDR","AUS","AUS",1994-03-31,27.7863549562953,"M","Index, 2023/24=100","Original","RBA","Monthly","I2 Commodity Prices","Index of commodity prices; All items; SDR"
"4524","A2718577A","Credits, Total goods ;","AUS","AUS",1994-04-01,5286,"M","$ Millions","Seasonally Adjusted",NA,"Monthly","TABLE 1. GOODS, Summary: Seasonally adjusted and trend estimates, Current prices",NA
"4525","A2718594C","Balance on goods ;","AUS","AUS",1994-04-01,-96,"M","$ Millions","Seasonally Adjusted",NA,"Monthly","TABLE 1. GOODS, Summary: Seasonally adjusted and trend estimates, Current prices",NA
"4526","FXRTWI","Trade-weighted Index May 1970 = 100","AUS","AUS",1994-04-05,52.3,"D","Index","Indicative","RBA","Daily","Historical Daily Exchange Rates Of The Australian Dollar Against:","Australian Dollar Trade-weighted Index"
"4527","FXRTWI","Trade-weighted Index May 1970 = 100","AUS","AUS",1994-04-06,52.8,"D","Index","Indicative","RBA","Daily","Historical Daily Exchange Rates Of The Australian Dollar Against:","Australian Dollar Trade-weighted Index"
"4528","FXRTWI","Trade-weighted Index May 1970 = 100","AUS","AUS",1994-04-07,52.9,"D","Index","Indicative","RBA","Daily","Historical Daily Exchange Rates Of The Australian Dollar Against:","Australian Dollar Trade-weighted Index"
"4529","FXRTWI","Trade-weighted Index May 1970 = 100","AUS","AUS",1994-04-08,53.8,"D","Index","Indicative","RBA","Daily","Historical Daily Exchange Rates Of The Australian Dollar Against:","Australian Dollar Trade-weighted Index"
"4530","FXRTWI","Trade-weighted Index May 1970 = 100","AUS","AUS",1994-04-11,53.9,"D","Index","Indicative","RBA","Daily","Historical Daily Exchange Rates Of The Australian Dollar Against:","Australian Dollar Trade-weighted Index"
"4531","FXRTWI","Trade-weighted Index May 1970 = 100","AUS","AUS",1994-04-12,53.8,"D","Index","Indicative","RBA","Daily","Historical Daily Exchange Rates Of The Australian Dollar Against:","Australian Dollar Trade-weighted Index"
"4532","FXRTWI","Trade-weighted Index May 1970 = 100","AUS","AUS",1994-04-13,54.1,"D","Index","Indicative","RBA","Daily","Historical Daily Exchange Rates Of The Australian Dollar Against:","Australian Dollar Trade-weighted Index"
"4533","FXRTWI","Trade-weighted Index May 1970 = 100","AUS","AUS",1994-04-14,54,"D","Index","Indicative","RBA","Daily","Historical Daily Exchange Rates Of The Australian Dollar Against:","Australian Dollar Trade-weighted Index"
"4534","FXRTWI","Trade-weighted Index May 1970 = 100","AUS","AUS",1994-04-15,54.3,"D","Index","Indicative","RBA","Daily","Historical Daily Exchange Rates Of The Australian Dollar Against:","Australian Dollar Trade-weighted Index"
"4535","FXRTWI","Trade-weighted Index May 1970 = 100","AUS","AUS",1994-04-18,54,"D","Index","Indicative","RBA","Daily","Historical Daily Exchange Rates Of The Australian Dollar Against:","Australian Dollar Trade-weighted Index"
"4536","FXRTWI","Trade-weighted Index May 1970 = 100","AUS","AUS",1994-04-19,53.5,"D","Index","Indicative","RBA","Daily","Historical Daily Exchange Rates Of The Australian Dollar Against:","Australian Dollar Trade-weighted Index"
"4537","FXRTWI","Trade-weighted Index May 1970 = 100","AUS","AUS",1994-04-20,53.4,"D","Index","Indicative","RBA","Daily","Historical Daily Exchange Rates Of The Australian Dollar Against:","Australian Dollar Trade-weighted Index"
"4538","FXRTWI","Trade-weighted Index May 1970 = 100","AUS","AUS",1994-04-21,53.1,"D","Index","Indicative","RBA","Daily","Historical Daily Exchange Rates Of The Australian Dollar Against:","Australian Dollar Trade-weighted Index"
"4539","FXRTWI","Trade-weighted Index May 1970 = 100","AUS","AUS",1994-04-22,53.5,"D","Index","Indicative","RBA","Daily","Historical Daily Exchange Rates Of The Australian Dollar Against:","Australian Dollar Trade-weighted Index"
"4540","FXRTWI","Trade-weighted Index May 1970 = 100","AUS","AUS",1994-04-26,53.4,"D","Index","Indicative","RBA","Daily","Historical Daily Exchange Rates Of The Australian Dollar Against:","Australian Dollar Trade-weighted Index"
"4541","FXRTWI","Trade-weighted Index May 1970 = 100","AUS","AUS",1994-04-27,53.2,"D","Index","Indicative","RBA","Daily","Historical Daily Exchange Rates Of The Australian Dollar Against:","Australian Dollar Trade-weighted Index"
"4542","FXRTWI","Trade-weighted Index May 1970 = 100","AUS","AUS",1994-04-28,52.9,"D","Index","Indicative","RBA","Daily","Historical Daily Exchange Rates Of The Australian Dollar Against:","Australian Dollar Trade-weighted Index"
"4543","FXRTWI","Trade-weighted Index May 1970 = 100","AUS","AUS",1994-04-29,52.6,"D","Index","Indicative","RBA","Daily","Historical Daily Exchange Rates Of The Australian Dollar Against:","Australian Dollar Trade-weighted Index"
"4544","DLCACS","Credit; Total; Seasonally adjusted","AUS","AUS",1994-04-30,365.393,"M","$ billion","Seasonally Adjusted","RBA","Monthly","D2 Lending And Credit Aggregates","Credit; Total; Seasonally adjusted – Includes securitisations – For series breaks see Series Breaks"
"4545","FIRMMCRT","Cash Rate Target","AUS","AUS",1994-04-30,4.75,"M","Per cent","Original","RBA","Monthly","F1.1 Interest Rates And Yields - Money Market","Cash Rate Target; monthly average"
"4546","FXRTWI","Trade-weighted Index May 1970 = 100","AUS","AUS",1994-04-30,52.6,"M","Index","Indicative","RBA","Monthly","F11 Exchange Rates","Australian Dollar Trade-weighted Index"
"4547","GRCPAISDR","Commodity prices – SDR","AUS","AUS",1994-04-30,27.3048239763906,"M","Index, 2023/24=100","Original","RBA","Monthly","I2 Commodity Prices","Index of commodity prices; All items; SDR"
"4548","A2718577A","Credits, Total goods ;","AUS","AUS",1994-05-01,5553,"M","$ Millions","Seasonally Adjusted",NA,"Monthly","TABLE 1. GOODS, Summary: Seasonally adjusted and trend estimates, Current prices",NA
"4549","A2718594C","Balance on goods ;","AUS","AUS",1994-05-01,-94,"M","$ Millions","Seasonally Adjusted",NA,"Monthly","TABLE 1. GOODS, Summary: Seasonally adjusted and trend estimates, Current prices",NA
"4550","FXRTWI","Trade-weighted Index May 1970 = 100","AUS","AUS",1994-05-02,52.8,"D","Index","Indicative","RBA","Daily","Historical Daily Exchange Rates Of The Australian Dollar Against:","Australian Dollar Trade-weighted Index"
"4551","FXRTWI","Trade-weighted Index May 1970 = 100","AUS","AUS",1994-05-03,52.5,"D","Index","Indicative","RBA","Daily","Historical Daily Exchange Rates Of The Australian Dollar Against:","Australian Dollar Trade-weighted Index"
"4552","FXRTWI","Trade-weighted Index May 1970 = 100","AUS","AUS",1994-05-04,51.8,"D","Index","Indicative","RBA","Daily","Historical Daily Exchange Rates Of The Australian Dollar Against:","Australian Dollar Trade-weighted Index"
"4553","FXRTWI","Trade-weighted Index May 1970 = 100","AUS","AUS",1994-05-05,52.6,"D","Index","Indicative","RBA","Daily","Historical Daily Exchange Rates Of The Australian Dollar Against:","Australian Dollar Trade-weighted Index"
"4554","FXRTWI","Trade-weighted Index May 1970 = 100","AUS","AUS",1994-05-06,53.1,"D","Index","Indicative","RBA","Daily","Historical Daily Exchange Rates Of The Australian Dollar Against:","Australian Dollar Trade-weighted Index"
"4555","FXRTWI","Trade-weighted Index May 1970 = 100","AUS","AUS",1994-05-09,53,"D","Index","Indicative","RBA","Daily","Historical Daily Exchange Rates Of The Australian Dollar Against:","Australian Dollar Trade-weighted Index"
"4556","FXRTWI","Trade-weighted Index May 1970 = 100","AUS","AUS",1994-05-10,53.3,"D","Index","Indicative","RBA","Daily","Historical Daily Exchange Rates Of The Australian Dollar Against:","Australian Dollar Trade-weighted Index"
"4557","FXRTWI","Trade-weighted Index May 1970 = 100","AUS","AUS",1994-05-11,53.7,"D","Index","Indicative","RBA","Daily","Historical Daily Exchange Rates Of The Australian Dollar Against:","Australian Dollar Trade-weighted Index"
"4558","FXRTWI","Trade-weighted Index May 1970 = 100","AUS","AUS",1994-05-12,53.3,"D","Index","Indicative","RBA","Daily","Historical Daily Exchange Rates Of The Australian Dollar Against:","Australian Dollar Trade-weighted Index"
"4559","FXRTWI","Trade-weighted Index May 1970 = 100","AUS","AUS",1994-05-13,53.7,"D","Index","Indicative","RBA","Daily","Historical Daily Exchange Rates Of The Australian Dollar Against:","Australian Dollar Trade-weighted Index"
"4560","FXRTWI","Trade-weighted Index May 1970 = 100","AUS","AUS",1994-05-16,53.9,"D","Index","Indicative","RBA","Daily","Historical Daily Exchange Rates Of The Australian Dollar Against:","Australian Dollar Trade-weighted Index"
"4561","FXRTWI","Trade-weighted Index May 1970 = 100","AUS","AUS",1994-05-17,54,"D","Index","Indicative","RBA","Daily","Historical Daily Exchange Rates Of The Australian Dollar Against:","Australian Dollar Trade-weighted Index"
"4562","FXRTWI","Trade-weighted Index May 1970 = 100","AUS","AUS",1994-05-18,54.3,"D","Index","Indicative","RBA","Daily","Historical Daily Exchange Rates Of The Australian Dollar Against:","Australian Dollar Trade-weighted Index"
"4563","FXRTWI","Trade-weighted Index May 1970 = 100","AUS","AUS",1994-05-19,53.9,"D","Index","Indicative","RBA","Daily","Historical Daily Exchange Rates Of The Australian Dollar Against:","Australian Dollar Trade-weighted Index"
"4564","FXRTWI","Trade-weighted Index May 1970 = 100","AUS","AUS",1994-05-20,54.1,"D","Index","Indicative","RBA","Daily","Historical Daily Exchange Rates Of The Australian Dollar Against:","Australian Dollar Trade-weighted Index"
"4565","FXRTWI","Trade-weighted Index May 1970 = 100","AUS","AUS",1994-05-23,54.2,"D","Index","Indicative","RBA","Daily","Historical Daily Exchange Rates Of The Australian Dollar Against:","Australian Dollar Trade-weighted Index"
"4566","FXRTWI","Trade-weighted Index May 1970 = 100","AUS","AUS",1994-05-24,54.5,"D","Index","Indicative","RBA","Daily","Historical Daily Exchange Rates Of The Australian Dollar Against:","Australian Dollar Trade-weighted Index"
"4567","FXRTWI","Trade-weighted Index May 1970 = 100","AUS","AUS",1994-05-25,54.6,"D","Index","Indicative","RBA","Daily","Historical Daily Exchange Rates Of The Australian Dollar Against:","Australian Dollar Trade-weighted Index"
"4568","FXRTWI","Trade-weighted Index May 1970 = 100","AUS","AUS",1994-05-26,54.3,"D","Index","Indicative","RBA","Daily","Historical Daily Exchange Rates Of The Australian Dollar Against:","Australian Dollar Trade-weighted Index"
"4569","FXRTWI","Trade-weighted Index May 1970 = 100","AUS","AUS",1994-05-27,54.4,"D","Index","Indicative","RBA","Daily","Historical Daily Exchange Rates Of The Australian Dollar Against:","Australian Dollar Trade-weighted Index"
"4570","FXRTWI","Trade-weighted Index May 1970 = 100","AUS","AUS",1994-05-30,54.4,"D","Index","Indicative","RBA","Daily","Historical Daily Exchange Rates Of The Australian Dollar Against:","Australian Dollar Trade-weighted Index"
"4571","DLCACS","Credit; Total; Seasonally adjusted","AUS","AUS",1994-05-31,368.114,"M","$ billion","Seasonally Adjusted","RBA","Monthly","D2 Lending And Credit Aggregates","Credit; Total; Seasonally adjusted – Includes securitisations – For series breaks see Series Breaks"
"4572","FIRMMCRT","Cash Rate Target","AUS","AUS",1994-05-31,4.75,"M","Per cent","Original","RBA","Monthly","F1.1 Interest Rates And Yields - Money Market","Cash Rate Target; monthly average"
"4573","FXRTWI","Trade-weighted Index May 1970 = 100","AUS","AUS",1994-05-31,54.6,"D","Index","Indicative","RBA","Daily","Historical Daily Exchange Rates Of The Australian Dollar Against:","Australian Dollar Trade-weighted Index"
"4574","FXRTWI","Trade-weighted Index May 1970 = 100","AUS","AUS",1994-05-31,54.6,"M","Index","Indicative","RBA","Monthly","F11 Exchange Rates","Australian Dollar Trade-weighted Index"
"4575","GRCPAISDR","Commodity prices – SDR","AUS","AUS",1994-05-31,27.2943018084031,"M","Index, 2023/24=100","Original","RBA","Monthly","I2 Commodity Prices","Index of commodity prices; All items; SDR"
"4576","A2302956R","South Australia ; STATE FINAL DEMAND ;","SA","SA",1994-06-01,16178,"Q","$ Millions","Seasonally Adjusted",NA,"Quarterly","Table 25. State Final Demand, Summary Components by State: Chain volume measures",NA
"4577","A2302984X","Western Australia ; STATE FINAL DEMAND ;","WA","WA",1994-06-01,24342,"Q","$ Millions","Seasonally Adjusted",NA,"Quarterly","Table 25. State Final Demand, Summary Components by State: Chain volume measures",NA
"4578","A2303012X","Tasmania ; STATE FINAL DEMAND ;","TAS","TAS",1994-06-01,5501,"Q","$ Millions","Seasonally Adjusted",NA,"Quarterly","Table 25. State Final Demand, Summary Components by State: Chain volume measures",NA
"4579","A2303040J","Northern Territory ; STATE FINAL DEMAND ;","NT","NT",1994-06-01,2951,"Q","$ Millions","Seasonally Adjusted",NA,"Quarterly","Table 25. State Final Demand, Summary Components by State: Chain volume measures",NA
"4580","A2303068K","Australian Capital Territory ; STATE FINAL DEMAND ;","ACT","ACT",1994-06-01,6745,"Q","$ Millions","Seasonally Adjusted",NA,"Quarterly","Table 25. State Final Demand, Summary Components by State: Chain volume measures",NA
"4581","A2303111F","New South Wales ; STATE FINAL DEMAND ;","NSW","NSW",1994-06-01,81004,"Q","$ Millions","Seasonally Adjusted",NA,"Quarterly","Table 25. State Final Demand, Summary Components by State: Chain volume measures",NA
"4582","A2303139J","Victoria ; STATE FINAL DEMAND ;","VIC","VIC",1994-06-01,52931,"Q","$ Millions","Seasonally Adjusted",NA,"Quarterly","Table 25. State Final Demand, Summary Components by State: Chain volume measures",NA
"4583","A2303187A","Queensland ; STATE FINAL DEMAND ;","QLD","QLD",1994-06-01,40161,"Q","$ Millions","Seasonally Adjusted",NA,"Quarterly","Table 25. State Final Demand, Summary Components by State: Chain volume measures",NA
"4584","A2304418T","Gross domestic product: Current prices ;","AUS","AUS",1994-06-01,119521,"Q","$ Millions","Seasonally Adjusted",NA,"Quarterly","Table 1. Key National Accounts Aggregates",NA
"4585","A2325846C","Index Numbers ; All groups CPI ; Australia ;","AUS","AUS",1994-06-01,61.9,"Q","Index Numbers","Original",NA,"Quarterly","TABLES 1 and 2. CPI: All Groups, Index Numbers and Percentage Changes",NA
"4586","A2336320R","New South Wales ; Gross state product: Current prices ;","NSW","NSW",1994-06-01,169531,"Annual","$ Millions","Original",NA,"Annual","Table 1. Gross State Product, Chain volume measures and current prices",NA
"4587","A2336321T","Victoria ; Gross state product: Current prices ;","VIC","VIC",1994-06-01,116625,"Annual","$ Millions","Original",NA,"Annual","Table 1. Gross State Product, Chain volume measures and current prices",NA
"4588","A2336322V","Queensland ; Gross state product: Current prices ;","QLD","QLD",1994-06-01,74376,"Annual","$ Millions","Original",NA,"Annual","Table 1. Gross State Product, Chain volume measures and current prices",NA
"4589","A2336323W","South Australia ; Gross state product: Current prices ;","SA","SA",1994-06-01,34968,"Annual","$ Millions","Original",NA,"Annual","Table 1. Gross State Product, Chain volume measures and current prices",NA
"4590","A2336324X","Western Australia ; Gross state product: Current prices ;","WA","WA",1994-06-01,47197,"Annual","$ Millions","Original",NA,"Annual","Table 1. Gross State Product, Chain volume measures and current prices",NA
"4591","A2336325A","Tasmania ; Gross state product: Current prices ;","TAS","TAS",1994-06-01,9602,"Annual","$ Millions","Original",NA,"Annual","Table 1. Gross State Product, Chain volume measures and current prices",NA
"4592","A2336326C","Northern Territory ; Gross state product: Current prices ;","NT","NT",1994-06-01,4680,"Annual","$ Millions","Original",NA,"Annual","Table 1. Gross State Product, Chain volume measures and current prices",NA
"4593","A2336327F","Australian Capital Territory ; Gross state product: Current prices ;","ACT","ACT",1994-06-01,9639,"Annual","$ Millions","Original",NA,"Annual","Table 1. Gross State Product, Chain volume measures and current prices",NA
"4594","A2718577A","Credits, Total goods ;","AUS","AUS",1994-06-01,5326,"M","$ Millions","Seasonally Adjusted",NA,"Monthly","TABLE 1. GOODS, Summary: Seasonally adjusted and trend estimates, Current prices",NA
"4595","A2718594C","Balance on goods ;","AUS","AUS",1994-06-01,-158,"M","$ Millions","Seasonally Adjusted",NA,"Monthly","TABLE 1. GOODS, Summary: Seasonally adjusted and trend estimates, Current prices",NA
"4596","FXRTWI","Trade-weighted Index May 1970 = 100","AUS","AUS",1994-06-01,54.8,"D","Index","Indicative","RBA","Daily","Historical Daily Exchange Rates Of The Australian Dollar Against:","Australian Dollar Trade-weighted Index"
"4597","FXRTWI","Trade-weighted Index May 1970 = 100","AUS","AUS",1994-06-02,54.7,"D","Index","Indicative","RBA","Daily","Historical Daily Exchange Rates Of The Australian Dollar Against:","Australian Dollar Trade-weighted Index"
"4598","FXRTWI","Trade-weighted Index May 1970 = 100","AUS","AUS",1994-06-03,54.8,"D","Index","Indicative","RBA","Daily","Historical Daily Exchange Rates Of The Australian Dollar Against:","Australian Dollar Trade-weighted Index"
"4599","FXRTWI","Trade-weighted Index May 1970 = 100","AUS","AUS",1994-06-06,54.9,"D","Index","Indicative","RBA","Daily","Historical Daily Exchange Rates Of The Australian Dollar Against:","Australian Dollar Trade-weighted Index"
"4600","FXRTWI","Trade-weighted Index May 1970 = 100","AUS","AUS",1994-06-07,54.7,"D","Index","Indicative","RBA","Daily","Historical Daily Exchange Rates Of The Australian Dollar Against:","Australian Dollar Trade-weighted Index"
"4601","FXRTWI","Trade-weighted Index May 1970 = 100","AUS","AUS",1994-06-08,54.6,"D","Index","Indicative","RBA","Daily","Historical Daily Exchange Rates Of The Australian Dollar Against:","Australian Dollar Trade-weighted Index"
"4602","FXRTWI","Trade-weighted Index May 1970 = 100","AUS","AUS",1994-06-09,54.5,"D","Index","Indicative","RBA","Daily","Historical Daily Exchange Rates Of The Australian Dollar Against:","Australian Dollar Trade-weighted Index"
"4603","FXRTWI","Trade-weighted Index May 1970 = 100","AUS","AUS",1994-06-10,54.5,"D","Index","Indicative","RBA","Daily","Historical Daily Exchange Rates Of The Australian Dollar Against:","Australian Dollar Trade-weighted Index"
"4604","FXRTWI","Trade-weighted Index May 1970 = 100","AUS","AUS",1994-06-14,54.3,"D","Index","Indicative","RBA","Daily","Historical Daily Exchange Rates Of The Australian Dollar Against:","Australian Dollar Trade-weighted Index"
"4605","FXRTWI","Trade-weighted Index May 1970 = 100","AUS","AUS",1994-06-15,54,"D","Index","Indicative","RBA","Daily","Historical Daily Exchange Rates Of The Australian Dollar Against:","Australian Dollar Trade-weighted Index"
"4606","FXRTWI","Trade-weighted Index May 1970 = 100","AUS","AUS",1994-06-16,53.7,"D","Index","Indicative","RBA","Daily","Historical Daily Exchange Rates Of The Australian Dollar Against:","Australian Dollar Trade-weighted Index"
"4607","FXRTWI","Trade-weighted Index May 1970 = 100","AUS","AUS",1994-06-17,54.1,"D","Index","Indicative","RBA","Daily","Historical Daily Exchange Rates Of The Australian Dollar Against:","Australian Dollar Trade-weighted Index"
"4608","FXRTWI","Trade-weighted Index May 1970 = 100","AUS","AUS",1994-06-20,54.5,"D","Index","Indicative","RBA","Daily","Historical Daily Exchange Rates Of The Australian Dollar Against:","Australian Dollar Trade-weighted Index"
"4609","FXRTWI","Trade-weighted Index May 1970 = 100","AUS","AUS",1994-06-21,54.3,"D","Index","Indicative","RBA","Daily","Historical Daily Exchange Rates Of The Australian Dollar Against:","Australian Dollar Trade-weighted Index"
"4610","FXRTWI","Trade-weighted Index May 1970 = 100","AUS","AUS",1994-06-22,54.5,"D","Index","Indicative","RBA","Daily","Historical Daily Exchange Rates Of The Australian Dollar Against:","Australian Dollar Trade-weighted Index"
"4611","FXRTWI","Trade-weighted Index May 1970 = 100","AUS","AUS",1994-06-23,53.7,"D","Index","Indicative","RBA","Daily","Historical Daily Exchange Rates Of The Australian Dollar Against:","Australian Dollar Trade-weighted Index"
"4612","FXRTWI","Trade-weighted Index May 1970 = 100","AUS","AUS",1994-06-24,53.4,"D","Index","Indicative","RBA","Daily","Historical Daily Exchange Rates Of The Australian Dollar Against:","Australian Dollar Trade-weighted Index"
"4613","FXRTWI","Trade-weighted Index May 1970 = 100","AUS","AUS",1994-06-27,52.6,"D","Index","Indicative","RBA","Daily","Historical Daily Exchange Rates Of The Australian Dollar Against:","Australian Dollar Trade-weighted Index"
"4614","FXRTWI","Trade-weighted Index May 1970 = 100","AUS","AUS",1994-06-28,52.9,"D","Index","Indicative","RBA","Daily","Historical Daily Exchange Rates Of The Australian Dollar Against:","Australian Dollar Trade-weighted Index"
"4615","FXRTWI","Trade-weighted Index May 1970 = 100","AUS","AUS",1994-06-29,52.5,"D","Index","Indicative","RBA","Daily","Historical Daily Exchange Rates Of The Australian Dollar Against:","Australian Dollar Trade-weighted Index"
"4616","DLCACS","Credit; Total; Seasonally adjusted","AUS","AUS",1994-06-30,370.853,"M","$ billion","Seasonally Adjusted","RBA","Monthly","D2 Lending And Credit Aggregates","Credit; Total; Seasonally adjusted – Includes securitisations – For series breaks see Series Breaks"
"4617","FIRMMCRT","Cash Rate Target","AUS","AUS",1994-06-30,4.75,"M","Per cent","Original","RBA","Monthly","F1.1 Interest Rates And Yields - Money Market","Cash Rate Target; monthly average"
"4618","FXRTWI","Trade-weighted Index May 1970 = 100","AUS","AUS",1994-06-30,53,"D","Index","Indicative","RBA","Daily","Historical Daily Exchange Rates Of The Australian Dollar Against:","Australian Dollar Trade-weighted Index"
"4619","FXRTWI","Trade-weighted Index May 1970 = 100","AUS","AUS",1994-06-30,53,"M","Index","Indicative","RBA","Monthly","F11 Exchange Rates","Australian Dollar Trade-weighted Index"
"4620","GCPIOCPMTMQP","Quarterly trimmed mean inflation","AUS","AUS",1994-06-30,0.6,"Q","Per cent","Seasonally Adjusted","ABS","Quarterly","G1 Consumer Price Inflation","Consumer price index; Trimmed mean; Quarterly change (in per cent)"
"4621","GRCPAISDR","Commodity prices – SDR","AUS","AUS",1994-06-30,27.378842871962,"M","Index, 2023/24=100","Original","RBA","Monthly","I2 Commodity Prices","Index of commodity prices; All items; SDR"
"4622","A2718577A","Credits, Total goods ;","AUS","AUS",1994-07-01,5302,"M","$ Millions","Seasonally Adjusted",NA,"Monthly","TABLE 1. GOODS, Summary: Seasonally adjusted and trend estimates, Current prices",NA
"4623","A2718594C","Balance on goods ;","AUS","AUS",1994-07-01,-515,"M","$ Millions","Seasonally Adjusted",NA,"Monthly","TABLE 1. GOODS, Summary: Seasonally adjusted and trend estimates, Current prices",NA
"4624","FXRTWI","Trade-weighted Index May 1970 = 100","AUS","AUS",1994-07-01,53.3,"D","Index","Indicative","RBA","Daily","Historical Daily Exchange Rates Of The Australian Dollar Against:","Australian Dollar Trade-weighted Index"
"4625","FXRTWI","Trade-weighted Index May 1970 = 100","AUS","AUS",1994-07-04,53.3,"D","Index","Indicative","RBA","Daily","Historical Daily Exchange Rates Of The Australian Dollar Against:","Australian Dollar Trade-weighted Index"
"4626","FXRTWI","Trade-weighted Index May 1970 = 100","AUS","AUS",1994-07-05,53.2,"D","Index","Indicative","RBA","Daily","Historical Daily Exchange Rates Of The Australian Dollar Against:","Australian Dollar Trade-weighted Index"
"4627","FXRTWI","Trade-weighted Index May 1970 = 100","AUS","AUS",1994-07-06,52.6,"D","Index","Indicative","RBA","Daily","Historical Daily Exchange Rates Of The Australian Dollar Against:","Australian Dollar Trade-weighted Index"
"4628","FXRTWI","Trade-weighted Index May 1970 = 100","AUS","AUS",1994-07-07,53.2,"D","Index","Indicative","RBA","Daily","Historical Daily Exchange Rates Of The Australian Dollar Against:","Australian Dollar Trade-weighted Index"
"4629","FXRTWI","Trade-weighted Index May 1970 = 100","AUS","AUS",1994-07-08,52.8,"D","Index","Indicative","RBA","Daily","Historical Daily Exchange Rates Of The Australian Dollar Against:","Australian Dollar Trade-weighted Index"
"4630","FXRTWI","Trade-weighted Index May 1970 = 100","AUS","AUS",1994-07-11,53.1,"D","Index","Indicative","RBA","Daily","Historical Daily Exchange Rates Of The Australian Dollar Against:","Australian Dollar Trade-weighted Index"
"4631","FXRTWI","Trade-weighted Index May 1970 = 100","AUS","AUS",1994-07-12,52.9,"D","Index","Indicative","RBA","Daily","Historical Daily Exchange Rates Of The Australian Dollar Against:","Australian Dollar Trade-weighted Index"
"4632","FXRTWI","Trade-weighted Index May 1970 = 100","AUS","AUS",1994-07-13,53,"D","Index","Indicative","RBA","Daily","Historical Daily Exchange Rates Of The Australian Dollar Against:","Australian Dollar Trade-weighted Index"
"4633","FXRTWI","Trade-weighted Index May 1970 = 100","AUS","AUS",1994-07-14,53,"D","Index","Indicative","RBA","Daily","Historical Daily Exchange Rates Of The Australian Dollar Against:","Australian Dollar Trade-weighted Index"
"4634","FXRTWI","Trade-weighted Index May 1970 = 100","AUS","AUS",1994-07-15,53.3,"D","Index","Indicative","RBA","Daily","Historical Daily Exchange Rates Of The Australian Dollar Against:","Australian Dollar Trade-weighted Index"
"4635","FXRTWI","Trade-weighted Index May 1970 = 100","AUS","AUS",1994-07-18,53,"D","Index","Indicative","RBA","Daily","Historical Daily Exchange Rates Of The Australian Dollar Against:","Australian Dollar Trade-weighted Index"
"4636","FXRTWI","Trade-weighted Index May 1970 = 100","AUS","AUS",1994-07-19,52.9,"D","Index","Indicative","RBA","Daily","Historical Daily Exchange Rates Of The Australian Dollar Against:","Australian Dollar Trade-weighted Index"
"4637","FXRTWI","Trade-weighted Index May 1970 = 100","AUS","AUS",1994-07-20,53.5,"D","Index","Indicative","RBA","Daily","Historical Daily Exchange Rates Of The Australian Dollar Against:","Australian Dollar Trade-weighted Index"
"4638","FXRTWI","Trade-weighted Index May 1970 = 100","AUS","AUS",1994-07-21,53.4,"D","Index","Indicative","RBA","Daily","Historical Daily Exchange Rates Of The Australian Dollar Against:","Australian Dollar Trade-weighted Index"
"4639","FXRTWI","Trade-weighted Index May 1970 = 100","AUS","AUS",1994-07-22,53.7,"D","Index","Indicative","RBA","Daily","Historical Daily Exchange Rates Of The Australian Dollar Against:","Australian Dollar Trade-weighted Index"
"4640","FXRTWI","Trade-weighted Index May 1970 = 100","AUS","AUS",1994-07-25,53.9,"D","Index","Indicative","RBA","Daily","Historical Daily Exchange Rates Of The Australian Dollar Against:","Australian Dollar Trade-weighted Index"
"4641","FXRTWI","Trade-weighted Index May 1970 = 100","AUS","AUS",1994-07-26,54,"D","Index","Indicative","RBA","Daily","Historical Daily Exchange Rates Of The Australian Dollar Against:","Australian Dollar Trade-weighted Index"
"4642","FXRTWI","Trade-weighted Index May 1970 = 100","AUS","AUS",1994-07-27,53.6,"D","Index","Indicative","RBA","Daily","Historical Daily Exchange Rates Of The Australian Dollar Against:","Australian Dollar Trade-weighted Index"
"4643","FXRTWI","Trade-weighted Index May 1970 = 100","AUS","AUS",1994-07-28,53.4,"D","Index","Indicative","RBA","Daily","Historical Daily Exchange Rates Of The Australian Dollar Against:","Australian Dollar Trade-weighted Index"
"4644","FXRTWI","Trade-weighted Index May 1970 = 100","AUS","AUS",1994-07-29,53.9,"D","Index","Indicative","RBA","Daily","Historical Daily Exchange Rates Of The Australian Dollar Against:","Australian Dollar Trade-weighted Index"
"4645","DLCACS","Credit; Total; Seasonally adjusted","AUS","AUS",1994-07-31,374.038,"M","$ billion","Seasonally Adjusted","RBA","Monthly","D2 Lending And Credit Aggregates","Credit; Total; Seasonally adjusted – Includes securitisations – For series breaks see Series Breaks"
"4646","FIRMMCRT","Cash Rate Target","AUS","AUS",1994-07-31,4.75,"M","Per cent","Original","RBA","Monthly","F1.1 Interest Rates And Yields - Money Market","Cash Rate Target; monthly average"
"4647","FXRTWI","Trade-weighted Index May 1970 = 100","AUS","AUS",1994-07-31,53.9,"M","Index","Indicative","RBA","Monthly","F11 Exchange Rates","Australian Dollar Trade-weighted Index"
"4648","GRCPAISDR","Commodity prices – SDR","AUS","AUS",1994-07-31,26.9970333139813,"M","Index, 2023/24=100","Original","RBA","Monthly","I2 Commodity Prices","Index of commodity prices; All items; SDR"
"4649","A2718577A","Credits, Total goods ;","AUS","AUS",1994-08-01,5353,"M","$ Millions","Seasonally Adjusted",NA,"Monthly","TABLE 1. GOODS, Summary: Seasonally adjusted and trend estimates, Current prices",NA
"4650","A2718594C","Balance on goods ;","AUS","AUS",1994-08-01,-882,"M","$ Millions","Seasonally Adjusted",NA,"Monthly","TABLE 1. GOODS, Summary: Seasonally adjusted and trend estimates, Current prices",NA
"4651","FXRTWI","Trade-weighted Index May 1970 = 100","AUS","AUS",1994-08-01,53.5,"D","Index","Indicative","RBA","Daily","Historical Daily Exchange Rates Of The Australian Dollar Against:","Australian Dollar Trade-weighted Index"
"4652","FXRTWI","Trade-weighted Index May 1970 = 100","AUS","AUS",1994-08-02,53.6,"D","Index","Indicative","RBA","Daily","Historical Daily Exchange Rates Of The Australian Dollar Against:","Australian Dollar Trade-weighted Index"
"4653","FXRTWI","Trade-weighted Index May 1970 = 100","AUS","AUS",1994-08-03,53.3,"D","Index","Indicative","RBA","Daily","Historical Daily Exchange Rates Of The Australian Dollar Against:","Australian Dollar Trade-weighted Index"
"4654","FXRTWI","Trade-weighted Index May 1970 = 100","AUS","AUS",1994-08-04,53.1,"D","Index","Indicative","RBA","Daily","Historical Daily Exchange Rates Of The Australian Dollar Against:","Australian Dollar Trade-weighted Index"
"4655","FXRTWI","Trade-weighted Index May 1970 = 100","AUS","AUS",1994-08-05,54,"D","Index","Indicative","RBA","Daily","Historical Daily Exchange Rates Of The Australian Dollar Against:","Australian Dollar Trade-weighted Index"
"4656","FXRTWI","Trade-weighted Index May 1970 = 100","AUS","AUS",1994-08-08,54,"D","Index","Indicative","RBA","Daily","Historical Daily Exchange Rates Of The Australian Dollar Against:","Australian Dollar Trade-weighted Index"
"4657","FXRTWI","Trade-weighted Index May 1970 = 100","AUS","AUS",1994-08-09,54.2,"D","Index","Indicative","RBA","Daily","Historical Daily Exchange Rates Of The Australian Dollar Against:","Australian Dollar Trade-weighted Index"
"4658","FXRTWI","Trade-weighted Index May 1970 = 100","AUS","AUS",1994-08-10,54.1,"D","Index","Indicative","RBA","Daily","Historical Daily Exchange Rates Of The Australian Dollar Against:","Australian Dollar Trade-weighted Index"
"4659","FXRTWI","Trade-weighted Index May 1970 = 100","AUS","AUS",1994-08-11,54.6,"D","Index","Indicative","RBA","Daily","Historical Daily Exchange Rates Of The Australian Dollar Against:","Australian Dollar Trade-weighted Index"
"4660","FXRTWI","Trade-weighted Index May 1970 = 100","AUS","AUS",1994-08-12,54.1,"D","Index","Indicative","RBA","Daily","Historical Daily Exchange Rates Of The Australian Dollar Against:","Australian Dollar Trade-weighted Index"
"4661","FXRTWI","Trade-weighted Index May 1970 = 100","AUS","AUS",1994-08-15,54,"D","Index","Indicative","RBA","Daily","Historical Daily Exchange Rates Of The Australian Dollar Against:","Australian Dollar Trade-weighted Index"
"4662","FXRTWI","Trade-weighted Index May 1970 = 100","AUS","AUS",1994-08-16,53.9,"D","Index","Indicative","RBA","Daily","Historical Daily Exchange Rates Of The Australian Dollar Against:","Australian Dollar Trade-weighted Index"
"4663","FXRTWI","Trade-weighted Index May 1970 = 100","AUS","AUS",1994-08-17,54.1,"D","Index","Indicative","RBA","Daily","Historical Daily Exchange Rates Of The Australian Dollar Against:","Australian Dollar Trade-weighted Index"
"4664","FXRTWI","Trade-weighted Index May 1970 = 100","AUS","AUS",1994-08-18,53.7,"D","Index","Indicative","RBA","Daily","Historical Daily Exchange Rates Of The Australian Dollar Against:","Australian Dollar Trade-weighted Index"
"4665","FXRTWI","Trade-weighted Index May 1970 = 100","AUS","AUS",1994-08-19,53.5,"D","Index","Indicative","RBA","Daily","Historical Daily Exchange Rates Of The Australian Dollar Against:","Australian Dollar Trade-weighted Index"
"4666","FXRTWI","Trade-weighted Index May 1970 = 100","AUS","AUS",1994-08-22,53.3,"D","Index","Indicative","RBA","Daily","Historical Daily Exchange Rates Of The Australian Dollar Against:","Australian Dollar Trade-weighted Index"
"4667","FXRTWI","Trade-weighted Index May 1970 = 100","AUS","AUS",1994-08-23,53,"D","Index","Indicative","RBA","Daily","Historical Daily Exchange Rates Of The Australian Dollar Against:","Australian Dollar Trade-weighted Index"
"4668","FXRTWI","Trade-weighted Index May 1970 = 100","AUS","AUS",1994-08-24,53.4,"D","Index","Indicative","RBA","Daily","Historical Daily Exchange Rates Of The Australian Dollar Against:","Australian Dollar Trade-weighted Index"
"4669","FXRTWI","Trade-weighted Index May 1970 = 100","AUS","AUS",1994-08-25,53.7,"D","Index","Indicative","RBA","Daily","Historical Daily Exchange Rates Of The Australian Dollar Against:","Australian Dollar Trade-weighted Index"
"4670","FXRTWI","Trade-weighted Index May 1970 = 100","AUS","AUS",1994-08-26,53.7,"D","Index","Indicative","RBA","Daily","Historical Daily Exchange Rates Of The Australian Dollar Against:","Australian Dollar Trade-weighted Index"
"4671","FXRTWI","Trade-weighted Index May 1970 = 100","AUS","AUS",1994-08-29,54,"D","Index","Indicative","RBA","Daily","Historical Daily Exchange Rates Of The Australian Dollar Against:","Australian Dollar Trade-weighted Index"
"4672","FXRTWI","Trade-weighted Index May 1970 = 100","AUS","AUS",1994-08-30,54,"D","Index","Indicative","RBA","Daily","Historical Daily Exchange Rates Of The Australian Dollar Against:","Australian Dollar Trade-weighted Index"
"4673","DLCACS","Credit; Total; Seasonally adjusted","AUS","AUS",1994-08-31,377.141,"M","$ billion","Seasonally Adjusted","RBA","Monthly","D2 Lending And Credit Aggregates","Credit; Total; Seasonally adjusted – Includes securitisations – For series breaks see Series Breaks"
"4674","FIRMMCRT","Cash Rate Target","AUS","AUS",1994-08-31,5.10869565217391,"M","Per cent","Original","RBA","Monthly","F1.1 Interest Rates And Yields - Money Market","Cash Rate Target; monthly average"
"4675","FXRTWI","Trade-weighted Index May 1970 = 100","AUS","AUS",1994-08-31,53.9,"D","Index","Indicative","RBA","Daily","Historical Daily Exchange Rates Of The Australian Dollar Against:","Australian Dollar Trade-weighted Index"
"4676","FXRTWI","Trade-weighted Index May 1970 = 100","AUS","AUS",1994-08-31,53.9,"M","Index","Indicative","RBA","Monthly","F11 Exchange Rates","Australian Dollar Trade-weighted Index"
"4677","GRCPAISDR","Commodity prices – SDR","AUS","AUS",1994-08-31,27.0843380184925,"M","Index, 2023/24=100","Original","RBA","Monthly","I2 Commodity Prices","Index of commodity prices; All items; SDR"
"4678","A2302956R","South Australia ; STATE FINAL DEMAND ;","SA","SA",1994-09-01,16727,"Q","$ Millions","Seasonally Adjusted",NA,"Quarterly","Table 25. State Final Demand, Summary Components by State: Chain volume measures",NA
"4679","A2302984X","Western Australia ; STATE FINAL DEMAND ;","WA","WA",1994-09-01,24324,"Q","$ Millions","Seasonally Adjusted",NA,"Quarterly","Table 25. State Final Demand, Summary Components by State: Chain volume measures",NA
"4680","A2303012X","Tasmania ; STATE FINAL DEMAND ;","TAS","TAS",1994-09-01,5478,"Q","$ Millions","Seasonally Adjusted",NA,"Quarterly","Table 25. State Final Demand, Summary Components by State: Chain volume measures",NA
"4681","A2303040J","Northern Territory ; STATE FINAL DEMAND ;","NT","NT",1994-09-01,3059,"Q","$ Millions","Seasonally Adjusted",NA,"Quarterly","Table 25. State Final Demand, Summary Components by State: Chain volume measures",NA
"4682","A2303068K","Australian Capital Territory ; STATE FINAL DEMAND ;","ACT","ACT",1994-09-01,6966,"Q","$ Millions","Seasonally Adjusted",NA,"Quarterly","Table 25. State Final Demand, Summary Components by State: Chain volume measures",NA
"4683","A2303111F","New South Wales ; STATE FINAL DEMAND ;","NSW","NSW",1994-09-01,82696,"Q","$ Millions","Seasonally Adjusted",NA,"Quarterly","Table 25. State Final Demand, Summary Components by State: Chain volume measures",NA
"4684","A2303139J","Victoria ; STATE FINAL DEMAND ;","VIC","VIC",1994-09-01,55116,"Q","$ Millions","Seasonally Adjusted",NA,"Quarterly","Table 25. State Final Demand, Summary Components by State: Chain volume measures",NA
"4685","A2303187A","Queensland ; STATE FINAL DEMAND ;","QLD","QLD",1994-09-01,41543,"Q","$ Millions","Seasonally Adjusted",NA,"Quarterly","Table 25. State Final Demand, Summary Components by State: Chain volume measures",NA
"4686","A2304418T","Gross domestic product: Current prices ;","AUS","AUS",1994-09-01,123044,"Q","$ Millions","Seasonally Adjusted",NA,"Quarterly","Table 1. Key National Accounts Aggregates",NA
"4687","A2325846C","Index Numbers ; All groups CPI ; Australia ;","AUS","AUS",1994-09-01,62.3,"Q","Index Numbers","Original",NA,"Quarterly","TABLES 1 and 2. CPI: All Groups, Index Numbers and Percentage Changes",NA
"4688","A2718577A","Credits, Total goods ;","AUS","AUS",1994-09-01,5313,"M","$ Millions","Seasonally Adjusted",NA,"Monthly","TABLE 1. GOODS, Summary: Seasonally adjusted and trend estimates, Current prices",NA
"4689","A2718594C","Balance on goods ;","AUS","AUS",1994-09-01,-640,"M","$ Millions","Seasonally Adjusted",NA,"Monthly","TABLE 1. GOODS, Summary: Seasonally adjusted and trend estimates, Current prices",NA
"4690","FXRTWI","Trade-weighted Index May 1970 = 100","AUS","AUS",1994-09-01,54,"D","Index","Indicative","RBA","Daily","Historical Daily Exchange Rates Of The Australian Dollar Against:","Australian Dollar Trade-weighted Index"
"4691","FXRTWI","Trade-weighted Index May 1970 = 100","AUS","AUS",1994-09-02,53.9,"D","Index","Indicative","RBA","Daily","Historical Daily Exchange Rates Of The Australian Dollar Against:","Australian Dollar Trade-weighted Index"
"4692","FXRTWI","Trade-weighted Index May 1970 = 100","AUS","AUS",1994-09-05,53.5,"D","Index","Indicative","RBA","Daily","Historical Daily Exchange Rates Of The Australian Dollar Against:","Australian Dollar Trade-weighted Index"
"4693","FXRTWI","Trade-weighted Index May 1970 = 100","AUS","AUS",1994-09-06,53.6,"D","Index","Indicative","RBA","Daily","Historical Daily Exchange Rates Of The Australian Dollar Against:","Australian Dollar Trade-weighted Index"
"4694","FXRTWI","Trade-weighted Index May 1970 = 100","AUS","AUS",1994-09-07,53.5,"D","Index","Indicative","RBA","Daily","Historical Daily Exchange Rates Of The Australian Dollar Against:","Australian Dollar Trade-weighted Index"
"4695","FXRTWI","Trade-weighted Index May 1970 = 100","AUS","AUS",1994-09-08,53.7,"D","Index","Indicative","RBA","Daily","Historical Daily Exchange Rates Of The Australian Dollar Against:","Australian Dollar Trade-weighted Index"
"4696","FXRTWI","Trade-weighted Index May 1970 = 100","AUS","AUS",1994-09-09,54,"D","Index","Indicative","RBA","Daily","Historical Daily Exchange Rates Of The Australian Dollar Against:","Australian Dollar Trade-weighted Index"
"4697","FXRTWI","Trade-weighted Index May 1970 = 100","AUS","AUS",1994-09-12,53.7,"D","Index","Indicative","RBA","Daily","Historical Daily Exchange Rates Of The Australian Dollar Against:","Australian Dollar Trade-weighted Index"
"4698","FXRTWI","Trade-weighted Index May 1970 = 100","AUS","AUS",1994-09-13,53.8,"D","Index","Indicative","RBA","Daily","Historical Daily Exchange Rates Of The Australian Dollar Against:","Australian Dollar Trade-weighted Index"
"4699","FXRTWI","Trade-weighted Index May 1970 = 100","AUS","AUS",1994-09-14,53.7,"D","Index","Indicative","RBA","Daily","Historical Daily Exchange Rates Of The Australian Dollar Against:","Australian Dollar Trade-weighted Index"
"4700","FXRTWI","Trade-weighted Index May 1970 = 100","AUS","AUS",1994-09-15,53.7,"D","Index","Indicative","RBA","Daily","Historical Daily Exchange Rates Of The Australian Dollar Against:","Australian Dollar Trade-weighted Index"
"4701","FXRTWI","Trade-weighted Index May 1970 = 100","AUS","AUS",1994-09-16,53.8,"D","Index","Indicative","RBA","Daily","Historical Daily Exchange Rates Of The Australian Dollar Against:","Australian Dollar Trade-weighted Index"
"4702","FXRTWI","Trade-weighted Index May 1970 = 100","AUS","AUS",1994-09-19,53.7,"D","Index","Indicative","RBA","Daily","Historical Daily Exchange Rates Of The Australian Dollar Against:","Australian Dollar Trade-weighted Index"
"4703","FXRTWI","Trade-weighted Index May 1970 = 100","AUS","AUS",1994-09-20,53.7,"D","Index","Indicative","RBA","Daily","Historical Daily Exchange Rates Of The Australian Dollar Against:","Australian Dollar Trade-weighted Index"
"4704","FXRTWI","Trade-weighted Index May 1970 = 100","AUS","AUS",1994-09-21,53.3,"D","Index","Indicative","RBA","Daily","Historical Daily Exchange Rates Of The Australian Dollar Against:","Australian Dollar Trade-weighted Index"
"4705","FXRTWI","Trade-weighted Index May 1970 = 100","AUS","AUS",1994-09-22,53.1,"D","Index","Indicative","RBA","Daily","Historical Daily Exchange Rates Of The Australian Dollar Against:","Australian Dollar Trade-weighted Index"
"4706","FXRTWI","Trade-weighted Index May 1970 = 100","AUS","AUS",1994-09-23,53.3,"D","Index","Indicative","RBA","Daily","Historical Daily Exchange Rates Of The Australian Dollar Against:","Australian Dollar Trade-weighted Index"
"4707","FXRTWI","Trade-weighted Index May 1970 = 100","AUS","AUS",1994-09-26,53.5,"D","Index","Indicative","RBA","Daily","Historical Daily Exchange Rates Of The Australian Dollar Against:","Australian Dollar Trade-weighted Index"
"4708","FXRTWI","Trade-weighted Index May 1970 = 100","AUS","AUS",1994-09-27,53.5,"D","Index","Indicative","RBA","Daily","Historical Daily Exchange Rates Of The Australian Dollar Against:","Australian Dollar Trade-weighted Index"
"4709","FXRTWI","Trade-weighted Index May 1970 = 100","AUS","AUS",1994-09-28,53.3,"D","Index","Indicative","RBA","Daily","Historical Daily Exchange Rates Of The Australian Dollar Against:","Australian Dollar Trade-weighted Index"
"4710","FXRTWI","Trade-weighted Index May 1970 = 100","AUS","AUS",1994-09-29,53.3,"D","Index","Indicative","RBA","Daily","Historical Daily Exchange Rates Of The Australian Dollar Against:","Australian Dollar Trade-weighted Index"
"4711","DLCACS","Credit; Total; Seasonally adjusted","AUS","AUS",1994-09-30,378.7,"M","$ billion","Seasonally Adjusted","RBA","Monthly","D2 Lending And Credit Aggregates","Credit; Total; Seasonally adjusted – Includes securitisations – For series breaks see Series Breaks"
"4712","FIRMMCRT","Cash Rate Target","AUS","AUS",1994-09-30,5.5,"M","Per cent","Original","RBA","Monthly","F1.1 Interest Rates And Yields - Money Market","Cash Rate Target; monthly average"
"4713","FXRTWI","Trade-weighted Index May 1970 = 100","AUS","AUS",1994-09-30,53.4,"D","Index","Indicative","RBA","Daily","Historical Daily Exchange Rates Of The Australian Dollar Against:","Australian Dollar Trade-weighted Index"
"4714","FXRTWI","Trade-weighted Index May 1970 = 100","AUS","AUS",1994-09-30,53.4,"M","Index","Indicative","RBA","Monthly","F11 Exchange Rates","Australian Dollar Trade-weighted Index"
"4715","GCPIOCPMTMQP","Quarterly trimmed mean inflation","AUS","AUS",1994-09-30,0.6,"Q","Per cent","Seasonally Adjusted","ABS","Quarterly","G1 Consumer Price Inflation","Consumer price index; Trimmed mean; Quarterly change (in per cent)"
"4716","GRCPAISDR","Commodity prices – SDR","AUS","AUS",1994-09-30,27.5908583517199,"M","Index, 2023/24=100","Original","RBA","Monthly","I2 Commodity Prices","Index of commodity prices; All items; SDR"
"4717","A2718577A","Credits, Total goods ;","AUS","AUS",1994-10-01,5578,"M","$ Millions","Seasonally Adjusted",NA,"Monthly","TABLE 1. GOODS, Summary: Seasonally adjusted and trend estimates, Current prices",NA
"4718","A2718594C","Balance on goods ;","AUS","AUS",1994-10-01,-493,"M","$ Millions","Seasonally Adjusted",NA,"Monthly","TABLE 1. GOODS, Summary: Seasonally adjusted and trend estimates, Current prices",NA
"4719","FXRTWI","Trade-weighted Index May 1970 = 100","AUS","AUS",1994-10-03,53.7,"D","Index","Indicative","RBA","Daily","Historical Daily Exchange Rates Of The Australian Dollar Against:","Australian Dollar Trade-weighted Index"
"4720","FXRTWI","Trade-weighted Index May 1970 = 100","AUS","AUS",1994-10-04,53.4,"D","Index","Indicative","RBA","Daily","Historical Daily Exchange Rates Of The Australian Dollar Against:","Australian Dollar Trade-weighted Index"
"4721","FXRTWI","Trade-weighted Index May 1970 = 100","AUS","AUS",1994-10-05,53.5,"D","Index","Indicative","RBA","Daily","Historical Daily Exchange Rates Of The Australian Dollar Against:","Australian Dollar Trade-weighted Index"
"4722","FXRTWI","Trade-weighted Index May 1970 = 100","AUS","AUS",1994-10-06,53.5,"D","Index","Indicative","RBA","Daily","Historical Daily Exchange Rates Of The Australian Dollar Against:","Australian Dollar Trade-weighted Index"
"4723","FXRTWI","Trade-weighted Index May 1970 = 100","AUS","AUS",1994-10-07,53.4,"D","Index","Indicative","RBA","Daily","Historical Daily Exchange Rates Of The Australian Dollar Against:","Australian Dollar Trade-weighted Index"
"4724","FXRTWI","Trade-weighted Index May 1970 = 100","AUS","AUS",1994-10-10,53.6,"D","Index","Indicative","RBA","Daily","Historical Daily Exchange Rates Of The Australian Dollar Against:","Australian Dollar Trade-weighted Index"
"4725","FXRTWI","Trade-weighted Index May 1970 = 100","AUS","AUS",1994-10-11,53.7,"D","Index","Indicative","RBA","Daily","Historical Daily Exchange Rates Of The Australian Dollar Against:","Australian Dollar Trade-weighted Index"
"4726","FXRTWI","Trade-weighted Index May 1970 = 100","AUS","AUS",1994-10-12,53.5,"D","Index","Indicative","RBA","Daily","Historical Daily Exchange Rates Of The Australian Dollar Against:","Australian Dollar Trade-weighted Index"
"4727","FXRTWI","Trade-weighted Index May 1970 = 100","AUS","AUS",1994-10-13,53.5,"D","Index","Indicative","RBA","Daily","Historical Daily Exchange Rates Of The Australian Dollar Against:","Australian Dollar Trade-weighted Index"
"4728","FXRTWI","Trade-weighted Index May 1970 = 100","AUS","AUS",1994-10-14,53.1,"D","Index","Indicative","RBA","Daily","Historical Daily Exchange Rates Of The Australian Dollar Against:","Australian Dollar Trade-weighted Index"
"4729","FXRTWI","Trade-weighted Index May 1970 = 100","AUS","AUS",1994-10-17,52.9,"D","Index","Indicative","RBA","Daily","Historical Daily Exchange Rates Of The Australian Dollar Against:","Australian Dollar Trade-weighted Index"
"4730","FXRTWI","Trade-weighted Index May 1970 = 100","AUS","AUS",1994-10-18,52.9,"D","Index","Indicative","RBA","Daily","Historical Daily Exchange Rates Of The Australian Dollar Against:","Australian Dollar Trade-weighted Index"
"4731","FXRTWI","Trade-weighted Index May 1970 = 100","AUS","AUS",1994-10-19,52.8,"D","Index","Indicative","RBA","Daily","Historical Daily Exchange Rates Of The Australian Dollar Against:","Australian Dollar Trade-weighted Index"
"4732","FXRTWI","Trade-weighted Index May 1970 = 100","AUS","AUS",1994-10-20,52.7,"D","Index","Indicative","RBA","Daily","Historical Daily Exchange Rates Of The Australian Dollar Against:","Australian Dollar Trade-weighted Index"
"4733","FXRTWI","Trade-weighted Index May 1970 = 100","AUS","AUS",1994-10-21,52.3,"D","Index","Indicative","RBA","Daily","Historical Daily Exchange Rates Of The Australian Dollar Against:","Australian Dollar Trade-weighted Index"
"4734","FXRTWI","Trade-weighted Index May 1970 = 100","AUS","AUS",1994-10-24,52.8,"D","Index","Indicative","RBA","Daily","Historical Daily Exchange Rates Of The Australian Dollar Against:","Australian Dollar Trade-weighted Index"
"4735","FXRTWI","Trade-weighted Index May 1970 = 100","AUS","AUS",1994-10-25,52.6,"D","Index","Indicative","RBA","Daily","Historical Daily Exchange Rates Of The Australian Dollar Against:","Australian Dollar Trade-weighted Index"
"4736","FXRTWI","Trade-weighted Index May 1970 = 100","AUS","AUS",1994-10-26,52.7,"D","Index","Indicative","RBA","Daily","Historical Daily Exchange Rates Of The Australian Dollar Against:","Australian Dollar Trade-weighted Index"
"4737","FXRTWI","Trade-weighted Index May 1970 = 100","AUS","AUS",1994-10-27,53,"D","Index","Indicative","RBA","Daily","Historical Daily Exchange Rates Of The Australian Dollar Against:","Australian Dollar Trade-weighted Index"
"4738","FXRTWI","Trade-weighted Index May 1970 = 100","AUS","AUS",1994-10-28,53.1,"D","Index","Indicative","RBA","Daily","Historical Daily Exchange Rates Of The Australian Dollar Against:","Australian Dollar Trade-weighted Index"
"4739","DLCACS","Credit; Total; Seasonally adjusted","AUS","AUS",1994-10-31,382.755,"M","$ billion","Seasonally Adjusted","RBA","Monthly","D2 Lending And Credit Aggregates","Credit; Total; Seasonally adjusted – Includes securitisations – For series breaks see Series Breaks"
"4740","FIRMMCRT","Cash Rate Target","AUS","AUS",1994-10-31,5.78571428571429,"M","Per cent","Original","RBA","Monthly","F1.1 Interest Rates And Yields - Money Market","Cash Rate Target; monthly average"
"4741","FXRTWI","Trade-weighted Index May 1970 = 100","AUS","AUS",1994-10-31,53.1,"D","Index","Indicative","RBA","Daily","Historical Daily Exchange Rates Of The Australian Dollar Against:","Australian Dollar Trade-weighted Index"
"4742","FXRTWI","Trade-weighted Index May 1970 = 100","AUS","AUS",1994-10-31,53.1,"M","Index","Indicative","RBA","Monthly","F11 Exchange Rates","Australian Dollar Trade-weighted Index"
"4743","GRCPAISDR","Commodity prices – SDR","AUS","AUS",1994-10-31,27.2957495982399,"M","Index, 2023/24=100","Original","RBA","Monthly","I2 Commodity Prices","Index of commodity prices; All items; SDR"
"4744","A2718577A","Credits, Total goods ;","AUS","AUS",1994-11-01,5574,"M","$ Millions","Seasonally Adjusted",NA,"Monthly","TABLE 1. GOODS, Summary: Seasonally adjusted and trend estimates, Current prices",NA
"4745","A2718594C","Balance on goods ;","AUS","AUS",1994-11-01,-648,"M","$ Millions","Seasonally Adjusted",NA,"Monthly","TABLE 1. GOODS, Summary: Seasonally adjusted and trend estimates, Current prices",NA
"4746","FXRTWI","Trade-weighted Index May 1970 = 100","AUS","AUS",1994-11-01,53,"D","Index","Indicative","RBA","Daily","Historical Daily Exchange Rates Of The Australian Dollar Against:","Australian Dollar Trade-weighted Index"
"4747","FXRTWI","Trade-weighted Index May 1970 = 100","AUS","AUS",1994-11-02,52.8,"D","Index","Indicative","RBA","Daily","Historical Daily Exchange Rates Of The Australian Dollar Against:","Australian Dollar Trade-weighted Index"
"4748","FXRTWI","Trade-weighted Index May 1970 = 100","AUS","AUS",1994-11-03,53.2,"D","Index","Indicative","RBA","Daily","Historical Daily Exchange Rates Of The Australian Dollar Against:","Australian Dollar Trade-weighted Index"
"4749","FXRTWI","Trade-weighted Index May 1970 = 100","AUS","AUS",1994-11-04,53.3,"D","Index","Indicative","RBA","Daily","Historical Daily Exchange Rates Of The Australian Dollar Against:","Australian Dollar Trade-weighted Index"
"4750","FXRTWI","Trade-weighted Index May 1970 = 100","AUS","AUS",1994-11-07,53.7,"D","Index","Indicative","RBA","Daily","Historical Daily Exchange Rates Of The Australian Dollar Against:","Australian Dollar Trade-weighted Index"
"4751","FXRTWI","Trade-weighted Index May 1970 = 100","AUS","AUS",1994-11-08,53.9,"D","Index","Indicative","RBA","Daily","Historical Daily Exchange Rates Of The Australian Dollar Against:","Australian Dollar Trade-weighted Index"
"4752","FXRTWI","Trade-weighted Index May 1970 = 100","AUS","AUS",1994-11-09,53.8,"D","Index","Indicative","RBA","Daily","Historical Daily Exchange Rates Of The Australian Dollar Against:","Australian Dollar Trade-weighted Index"
"4753","FXRTWI","Trade-weighted Index May 1970 = 100","AUS","AUS",1994-11-10,54.2,"D","Index","Indicative","RBA","Daily","Historical Daily Exchange Rates Of The Australian Dollar Against:","Australian Dollar Trade-weighted Index"
"4754","FXRTWI","Trade-weighted Index May 1970 = 100","AUS","AUS",1994-11-11,54.2,"D","Index","Indicative","RBA","Daily","Historical Daily Exchange Rates Of The Australian Dollar Against:","Australian Dollar Trade-weighted Index"
"4755","FXRTWI","Trade-weighted Index May 1970 = 100","AUS","AUS",1994-11-14,54.2,"D","Index","Indicative","RBA","Daily","Historical Daily Exchange Rates Of The Australian Dollar Against:","Australian Dollar Trade-weighted Index"
"4756","FXRTWI","Trade-weighted Index May 1970 = 100","AUS","AUS",1994-11-15,54.2,"D","Index","Indicative","RBA","Daily","Historical Daily Exchange Rates Of The Australian Dollar Against:","Australian Dollar Trade-weighted Index"
"4757","FXRTWI","Trade-weighted Index May 1970 = 100","AUS","AUS",1994-11-16,54.2,"D","Index","Indicative","RBA","Daily","Historical Daily Exchange Rates Of The Australian Dollar Against:","Australian Dollar Trade-weighted Index"
"4758","FXRTWI","Trade-weighted Index May 1970 = 100","AUS","AUS",1994-11-17,54.3,"D","Index","Indicative","RBA","Daily","Historical Daily Exchange Rates Of The Australian Dollar Against:","Australian Dollar Trade-weighted Index"
"4759","FXRTWI","Trade-weighted Index May 1970 = 100","AUS","AUS",1994-11-18,54.4,"D","Index","Indicative","RBA","Daily","Historical Daily Exchange Rates Of The Australian Dollar Against:","Australian Dollar Trade-weighted Index"
"4760","FXRTWI","Trade-weighted Index May 1970 = 100","AUS","AUS",1994-11-21,54.8,"D","Index","Indicative","RBA","Daily","Historical Daily Exchange Rates Of The Australian Dollar Against:","Australian Dollar Trade-weighted Index"
"4761","FXRTWI","Trade-weighted Index May 1970 = 100","AUS","AUS",1994-11-22,55.1,"D","Index","Indicative","RBA","Daily","Historical Daily Exchange Rates Of The Australian Dollar Against:","Australian Dollar Trade-weighted Index"
"4762","FXRTWI","Trade-weighted Index May 1970 = 100","AUS","AUS",1994-11-23,54.7,"D","Index","Indicative","RBA","Daily","Historical Daily Exchange Rates Of The Australian Dollar Against:","Australian Dollar Trade-weighted Index"
"4763","FXRTWI","Trade-weighted Index May 1970 = 100","AUS","AUS",1994-11-24,55,"D","Index","Indicative","RBA","Daily","Historical Daily Exchange Rates Of The Australian Dollar Against:","Australian Dollar Trade-weighted Index"
"4764","FXRTWI","Trade-weighted Index May 1970 = 100","AUS","AUS",1994-11-25,54.9,"D","Index","Indicative","RBA","Daily","Historical Daily Exchange Rates Of The Australian Dollar Against:","Australian Dollar Trade-weighted Index"
"4765","FXRTWI","Trade-weighted Index May 1970 = 100","AUS","AUS",1994-11-28,55.1,"D","Index","Indicative","RBA","Daily","Historical Daily Exchange Rates Of The Australian Dollar Against:","Australian Dollar Trade-weighted Index"
"4766","FXRTWI","Trade-weighted Index May 1970 = 100","AUS","AUS",1994-11-29,55.1,"D","Index","Indicative","RBA","Daily","Historical Daily Exchange Rates Of The Australian Dollar Against:","Australian Dollar Trade-weighted Index"
"4767","DLCACS","Credit; Total; Seasonally adjusted","AUS","AUS",1994-11-30,385.782,"M","$ billion","Seasonally Adjusted","RBA","Monthly","D2 Lending And Credit Aggregates","Credit; Total; Seasonally adjusted – Includes securitisations – For series breaks see Series Breaks"
"4768","FIRMMCRT","Cash Rate Target","AUS","AUS",1994-11-30,6.5,"M","Per cent","Original","RBA","Monthly","F1.1 Interest Rates And Yields - Money Market","Cash Rate Target; monthly average"
"4769","FXRTWI","Trade-weighted Index May 1970 = 100","AUS","AUS",1994-11-30,55.5,"D","Index","Indicative","RBA","Daily","Historical Daily Exchange Rates Of The Australian Dollar Against:","Australian Dollar Trade-weighted Index"
"4770","FXRTWI","Trade-weighted Index May 1970 = 100","AUS","AUS",1994-11-30,55.5,"M","Index","Indicative","RBA","Monthly","F11 Exchange Rates","Australian Dollar Trade-weighted Index"
"4771","GRCPAISDR","Commodity prices – SDR","AUS","AUS",1994-11-30,28.0694359596076,"M","Index, 2023/24=100","Original","RBA","Monthly","I2 Commodity Prices","Index of commodity prices; All items; SDR"
"4772","A2302956R","South Australia ; STATE FINAL DEMAND ;","SA","SA",1994-12-01,17134,"Q","$ Millions","Seasonally Adjusted",NA,"Quarterly","Table 25. State Final Demand, Summary Components by State: Chain volume measures",NA
"4773","A2302984X","Western Australia ; STATE FINAL DEMAND ;","WA","WA",1994-12-01,25133,"Q","$ Millions","Seasonally Adjusted",NA,"Quarterly","Table 25. State Final Demand, Summary Components by State: Chain volume measures",NA
"4774","A2303012X","Tasmania ; STATE FINAL DEMAND ;","TAS","TAS",1994-12-01,5564,"Q","$ Millions","Seasonally Adjusted",NA,"Quarterly","Table 25. State Final Demand, Summary Components by State: Chain volume measures",NA
"4775","A2303040J","Northern Territory ; STATE FINAL DEMAND ;","NT","NT",1994-12-01,3062,"Q","$ Millions","Seasonally Adjusted",NA,"Quarterly","Table 25. State Final Demand, Summary Components by State: Chain volume measures",NA
"4776","A2303068K","Australian Capital Territory ; STATE FINAL DEMAND ;","ACT","ACT",1994-12-01,6831,"Q","$ Millions","Seasonally Adjusted",NA,"Quarterly","Table 25. State Final Demand, Summary Components by State: Chain volume measures",NA
"4777","A2303111F","New South Wales ; STATE FINAL DEMAND ;","NSW","NSW",1994-12-01,84131,"Q","$ Millions","Seasonally Adjusted",NA,"Quarterly","Table 25. State Final Demand, Summary Components by State: Chain volume measures",NA
"4778","A2303139J","Victoria ; STATE FINAL DEMAND ;","VIC","VIC",1994-12-01,55078,"Q","$ Millions","Seasonally Adjusted",NA,"Quarterly","Table 25. State Final Demand, Summary Components by State: Chain volume measures",NA
"4779","A2303187A","Queensland ; STATE FINAL DEMAND ;","QLD","QLD",1994-12-01,41456,"Q","$ Millions","Seasonally Adjusted",NA,"Quarterly","Table 25. State Final Demand, Summary Components by State: Chain volume measures",NA
"4780","A2304418T","Gross domestic product: Current prices ;","AUS","AUS",1994-12-01,122406,"Q","$ Millions","Seasonally Adjusted",NA,"Quarterly","Table 1. Key National Accounts Aggregates",NA
"4781","A2325846C","Index Numbers ; All groups CPI ; Australia ;","AUS","AUS",1994-12-01,62.8,"Q","Index Numbers","Original",NA,"Quarterly","TABLES 1 and 2. CPI: All Groups, Index Numbers and Percentage Changes",NA
"4782","A2718577A","Credits, Total goods ;","AUS","AUS",1994-12-01,5277,"M","$ Millions","Seasonally Adjusted",NA,"Monthly","TABLE 1. GOODS, Summary: Seasonally adjusted and trend estimates, Current prices",NA
"4783","A2718594C","Balance on goods ;","AUS","AUS",1994-12-01,-1125,"M","$ Millions","Seasonally Adjusted",NA,"Monthly","TABLE 1. GOODS, Summary: Seasonally adjusted and trend estimates, Current prices",NA
"4784","FXRTWI","Trade-weighted Index May 1970 = 100","AUS","AUS",1994-12-01,55.6,"D","Index","Indicative","RBA","Daily","Historical Daily Exchange Rates Of The Australian Dollar Against:","Australian Dollar Trade-weighted Index"
"4785","FXRTWI","Trade-weighted Index May 1970 = 100","AUS","AUS",1994-12-02,55.6,"D","Index","Indicative","RBA","Daily","Historical Daily Exchange Rates Of The Australian Dollar Against:","Australian Dollar Trade-weighted Index"
"4786","FXRTWI","Trade-weighted Index May 1970 = 100","AUS","AUS",1994-12-05,56.1,"D","Index","Indicative","RBA","Daily","Historical Daily Exchange Rates Of The Australian Dollar Against:","Australian Dollar Trade-weighted Index"
"4787","FXRTWI","Trade-weighted Index May 1970 = 100","AUS","AUS",1994-12-06,55.8,"D","Index","Indicative","RBA","Daily","Historical Daily Exchange Rates Of The Australian Dollar Against:","Australian Dollar Trade-weighted Index"
"4788","FXRTWI","Trade-weighted Index May 1970 = 100","AUS","AUS",1994-12-07,55.7,"D","Index","Indicative","RBA","Daily","Historical Daily Exchange Rates Of The Australian Dollar Against:","Australian Dollar Trade-weighted Index"
"4789","FXRTWI","Trade-weighted Index May 1970 = 100","AUS","AUS",1994-12-08,55.8,"D","Index","Indicative","RBA","Daily","Historical Daily Exchange Rates Of The Australian Dollar Against:","Australian Dollar Trade-weighted Index"
"4790","FXRTWI","Trade-weighted Index May 1970 = 100","AUS","AUS",1994-12-09,56.1,"D","Index","Indicative","RBA","Daily","Historical Daily Exchange Rates Of The Australian Dollar Against:","Australian Dollar Trade-weighted Index"
"4791","FXRTWI","Trade-weighted Index May 1970 = 100","AUS","AUS",1994-12-12,56.1,"D","Index","Indicative","RBA","Daily","Historical Daily Exchange Rates Of The Australian Dollar Against:","Australian Dollar Trade-weighted Index"
"4792","FXRTWI","Trade-weighted Index May 1970 = 100","AUS","AUS",1994-12-13,56.3,"D","Index","Indicative","RBA","Daily","Historical Daily Exchange Rates Of The Australian Dollar Against:","Australian Dollar Trade-weighted Index"
"4793","FXRTWI","Trade-weighted Index May 1970 = 100","AUS","AUS",1994-12-14,56.5,"D","Index","Indicative","RBA","Daily","Historical Daily Exchange Rates Of The Australian Dollar Against:","Australian Dollar Trade-weighted Index"
"4794","FXRTWI","Trade-weighted Index May 1970 = 100","AUS","AUS",1994-12-15,56.5,"D","Index","Indicative","RBA","Daily","Historical Daily Exchange Rates Of The Australian Dollar Against:","Australian Dollar Trade-weighted Index"
"4795","FXRTWI","Trade-weighted Index May 1970 = 100","AUS","AUS",1994-12-16,56.4,"D","Index","Indicative","RBA","Daily","Historical Daily Exchange Rates Of The Australian Dollar Against:","Australian Dollar Trade-weighted Index"
"4796","FXRTWI","Trade-weighted Index May 1970 = 100","AUS","AUS",1994-12-19,56.4,"D","Index","Indicative","RBA","Daily","Historical Daily Exchange Rates Of The Australian Dollar Against:","Australian Dollar Trade-weighted Index"
"4797","FXRTWI","Trade-weighted Index May 1970 = 100","AUS","AUS",1994-12-20,56.3,"D","Index","Indicative","RBA","Daily","Historical Daily Exchange Rates Of The Australian Dollar Against:","Australian Dollar Trade-weighted Index"
"4798","FXRTWI","Trade-weighted Index May 1970 = 100","AUS","AUS",1994-12-21,56.4,"D","Index","Indicative","RBA","Daily","Historical Daily Exchange Rates Of The Australian Dollar Against:","Australian Dollar Trade-weighted Index"
"4799","FXRTWI","Trade-weighted Index May 1970 = 100","AUS","AUS",1994-12-22,56.4,"D","Index","Indicative","RBA","Daily","Historical Daily Exchange Rates Of The Australian Dollar Against:","Australian Dollar Trade-weighted Index"
"4800","FXRTWI","Trade-weighted Index May 1970 = 100","AUS","AUS",1994-12-23,56.4,"D","Index","Indicative","RBA","Daily","Historical Daily Exchange Rates Of The Australian Dollar Against:","Australian Dollar Trade-weighted Index"
"4801","FXRTWI","Trade-weighted Index May 1970 = 100","AUS","AUS",1994-12-28,56.5,"D","Index","Indicative","RBA","Daily","Historical Daily Exchange Rates Of The Australian Dollar Against:","Australian Dollar Trade-weighted Index"
"4802","FXRTWI","Trade-weighted Index May 1970 = 100","AUS","AUS",1994-12-29,56.3,"D","Index","Indicative","RBA","Daily","Historical Daily Exchange Rates Of The Australian Dollar Against:","Australian Dollar Trade-weighted Index"
"4803","FXRTWI","Trade-weighted Index May 1970 = 100","AUS","AUS",1994-12-30,56.2,"D","Index","Indicative","RBA","Daily","Historical Daily Exchange Rates Of The Australian Dollar Against:","Australian Dollar Trade-weighted Index"
"4804","DLCACS","Credit; Total; Seasonally adjusted","AUS","AUS",1994-12-31,387.954,"M","$ billion","Seasonally Adjusted","RBA","Monthly","D2 Lending And Credit Aggregates","Credit; Total; Seasonally adjusted – Includes securitisations – For series breaks see Series Breaks"
"4805","FIRMMCRT","Cash Rate Target","AUS","AUS",1994-12-31,7.05,"M","Per cent","Original","RBA","Monthly","F1.1 Interest Rates And Yields - Money Market","Cash Rate Target; monthly average"
"4806","FXRTWI","Trade-weighted Index May 1970 = 100","AUS","AUS",1994-12-31,56.2,"M","Index","Indicative","RBA","Monthly","F11 Exchange Rates","Australian Dollar Trade-weighted Index"
"4807","GCPIOCPMTMQP","Quarterly trimmed mean inflation","AUS","AUS",1994-12-31,0.5,"Q","Per cent","Seasonally Adjusted","ABS","Quarterly","G1 Consumer Price Inflation","Consumer price index; Trimmed mean; Quarterly change (in per cent)"
"4808","GRCPAISDR","Commodity prices – SDR","AUS","AUS",1994-12-31,28.8118013925505,"M","Index, 2023/24=100","Original","RBA","Monthly","I2 Commodity Prices","Index of commodity prices; All items; SDR"
"4809","A2718577A","Credits, Total goods ;","AUS","AUS",1995-01-01,5578,"M","$ Millions","Seasonally Adjusted",NA,"Monthly","TABLE 1. GOODS, Summary: Seasonally adjusted and trend estimates, Current prices",NA
"4810","A2718594C","Balance on goods ;","AUS","AUS",1995-01-01,-579,"M","$ Millions","Seasonally Adjusted",NA,"Monthly","TABLE 1. GOODS, Summary: Seasonally adjusted and trend estimates, Current prices",NA
"4811","FXRTWI","Trade-weighted Index May 1970 = 100","AUS","AUS",1995-01-02,56.2,"D","Index","Indicative","RBA","Daily","Historical Daily Exchange Rates Of The Australian Dollar Against:","Australian Dollar Trade-weighted Index"
"4812","FXRTWI","Trade-weighted Index May 1970 = 100","AUS","AUS",1995-01-03,56.2,"D","Index","Indicative","RBA","Daily","Historical Daily Exchange Rates Of The Australian Dollar Against:","Australian Dollar Trade-weighted Index"
"4813","FXRTWI","Trade-weighted Index May 1970 = 100","AUS","AUS",1995-01-04,56,"D","Index","Indicative","RBA","Daily","Historical Daily Exchange Rates Of The Australian Dollar Against:","Australian Dollar Trade-weighted Index"
"4814","FXRTWI","Trade-weighted Index May 1970 = 100","AUS","AUS",1995-01-05,55.8,"D","Index","Indicative","RBA","Daily","Historical Daily Exchange Rates Of The Australian Dollar Against:","Australian Dollar Trade-weighted Index"
"4815","FXRTWI","Trade-weighted Index May 1970 = 100","AUS","AUS",1995-01-06,55.9,"D","Index","Indicative","RBA","Daily","Historical Daily Exchange Rates Of The Australian Dollar Against:","Australian Dollar Trade-weighted Index"
"4816","FXRTWI","Trade-weighted Index May 1970 = 100","AUS","AUS",1995-01-09,55.7,"D","Index","Indicative","RBA","Daily","Historical Daily Exchange Rates Of The Australian Dollar Against:","Australian Dollar Trade-weighted Index"
"4817","FXRTWI","Trade-weighted Index May 1970 = 100","AUS","AUS",1995-01-10,55.3,"D","Index","Indicative","RBA","Daily","Historical Daily Exchange Rates Of The Australian Dollar Against:","Australian Dollar Trade-weighted Index"
"4818","FXRTWI","Trade-weighted Index May 1970 = 100","AUS","AUS",1995-01-11,55.5,"D","Index","Indicative","RBA","Daily","Historical Daily Exchange Rates Of The Australian Dollar Against:","Australian Dollar Trade-weighted Index"
"4819","FXRTWI","Trade-weighted Index May 1970 = 100","AUS","AUS",1995-01-12,55.7,"D","Index","Indicative","RBA","Daily","Historical Daily Exchange Rates Of The Australian Dollar Against:","Australian Dollar Trade-weighted Index"
"4820","FXRTWI","Trade-weighted Index May 1970 = 100","AUS","AUS",1995-01-13,54.9,"D","Index","Indicative","RBA","Daily","Historical Daily Exchange Rates Of The Australian Dollar Against:","Australian Dollar Trade-weighted Index"
"4821","FXRTWI","Trade-weighted Index May 1970 = 100","AUS","AUS",1995-01-16,54.7,"D","Index","Indicative","RBA","Daily","Historical Daily Exchange Rates Of The Australian Dollar Against:","Australian Dollar Trade-weighted Index"
"4822","FXRTWI","Trade-weighted Index May 1970 = 100","AUS","AUS",1995-01-17,55,"D","Index","Indicative","RBA","Daily","Historical Daily Exchange Rates Of The Australian Dollar Against:","Australian Dollar Trade-weighted Index"
"4823","FXRTWI","Trade-weighted Index May 1970 = 100","AUS","AUS",1995-01-18,54.8,"D","Index","Indicative","RBA","Daily","Historical Daily Exchange Rates Of The Australian Dollar Against:","Australian Dollar Trade-weighted Index"
"4824","FXRTWI","Trade-weighted Index May 1970 = 100","AUS","AUS",1995-01-19,55.1,"D","Index","Indicative","RBA","Daily","Historical Daily Exchange Rates Of The Australian Dollar Against:","Australian Dollar Trade-weighted Index"
"4825","FXRTWI","Trade-weighted Index May 1970 = 100","AUS","AUS",1995-01-20,55.3,"D","Index","Indicative","RBA","Daily","Historical Daily Exchange Rates Of The Australian Dollar Against:","Australian Dollar Trade-weighted Index"
"4826","FXRTWI","Trade-weighted Index May 1970 = 100","AUS","AUS",1995-01-23,55.5,"D","Index","Indicative","RBA","Daily","Historical Daily Exchange Rates Of The Australian Dollar Against:","Australian Dollar Trade-weighted Index"
"4827","FXRTWI","Trade-weighted Index May 1970 = 100","AUS","AUS",1995-01-24,55.4,"D","Index","Indicative","RBA","Daily","Historical Daily Exchange Rates Of The Australian Dollar Against:","Australian Dollar Trade-weighted Index"
"4828","FXRTWI","Trade-weighted Index May 1970 = 100","AUS","AUS",1995-01-25,55.5,"D","Index","Indicative","RBA","Daily","Historical Daily Exchange Rates Of The Australian Dollar Against:","Australian Dollar Trade-weighted Index"
"4829","FXRTWI","Trade-weighted Index May 1970 = 100","AUS","AUS",1995-01-27,54.9,"D","Index","Indicative","RBA","Daily","Historical Daily Exchange Rates Of The Australian Dollar Against:","Australian Dollar Trade-weighted Index"
"4830","FXRTWI","Trade-weighted Index May 1970 = 100","AUS","AUS",1995-01-30,54.7,"D","Index","Indicative","RBA","Daily","Historical Daily Exchange Rates Of The Australian Dollar Against:","Australian Dollar Trade-weighted Index"
"4831","DLCACS","Credit; Total; Seasonally adjusted","AUS","AUS",1995-01-31,390.243,"M","$ billion","Seasonally Adjusted","RBA","Monthly","D2 Lending And Credit Aggregates","Credit; Total; Seasonally adjusted – Includes securitisations – For series breaks see Series Breaks"
"4832","FIRMMCRT","Cash Rate Target","AUS","AUS",1995-01-31,7.5,"M","Per cent","Original","RBA","Monthly","F1.1 Interest Rates And Yields - Money Market","Cash Rate Target; monthly average"
"4833","FXRTWI","Trade-weighted Index May 1970 = 100","AUS","AUS",1995-01-31,54.5,"D","Index","Indicative","RBA","Daily","Historical Daily Exchange Rates Of The Australian Dollar Against:","Australian Dollar Trade-weighted Index"
"4834","FXRTWI","Trade-weighted Index May 1970 = 100","AUS","AUS",1995-01-31,54.5,"M","Index","Indicative","RBA","Monthly","F11 Exchange Rates","Australian Dollar Trade-weighted Index"
"4835","GRCPAISDR","Commodity prices – SDR","AUS","AUS",1995-01-31,29.1392154730162,"M","Index, 2023/24=100","Original","RBA","Monthly","I2 Commodity Prices","Index of commodity prices; All items; SDR"
"4836","A2718577A","Credits, Total goods ;","AUS","AUS",1995-02-01,5719,"M","$ Millions","Seasonally Adjusted",NA,"Monthly","TABLE 1. GOODS, Summary: Seasonally adjusted and trend estimates, Current prices",NA
"4837","A2718594C","Balance on goods ;","AUS","AUS",1995-02-01,-450,"M","$ Millions","Seasonally Adjusted",NA,"Monthly","TABLE 1. GOODS, Summary: Seasonally adjusted and trend estimates, Current prices",NA
"4838","FXRTWI","Trade-weighted Index May 1970 = 100","AUS","AUS",1995-02-01,54.7,"D","Index","Indicative","RBA","Daily","Historical Daily Exchange Rates Of The Australian Dollar Against:","Australian Dollar Trade-weighted Index"
"4839","FXRTWI","Trade-weighted Index May 1970 = 100","AUS","AUS",1995-02-02,54.7,"D","Index","Indicative","RBA","Daily","Historical Daily Exchange Rates Of The Australian Dollar Against:","Australian Dollar Trade-weighted Index"
"4840","FXRTWI","Trade-weighted Index May 1970 = 100","AUS","AUS",1995-02-03,54.7,"D","Index","Indicative","RBA","Daily","Historical Daily Exchange Rates Of The Australian Dollar Against:","Australian Dollar Trade-weighted Index"
"4841","FXRTWI","Trade-weighted Index May 1970 = 100","AUS","AUS",1995-02-06,54.4,"D","Index","Indicative","RBA","Daily","Historical Daily Exchange Rates Of The Australian Dollar Against:","Australian Dollar Trade-weighted Index"
"4842","FXRTWI","Trade-weighted Index May 1970 = 100","AUS","AUS",1995-02-07,53.9,"D","Index","Indicative","RBA","Daily","Historical Daily Exchange Rates Of The Australian Dollar Against:","Australian Dollar Trade-weighted Index"
"4843","FXRTWI","Trade-weighted Index May 1970 = 100","AUS","AUS",1995-02-08,54,"D","Index","Indicative","RBA","Daily","Historical Daily Exchange Rates Of The Australian Dollar Against:","Australian Dollar Trade-weighted Index"
"4844","FXRTWI","Trade-weighted Index May 1970 = 100","AUS","AUS",1995-02-09,53.5,"D","Index","Indicative","RBA","Daily","Historical Daily Exchange Rates Of The Australian Dollar Against:","Australian Dollar Trade-weighted Index"
"4845","FXRTWI","Trade-weighted Index May 1970 = 100","AUS","AUS",1995-02-10,53.7,"D","Index","Indicative","RBA","Daily","Historical Daily Exchange Rates Of The Australian Dollar Against:","Australian Dollar Trade-weighted Index"
"4846","FXRTWI","Trade-weighted Index May 1970 = 100","AUS","AUS",1995-02-13,53.9,"D","Index","Indicative","RBA","Daily","Historical Daily Exchange Rates Of The Australian Dollar Against:","Australian Dollar Trade-weighted Index"
"4847","FXRTWI","Trade-weighted Index May 1970 = 100","AUS","AUS",1995-02-14,53.5,"D","Index","Indicative","RBA","Daily","Historical Daily Exchange Rates Of The Australian Dollar Against:","Australian Dollar Trade-weighted Index"
"4848","FXRTWI","Trade-weighted Index May 1970 = 100","AUS","AUS",1995-02-15,53.8,"D","Index","Indicative","RBA","Daily","Historical Daily Exchange Rates Of The Australian Dollar Against:","Australian Dollar Trade-weighted Index"
"4849","FXRTWI","Trade-weighted Index May 1970 = 100","AUS","AUS",1995-02-16,53.7,"D","Index","Indicative","RBA","Daily","Historical Daily Exchange Rates Of The Australian Dollar Against:","Australian Dollar Trade-weighted Index"
"4850","FXRTWI","Trade-weighted Index May 1970 = 100","AUS","AUS",1995-02-17,52.9,"D","Index","Indicative","RBA","Daily","Historical Daily Exchange Rates Of The Australian Dollar Against:","Australian Dollar Trade-weighted Index"
"4851","FXRTWI","Trade-weighted Index May 1970 = 100","AUS","AUS",1995-02-20,52.8,"D","Index","Indicative","RBA","Daily","Historical Daily Exchange Rates Of The Australian Dollar Against:","Australian Dollar Trade-weighted Index"
"4852","FXRTWI","Trade-weighted Index May 1970 = 100","AUS","AUS",1995-02-21,53.1,"D","Index","Indicative","RBA","Daily","Historical Daily Exchange Rates Of The Australian Dollar Against:","Australian Dollar Trade-weighted Index"
"4853","FXRTWI","Trade-weighted Index May 1970 = 100","AUS","AUS",1995-02-22,53.2,"D","Index","Indicative","RBA","Daily","Historical Daily Exchange Rates Of The Australian Dollar Against:","Australian Dollar Trade-weighted Index"
"4854","FXRTWI","Trade-weighted Index May 1970 = 100","AUS","AUS",1995-02-23,52.9,"D","Index","Indicative","RBA","Daily","Historical Daily Exchange Rates Of The Australian Dollar Against:","Australian Dollar Trade-weighted Index"
"4855","FXRTWI","Trade-weighted Index May 1970 = 100","AUS","AUS",1995-02-24,52.7,"D","Index","Indicative","RBA","Daily","Historical Daily Exchange Rates Of The Australian Dollar Against:","Australian Dollar Trade-weighted Index"
"4856","FXRTWI","Trade-weighted Index May 1970 = 100","AUS","AUS",1995-02-27,52.9,"D","Index","Indicative","RBA","Daily","Historical Daily Exchange Rates Of The Australian Dollar Against:","Australian Dollar Trade-weighted Index"
"4857","DLCACS","Credit; Total; Seasonally adjusted","AUS","AUS",1995-02-28,393.488,"M","$ billion","Seasonally Adjusted","RBA","Monthly","D2 Lending And Credit Aggregates","Credit; Total; Seasonally adjusted – Includes securitisations – For series breaks see Series Breaks"
"4858","FIRMMCRT","Cash Rate Target","AUS","AUS",1995-02-28,7.5,"M","Per cent","Original","RBA","Monthly","F1.1 Interest Rates And Yields - Money Market","Cash Rate Target; monthly average"
"4859","FXRTWI","Trade-weighted Index May 1970 = 100","AUS","AUS",1995-02-28,52.9,"D","Index","Indicative","RBA","Daily","Historical Daily Exchange Rates Of The Australian Dollar Against:","Australian Dollar Trade-weighted Index"
"4860","FXRTWI","Trade-weighted Index May 1970 = 100","AUS","AUS",1995-02-28,52.9,"M","Index","Indicative","RBA","Monthly","F11 Exchange Rates","Australian Dollar Trade-weighted Index"
"4861","GRCPAISDR","Commodity prices – SDR","AUS","AUS",1995-02-28,28.2800611277817,"M","Index, 2023/24=100","Original","RBA","Monthly","I2 Commodity Prices","Index of commodity prices; All items; SDR"
"4862","A2302956R","South Australia ; STATE FINAL DEMAND ;","SA","SA",1995-03-01,17279,"Q","$ Millions","Seasonally Adjusted",NA,"Quarterly","Table 25. State Final Demand, Summary Components by State: Chain volume measures",NA
"4863","A2302984X","Western Australia ; STATE FINAL DEMAND ;","WA","WA",1995-03-01,24400,"Q","$ Millions","Seasonally Adjusted",NA,"Quarterly","Table 25. State Final Demand, Summary Components by State: Chain volume measures",NA
"4864","A2303012X","Tasmania ; STATE FINAL DEMAND ;","TAS","TAS",1995-03-01,5676,"Q","$ Millions","Seasonally Adjusted",NA,"Quarterly","Table 25. State Final Demand, Summary Components by State: Chain volume measures",NA
"4865","A2303040J","Northern Territory ; STATE FINAL DEMAND ;","NT","NT",1995-03-01,3086,"Q","$ Millions","Seasonally Adjusted",NA,"Quarterly","Table 25. State Final Demand, Summary Components by State: Chain volume measures",NA
"4866","A2303068K","Australian Capital Territory ; STATE FINAL DEMAND ;","ACT","ACT",1995-03-01,6347,"Q","$ Millions","Seasonally Adjusted",NA,"Quarterly","Table 25. State Final Demand, Summary Components by State: Chain volume measures",NA
"4867","A2303111F","New South Wales ; STATE FINAL DEMAND ;","NSW","NSW",1995-03-01,83071,"Q","$ Millions","Seasonally Adjusted",NA,"Quarterly","Table 25. State Final Demand, Summary Components by State: Chain volume measures",NA
"4868","A2303139J","Victoria ; STATE FINAL DEMAND ;","VIC","VIC",1995-03-01,55824,"Q","$ Millions","Seasonally Adjusted",NA,"Quarterly","Table 25. State Final Demand, Summary Components by State: Chain volume measures",NA
"4869","A2303187A","Queensland ; STATE FINAL DEMAND ;","QLD","QLD",1995-03-01,41948,"Q","$ Millions","Seasonally Adjusted",NA,"Quarterly","Table 25. State Final Demand, Summary Components by State: Chain volume measures",NA
"4870","A2304418T","Gross domestic product: Current prices ;","AUS","AUS",1995-03-01,124575,"Q","$ Millions","Seasonally Adjusted",NA,"Quarterly","Table 1. Key National Accounts Aggregates",NA
"4871","A2325846C","Index Numbers ; All groups CPI ; Australia ;","AUS","AUS",1995-03-01,63.8,"Q","Index Numbers","Original",NA,"Quarterly","TABLES 1 and 2. CPI: All Groups, Index Numbers and Percentage Changes",NA
"4872","A2718577A","Credits, Total goods ;","AUS","AUS",1995-03-01,6009,"M","$ Millions","Seasonally Adjusted",NA,"Monthly","TABLE 1. GOODS, Summary: Seasonally adjusted and trend estimates, Current prices",NA
"4873","A2718594C","Balance on goods ;","AUS","AUS",1995-03-01,-548,"M","$ Millions","Seasonally Adjusted",NA,"Monthly","TABLE 1. GOODS, Summary: Seasonally adjusted and trend estimates, Current prices",NA
"4874","FXRTWI","Trade-weighted Index May 1970 = 100","AUS","AUS",1995-03-01,52.6,"D","Index","Indicative","RBA","Daily","Historical Daily Exchange Rates Of The Australian Dollar Against:","Australian Dollar Trade-weighted Index"
"4875","FXRTWI","Trade-weighted Index May 1970 = 100","AUS","AUS",1995-03-02,52.5,"D","Index","Indicative","RBA","Daily","Historical Daily Exchange Rates Of The Australian Dollar Against:","Australian Dollar Trade-weighted Index"
"4876","FXRTWI","Trade-weighted Index May 1970 = 100","AUS","AUS",1995-03-03,52.4,"D","Index","Indicative","RBA","Daily","Historical Daily Exchange Rates Of The Australian Dollar Against:","Australian Dollar Trade-weighted Index"
"4877","FXRTWI","Trade-weighted Index May 1970 = 100","AUS","AUS",1995-03-06,51.7,"D","Index","Indicative","RBA","Daily","Historical Daily Exchange Rates Of The Australian Dollar Against:","Australian Dollar Trade-weighted Index"
"4878","FXRTWI","Trade-weighted Index May 1970 = 100","AUS","AUS",1995-03-07,51.9,"D","Index","Indicative","RBA","Daily","Historical Daily Exchange Rates Of The Australian Dollar Against:","Australian Dollar Trade-weighted Index"
"4879","FXRTWI","Trade-weighted Index May 1970 = 100","AUS","AUS",1995-03-08,51,"D","Index","Indicative","RBA","Daily","Historical Daily Exchange Rates Of The Australian Dollar Against:","Australian Dollar Trade-weighted Index"
"4880","FXRTWI","Trade-weighted Index May 1970 = 100","AUS","AUS",1995-03-09,51.9,"D","Index","Indicative","RBA","Daily","Historical Daily Exchange Rates Of The Australian Dollar Against:","Australian Dollar Trade-weighted Index"
"4881","FXRTWI","Trade-weighted Index May 1970 = 100","AUS","AUS",1995-03-10,51.9,"D","Index","Indicative","RBA","Daily","Historical Daily Exchange Rates Of The Australian Dollar Against:","Australian Dollar Trade-weighted Index"
"4882","FXRTWI","Trade-weighted Index May 1970 = 100","AUS","AUS",1995-03-13,52.1,"D","Index","Indicative","RBA","Daily","Historical Daily Exchange Rates Of The Australian Dollar Against:","Australian Dollar Trade-weighted Index"
"4883","FXRTWI","Trade-weighted Index May 1970 = 100","AUS","AUS",1995-03-14,52.2,"D","Index","Indicative","RBA","Daily","Historical Daily Exchange Rates Of The Australian Dollar Against:","Australian Dollar Trade-weighted Index"
"4884","FXRTWI","Trade-weighted Index May 1970 = 100","AUS","AUS",1995-03-15,52.2,"D","Index","Indicative","RBA","Daily","Historical Daily Exchange Rates Of The Australian Dollar Against:","Australian Dollar Trade-weighted Index"
"4885","FXRTWI","Trade-weighted Index May 1970 = 100","AUS","AUS",1995-03-16,52,"D","Index","Indicative","RBA","Daily","Historical Daily Exchange Rates Of The Australian Dollar Against:","Australian Dollar Trade-weighted Index"
"4886","FXRTWI","Trade-weighted Index May 1970 = 100","AUS","AUS",1995-03-17,51.6,"D","Index","Indicative","RBA","Daily","Historical Daily Exchange Rates Of The Australian Dollar Against:","Australian Dollar Trade-weighted Index"
"4887","FXRTWI","Trade-weighted Index May 1970 = 100","AUS","AUS",1995-03-20,50.8,"D","Index","Indicative","RBA","Daily","Historical Daily Exchange Rates Of The Australian Dollar Against:","Australian Dollar Trade-weighted Index"
"4888","FXRTWI","Trade-weighted Index May 1970 = 100","AUS","AUS",1995-03-21,50.5,"D","Index","Indicative","RBA","Daily","Historical Daily Exchange Rates Of The Australian Dollar Against:","Australian Dollar Trade-weighted Index"
"4889","FXRTWI","Trade-weighted Index May 1970 = 100","AUS","AUS",1995-03-22,50.7,"D","Index","Indicative","RBA","Daily","Historical Daily Exchange Rates Of The Australian Dollar Against:","Australian Dollar Trade-weighted Index"
"4890","FXRTWI","Trade-weighted Index May 1970 = 100","AUS","AUS",1995-03-23,50.2,"D","Index","Indicative","RBA","Daily","Historical Daily Exchange Rates Of The Australian Dollar Against:","Australian Dollar Trade-weighted Index"
"4891","FXRTWI","Trade-weighted Index May 1970 = 100","AUS","AUS",1995-03-24,50.5,"D","Index","Indicative","RBA","Daily","Historical Daily Exchange Rates Of The Australian Dollar Against:","Australian Dollar Trade-weighted Index"
"4892","FXRTWI","Trade-weighted Index May 1970 = 100","AUS","AUS",1995-03-27,50.6,"D","Index","Indicative","RBA","Daily","Historical Daily Exchange Rates Of The Australian Dollar Against:","Australian Dollar Trade-weighted Index"
"4893","FXRTWI","Trade-weighted Index May 1970 = 100","AUS","AUS",1995-03-28,50.6,"D","Index","Indicative","RBA","Daily","Historical Daily Exchange Rates Of The Australian Dollar Against:","Australian Dollar Trade-weighted Index"
"4894","FXRTWI","Trade-weighted Index May 1970 = 100","AUS","AUS",1995-03-29,50.4,"D","Index","Indicative","RBA","Daily","Historical Daily Exchange Rates Of The Australian Dollar Against:","Australian Dollar Trade-weighted Index"
"4895","FXRTWI","Trade-weighted Index May 1970 = 100","AUS","AUS",1995-03-30,50.3,"D","Index","Indicative","RBA","Daily","Historical Daily Exchange Rates Of The Australian Dollar Against:","Australian Dollar Trade-weighted Index"
"4896","DLCACS","Credit; Total; Seasonally adjusted","AUS","AUS",1995-03-31,396.2,"M","$ billion","Seasonally Adjusted","RBA","Monthly","D2 Lending And Credit Aggregates","Credit; Total; Seasonally adjusted – Includes securitisations – For series breaks see Series Breaks"
"4897","FIRMMCRT","Cash Rate Target","AUS","AUS",1995-03-31,7.5,"M","Per cent","Original","RBA","Monthly","F1.1 Interest Rates And Yields - Money Market","Cash Rate Target; monthly average"
"4898","FXRTWI","Trade-weighted Index May 1970 = 100","AUS","AUS",1995-03-31,50.7,"D","Index","Indicative","RBA","Daily","Historical Daily Exchange Rates Of The Australian Dollar Against:","Australian Dollar Trade-weighted Index"
"4899","FXRTWI","Trade-weighted Index May 1970 = 100","AUS","AUS",1995-03-31,50.7,"M","Index","Indicative","RBA","Monthly","F11 Exchange Rates","Australian Dollar Trade-weighted Index"
"4900","GCPIOCPMTMQP","Quarterly trimmed mean inflation","AUS","AUS",1995-03-31,0.6,"Q","Per cent","Seasonally Adjusted","ABS","Quarterly","G1 Consumer Price Inflation","Consumer price index; Trimmed mean; Quarterly change (in per cent)"
"4901","GRCPAISDR","Commodity prices – SDR","AUS","AUS",1995-03-31,27.1577370843022,"M","Index, 2023/24=100","Original","RBA","Monthly","I2 Commodity Prices","Index of commodity prices; All items; SDR"
"4902","A2718577A","Credits, Total goods ;","AUS","AUS",1995-04-01,5793,"M","$ Millions","Seasonally Adjusted",NA,"Monthly","TABLE 1. GOODS, Summary: Seasonally adjusted and trend estimates, Current prices",NA
"4903","A2718594C","Balance on goods ;","AUS","AUS",1995-04-01,-619,"M","$ Millions","Seasonally Adjusted",NA,"Monthly","TABLE 1. GOODS, Summary: Seasonally adjusted and trend estimates, Current prices",NA
"4904","FXRTWI","Trade-weighted Index May 1970 = 100","AUS","AUS",1995-04-03,50.6,"D","Index","Indicative","RBA","Daily","Historical Daily Exchange Rates Of The Australian Dollar Against:","Australian Dollar Trade-weighted Index"
"4905","FXRTWI","Trade-weighted Index May 1970 = 100","AUS","AUS",1995-04-04,50.3,"D","Index","Indicative","RBA","Daily","Historical Daily Exchange Rates Of The Australian Dollar Against:","Australian Dollar Trade-weighted Index"
"4906","FXRTWI","Trade-weighted Index May 1970 = 100","AUS","AUS",1995-04-05,50.8,"D","Index","Indicative","RBA","Daily","Historical Daily Exchange Rates Of The Australian Dollar Against:","Australian Dollar Trade-weighted Index"
"4907","FXRTWI","Trade-weighted Index May 1970 = 100","AUS","AUS",1995-04-06,50.7,"D","Index","Indicative","RBA","Daily","Historical Daily Exchange Rates Of The Australian Dollar Against:","Australian Dollar Trade-weighted Index"
"4908","FXRTWI","Trade-weighted Index May 1970 = 100","AUS","AUS",1995-04-07,50.2,"D","Index","Indicative","RBA","Daily","Historical Daily Exchange Rates Of The Australian Dollar Against:","Australian Dollar Trade-weighted Index"
"4909","FXRTWI","Trade-weighted Index May 1970 = 100","AUS","AUS",1995-04-10,50.4,"D","Index","Indicative","RBA","Daily","Historical Daily Exchange Rates Of The Australian Dollar Against:","Australian Dollar Trade-weighted Index"
"4910","FXRTWI","Trade-weighted Index May 1970 = 100","AUS","AUS",1995-04-11,50.6,"D","Index","Indicative","RBA","Daily","Historical Daily Exchange Rates Of The Australian Dollar Against:","Australian Dollar Trade-weighted Index"
"4911","FXRTWI","Trade-weighted Index May 1970 = 100","AUS","AUS",1995-04-12,50.7,"D","Index","Indicative","RBA","Daily","Historical Daily Exchange Rates Of The Australian Dollar Against:","Australian Dollar Trade-weighted Index"
"4912","FXRTWI","Trade-weighted Index May 1970 = 100","AUS","AUS",1995-04-13,50.6,"D","Index","Indicative","RBA","Daily","Historical Daily Exchange Rates Of The Australian Dollar Against:","Australian Dollar Trade-weighted Index"
"4913","FXRTWI","Trade-weighted Index May 1970 = 100","AUS","AUS",1995-04-18,50.3,"D","Index","Indicative","RBA","Daily","Historical Daily Exchange Rates Of The Australian Dollar Against:","Australian Dollar Trade-weighted Index"
"4914","FXRTWI","Trade-weighted Index May 1970 = 100","AUS","AUS",1995-04-19,49.8,"D","Index","Indicative","RBA","Daily","Historical Daily Exchange Rates Of The Australian Dollar Against:","Australian Dollar Trade-weighted Index"
"4915","FXRTWI","Trade-weighted Index May 1970 = 100","AUS","AUS",1995-04-20,49.8,"D","Index","Indicative","RBA","Daily","Historical Daily Exchange Rates Of The Australian Dollar Against:","Australian Dollar Trade-weighted Index"
"4916","FXRTWI","Trade-weighted Index May 1970 = 100","AUS","AUS",1995-04-21,50.2,"D","Index","Indicative","RBA","Daily","Historical Daily Exchange Rates Of The Australian Dollar Against:","Australian Dollar Trade-weighted Index"
"4917","FXRTWI","Trade-weighted Index May 1970 = 100","AUS","AUS",1995-04-24,49.1,"D","Index","Indicative","RBA","Daily","Historical Daily Exchange Rates Of The Australian Dollar Against:","Australian Dollar Trade-weighted Index"
"4918","FXRTWI","Trade-weighted Index May 1970 = 100","AUS","AUS",1995-04-26,49.2,"D","Index","Indicative","RBA","Daily","Historical Daily Exchange Rates Of The Australian Dollar Against:","Australian Dollar Trade-weighted Index"
"4919","FXRTWI","Trade-weighted Index May 1970 = 100","AUS","AUS",1995-04-27,49.4,"D","Index","Indicative","RBA","Daily","Historical Daily Exchange Rates Of The Australian Dollar Against:","Australian Dollar Trade-weighted Index"
"4920","FXRTWI","Trade-weighted Index May 1970 = 100","AUS","AUS",1995-04-28,49.6,"D","Index","Indicative","RBA","Daily","Historical Daily Exchange Rates Of The Australian Dollar Against:","Australian Dollar Trade-weighted Index"
"4921","DLCACS","Credit; Total; Seasonally adjusted","AUS","AUS",1995-04-30,399.213,"M","$ billion","Seasonally Adjusted","RBA","Monthly","D2 Lending And Credit Aggregates","Credit; Total; Seasonally adjusted – Includes securitisations – For series breaks see Series Breaks"
"4922","FIRMMCRT","Cash Rate Target","AUS","AUS",1995-04-30,7.5,"M","Per cent","Original","RBA","Monthly","F1.1 Interest Rates And Yields - Money Market","Cash Rate Target; monthly average"
"4923","FXRTWI","Trade-weighted Index May 1970 = 100","AUS","AUS",1995-04-30,49.6,"M","Index","Indicative","RBA","Monthly","F11 Exchange Rates","Australian Dollar Trade-weighted Index"
"4924","GRCPAISDR","Commodity prices – SDR","AUS","AUS",1995-04-30,26.6567272698445,"M","Index, 2023/24=100","Original","RBA","Monthly","I2 Commodity Prices","Index of commodity prices; All items; SDR"
"4925","A2718577A","Credits, Total goods ;","AUS","AUS",1995-05-01,5976,"M","$ Millions","Seasonally Adjusted",NA,"Monthly","TABLE 1. GOODS, Summary: Seasonally adjusted and trend estimates, Current prices",NA
"4926","A2718594C","Balance on goods ;","AUS","AUS",1995-05-01,-758,"M","$ Millions","Seasonally Adjusted",NA,"Monthly","TABLE 1. GOODS, Summary: Seasonally adjusted and trend estimates, Current prices",NA
"4927","FXRTWI","Trade-weighted Index May 1970 = 100","AUS","AUS",1995-05-01,49.6,"D","Index","Indicative","RBA","Daily","Historical Daily Exchange Rates Of The Australian Dollar Against:","Australian Dollar Trade-weighted Index"
"4928","FXRTWI","Trade-weighted Index May 1970 = 100","AUS","AUS",1995-05-02,49.6,"D","Index","Indicative","RBA","Daily","Historical Daily Exchange Rates Of The Australian Dollar Against:","Australian Dollar Trade-weighted Index"
"4929","FXRTWI","Trade-weighted Index May 1970 = 100","AUS","AUS",1995-05-03,49.5,"D","Index","Indicative","RBA","Daily","Historical Daily Exchange Rates Of The Australian Dollar Against:","Australian Dollar Trade-weighted Index"
"4930","FXRTWI","Trade-weighted Index May 1970 = 100","AUS","AUS",1995-05-04,49.9,"D","Index","Indicative","RBA","Daily","Historical Daily Exchange Rates Of The Australian Dollar Against:","Australian Dollar Trade-weighted Index"
"4931","FXRTWI","Trade-weighted Index May 1970 = 100","AUS","AUS",1995-05-05,50.5,"D","Index","Indicative","RBA","Daily","Historical Daily Exchange Rates Of The Australian Dollar Against:","Australian Dollar Trade-weighted Index"
"4932","FXRTWI","Trade-weighted Index May 1970 = 100","AUS","AUS",1995-05-08,50.2,"D","Index","Indicative","RBA","Daily","Historical Daily Exchange Rates Of The Australian Dollar Against:","Australian Dollar Trade-weighted Index"
"4933","FXRTWI","Trade-weighted Index May 1970 = 100","AUS","AUS",1995-05-09,50.1,"D","Index","Indicative","RBA","Daily","Historical Daily Exchange Rates Of The Australian Dollar Against:","Australian Dollar Trade-weighted Index"
"4934","FXRTWI","Trade-weighted Index May 1970 = 100","AUS","AUS",1995-05-10,49.5,"D","Index","Indicative","RBA","Daily","Historical Daily Exchange Rates Of The Australian Dollar Against:","Australian Dollar Trade-weighted Index"
"4935","FXRTWI","Trade-weighted Index May 1970 = 100","AUS","AUS",1995-05-11,49.7,"D","Index","Indicative","RBA","Daily","Historical Daily Exchange Rates Of The Australian Dollar Against:","Australian Dollar Trade-weighted Index"
"4936","FXRTWI","Trade-weighted Index May 1970 = 100","AUS","AUS",1995-05-12,50.7,"D","Index","Indicative","RBA","Daily","Historical Daily Exchange Rates Of The Australian Dollar Against:","Australian Dollar Trade-weighted Index"
"4937","FXRTWI","Trade-weighted Index May 1970 = 100","AUS","AUS",1995-05-15,51,"D","Index","Indicative","RBA","Daily","Historical Daily Exchange Rates Of The Australian Dollar Against:","Australian Dollar Trade-weighted Index"
"4938","FXRTWI","Trade-weighted Index May 1970 = 100","AUS","AUS",1995-05-16,50.4,"D","Index","Indicative","RBA","Daily","Historical Daily Exchange Rates Of The Australian Dollar Against:","Australian Dollar Trade-weighted Index"
"4939","FXRTWI","Trade-weighted Index May 1970 = 100","AUS","AUS",1995-05-17,50.5,"D","Index","Indicative","RBA","Daily","Historical Daily Exchange Rates Of The Australian Dollar Against:","Australian Dollar Trade-weighted Index"
"4940","FXRTWI","Trade-weighted Index May 1970 = 100","AUS","AUS",1995-05-18,50.5,"D","Index","Indicative","RBA","Daily","Historical Daily Exchange Rates Of The Australian Dollar Against:","Australian Dollar Trade-weighted Index"
"4941","FXRTWI","Trade-weighted Index May 1970 = 100","AUS","AUS",1995-05-19,49.7,"D","Index","Indicative","RBA","Daily","Historical Daily Exchange Rates Of The Australian Dollar Against:","Australian Dollar Trade-weighted Index"
"4942","FXRTWI","Trade-weighted Index May 1970 = 100","AUS","AUS",1995-05-22,49.8,"D","Index","Indicative","RBA","Daily","Historical Daily Exchange Rates Of The Australian Dollar Against:","Australian Dollar Trade-weighted Index"
"4943","FXRTWI","Trade-weighted Index May 1970 = 100","AUS","AUS",1995-05-23,49.7,"D","Index","Indicative","RBA","Daily","Historical Daily Exchange Rates Of The Australian Dollar Against:","Australian Dollar Trade-weighted Index"
"4944","FXRTWI","Trade-weighted Index May 1970 = 100","AUS","AUS",1995-05-24,49.8,"D","Index","Indicative","RBA","Daily","Historical Daily Exchange Rates Of The Australian Dollar Against:","Australian Dollar Trade-weighted Index"
"4945","FXRTWI","Trade-weighted Index May 1970 = 100","AUS","AUS",1995-05-25,49.4,"D","Index","Indicative","RBA","Daily","Historical Daily Exchange Rates Of The Australian Dollar Against:","Australian Dollar Trade-weighted Index"
"4946","FXRTWI","Trade-weighted Index May 1970 = 100","AUS","AUS",1995-05-26,49.3,"D","Index","Indicative","RBA","Daily","Historical Daily Exchange Rates Of The Australian Dollar Against:","Australian Dollar Trade-weighted Index"
"4947","FXRTWI","Trade-weighted Index May 1970 = 100","AUS","AUS",1995-05-29,48.9,"D","Index","Indicative","RBA","Daily","Historical Daily Exchange Rates Of The Australian Dollar Against:","Australian Dollar Trade-weighted Index"
"4948","FXRTWI","Trade-weighted Index May 1970 = 100","AUS","AUS",1995-05-30,49,"D","Index","Indicative","RBA","Daily","Historical Daily Exchange Rates Of The Australian Dollar Against:","Australian Dollar Trade-weighted Index"
"4949","DLCACS","Credit; Total; Seasonally adjusted","AUS","AUS",1995-05-31,402.959,"M","$ billion","Seasonally Adjusted","RBA","Monthly","D2 Lending And Credit Aggregates","Credit; Total; Seasonally adjusted – Includes securitisations – For series breaks see Series Breaks"
"4950","FIRMMCRT","Cash Rate Target","AUS","AUS",1995-05-31,7.5,"M","Per cent","Original","RBA","Monthly","F1.1 Interest Rates And Yields - Money Market","Cash Rate Target; monthly average"
"4951","FXRTWI","Trade-weighted Index May 1970 = 100","AUS","AUS",1995-05-31,48.5,"D","Index","Indicative","RBA","Daily","Historical Daily Exchange Rates Of The Australian Dollar Against:","Australian Dollar Trade-weighted Index"
"4952","FXRTWI","Trade-weighted Index May 1970 = 100","AUS","AUS",1995-05-31,48.5,"M","Index","Indicative","RBA","Monthly","F11 Exchange Rates","Australian Dollar Trade-weighted Index"
"4953","GRCPAISDR","Commodity prices – SDR","AUS","AUS",1995-05-31,27.0364656638631,"M","Index, 2023/24=100","Original","RBA","Monthly","I2 Commodity Prices","Index of commodity prices; All items; SDR"
"4954","A2302956R","South Australia ; STATE FINAL DEMAND ;","SA","SA",1995-06-01,17352,"Q","$ Millions","Seasonally Adjusted",NA,"Quarterly","Table 25. State Final Demand, Summary Components by State: Chain volume measures",NA
"4955","A2302984X","Western Australia ; STATE FINAL DEMAND ;","WA","WA",1995-06-01,24718,"Q","$ Millions","Seasonally Adjusted",NA,"Quarterly","Table 25. State Final Demand, Summary Components by State: Chain volume measures",NA
"4956","A2303012X","Tasmania ; STATE FINAL DEMAND ;","TAS","TAS",1995-06-01,5663,"Q","$ Millions","Seasonally Adjusted",NA,"Quarterly","Table 25. State Final Demand, Summary Components by State: Chain volume measures",NA
"4957","A2303040J","Northern Territory ; STATE FINAL DEMAND ;","NT","NT",1995-06-01,3169,"Q","$ Millions","Seasonally Adjusted",NA,"Quarterly","Table 25. State Final Demand, Summary Components by State: Chain volume measures",NA
"4958","A2303068K","Australian Capital Territory ; STATE FINAL DEMAND ;","ACT","ACT",1995-06-01,6480,"Q","$ Millions","Seasonally Adjusted",NA,"Quarterly","Table 25. State Final Demand, Summary Components by State: Chain volume measures",NA
"4959","A2303111F","New South Wales ; STATE FINAL DEMAND ;","NSW","NSW",1995-06-01,84679,"Q","$ Millions","Seasonally Adjusted",NA,"Quarterly","Table 25. State Final Demand, Summary Components by State: Chain volume measures",NA
"4960","A2303139J","Victoria ; STATE FINAL DEMAND ;","VIC","VIC",1995-06-01,55443,"Q","$ Millions","Seasonally Adjusted",NA,"Quarterly","Table 25. State Final Demand, Summary Components by State: Chain volume measures",NA
"4961","A2303187A","Queensland ; STATE FINAL DEMAND ;","QLD","QLD",1995-06-01,42108,"Q","$ Millions","Seasonally Adjusted",NA,"Quarterly","Table 25. State Final Demand, Summary Components by State: Chain volume measures",NA
"4962","A2304418T","Gross domestic product: Current prices ;","AUS","AUS",1995-06-01,126278,"Q","$ Millions","Seasonally Adjusted",NA,"Quarterly","Table 1. Key National Accounts Aggregates",NA
"4963","A2325846C","Index Numbers ; All groups CPI ; Australia ;","AUS","AUS",1995-06-01,64.7,"Q","Index Numbers","Original",NA,"Quarterly","TABLES 1 and 2. CPI: All Groups, Index Numbers and Percentage Changes",NA
"4964","A2336320R","New South Wales ; Gross state product: Current prices ;","NSW","NSW",1995-06-01,179807,"Annual","$ Millions","Original",NA,"Annual","Table 1. Gross State Product, Chain volume measures and current prices",NA
"4965","A2336321T","Victoria ; Gross state product: Current prices ;","VIC","VIC",1995-06-01,122567,"Annual","$ Millions","Original",NA,"Annual","Table 1. Gross State Product, Chain volume measures and current prices",NA
"4966","A2336322V","Queensland ; Gross state product: Current prices ;","QLD","QLD",1995-06-01,80736,"Annual","$ Millions","Original",NA,"Annual","Table 1. Gross State Product, Chain volume measures and current prices",NA
"4967","A2336323W","South Australia ; Gross state product: Current prices ;","SA","SA",1995-06-01,36381,"Annual","$ Millions","Original",NA,"Annual","Table 1. Gross State Product, Chain volume measures and current prices",NA
"4968","A2336324X","Western Australia ; Gross state product: Current prices ;","WA","WA",1995-06-01,51179,"Annual","$ Millions","Original",NA,"Annual","Table 1. Gross State Product, Chain volume measures and current prices",NA
"4969","A2336325A","Tasmania ; Gross state product: Current prices ;","TAS","TAS",1995-06-01,10232,"Annual","$ Millions","Original",NA,"Annual","Table 1. Gross State Product, Chain volume measures and current prices",NA
"4970","A2336326C","Northern Territory ; Gross state product: Current prices ;","NT","NT",1995-06-01,5060,"Annual","$ Millions","Original",NA,"Annual","Table 1. Gross State Product, Chain volume measures and current prices",NA
"4971","A2336327F","Australian Capital Territory ; Gross state product: Current prices ;","ACT","ACT",1995-06-01,9885,"Annual","$ Millions","Original",NA,"Annual","Table 1. Gross State Product, Chain volume measures and current prices",NA
"4972","A2718577A","Credits, Total goods ;","AUS","AUS",1995-06-01,5761,"M","$ Millions","Seasonally Adjusted",NA,"Monthly","TABLE 1. GOODS, Summary: Seasonally adjusted and trend estimates, Current prices",NA
"4973","A2718594C","Balance on goods ;","AUS","AUS",1995-06-01,-766,"M","$ Millions","Seasonally Adjusted",NA,"Monthly","TABLE 1. GOODS, Summary: Seasonally adjusted and trend estimates, Current prices",NA
"4974","FXRTWI","Trade-weighted Index May 1970 = 100","AUS","AUS",1995-06-01,48.8,"D","Index","Indicative","RBA","Daily","Historical Daily Exchange Rates Of The Australian Dollar Against:","Australian Dollar Trade-weighted Index"
"4975","FXRTWI","Trade-weighted Index May 1970 = 100","AUS","AUS",1995-06-02,49,"D","Index","Indicative","RBA","Daily","Historical Daily Exchange Rates Of The Australian Dollar Against:","Australian Dollar Trade-weighted Index"
"4976","FXRTWI","Trade-weighted Index May 1970 = 100","AUS","AUS",1995-06-05,48.8,"D","Index","Indicative","RBA","Daily","Historical Daily Exchange Rates Of The Australian Dollar Against:","Australian Dollar Trade-weighted Index"
"4977","FXRTWI","Trade-weighted Index May 1970 = 100","AUS","AUS",1995-06-06,48.8,"D","Index","Indicative","RBA","Daily","Historical Daily Exchange Rates Of The Australian Dollar Against:","Australian Dollar Trade-weighted Index"
"4978","FXRTWI","Trade-weighted Index May 1970 = 100","AUS","AUS",1995-06-07,49.3,"D","Index","Indicative","RBA","Daily","Historical Daily Exchange Rates Of The Australian Dollar Against:","Australian Dollar Trade-weighted Index"
"4979","FXRTWI","Trade-weighted Index May 1970 = 100","AUS","AUS",1995-06-08,49.2,"D","Index","Indicative","RBA","Daily","Historical Daily Exchange Rates Of The Australian Dollar Against:","Australian Dollar Trade-weighted Index"
"4980","FXRTWI","Trade-weighted Index May 1970 = 100","AUS","AUS",1995-06-09,49.3,"D","Index","Indicative","RBA","Daily","Historical Daily Exchange Rates Of The Australian Dollar Against:","Australian Dollar Trade-weighted Index"
"4981","FXRTWI","Trade-weighted Index May 1970 = 100","AUS","AUS",1995-06-12,49.3,"D","Index","Indicative","RBA","Daily","Historical Daily Exchange Rates Of The Australian Dollar Against:","Australian Dollar Trade-weighted Index"
"4982","FXRTWI","Trade-weighted Index May 1970 = 100","AUS","AUS",1995-06-13,48.9,"D","Index","Indicative","RBA","Daily","Historical Daily Exchange Rates Of The Australian Dollar Against:","Australian Dollar Trade-weighted Index"
"4983","FXRTWI","Trade-weighted Index May 1970 = 100","AUS","AUS",1995-06-14,49.4,"D","Index","Indicative","RBA","Daily","Historical Daily Exchange Rates Of The Australian Dollar Against:","Australian Dollar Trade-weighted Index"
"4984","FXRTWI","Trade-weighted Index May 1970 = 100","AUS","AUS",1995-06-15,49.2,"D","Index","Indicative","RBA","Daily","Historical Daily Exchange Rates Of The Australian Dollar Against:","Australian Dollar Trade-weighted Index"
"4985","FXRTWI","Trade-weighted Index May 1970 = 100","AUS","AUS",1995-06-16,49.7,"D","Index","Indicative","RBA","Daily","Historical Daily Exchange Rates Of The Australian Dollar Against:","Australian Dollar Trade-weighted Index"
"4986","FXRTWI","Trade-weighted Index May 1970 = 100","AUS","AUS",1995-06-19,49.6,"D","Index","Indicative","RBA","Daily","Historical Daily Exchange Rates Of The Australian Dollar Against:","Australian Dollar Trade-weighted Index"
"4987","FXRTWI","Trade-weighted Index May 1970 = 100","AUS","AUS",1995-06-20,49.5,"D","Index","Indicative","RBA","Daily","Historical Daily Exchange Rates Of The Australian Dollar Against:","Australian Dollar Trade-weighted Index"
"4988","FXRTWI","Trade-weighted Index May 1970 = 100","AUS","AUS",1995-06-21,49.4,"D","Index","Indicative","RBA","Daily","Historical Daily Exchange Rates Of The Australian Dollar Against:","Australian Dollar Trade-weighted Index"
"4989","FXRTWI","Trade-weighted Index May 1970 = 100","AUS","AUS",1995-06-22,49.4,"D","Index","Indicative","RBA","Daily","Historical Daily Exchange Rates Of The Australian Dollar Against:","Australian Dollar Trade-weighted Index"
"4990","FXRTWI","Trade-weighted Index May 1970 = 100","AUS","AUS",1995-06-23,49.2,"D","Index","Indicative","RBA","Daily","Historical Daily Exchange Rates Of The Australian Dollar Against:","Australian Dollar Trade-weighted Index"
"4991","FXRTWI","Trade-weighted Index May 1970 = 100","AUS","AUS",1995-06-26,49.2,"D","Index","Indicative","RBA","Daily","Historical Daily Exchange Rates Of The Australian Dollar Against:","Australian Dollar Trade-weighted Index"
"4992","FXRTWI","Trade-weighted Index May 1970 = 100","AUS","AUS",1995-06-27,49,"D","Index","Indicative","RBA","Daily","Historical Daily Exchange Rates Of The Australian Dollar Against:","Australian Dollar Trade-weighted Index"
"4993","FXRTWI","Trade-weighted Index May 1970 = 100","AUS","AUS",1995-06-28,48.8,"D","Index","Indicative","RBA","Daily","Historical Daily Exchange Rates Of The Australian Dollar Against:","Australian Dollar Trade-weighted Index"
"4994","FXRTWI","Trade-weighted Index May 1970 = 100","AUS","AUS",1995-06-29,49,"D","Index","Indicative","RBA","Daily","Historical Daily Exchange Rates Of The Australian Dollar Against:","Australian Dollar Trade-weighted Index"
"4995","DLCACS","Credit; Total; Seasonally adjusted","AUS","AUS",1995-06-30,405.666,"M","$ billion","Seasonally Adjusted","RBA","Monthly","D2 Lending And Credit Aggregates","Credit; Total; Seasonally adjusted – Includes securitisations – For series breaks see Series Breaks"
"4996","FIRMMCRT","Cash Rate Target","AUS","AUS",1995-06-30,7.5,"M","Per cent","Original","RBA","Monthly","F1.1 Interest Rates And Yields - Money Market","Cash Rate Target; monthly average"
"4997","FXRTWI","Trade-weighted Index May 1970 = 100","AUS","AUS",1995-06-30,48.4,"D","Index","Indicative","RBA","Daily","Historical Daily Exchange Rates Of The Australian Dollar Against:","Australian Dollar Trade-weighted Index"
"4998","FXRTWI","Trade-weighted Index May 1970 = 100","AUS","AUS",1995-06-30,48.4,"M","Index","Indicative","RBA","Monthly","F11 Exchange Rates","Australian Dollar Trade-weighted Index"
"4999","GCPIOCPMTMQP","Quarterly trimmed mean inflation","AUS","AUS",1995-06-30,0.9,"Q","Per cent","Seasonally Adjusted","ABS","Quarterly","G1 Consumer Price Inflation","Consumer price index; Trimmed mean; Quarterly change (in per cent)"
"5000","GRCPAISDR","Commodity prices – SDR","AUS","AUS",1995-06-30,27.2462004178385,"M","Index, 2023/24=100","Original","RBA","Monthly","I2 Commodity Prices","Index of commodity prices; All items; SDR"
"5001","A2718577A","Credits, Total goods ;","AUS","AUS",1995-07-01,6249,"M","$ Millions","Seasonally Adjusted",NA,"Monthly","TABLE 1. GOODS, Summary: Seasonally adjusted and trend estimates, Current prices",NA
"5002","A2718594C","Balance on goods ;","AUS","AUS",1995-07-01,-694,"M","$ Millions","Seasonally Adjusted",NA,"Monthly","TABLE 1. GOODS, Summary: Seasonally adjusted and trend estimates, Current prices",NA
"5003","FXRTWI","Trade-weighted Index May 1970 = 100","AUS","AUS",1995-07-03,48.5,"D","Index","Indicative","RBA","Daily","Historical Daily Exchange Rates Of The Australian Dollar Against:","Australian Dollar Trade-weighted Index"
"5004","FXRTWI","Trade-weighted Index May 1970 = 100","AUS","AUS",1995-07-04,48.4,"D","Index","Indicative","RBA","Daily","Historical Daily Exchange Rates Of The Australian Dollar Against:","Australian Dollar Trade-weighted Index"
"5005","FXRTWI","Trade-weighted Index May 1970 = 100","AUS","AUS",1995-07-05,48.6,"D","Index","Indicative","RBA","Daily","Historical Daily Exchange Rates Of The Australian Dollar Against:","Australian Dollar Trade-weighted Index"
"5006","FXRTWI","Trade-weighted Index May 1970 = 100","AUS","AUS",1995-07-06,48.6,"D","Index","Indicative","RBA","Daily","Historical Daily Exchange Rates Of The Australian Dollar Against:","Australian Dollar Trade-weighted Index"
"5007","FXRTWI","Trade-weighted Index May 1970 = 100","AUS","AUS",1995-07-07,48.9,"D","Index","Indicative","RBA","Daily","Historical Daily Exchange Rates Of The Australian Dollar Against:","Australian Dollar Trade-weighted Index"
"5008","FXRTWI","Trade-weighted Index May 1970 = 100","AUS","AUS",1995-07-10,49.3,"D","Index","Indicative","RBA","Daily","Historical Daily Exchange Rates Of The Australian Dollar Against:","Australian Dollar Trade-weighted Index"
"5009","FXRTWI","Trade-weighted Index May 1970 = 100","AUS","AUS",1995-07-11,49.4,"D","Index","Indicative","RBA","Daily","Historical Daily Exchange Rates Of The Australian Dollar Against:","Australian Dollar Trade-weighted Index"
"5010","FXRTWI","Trade-weighted Index May 1970 = 100","AUS","AUS",1995-07-12,49.6,"D","Index","Indicative","RBA","Daily","Historical Daily Exchange Rates Of The Australian Dollar Against:","Australian Dollar Trade-weighted Index"
"5011","FXRTWI","Trade-weighted Index May 1970 = 100","AUS","AUS",1995-07-13,50.4,"D","Index","Indicative","RBA","Daily","Historical Daily Exchange Rates Of The Australian Dollar Against:","Australian Dollar Trade-weighted Index"
"5012","FXRTWI","Trade-weighted Index May 1970 = 100","AUS","AUS",1995-07-14,50.3,"D","Index","Indicative","RBA","Daily","Historical Daily Exchange Rates Of The Australian Dollar Against:","Australian Dollar Trade-weighted Index"
"5013","FXRTWI","Trade-weighted Index May 1970 = 100","AUS","AUS",1995-07-17,50.5,"D","Index","Indicative","RBA","Daily","Historical Daily Exchange Rates Of The Australian Dollar Against:","Australian Dollar Trade-weighted Index"
"5014","FXRTWI","Trade-weighted Index May 1970 = 100","AUS","AUS",1995-07-18,50.7,"D","Index","Indicative","RBA","Daily","Historical Daily Exchange Rates Of The Australian Dollar Against:","Australian Dollar Trade-weighted Index"
"5015","FXRTWI","Trade-weighted Index May 1970 = 100","AUS","AUS",1995-07-19,50.4,"D","Index","Indicative","RBA","Daily","Historical Daily Exchange Rates Of The Australian Dollar Against:","Australian Dollar Trade-weighted Index"
"5016","FXRTWI","Trade-weighted Index May 1970 = 100","AUS","AUS",1995-07-20,50.5,"D","Index","Indicative","RBA","Daily","Historical Daily Exchange Rates Of The Australian Dollar Against:","Australian Dollar Trade-weighted Index"
"5017","FXRTWI","Trade-weighted Index May 1970 = 100","AUS","AUS",1995-07-21,50.8,"D","Index","Indicative","RBA","Daily","Historical Daily Exchange Rates Of The Australian Dollar Against:","Australian Dollar Trade-weighted Index"
"5018","FXRTWI","Trade-weighted Index May 1970 = 100","AUS","AUS",1995-07-24,50.8,"D","Index","Indicative","RBA","Daily","Historical Daily Exchange Rates Of The Australian Dollar Against:","Australian Dollar Trade-weighted Index"
"5019","FXRTWI","Trade-weighted Index May 1970 = 100","AUS","AUS",1995-07-25,50.9,"D","Index","Indicative","RBA","Daily","Historical Daily Exchange Rates Of The Australian Dollar Against:","Australian Dollar Trade-weighted Index"
"5020","FXRTWI","Trade-weighted Index May 1970 = 100","AUS","AUS",1995-07-26,51.1,"D","Index","Indicative","RBA","Daily","Historical Daily Exchange Rates Of The Australian Dollar Against:","Australian Dollar Trade-weighted Index"
"5021","FXRTWI","Trade-weighted Index May 1970 = 100","AUS","AUS",1995-07-27,50.8,"D","Index","Indicative","RBA","Daily","Historical Daily Exchange Rates Of The Australian Dollar Against:","Australian Dollar Trade-weighted Index"
"5022","FXRTWI","Trade-weighted Index May 1970 = 100","AUS","AUS",1995-07-28,50.6,"D","Index","Indicative","RBA","Daily","Historical Daily Exchange Rates Of The Australian Dollar Against:","Australian Dollar Trade-weighted Index"
"5023","DLCACS","Credit; Total; Seasonally adjusted","AUS","AUS",1995-07-31,408.521,"M","$ billion","Seasonally Adjusted","RBA","Monthly","D2 Lending And Credit Aggregates","Credit; Total; Seasonally adjusted – Includes securitisations – For series breaks see Series Breaks"
"5024","FIRMMCRT","Cash Rate Target","AUS","AUS",1995-07-31,7.5,"M","Per cent","Original","RBA","Monthly","F1.1 Interest Rates And Yields - Money Market","Cash Rate Target; monthly average"
"5025","FXRTWI","Trade-weighted Index May 1970 = 100","AUS","AUS",1995-07-31,51,"D","Index","Indicative","RBA","Daily","Historical Daily Exchange Rates Of The Australian Dollar Against:","Australian Dollar Trade-weighted Index"
"5026","FXRTWI","Trade-weighted Index May 1970 = 100","AUS","AUS",1995-07-31,51,"M","Index","Indicative","RBA","Monthly","F11 Exchange Rates","Australian Dollar Trade-weighted Index"
"5027","GRCPAISDR","Commodity prices – SDR","AUS","AUS",1995-07-31,27.3146687383896,"M","Index, 2023/24=100","Original","RBA","Monthly","I2 Commodity Prices","Index of commodity prices; All items; SDR"
"5028","A2718577A","Credits, Total goods ;","AUS","AUS",1995-08-01,6076,"M","$ Millions","Seasonally Adjusted",NA,"Monthly","TABLE 1. GOODS, Summary: Seasonally adjusted and trend estimates, Current prices",NA
"5029","A2718594C","Balance on goods ;","AUS","AUS",1995-08-01,-449,"M","$ Millions","Seasonally Adjusted",NA,"Monthly","TABLE 1. GOODS, Summary: Seasonally adjusted and trend estimates, Current prices",NA
"5030","FXRTWI","Trade-weighted Index May 1970 = 100","AUS","AUS",1995-08-01,51,"D","Index","Indicative","RBA","Daily","Historical Daily Exchange Rates Of The Australian Dollar Against:","Australian Dollar Trade-weighted Index"
"5031","FXRTWI","Trade-weighted Index May 1970 = 100","AUS","AUS",1995-08-02,51.1,"D","Index","Indicative","RBA","Daily","Historical Daily Exchange Rates Of The Australian Dollar Against:","Australian Dollar Trade-weighted Index"
"5032","FXRTWI","Trade-weighted Index May 1970 = 100","AUS","AUS",1995-08-03,51.4,"D","Index","Indicative","RBA","Daily","Historical Daily Exchange Rates Of The Australian Dollar Against:","Australian Dollar Trade-weighted Index"
"5033","FXRTWI","Trade-weighted Index May 1970 = 100","AUS","AUS",1995-08-04,51.2,"D","Index","Indicative","RBA","Daily","Historical Daily Exchange Rates Of The Australian Dollar Against:","Australian Dollar Trade-weighted Index"
"5034","FXRTWI","Trade-weighted Index May 1970 = 100","AUS","AUS",1995-08-07,51.6,"D","Index","Indicative","RBA","Daily","Historical Daily Exchange Rates Of The Australian Dollar Against:","Australian Dollar Trade-weighted Index"
"5035","FXRTWI","Trade-weighted Index May 1970 = 100","AUS","AUS",1995-08-08,51.9,"D","Index","Indicative","RBA","Daily","Historical Daily Exchange Rates Of The Australian Dollar Against:","Australian Dollar Trade-weighted Index"
"5036","FXRTWI","Trade-weighted Index May 1970 = 100","AUS","AUS",1995-08-09,52,"D","Index","Indicative","RBA","Daily","Historical Daily Exchange Rates Of The Australian Dollar Against:","Australian Dollar Trade-weighted Index"
"5037","FXRTWI","Trade-weighted Index May 1970 = 100","AUS","AUS",1995-08-10,51.8,"D","Index","Indicative","RBA","Daily","Historical Daily Exchange Rates Of The Australian Dollar Against:","Australian Dollar Trade-weighted Index"
"5038","FXRTWI","Trade-weighted Index May 1970 = 100","AUS","AUS",1995-08-11,52.4,"D","Index","Indicative","RBA","Daily","Historical Daily Exchange Rates Of The Australian Dollar Against:","Australian Dollar Trade-weighted Index"
"5039","FXRTWI","Trade-weighted Index May 1970 = 100","AUS","AUS",1995-08-14,52.2,"D","Index","Indicative","RBA","Daily","Historical Daily Exchange Rates Of The Australian Dollar Against:","Australian Dollar Trade-weighted Index"
"5040","FXRTWI","Trade-weighted Index May 1970 = 100","AUS","AUS",1995-08-15,52.3,"D","Index","Indicative","RBA","Daily","Historical Daily Exchange Rates Of The Australian Dollar Against:","Australian Dollar Trade-weighted Index"
"5041","FXRTWI","Trade-weighted Index May 1970 = 100","AUS","AUS",1995-08-16,52.7,"D","Index","Indicative","RBA","Daily","Historical Daily Exchange Rates Of The Australian Dollar Against:","Australian Dollar Trade-weighted Index"
"5042","FXRTWI","Trade-weighted Index May 1970 = 100","AUS","AUS",1995-08-17,52.7,"D","Index","Indicative","RBA","Daily","Historical Daily Exchange Rates Of The Australian Dollar Against:","Australian Dollar Trade-weighted Index"
"5043","FXRTWI","Trade-weighted Index May 1970 = 100","AUS","AUS",1995-08-18,52.8,"D","Index","Indicative","RBA","Daily","Historical Daily Exchange Rates Of The Australian Dollar Against:","Australian Dollar Trade-weighted Index"
"5044","FXRTWI","Trade-weighted Index May 1970 = 100","AUS","AUS",1995-08-21,52.8,"D","Index","Indicative","RBA","Daily","Historical Daily Exchange Rates Of The Australian Dollar Against:","Australian Dollar Trade-weighted Index"
"5045","FXRTWI","Trade-weighted Index May 1970 = 100","AUS","AUS",1995-08-22,52.8,"D","Index","Indicative","RBA","Daily","Historical Daily Exchange Rates Of The Australian Dollar Against:","Australian Dollar Trade-weighted Index"
"5046","FXRTWI","Trade-weighted Index May 1970 = 100","AUS","AUS",1995-08-23,53.1,"D","Index","Indicative","RBA","Daily","Historical Daily Exchange Rates Of The Australian Dollar Against:","Australian Dollar Trade-weighted Index"
"5047","FXRTWI","Trade-weighted Index May 1970 = 100","AUS","AUS",1995-08-24,52.9,"D","Index","Indicative","RBA","Daily","Historical Daily Exchange Rates Of The Australian Dollar Against:","Australian Dollar Trade-weighted Index"
"5048","FXRTWI","Trade-weighted Index May 1970 = 100","AUS","AUS",1995-08-25,53.1,"D","Index","Indicative","RBA","Daily","Historical Daily Exchange Rates Of The Australian Dollar Against:","Australian Dollar Trade-weighted Index"
"5049","FXRTWI","Trade-weighted Index May 1970 = 100","AUS","AUS",1995-08-28,53.1,"D","Index","Indicative","RBA","Daily","Historical Daily Exchange Rates Of The Australian Dollar Against:","Australian Dollar Trade-weighted Index"
"5050","FXRTWI","Trade-weighted Index May 1970 = 100","AUS","AUS",1995-08-29,53.7,"D","Index","Indicative","RBA","Daily","Historical Daily Exchange Rates Of The Australian Dollar Against:","Australian Dollar Trade-weighted Index"
"5051","FXRTWI","Trade-weighted Index May 1970 = 100","AUS","AUS",1995-08-30,54,"D","Index","Indicative","RBA","Daily","Historical Daily Exchange Rates Of The Australian Dollar Against:","Australian Dollar Trade-weighted Index"
"5052","DLCACS","Credit; Total; Seasonally adjusted","AUS","AUS",1995-08-31,411.532,"M","$ billion","Seasonally Adjusted","RBA","Monthly","D2 Lending And Credit Aggregates","Credit; Total; Seasonally adjusted – Includes securitisations – For series breaks see Series Breaks"
"5053","FIRMMCRT","Cash Rate Target","AUS","AUS",1995-08-31,7.5,"M","Per cent","Original","RBA","Monthly","F1.1 Interest Rates And Yields - Money Market","Cash Rate Target; monthly average"
"5054","FXRTWI","Trade-weighted Index May 1970 = 100","AUS","AUS",1995-08-31,53.9,"D","Index","Indicative","RBA","Daily","Historical Daily Exchange Rates Of The Australian Dollar Against:","Australian Dollar Trade-weighted Index"
"5055","FXRTWI","Trade-weighted Index May 1970 = 100","AUS","AUS",1995-08-31,53.9,"M","Index","Indicative","RBA","Monthly","F11 Exchange Rates","Australian Dollar Trade-weighted Index"
"5056","GRCPAISDR","Commodity prices – SDR","AUS","AUS",1995-08-31,28.1633021707679,"M","Index, 2023/24=100","Original","RBA","Monthly","I2 Commodity Prices","Index of commodity prices; All items; SDR"
"5057","A2302956R","South Australia ; STATE FINAL DEMAND ;","SA","SA",1995-09-01,17183,"Q","$ Millions","Seasonally Adjusted",NA,"Quarterly","Table 25. State Final Demand, Summary Components by State: Chain volume measures",NA
"5058","A2302984X","Western Australia ; STATE FINAL DEMAND ;","WA","WA",1995-09-01,25658,"Q","$ Millions","Seasonally Adjusted",NA,"Quarterly","Table 25. State Final Demand, Summary Components by State: Chain volume measures",NA
"5059","A2303012X","Tasmania ; STATE FINAL DEMAND ;","TAS","TAS",1995-09-01,5635,"Q","$ Millions","Seasonally Adjusted",NA,"Quarterly","Table 25. State Final Demand, Summary Components by State: Chain volume measures",NA
"5060","A2303040J","Northern Territory ; STATE FINAL DEMAND ;","NT","NT",1995-09-01,3368,"Q","$ Millions","Seasonally Adjusted",NA,"Quarterly","Table 25. State Final Demand, Summary Components by State: Chain volume measures",NA
"5061","A2303068K","Australian Capital Territory ; STATE FINAL DEMAND ;","ACT","ACT",1995-09-01,6390,"Q","$ Millions","Seasonally Adjusted",NA,"Quarterly","Table 25. State Final Demand, Summary Components by State: Chain volume measures",NA
"5062","A2303111F","New South Wales ; STATE FINAL DEMAND ;","NSW","NSW",1995-09-01,84960,"Q","$ Millions","Seasonally Adjusted",NA,"Quarterly","Table 25. State Final Demand, Summary Components by State: Chain volume measures",NA
"5063","A2303139J","Victoria ; STATE FINAL DEMAND ;","VIC","VIC",1995-09-01,56815,"Q","$ Millions","Seasonally Adjusted",NA,"Quarterly","Table 25. State Final Demand, Summary Components by State: Chain volume measures",NA
"5064","A2303187A","Queensland ; STATE FINAL DEMAND ;","QLD","QLD",1995-09-01,43303,"Q","$ Millions","Seasonally Adjusted",NA,"Quarterly","Table 25. State Final Demand, Summary Components by State: Chain volume measures",NA
"5065","A2304418T","Gross domestic product: Current prices ;","AUS","AUS",1995-09-01,128990,"Q","$ Millions","Seasonally Adjusted",NA,"Quarterly","Table 1. Key National Accounts Aggregates",NA
"5066","A2325846C","Index Numbers ; All groups CPI ; Australia ;","AUS","AUS",1995-09-01,65.5,"Q","Index Numbers","Original",NA,"Quarterly","TABLES 1 and 2. CPI: All Groups, Index Numbers and Percentage Changes",NA
"5067","A2718577A","Credits, Total goods ;","AUS","AUS",1995-09-01,6162,"M","$ Millions","Seasonally Adjusted",NA,"Monthly","TABLE 1. GOODS, Summary: Seasonally adjusted and trend estimates, Current prices",NA
"5068","A2718594C","Balance on goods ;","AUS","AUS",1995-09-01,-17,"M","$ Millions","Seasonally Adjusted",NA,"Monthly","TABLE 1. GOODS, Summary: Seasonally adjusted and trend estimates, Current prices",NA
"5069","FXRTWI","Trade-weighted Index May 1970 = 100","AUS","AUS",1995-09-01,53.7,"D","Index","Indicative","RBA","Daily","Historical Daily Exchange Rates Of The Australian Dollar Against:","Australian Dollar Trade-weighted Index"
"5070","FXRTWI","Trade-weighted Index May 1970 = 100","AUS","AUS",1995-09-04,53.6,"D","Index","Indicative","RBA","Daily","Historical Daily Exchange Rates Of The Australian Dollar Against:","Australian Dollar Trade-weighted Index"
"5071","FXRTWI","Trade-weighted Index May 1970 = 100","AUS","AUS",1995-09-05,53.9,"D","Index","Indicative","RBA","Daily","Historical Daily Exchange Rates Of The Australian Dollar Against:","Australian Dollar Trade-weighted Index"
"5072","FXRTWI","Trade-weighted Index May 1970 = 100","AUS","AUS",1995-09-06,54,"D","Index","Indicative","RBA","Daily","Historical Daily Exchange Rates Of The Australian Dollar Against:","Australian Dollar Trade-weighted Index"
"5073","FXRTWI","Trade-weighted Index May 1970 = 100","AUS","AUS",1995-09-07,54,"D","Index","Indicative","RBA","Daily","Historical Daily Exchange Rates Of The Australian Dollar Against:","Australian Dollar Trade-weighted Index"
"5074","FXRTWI","Trade-weighted Index May 1970 = 100","AUS","AUS",1995-09-08,54.3,"D","Index","Indicative","RBA","Daily","Historical Daily Exchange Rates Of The Australian Dollar Against:","Australian Dollar Trade-weighted Index"
"5075","FXRTWI","Trade-weighted Index May 1970 = 100","AUS","AUS",1995-09-11,54.1,"D","Index","Indicative","RBA","Daily","Historical Daily Exchange Rates Of The Australian Dollar Against:","Australian Dollar Trade-weighted Index"
"5076","FXRTWI","Trade-weighted Index May 1970 = 100","AUS","AUS",1995-09-12,54.7,"D","Index","Indicative","RBA","Daily","Historical Daily Exchange Rates Of The Australian Dollar Against:","Australian Dollar Trade-weighted Index"
"5077","FXRTWI","Trade-weighted Index May 1970 = 100","AUS","AUS",1995-09-13,55.4,"D","Index","Indicative","RBA","Daily","Historical Daily Exchange Rates Of The Australian Dollar Against:","Australian Dollar Trade-weighted Index"
"5078","FXRTWI","Trade-weighted Index May 1970 = 100","AUS","AUS",1995-09-14,55.2,"D","Index","Indicative","RBA","Daily","Historical Daily Exchange Rates Of The Australian Dollar Against:","Australian Dollar Trade-weighted Index"
"5079","FXRTWI","Trade-weighted Index May 1970 = 100","AUS","AUS",1995-09-15,55.3,"D","Index","Indicative","RBA","Daily","Historical Daily Exchange Rates Of The Australian Dollar Against:","Australian Dollar Trade-weighted Index"
"5080","FXRTWI","Trade-weighted Index May 1970 = 100","AUS","AUS",1995-09-18,55.1,"D","Index","Indicative","RBA","Daily","Historical Daily Exchange Rates Of The Australian Dollar Against:","Australian Dollar Trade-weighted Index"
"5081","FXRTWI","Trade-weighted Index May 1970 = 100","AUS","AUS",1995-09-19,55.1,"D","Index","Indicative","RBA","Daily","Historical Daily Exchange Rates Of The Australian Dollar Against:","Australian Dollar Trade-weighted Index"
"5082","FXRTWI","Trade-weighted Index May 1970 = 100","AUS","AUS",1995-09-20,55.1,"D","Index","Indicative","RBA","Daily","Historical Daily Exchange Rates Of The Australian Dollar Against:","Australian Dollar Trade-weighted Index"
"5083","FXRTWI","Trade-weighted Index May 1970 = 100","AUS","AUS",1995-09-21,54.8,"D","Index","Indicative","RBA","Daily","Historical Daily Exchange Rates Of The Australian Dollar Against:","Australian Dollar Trade-weighted Index"
"5084","FXRTWI","Trade-weighted Index May 1970 = 100","AUS","AUS",1995-09-22,53.9,"D","Index","Indicative","RBA","Daily","Historical Daily Exchange Rates Of The Australian Dollar Against:","Australian Dollar Trade-weighted Index"
"5085","FXRTWI","Trade-weighted Index May 1970 = 100","AUS","AUS",1995-09-25,53.6,"D","Index","Indicative","RBA","Daily","Historical Daily Exchange Rates Of The Australian Dollar Against:","Australian Dollar Trade-weighted Index"
"5086","FXRTWI","Trade-weighted Index May 1970 = 100","AUS","AUS",1995-09-26,54.1,"D","Index","Indicative","RBA","Daily","Historical Daily Exchange Rates Of The Australian Dollar Against:","Australian Dollar Trade-weighted Index"
"5087","FXRTWI","Trade-weighted Index May 1970 = 100","AUS","AUS",1995-09-27,53.8,"D","Index","Indicative","RBA","Daily","Historical Daily Exchange Rates Of The Australian Dollar Against:","Australian Dollar Trade-weighted Index"
"5088","FXRTWI","Trade-weighted Index May 1970 = 100","AUS","AUS",1995-09-28,54,"D","Index","Indicative","RBA","Daily","Historical Daily Exchange Rates Of The Australian Dollar Against:","Australian Dollar Trade-weighted Index"
"5089","FXRTWI","Trade-weighted Index May 1970 = 100","AUS","AUS",1995-09-29,53.8,"D","Index","Indicative","RBA","Daily","Historical Daily Exchange Rates Of The Australian Dollar Against:","Australian Dollar Trade-weighted Index"
"5090","DLCACS","Credit; Total; Seasonally adjusted","AUS","AUS",1995-09-30,418.226,"M","$ billion","Seasonally Adjusted","RBA","Monthly","D2 Lending And Credit Aggregates","Credit; Total; Seasonally adjusted – Includes securitisations – For series breaks see Series Breaks"
"5091","FIRMMCRT","Cash Rate Target","AUS","AUS",1995-09-30,7.5,"M","Per cent","Original","RBA","Monthly","F1.1 Interest Rates And Yields - Money Market","Cash Rate Target; monthly average"
"5092","FXRTWI","Trade-weighted Index May 1970 = 100","AUS","AUS",1995-09-30,53.8,"M","Index","Indicative","RBA","Monthly","F11 Exchange Rates","Australian Dollar Trade-weighted Index"
"5093","GCPIOCPMTMQP","Quarterly trimmed mean inflation","AUS","AUS",1995-09-30,1,"Q","Per cent","Seasonally Adjusted","ABS","Quarterly","G1 Consumer Price Inflation","Consumer price index; Trimmed mean; Quarterly change (in per cent)"
"5094","GRCPAISDR","Commodity prices – SDR","AUS","AUS",1995-09-30,28.7622774781999,"M","Index, 2023/24=100","Original","RBA","Monthly","I2 Commodity Prices","Index of commodity prices; All items; SDR"
"5095","A2718577A","Credits, Total goods ;","AUS","AUS",1995-10-01,6075,"M","$ Millions","Seasonally Adjusted",NA,"Monthly","TABLE 1. GOODS, Summary: Seasonally adjusted and trend estimates, Current prices",NA
"5096","A2718594C","Balance on goods ;","AUS","AUS",1995-10-01,-380,"M","$ Millions","Seasonally Adjusted",NA,"Monthly","TABLE 1. GOODS, Summary: Seasonally adjusted and trend estimates, Current prices",NA
"5097","FXRTWI","Trade-weighted Index May 1970 = 100","AUS","AUS",1995-10-02,54.5,"D","Index","Indicative","RBA","Daily","Historical Daily Exchange Rates Of The Australian Dollar Against:","Australian Dollar Trade-weighted Index"
"5098","FXRTWI","Trade-weighted Index May 1970 = 100","AUS","AUS",1995-10-03,54.8,"D","Index","Indicative","RBA","Daily","Historical Daily Exchange Rates Of The Australian Dollar Against:","Australian Dollar Trade-weighted Index"
"5099","FXRTWI","Trade-weighted Index May 1970 = 100","AUS","AUS",1995-10-04,55.2,"D","Index","Indicative","RBA","Daily","Historical Daily Exchange Rates Of The Australian Dollar Against:","Australian Dollar Trade-weighted Index"
"5100","FXRTWI","Trade-weighted Index May 1970 = 100","AUS","AUS",1995-10-05,54.8,"D","Index","Indicative","RBA","Daily","Historical Daily Exchange Rates Of The Australian Dollar Against:","Australian Dollar Trade-weighted Index"
"5101","FXRTWI","Trade-weighted Index May 1970 = 100","AUS","AUS",1995-10-06,54.4,"D","Index","Indicative","RBA","Daily","Historical Daily Exchange Rates Of The Australian Dollar Against:","Australian Dollar Trade-weighted Index"
"5102","FXRTWI","Trade-weighted Index May 1970 = 100","AUS","AUS",1995-10-09,54.7,"D","Index","Indicative","RBA","Daily","Historical Daily Exchange Rates Of The Australian Dollar Against:","Australian Dollar Trade-weighted Index"
"5103","FXRTWI","Trade-weighted Index May 1970 = 100","AUS","AUS",1995-10-10,54.4,"D","Index","Indicative","RBA","Daily","Historical Daily Exchange Rates Of The Australian Dollar Against:","Australian Dollar Trade-weighted Index"
"5104","FXRTWI","Trade-weighted Index May 1970 = 100","AUS","AUS",1995-10-11,54.6,"D","Index","Indicative","RBA","Daily","Historical Daily Exchange Rates Of The Australian Dollar Against:","Australian Dollar Trade-weighted Index"
"5105","FXRTWI","Trade-weighted Index May 1970 = 100","AUS","AUS",1995-10-12,54.9,"D","Index","Indicative","RBA","Daily","Historical Daily Exchange Rates Of The Australian Dollar Against:","Australian Dollar Trade-weighted Index"
"5106","FXRTWI","Trade-weighted Index May 1970 = 100","AUS","AUS",1995-10-13,54.5,"D","Index","Indicative","RBA","Daily","Historical Daily Exchange Rates Of The Australian Dollar Against:","Australian Dollar Trade-weighted Index"
"5107","FXRTWI","Trade-weighted Index May 1970 = 100","AUS","AUS",1995-10-16,54.4,"D","Index","Indicative","RBA","Daily","Historical Daily Exchange Rates Of The Australian Dollar Against:","Australian Dollar Trade-weighted Index"
"5108","FXRTWI","Trade-weighted Index May 1970 = 100","AUS","AUS",1995-10-17,54.3,"D","Index","Indicative","RBA","Daily","Historical Daily Exchange Rates Of The Australian Dollar Against:","Australian Dollar Trade-weighted Index"
"5109","FXRTWI","Trade-weighted Index May 1970 = 100","AUS","AUS",1995-10-18,53.7,"D","Index","Indicative","RBA","Daily","Historical Daily Exchange Rates Of The Australian Dollar Against:","Australian Dollar Trade-weighted Index"
"5110","FXRTWI","Trade-weighted Index May 1970 = 100","AUS","AUS",1995-10-19,54.4,"D","Index","Indicative","RBA","Daily","Historical Daily Exchange Rates Of The Australian Dollar Against:","Australian Dollar Trade-weighted Index"
"5111","FXRTWI","Trade-weighted Index May 1970 = 100","AUS","AUS",1995-10-20,53.9,"D","Index","Indicative","RBA","Daily","Historical Daily Exchange Rates Of The Australian Dollar Against:","Australian Dollar Trade-weighted Index"
"5112","FXRTWI","Trade-weighted Index May 1970 = 100","AUS","AUS",1995-10-23,53.5,"D","Index","Indicative","RBA","Daily","Historical Daily Exchange Rates Of The Australian Dollar Against:","Australian Dollar Trade-weighted Index"
"5113","FXRTWI","Trade-weighted Index May 1970 = 100","AUS","AUS",1995-10-24,53.6,"D","Index","Indicative","RBA","Daily","Historical Daily Exchange Rates Of The Australian Dollar Against:","Australian Dollar Trade-weighted Index"
"5114","FXRTWI","Trade-weighted Index May 1970 = 100","AUS","AUS",1995-10-25,53.6,"D","Index","Indicative","RBA","Daily","Historical Daily Exchange Rates Of The Australian Dollar Against:","Australian Dollar Trade-weighted Index"
"5115","FXRTWI","Trade-weighted Index May 1970 = 100","AUS","AUS",1995-10-26,54.3,"D","Index","Indicative","RBA","Daily","Historical Daily Exchange Rates Of The Australian Dollar Against:","Australian Dollar Trade-weighted Index"
"5116","FXRTWI","Trade-weighted Index May 1970 = 100","AUS","AUS",1995-10-27,54,"D","Index","Indicative","RBA","Daily","Historical Daily Exchange Rates Of The Australian Dollar Against:","Australian Dollar Trade-weighted Index"
"5117","FXRTWI","Trade-weighted Index May 1970 = 100","AUS","AUS",1995-10-30,54.5,"D","Index","Indicative","RBA","Daily","Historical Daily Exchange Rates Of The Australian Dollar Against:","Australian Dollar Trade-weighted Index"
"5118","DLCACS","Credit; Total; Seasonally adjusted","AUS","AUS",1995-10-31,421.85,"M","$ billion","Seasonally Adjusted","RBA","Monthly","D2 Lending And Credit Aggregates","Credit; Total; Seasonally adjusted – Includes securitisations – For series breaks see Series Breaks"
"5119","FIRMMCRT","Cash Rate Target","AUS","AUS",1995-10-31,7.5,"M","Per cent","Original","RBA","Monthly","F1.1 Interest Rates And Yields - Money Market","Cash Rate Target; monthly average"
"5120","FXRTWI","Trade-weighted Index May 1970 = 100","AUS","AUS",1995-10-31,54.3,"D","Index","Indicative","RBA","Daily","Historical Daily Exchange Rates Of The Australian Dollar Against:","Australian Dollar Trade-weighted Index"
"5121","FXRTWI","Trade-weighted Index May 1970 = 100","AUS","AUS",1995-10-31,54.3,"M","Index","Indicative","RBA","Monthly","F11 Exchange Rates","Australian Dollar Trade-weighted Index"
"5122","GRCPAISDR","Commodity prices – SDR","AUS","AUS",1995-10-31,28.0066862824975,"M","Index, 2023/24=100","Original","RBA","Monthly","I2 Commodity Prices","Index of commodity prices; All items; SDR"
"5123","A2718577A","Credits, Total goods ;","AUS","AUS",1995-11-01,5952,"M","$ Millions","Seasonally Adjusted",NA,"Monthly","TABLE 1. GOODS, Summary: Seasonally adjusted and trend estimates, Current prices",NA
"5124","A2718594C","Balance on goods ;","AUS","AUS",1995-11-01,-504,"M","$ Millions","Seasonally Adjusted",NA,"Monthly","TABLE 1. GOODS, Summary: Seasonally adjusted and trend estimates, Current prices",NA
"5125","FXRTWI","Trade-weighted Index May 1970 = 100","AUS","AUS",1995-11-01,54.6,"D","Index","Indicative","RBA","Daily","Historical Daily Exchange Rates Of The Australian Dollar Against:","Australian Dollar Trade-weighted Index"
"5126","FXRTWI","Trade-weighted Index May 1970 = 100","AUS","AUS",1995-11-02,54.7,"D","Index","Indicative","RBA","Daily","Historical Daily Exchange Rates Of The Australian Dollar Against:","Australian Dollar Trade-weighted Index"
"5127","FXRTWI","Trade-weighted Index May 1970 = 100","AUS","AUS",1995-11-03,54.8,"D","Index","Indicative","RBA","Daily","Historical Daily Exchange Rates Of The Australian Dollar Against:","Australian Dollar Trade-weighted Index"
"5128","FXRTWI","Trade-weighted Index May 1970 = 100","AUS","AUS",1995-11-06,54.7,"D","Index","Indicative","RBA","Daily","Historical Daily Exchange Rates Of The Australian Dollar Against:","Australian Dollar Trade-weighted Index"
"5129","FXRTWI","Trade-weighted Index May 1970 = 100","AUS","AUS",1995-11-07,54.4,"D","Index","Indicative","RBA","Daily","Historical Daily Exchange Rates Of The Australian Dollar Against:","Australian Dollar Trade-weighted Index"
"5130","FXRTWI","Trade-weighted Index May 1970 = 100","AUS","AUS",1995-11-08,54.2,"D","Index","Indicative","RBA","Daily","Historical Daily Exchange Rates Of The Australian Dollar Against:","Australian Dollar Trade-weighted Index"
"5131","FXRTWI","Trade-weighted Index May 1970 = 100","AUS","AUS",1995-11-09,53.5,"D","Index","Indicative","RBA","Daily","Historical Daily Exchange Rates Of The Australian Dollar Against:","Australian Dollar Trade-weighted Index"
"5132","FXRTWI","Trade-weighted Index May 1970 = 100","AUS","AUS",1995-11-10,52.9,"D","Index","Indicative","RBA","Daily","Historical Daily Exchange Rates Of The Australian Dollar Against:","Australian Dollar Trade-weighted Index"
"5133","FXRTWI","Trade-weighted Index May 1970 = 100","AUS","AUS",1995-11-13,52.9,"D","Index","Indicative","RBA","Daily","Historical Daily Exchange Rates Of The Australian Dollar Against:","Australian Dollar Trade-weighted Index"
"5134","FXRTWI","Trade-weighted Index May 1970 = 100","AUS","AUS",1995-11-14,53.1,"D","Index","Indicative","RBA","Daily","Historical Daily Exchange Rates Of The Australian Dollar Against:","Australian Dollar Trade-weighted Index"
"5135","FXRTWI","Trade-weighted Index May 1970 = 100","AUS","AUS",1995-11-15,53,"D","Index","Indicative","RBA","Daily","Historical Daily Exchange Rates Of The Australian Dollar Against:","Australian Dollar Trade-weighted Index"
"5136","FXRTWI","Trade-weighted Index May 1970 = 100","AUS","AUS",1995-11-16,53.1,"D","Index","Indicative","RBA","Daily","Historical Daily Exchange Rates Of The Australian Dollar Against:","Australian Dollar Trade-weighted Index"
"5137","FXRTWI","Trade-weighted Index May 1970 = 100","AUS","AUS",1995-11-17,53.3,"D","Index","Indicative","RBA","Daily","Historical Daily Exchange Rates Of The Australian Dollar Against:","Australian Dollar Trade-weighted Index"
"5138","FXRTWI","Trade-weighted Index May 1970 = 100","AUS","AUS",1995-11-20,53.6,"D","Index","Indicative","RBA","Daily","Historical Daily Exchange Rates Of The Australian Dollar Against:","Australian Dollar Trade-weighted Index"
"5139","FXRTWI","Trade-weighted Index May 1970 = 100","AUS","AUS",1995-11-21,53.6,"D","Index","Indicative","RBA","Daily","Historical Daily Exchange Rates Of The Australian Dollar Against:","Australian Dollar Trade-weighted Index"
"5140","FXRTWI","Trade-weighted Index May 1970 = 100","AUS","AUS",1995-11-22,53.3,"D","Index","Indicative","RBA","Daily","Historical Daily Exchange Rates Of The Australian Dollar Against:","Australian Dollar Trade-weighted Index"
"5141","FXRTWI","Trade-weighted Index May 1970 = 100","AUS","AUS",1995-11-23,53.1,"D","Index","Indicative","RBA","Daily","Historical Daily Exchange Rates Of The Australian Dollar Against:","Australian Dollar Trade-weighted Index"
"5142","FXRTWI","Trade-weighted Index May 1970 = 100","AUS","AUS",1995-11-24,53.1,"D","Index","Indicative","RBA","Daily","Historical Daily Exchange Rates Of The Australian Dollar Against:","Australian Dollar Trade-weighted Index"
"5143","FXRTWI","Trade-weighted Index May 1970 = 100","AUS","AUS",1995-11-27,53.3,"D","Index","Indicative","RBA","Daily","Historical Daily Exchange Rates Of The Australian Dollar Against:","Australian Dollar Trade-weighted Index"
"5144","FXRTWI","Trade-weighted Index May 1970 = 100","AUS","AUS",1995-11-28,53.7,"D","Index","Indicative","RBA","Daily","Historical Daily Exchange Rates Of The Australian Dollar Against:","Australian Dollar Trade-weighted Index"
"5145","FXRTWI","Trade-weighted Index May 1970 = 100","AUS","AUS",1995-11-29,54,"D","Index","Indicative","RBA","Daily","Historical Daily Exchange Rates Of The Australian Dollar Against:","Australian Dollar Trade-weighted Index"
"5146","DLCACS","Credit; Total; Seasonally adjusted","AUS","AUS",1995-11-30,426.733,"M","$ billion","Seasonally Adjusted","RBA","Monthly","D2 Lending And Credit Aggregates","Credit; Total; Seasonally adjusted – Includes securitisations – For series breaks see Series Breaks"
"5147","FIRMMCRT","Cash Rate Target","AUS","AUS",1995-11-30,7.5,"M","Per cent","Original","RBA","Monthly","F1.1 Interest Rates And Yields - Money Market","Cash Rate Target; monthly average"
"5148","FXRTWI","Trade-weighted Index May 1970 = 100","AUS","AUS",1995-11-30,53.8,"D","Index","Indicative","RBA","Daily","Historical Daily Exchange Rates Of The Australian Dollar Against:","Australian Dollar Trade-weighted Index"
"5149","FXRTWI","Trade-weighted Index May 1970 = 100","AUS","AUS",1995-11-30,53.8,"M","Index","Indicative","RBA","Monthly","F11 Exchange Rates","Australian Dollar Trade-weighted Index"
"5150","GRCPAISDR","Commodity prices – SDR","AUS","AUS",1995-11-30,28.3975386054338,"M","Index, 2023/24=100","Original","RBA","Monthly","I2 Commodity Prices","Index of commodity prices; All items; SDR"
"5151","A2302956R","South Australia ; STATE FINAL DEMAND ;","SA","SA",1995-12-01,17312,"Q","$ Millions","Seasonally Adjusted",NA,"Quarterly","Table 25. State Final Demand, Summary Components by State: Chain volume measures",NA
"5152","A2302984X","Western Australia ; STATE FINAL DEMAND ;","WA","WA",1995-12-01,25981,"Q","$ Millions","Seasonally Adjusted",NA,"Quarterly","Table 25. State Final Demand, Summary Components by State: Chain volume measures",NA
"5153","A2303012X","Tasmania ; STATE FINAL DEMAND ;","TAS","TAS",1995-12-01,5609,"Q","$ Millions","Seasonally Adjusted",NA,"Quarterly","Table 25. State Final Demand, Summary Components by State: Chain volume measures",NA
"5154","A2303040J","Northern Territory ; STATE FINAL DEMAND ;","NT","NT",1995-12-01,3339,"Q","$ Millions","Seasonally Adjusted",NA,"Quarterly","Table 25. State Final Demand, Summary Components by State: Chain volume measures",NA
"5155","A2303068K","Australian Capital Territory ; STATE FINAL DEMAND ;","ACT","ACT",1995-12-01,6634,"Q","$ Millions","Seasonally Adjusted",NA,"Quarterly","Table 25. State Final Demand, Summary Components by State: Chain volume measures",NA
"5156","A2303111F","New South Wales ; STATE FINAL DEMAND ;","NSW","NSW",1995-12-01,84953,"Q","$ Millions","Seasonally Adjusted",NA,"Quarterly","Table 25. State Final Demand, Summary Components by State: Chain volume measures",NA
"5157","A2303139J","Victoria ; STATE FINAL DEMAND ;","VIC","VIC",1995-12-01,56555,"Q","$ Millions","Seasonally Adjusted",NA,"Quarterly","Table 25. State Final Demand, Summary Components by State: Chain volume measures",NA
"5158","A2303187A","Queensland ; STATE FINAL DEMAND ;","QLD","QLD",1995-12-01,42455,"Q","$ Millions","Seasonally Adjusted",NA,"Quarterly","Table 25. State Final Demand, Summary Components by State: Chain volume measures",NA
"5159","A2304418T","Gross domestic product: Current prices ;","AUS","AUS",1995-12-01,131592,"Q","$ Millions","Seasonally Adjusted",NA,"Quarterly","Table 1. Key National Accounts Aggregates",NA
"5160","A2325846C","Index Numbers ; All groups CPI ; Australia ;","AUS","AUS",1995-12-01,66,"Q","Index Numbers","Original",NA,"Quarterly","TABLES 1 and 2. CPI: All Groups, Index Numbers and Percentage Changes",NA
"5161","A2718577A","Credits, Total goods ;","AUS","AUS",1995-12-01,6450,"M","$ Millions","Seasonally Adjusted",NA,"Monthly","TABLE 1. GOODS, Summary: Seasonally adjusted and trend estimates, Current prices",NA
"5162","A2718594C","Balance on goods ;","AUS","AUS",1995-12-01,-159,"M","$ Millions","Seasonally Adjusted",NA,"Monthly","TABLE 1. GOODS, Summary: Seasonally adjusted and trend estimates, Current prices",NA
"5163","FXRTWI","Trade-weighted Index May 1970 = 100","AUS","AUS",1995-12-01,53.7,"D","Index","Indicative","RBA","Daily","Historical Daily Exchange Rates Of The Australian Dollar Against:","Australian Dollar Trade-weighted Index"
"5164","FXRTWI","Trade-weighted Index May 1970 = 100","AUS","AUS",1995-12-04,53.3,"D","Index","Indicative","RBA","Daily","Historical Daily Exchange Rates Of The Australian Dollar Against:","Australian Dollar Trade-weighted Index"
"5165","FXRTWI","Trade-weighted Index May 1970 = 100","AUS","AUS",1995-12-05,53.2,"D","Index","Indicative","RBA","Daily","Historical Daily Exchange Rates Of The Australian Dollar Against:","Australian Dollar Trade-weighted Index"
"5166","FXRTWI","Trade-weighted Index May 1970 = 100","AUS","AUS",1995-12-06,53.5,"D","Index","Indicative","RBA","Daily","Historical Daily Exchange Rates Of The Australian Dollar Against:","Australian Dollar Trade-weighted Index"
"5167","FXRTWI","Trade-weighted Index May 1970 = 100","AUS","AUS",1995-12-07,53.4,"D","Index","Indicative","RBA","Daily","Historical Daily Exchange Rates Of The Australian Dollar Against:","Australian Dollar Trade-weighted Index"
"5168","FXRTWI","Trade-weighted Index May 1970 = 100","AUS","AUS",1995-12-08,53.4,"D","Index","Indicative","RBA","Daily","Historical Daily Exchange Rates Of The Australian Dollar Against:","Australian Dollar Trade-weighted Index"
"5169","FXRTWI","Trade-weighted Index May 1970 = 100","AUS","AUS",1995-12-11,53.2,"D","Index","Indicative","RBA","Daily","Historical Daily Exchange Rates Of The Australian Dollar Against:","Australian Dollar Trade-weighted Index"
"5170","FXRTWI","Trade-weighted Index May 1970 = 100","AUS","AUS",1995-12-12,53.3,"D","Index","Indicative","RBA","Daily","Historical Daily Exchange Rates Of The Australian Dollar Against:","Australian Dollar Trade-weighted Index"
"5171","FXRTWI","Trade-weighted Index May 1970 = 100","AUS","AUS",1995-12-13,53.7,"D","Index","Indicative","RBA","Daily","Historical Daily Exchange Rates Of The Australian Dollar Against:","Australian Dollar Trade-weighted Index"
"5172","FXRTWI","Trade-weighted Index May 1970 = 100","AUS","AUS",1995-12-14,53.8,"D","Index","Indicative","RBA","Daily","Historical Daily Exchange Rates Of The Australian Dollar Against:","Australian Dollar Trade-weighted Index"
"5173","FXRTWI","Trade-weighted Index May 1970 = 100","AUS","AUS",1995-12-15,53.4,"D","Index","Indicative","RBA","Daily","Historical Daily Exchange Rates Of The Australian Dollar Against:","Australian Dollar Trade-weighted Index"
"5174","FXRTWI","Trade-weighted Index May 1970 = 100","AUS","AUS",1995-12-18,53.5,"D","Index","Indicative","RBA","Daily","Historical Daily Exchange Rates Of The Australian Dollar Against:","Australian Dollar Trade-weighted Index"
"5175","FXRTWI","Trade-weighted Index May 1970 = 100","AUS","AUS",1995-12-19,53.5,"D","Index","Indicative","RBA","Daily","Historical Daily Exchange Rates Of The Australian Dollar Against:","Australian Dollar Trade-weighted Index"
"5176","FXRTWI","Trade-weighted Index May 1970 = 100","AUS","AUS",1995-12-20,53.6,"D","Index","Indicative","RBA","Daily","Historical Daily Exchange Rates Of The Australian Dollar Against:","Australian Dollar Trade-weighted Index"
"5177","FXRTWI","Trade-weighted Index May 1970 = 100","AUS","AUS",1995-12-21,53.6,"D","Index","Indicative","RBA","Daily","Historical Daily Exchange Rates Of The Australian Dollar Against:","Australian Dollar Trade-weighted Index"
"5178","FXRTWI","Trade-weighted Index May 1970 = 100","AUS","AUS",1995-12-22,53.5,"D","Index","Indicative","RBA","Daily","Historical Daily Exchange Rates Of The Australian Dollar Against:","Australian Dollar Trade-weighted Index"
"5179","FXRTWI","Trade-weighted Index May 1970 = 100","AUS","AUS",1995-12-27,53.7,"D","Index","Indicative","RBA","Daily","Historical Daily Exchange Rates Of The Australian Dollar Against:","Australian Dollar Trade-weighted Index"
"5180","FXRTWI","Trade-weighted Index May 1970 = 100","AUS","AUS",1995-12-28,53.9,"D","Index","Indicative","RBA","Daily","Historical Daily Exchange Rates Of The Australian Dollar Against:","Australian Dollar Trade-weighted Index"
"5181","FXRTWI","Trade-weighted Index May 1970 = 100","AUS","AUS",1995-12-29,53.9,"D","Index","Indicative","RBA","Daily","Historical Daily Exchange Rates Of The Australian Dollar Against:","Australian Dollar Trade-weighted Index"
"5182","DLCACS","Credit; Total; Seasonally adjusted","AUS","AUS",1995-12-31,432.605,"M","$ billion","Seasonally Adjusted","RBA","Monthly","D2 Lending And Credit Aggregates","Credit; Total; Seasonally adjusted – Includes securitisations – For series breaks see Series Breaks"
"5183","FIRMMCRT","Cash Rate Target","AUS","AUS",1995-12-31,7.5,"M","Per cent","Original","RBA","Monthly","F1.1 Interest Rates And Yields - Money Market","Cash Rate Target; monthly average"
"5184","FXRTWI","Trade-weighted Index May 1970 = 100","AUS","AUS",1995-12-31,53.9,"M","Index","Indicative","RBA","Monthly","F11 Exchange Rates","Australian Dollar Trade-weighted Index"
"5185","GCPIOCPMTMQP","Quarterly trimmed mean inflation","AUS","AUS",1995-12-31,0.7,"Q","Per cent","Seasonally Adjusted","ABS","Quarterly","G1 Consumer Price Inflation","Consumer price index; Trimmed mean; Quarterly change (in per cent)"
"5186","GRCPAISDR","Commodity prices – SDR","AUS","AUS",1995-12-31,28.502779440731,"M","Index, 2023/24=100","Original","RBA","Monthly","I2 Commodity Prices","Index of commodity prices; All items; SDR"
"5187","A2718577A","Credits, Total goods ;","AUS","AUS",1996-01-01,6700,"M","$ Millions","Seasonally Adjusted",NA,"Monthly","TABLE 1. GOODS, Summary: Seasonally adjusted and trend estimates, Current prices",NA
"5188","A2718594C","Balance on goods ;","AUS","AUS",1996-01-01,67,"M","$ Millions","Seasonally Adjusted",NA,"Monthly","TABLE 1. GOODS, Summary: Seasonally adjusted and trend estimates, Current prices",NA
"5189","FXRTWI","Trade-weighted Index May 1970 = 100","AUS","AUS",1996-01-02,53.9,"D","Index","Indicative","RBA","Daily","Historical Daily Exchange Rates Of The Australian Dollar Against:","Australian Dollar Trade-weighted Index"
"5190","FXRTWI","Trade-weighted Index May 1970 = 100","AUS","AUS",1996-01-03,54.1,"D","Index","Indicative","RBA","Daily","Historical Daily Exchange Rates Of The Australian Dollar Against:","Australian Dollar Trade-weighted Index"
"5191","FXRTWI","Trade-weighted Index May 1970 = 100","AUS","AUS",1996-01-04,54.2,"D","Index","Indicative","RBA","Daily","Historical Daily Exchange Rates Of The Australian Dollar Against:","Australian Dollar Trade-weighted Index"
"5192","FXRTWI","Trade-weighted Index May 1970 = 100","AUS","AUS",1996-01-05,53.9,"D","Index","Indicative","RBA","Daily","Historical Daily Exchange Rates Of The Australian Dollar Against:","Australian Dollar Trade-weighted Index"
"5193","FXRTWI","Trade-weighted Index May 1970 = 100","AUS","AUS",1996-01-08,54.4,"D","Index","Indicative","RBA","Daily","Historical Daily Exchange Rates Of The Australian Dollar Against:","Australian Dollar Trade-weighted Index"
"5194","FXRTWI","Trade-weighted Index May 1970 = 100","AUS","AUS",1996-01-09,54.3,"D","Index","Indicative","RBA","Daily","Historical Daily Exchange Rates Of The Australian Dollar Against:","Australian Dollar Trade-weighted Index"
"5195","FXRTWI","Trade-weighted Index May 1970 = 100","AUS","AUS",1996-01-10,54.2,"D","Index","Indicative","RBA","Daily","Historical Daily Exchange Rates Of The Australian Dollar Against:","Australian Dollar Trade-weighted Index"
"5196","FXRTWI","Trade-weighted Index May 1970 = 100","AUS","AUS",1996-01-11,54.2,"D","Index","Indicative","RBA","Daily","Historical Daily Exchange Rates Of The Australian Dollar Against:","Australian Dollar Trade-weighted Index"
"5197","FXRTWI","Trade-weighted Index May 1970 = 100","AUS","AUS",1996-01-12,54.2,"D","Index","Indicative","RBA","Daily","Historical Daily Exchange Rates Of The Australian Dollar Against:","Australian Dollar Trade-weighted Index"
"5198","FXRTWI","Trade-weighted Index May 1970 = 100","AUS","AUS",1996-01-15,54.2,"D","Index","Indicative","RBA","Daily","Historical Daily Exchange Rates Of The Australian Dollar Against:","Australian Dollar Trade-weighted Index"
"5199","FXRTWI","Trade-weighted Index May 1970 = 100","AUS","AUS",1996-01-16,54.3,"D","Index","Indicative","RBA","Daily","Historical Daily Exchange Rates Of The Australian Dollar Against:","Australian Dollar Trade-weighted Index"
"5200","FXRTWI","Trade-weighted Index May 1970 = 100","AUS","AUS",1996-01-17,54.4,"D","Index","Indicative","RBA","Daily","Historical Daily Exchange Rates Of The Australian Dollar Against:","Australian Dollar Trade-weighted Index"
"5201","FXRTWI","Trade-weighted Index May 1970 = 100","AUS","AUS",1996-01-18,54.1,"D","Index","Indicative","RBA","Daily","Historical Daily Exchange Rates Of The Australian Dollar Against:","Australian Dollar Trade-weighted Index"
"5202","FXRTWI","Trade-weighted Index May 1970 = 100","AUS","AUS",1996-01-19,54.1,"D","Index","Indicative","RBA","Daily","Historical Daily Exchange Rates Of The Australian Dollar Against:","Australian Dollar Trade-weighted Index"
"5203","FXRTWI","Trade-weighted Index May 1970 = 100","AUS","AUS",1996-01-22,53.8,"D","Index","Indicative","RBA","Daily","Historical Daily Exchange Rates Of The Australian Dollar Against:","Australian Dollar Trade-weighted Index"
"5204","FXRTWI","Trade-weighted Index May 1970 = 100","AUS","AUS",1996-01-23,53.7,"D","Index","Indicative","RBA","Daily","Historical Daily Exchange Rates Of The Australian Dollar Against:","Australian Dollar Trade-weighted Index"
"5205","FXRTWI","Trade-weighted Index May 1970 = 100","AUS","AUS",1996-01-24,53.7,"D","Index","Indicative","RBA","Daily","Historical Daily Exchange Rates Of The Australian Dollar Against:","Australian Dollar Trade-weighted Index"
"5206","FXRTWI","Trade-weighted Index May 1970 = 100","AUS","AUS",1996-01-25,54.1,"D","Index","Indicative","RBA","Daily","Historical Daily Exchange Rates Of The Australian Dollar Against:","Australian Dollar Trade-weighted Index"
"5207","FXRTWI","Trade-weighted Index May 1970 = 100","AUS","AUS",1996-01-29,54.3,"D","Index","Indicative","RBA","Daily","Historical Daily Exchange Rates Of The Australian Dollar Against:","Australian Dollar Trade-weighted Index"
"5208","FXRTWI","Trade-weighted Index May 1970 = 100","AUS","AUS",1996-01-30,54.5,"D","Index","Indicative","RBA","Daily","Historical Daily Exchange Rates Of The Australian Dollar Against:","Australian Dollar Trade-weighted Index"
"5209","DLCACS","Credit; Total; Seasonally adjusted","AUS","AUS",1996-01-31,437.311,"M","$ billion","Seasonally Adjusted","RBA","Monthly","D2 Lending And Credit Aggregates","Credit; Total; Seasonally adjusted – Includes securitisations – For series breaks see Series Breaks"
"5210","FIRMMCRT","Cash Rate Target","AUS","AUS",1996-01-31,7.5,"M","Per cent","Original","RBA","Monthly","F1.1 Interest Rates And Yields - Money Market","Cash Rate Target; monthly average"
"5211","FXRTWI","Trade-weighted Index May 1970 = 100","AUS","AUS",1996-01-31,54.7,"D","Index","Indicative","RBA","Daily","Historical Daily Exchange Rates Of The Australian Dollar Against:","Australian Dollar Trade-weighted Index"
"5212","FXRTWI","Trade-weighted Index May 1970 = 100","AUS","AUS",1996-01-31,54.7,"M","Index","Indicative","RBA","Monthly","F11 Exchange Rates","Australian Dollar Trade-weighted Index"
"5213","GRCPAISDR","Commodity prices – SDR","AUS","AUS",1996-01-31,28.819123408795,"M","Index, 2023/24=100","Original","RBA","Monthly","I2 Commodity Prices","Index of commodity prices; All items; SDR"
"5214","A2718577A","Credits, Total goods ;","AUS","AUS",1996-02-01,6300,"M","$ Millions","Seasonally Adjusted",NA,"Monthly","TABLE 1. GOODS, Summary: Seasonally adjusted and trend estimates, Current prices",NA
"5215","A2718594C","Balance on goods ;","AUS","AUS",1996-02-01,-381,"M","$ Millions","Seasonally Adjusted",NA,"Monthly","TABLE 1. GOODS, Summary: Seasonally adjusted and trend estimates, Current prices",NA
"5216","FXRTWI","Trade-weighted Index May 1970 = 100","AUS","AUS",1996-02-01,54.7,"D","Index","Indicative","RBA","Daily","Historical Daily Exchange Rates Of The Australian Dollar Against:","Australian Dollar Trade-weighted Index"
"5217","FXRTWI","Trade-weighted Index May 1970 = 100","AUS","AUS",1996-02-02,55,"D","Index","Indicative","RBA","Daily","Historical Daily Exchange Rates Of The Australian Dollar Against:","Australian Dollar Trade-weighted Index"
"5218","FXRTWI","Trade-weighted Index May 1970 = 100","AUS","AUS",1996-02-05,55.4,"D","Index","Indicative","RBA","Daily","Historical Daily Exchange Rates Of The Australian Dollar Against:","Australian Dollar Trade-weighted Index"
"5219","FXRTWI","Trade-weighted Index May 1970 = 100","AUS","AUS",1996-02-06,55,"D","Index","Indicative","RBA","Daily","Historical Daily Exchange Rates Of The Australian Dollar Against:","Australian Dollar Trade-weighted Index"
"5220","FXRTWI","Trade-weighted Index May 1970 = 100","AUS","AUS",1996-02-07,55,"D","Index","Indicative","RBA","Daily","Historical Daily Exchange Rates Of The Australian Dollar Against:","Australian Dollar Trade-weighted Index"
"5221","FXRTWI","Trade-weighted Index May 1970 = 100","AUS","AUS",1996-02-08,55.3,"D","Index","Indicative","RBA","Daily","Historical Daily Exchange Rates Of The Australian Dollar Against:","Australian Dollar Trade-weighted Index"
"5222","FXRTWI","Trade-weighted Index May 1970 = 100","AUS","AUS",1996-02-09,55.4,"D","Index","Indicative","RBA","Daily","Historical Daily Exchange Rates Of The Australian Dollar Against:","Australian Dollar Trade-weighted Index"
"5223","FXRTWI","Trade-weighted Index May 1970 = 100","AUS","AUS",1996-02-12,55.4,"D","Index","Indicative","RBA","Daily","Historical Daily Exchange Rates Of The Australian Dollar Against:","Australian Dollar Trade-weighted Index"
"5224","FXRTWI","Trade-weighted Index May 1970 = 100","AUS","AUS",1996-02-13,55.3,"D","Index","Indicative","RBA","Daily","Historical Daily Exchange Rates Of The Australian Dollar Against:","Australian Dollar Trade-weighted Index"
"5225","FXRTWI","Trade-weighted Index May 1970 = 100","AUS","AUS",1996-02-14,55.2,"D","Index","Indicative","RBA","Daily","Historical Daily Exchange Rates Of The Australian Dollar Against:","Australian Dollar Trade-weighted Index"
"5226","FXRTWI","Trade-weighted Index May 1970 = 100","AUS","AUS",1996-02-15,55.1,"D","Index","Indicative","RBA","Daily","Historical Daily Exchange Rates Of The Australian Dollar Against:","Australian Dollar Trade-weighted Index"
"5227","FXRTWI","Trade-weighted Index May 1970 = 100","AUS","AUS",1996-02-16,55.1,"D","Index","Indicative","RBA","Daily","Historical Daily Exchange Rates Of The Australian Dollar Against:","Australian Dollar Trade-weighted Index"
"5228","FXRTWI","Trade-weighted Index May 1970 = 100","AUS","AUS",1996-02-19,55.1,"D","Index","Indicative","RBA","Daily","Historical Daily Exchange Rates Of The Australian Dollar Against:","Australian Dollar Trade-weighted Index"
"5229","FXRTWI","Trade-weighted Index May 1970 = 100","AUS","AUS",1996-02-20,55.1,"D","Index","Indicative","RBA","Daily","Historical Daily Exchange Rates Of The Australian Dollar Against:","Australian Dollar Trade-weighted Index"
"5230","FXRTWI","Trade-weighted Index May 1970 = 100","AUS","AUS",1996-02-21,54.9,"D","Index","Indicative","RBA","Daily","Historical Daily Exchange Rates Of The Australian Dollar Against:","Australian Dollar Trade-weighted Index"
"5231","FXRTWI","Trade-weighted Index May 1970 = 100","AUS","AUS",1996-02-22,54.8,"D","Index","Indicative","RBA","Daily","Historical Daily Exchange Rates Of The Australian Dollar Against:","Australian Dollar Trade-weighted Index"
"5232","FXRTWI","Trade-weighted Index May 1970 = 100","AUS","AUS",1996-02-23,54.9,"D","Index","Indicative","RBA","Daily","Historical Daily Exchange Rates Of The Australian Dollar Against:","Australian Dollar Trade-weighted Index"
"5233","FXRTWI","Trade-weighted Index May 1970 = 100","AUS","AUS",1996-02-26,55.1,"D","Index","Indicative","RBA","Daily","Historical Daily Exchange Rates Of The Australian Dollar Against:","Australian Dollar Trade-weighted Index"
"5234","FXRTWI","Trade-weighted Index May 1970 = 100","AUS","AUS",1996-02-27,55,"D","Index","Indicative","RBA","Daily","Historical Daily Exchange Rates Of The Australian Dollar Against:","Australian Dollar Trade-weighted Index"
"5235","FXRTWI","Trade-weighted Index May 1970 = 100","AUS","AUS",1996-02-28,55.1,"D","Index","Indicative","RBA","Daily","Historical Daily Exchange Rates Of The Australian Dollar Against:","Australian Dollar Trade-weighted Index"
"5236","DLCACS","Credit; Total; Seasonally adjusted","AUS","AUS",1996-02-29,443.185,"M","$ billion","Seasonally Adjusted","RBA","Monthly","D2 Lending And Credit Aggregates","Credit; Total; Seasonally adjusted – Includes securitisations – For series breaks see Series Breaks"
"5237","FIRMMCRT","Cash Rate Target","AUS","AUS",1996-02-29,7.5,"M","Per cent","Original","RBA","Monthly","F1.1 Interest Rates And Yields - Money Market","Cash Rate Target; monthly average"
"5238","FXRTWI","Trade-weighted Index May 1970 = 100","AUS","AUS",1996-02-29,55.5,"D","Index","Indicative","RBA","Daily","Historical Daily Exchange Rates Of The Australian Dollar Against:","Australian Dollar Trade-weighted Index"
"5239","FXRTWI","Trade-weighted Index May 1970 = 100","AUS","AUS",1996-02-29,55.5,"M","Index","Indicative","RBA","Monthly","F11 Exchange Rates","Australian Dollar Trade-weighted Index"
"5240","GRCPAISDR","Commodity prices – SDR","AUS","AUS",1996-02-29,29.0280868687722,"M","Index, 2023/24=100","Original","RBA","Monthly","I2 Commodity Prices","Index of commodity prices; All items; SDR"
"5241","A2302956R","South Australia ; STATE FINAL DEMAND ;","SA","SA",1996-03-01,17315,"Q","$ Millions","Seasonally Adjusted",NA,"Quarterly","Table 25. State Final Demand, Summary Components by State: Chain volume measures",NA
"5242","A2302984X","Western Australia ; STATE FINAL DEMAND ;","WA","WA",1996-03-01,26500,"Q","$ Millions","Seasonally Adjusted",NA,"Quarterly","Table 25. State Final Demand, Summary Components by State: Chain volume measures",NA
"5243","A2303012X","Tasmania ; STATE FINAL DEMAND ;","TAS","TAS",1996-03-01,5741,"Q","$ Millions","Seasonally Adjusted",NA,"Quarterly","Table 25. State Final Demand, Summary Components by State: Chain volume measures",NA
"5244","A2303040J","Northern Territory ; STATE FINAL DEMAND ;","NT","NT",1996-03-01,3496,"Q","$ Millions","Seasonally Adjusted",NA,"Quarterly","Table 25. State Final Demand, Summary Components by State: Chain volume measures",NA
"5245","A2303068K","Australian Capital Territory ; STATE FINAL DEMAND ;","ACT","ACT",1996-03-01,6730,"Q","$ Millions","Seasonally Adjusted",NA,"Quarterly","Table 25. State Final Demand, Summary Components by State: Chain volume measures",NA
"5246","A2303111F","New South Wales ; STATE FINAL DEMAND ;","NSW","NSW",1996-03-01,85499,"Q","$ Millions","Seasonally Adjusted",NA,"Quarterly","Table 25. State Final Demand, Summary Components by State: Chain volume measures",NA
"5247","A2303139J","Victoria ; STATE FINAL DEMAND ;","VIC","VIC",1996-03-01,57725,"Q","$ Millions","Seasonally Adjusted",NA,"Quarterly","Table 25. State Final Demand, Summary Components by State: Chain volume measures",NA
"5248","A2303187A","Queensland ; STATE FINAL DEMAND ;","QLD","QLD",1996-03-01,43553,"Q","$ Millions","Seasonally Adjusted",NA,"Quarterly","Table 25. State Final Demand, Summary Components by State: Chain volume measures",NA
"5249","A2304418T","Gross domestic product: Current prices ;","AUS","AUS",1996-03-01,133194,"Q","$ Millions","Seasonally Adjusted",NA,"Quarterly","Table 1. Key National Accounts Aggregates",NA
"5250","A2325846C","Index Numbers ; All groups CPI ; Australia ;","AUS","AUS",1996-03-01,66.2,"Q","Index Numbers","Original",NA,"Quarterly","TABLES 1 and 2. CPI: All Groups, Index Numbers and Percentage Changes",NA
"5251","A2718577A","Credits, Total goods ;","AUS","AUS",1996-03-01,6612,"M","$ Millions","Seasonally Adjusted",NA,"Monthly","TABLE 1. GOODS, Summary: Seasonally adjusted and trend estimates, Current prices",NA
"5252","A2718594C","Balance on goods ;","AUS","AUS",1996-03-01,289,"M","$ Millions","Seasonally Adjusted",NA,"Monthly","TABLE 1. GOODS, Summary: Seasonally adjusted and trend estimates, Current prices",NA
"5253","FXRTWI","Trade-weighted Index May 1970 = 100","AUS","AUS",1996-03-01,55.7,"D","Index","Indicative","RBA","Daily","Historical Daily Exchange Rates Of The Australian Dollar Against:","Australian Dollar Trade-weighted Index"
"5254","FXRTWI","Trade-weighted Index May 1970 = 100","AUS","AUS",1996-03-04,55.6,"D","Index","Indicative","RBA","Daily","Historical Daily Exchange Rates Of The Australian Dollar Against:","Australian Dollar Trade-weighted Index"
"5255","FXRTWI","Trade-weighted Index May 1970 = 100","AUS","AUS",1996-03-05,55.3,"D","Index","Indicative","RBA","Daily","Historical Daily Exchange Rates Of The Australian Dollar Against:","Australian Dollar Trade-weighted Index"
"5256","FXRTWI","Trade-weighted Index May 1970 = 100","AUS","AUS",1996-03-06,55.5,"D","Index","Indicative","RBA","Daily","Historical Daily Exchange Rates Of The Australian Dollar Against:","Australian Dollar Trade-weighted Index"
"5257","FXRTWI","Trade-weighted Index May 1970 = 100","AUS","AUS",1996-03-07,55.8,"D","Index","Indicative","RBA","Daily","Historical Daily Exchange Rates Of The Australian Dollar Against:","Australian Dollar Trade-weighted Index"
"5258","FXRTWI","Trade-weighted Index May 1970 = 100","AUS","AUS",1996-03-08,55.8,"D","Index","Indicative","RBA","Daily","Historical Daily Exchange Rates Of The Australian Dollar Against:","Australian Dollar Trade-weighted Index"
"5259","FXRTWI","Trade-weighted Index May 1970 = 100","AUS","AUS",1996-03-11,56,"D","Index","Indicative","RBA","Daily","Historical Daily Exchange Rates Of The Australian Dollar Against:","Australian Dollar Trade-weighted Index"
"5260","FXRTWI","Trade-weighted Index May 1970 = 100","AUS","AUS",1996-03-12,56,"D","Index","Indicative","RBA","Daily","Historical Daily Exchange Rates Of The Australian Dollar Against:","Australian Dollar Trade-weighted Index"
"5261","FXRTWI","Trade-weighted Index May 1970 = 100","AUS","AUS",1996-03-13,56.3,"D","Index","Indicative","RBA","Daily","Historical Daily Exchange Rates Of The Australian Dollar Against:","Australian Dollar Trade-weighted Index"
"5262","FXRTWI","Trade-weighted Index May 1970 = 100","AUS","AUS",1996-03-14,56.5,"D","Index","Indicative","RBA","Daily","Historical Daily Exchange Rates Of The Australian Dollar Against:","Australian Dollar Trade-weighted Index"
"5263","FXRTWI","Trade-weighted Index May 1970 = 100","AUS","AUS",1996-03-15,56.4,"D","Index","Indicative","RBA","Daily","Historical Daily Exchange Rates Of The Australian Dollar Against:","Australian Dollar Trade-weighted Index"
"5264","FXRTWI","Trade-weighted Index May 1970 = 100","AUS","AUS",1996-03-18,56.3,"D","Index","Indicative","RBA","Daily","Historical Daily Exchange Rates Of The Australian Dollar Against:","Australian Dollar Trade-weighted Index"
"5265","FXRTWI","Trade-weighted Index May 1970 = 100","AUS","AUS",1996-03-19,56.6,"D","Index","Indicative","RBA","Daily","Historical Daily Exchange Rates Of The Australian Dollar Against:","Australian Dollar Trade-weighted Index"
"5266","FXRTWI","Trade-weighted Index May 1970 = 100","AUS","AUS",1996-03-20,56.4,"D","Index","Indicative","RBA","Daily","Historical Daily Exchange Rates Of The Australian Dollar Against:","Australian Dollar Trade-weighted Index"
"5267","FXRTWI","Trade-weighted Index May 1970 = 100","AUS","AUS",1996-03-21,56.5,"D","Index","Indicative","RBA","Daily","Historical Daily Exchange Rates Of The Australian Dollar Against:","Australian Dollar Trade-weighted Index"
"5268","FXRTWI","Trade-weighted Index May 1970 = 100","AUS","AUS",1996-03-22,56.8,"D","Index","Indicative","RBA","Daily","Historical Daily Exchange Rates Of The Australian Dollar Against:","Australian Dollar Trade-weighted Index"
"5269","FXRTWI","Trade-weighted Index May 1970 = 100","AUS","AUS",1996-03-25,56.5,"D","Index","Indicative","RBA","Daily","Historical Daily Exchange Rates Of The Australian Dollar Against:","Australian Dollar Trade-weighted Index"
"5270","FXRTWI","Trade-weighted Index May 1970 = 100","AUS","AUS",1996-03-26,56.4,"D","Index","Indicative","RBA","Daily","Historical Daily Exchange Rates Of The Australian Dollar Against:","Australian Dollar Trade-weighted Index"
"5271","FXRTWI","Trade-weighted Index May 1970 = 100","AUS","AUS",1996-03-27,56.6,"D","Index","Indicative","RBA","Daily","Historical Daily Exchange Rates Of The Australian Dollar Against:","Australian Dollar Trade-weighted Index"
"5272","FXRTWI","Trade-weighted Index May 1970 = 100","AUS","AUS",1996-03-28,57.2,"D","Index","Indicative","RBA","Daily","Historical Daily Exchange Rates Of The Australian Dollar Against:","Australian Dollar Trade-weighted Index"
"5273","FXRTWI","Trade-weighted Index May 1970 = 100","AUS","AUS",1996-03-29,56.8,"D","Index","Indicative","RBA","Daily","Historical Daily Exchange Rates Of The Australian Dollar Against:","Australian Dollar Trade-weighted Index"
"5274","DLCACS","Credit; Total; Seasonally adjusted","AUS","AUS",1996-03-31,447.626,"M","$ billion","Seasonally Adjusted","RBA","Monthly","D2 Lending And Credit Aggregates","Credit; Total; Seasonally adjusted – Includes securitisations – For series breaks see Series Breaks"
"5275","FIRMMCRT","Cash Rate Target","AUS","AUS",1996-03-31,7.5,"M","Per cent","Original","RBA","Monthly","F1.1 Interest Rates And Yields - Money Market","Cash Rate Target; monthly average"
"5276","FXRTWI","Trade-weighted Index May 1970 = 100","AUS","AUS",1996-03-31,56.8,"M","Index","Indicative","RBA","Monthly","F11 Exchange Rates","Australian Dollar Trade-weighted Index"
"5277","GCPIOCPMTMQP","Quarterly trimmed mean inflation","AUS","AUS",1996-03-31,0.6,"Q","Per cent","Seasonally Adjusted","ABS","Quarterly","G1 Consumer Price Inflation","Consumer price index; Trimmed mean; Quarterly change (in per cent)"
"5278","GRCPAISDR","Commodity prices – SDR","AUS","AUS",1996-03-31,29.0090692955793,"M","Index, 2023/24=100","Original","RBA","Monthly","I2 Commodity Prices","Index of commodity prices; All items; SDR"
"5279","A2718577A","Credits, Total goods ;","AUS","AUS",1996-04-01,6418,"M","$ Millions","Seasonally Adjusted",NA,"Monthly","TABLE 1. GOODS, Summary: Seasonally adjusted and trend estimates, Current prices",NA
"5280","A2718594C","Balance on goods ;","AUS","AUS",1996-04-01,-91,"M","$ Millions","Seasonally Adjusted",NA,"Monthly","TABLE 1. GOODS, Summary: Seasonally adjusted and trend estimates, Current prices",NA
"5281","FXRTWI","Trade-weighted Index May 1970 = 100","AUS","AUS",1996-04-01,57.3,"D","Index","Indicative","RBA","Daily","Historical Daily Exchange Rates Of The Australian Dollar Against:","Australian Dollar Trade-weighted Index"
"5282","FXRTWI","Trade-weighted Index May 1970 = 100","AUS","AUS",1996-04-02,57.3,"D","Index","Indicative","RBA","Daily","Historical Daily Exchange Rates Of The Australian Dollar Against:","Australian Dollar Trade-weighted Index"
"5283","FXRTWI","Trade-weighted Index May 1970 = 100","AUS","AUS",1996-04-03,56.9,"D","Index","Indicative","RBA","Daily","Historical Daily Exchange Rates Of The Australian Dollar Against:","Australian Dollar Trade-weighted Index"
"5284","FXRTWI","Trade-weighted Index May 1970 = 100","AUS","AUS",1996-04-04,57.2,"D","Index","Indicative","RBA","Daily","Historical Daily Exchange Rates Of The Australian Dollar Against:","Australian Dollar Trade-weighted Index"
"5285","FXRTWI","Trade-weighted Index May 1970 = 100","AUS","AUS",1996-04-09,57.5,"D","Index","Indicative","RBA","Daily","Historical Daily Exchange Rates Of The Australian Dollar Against:","Australian Dollar Trade-weighted Index"
"5286","FXRTWI","Trade-weighted Index May 1970 = 100","AUS","AUS",1996-04-10,57.9,"D","Index","Indicative","RBA","Daily","Historical Daily Exchange Rates Of The Australian Dollar Against:","Australian Dollar Trade-weighted Index"
"5287","FXRTWI","Trade-weighted Index May 1970 = 100","AUS","AUS",1996-04-11,58,"D","Index","Indicative","RBA","Daily","Historical Daily Exchange Rates Of The Australian Dollar Against:","Australian Dollar Trade-weighted Index"
"5288","FXRTWI","Trade-weighted Index May 1970 = 100","AUS","AUS",1996-04-12,58.1,"D","Index","Indicative","RBA","Daily","Historical Daily Exchange Rates Of The Australian Dollar Against:","Australian Dollar Trade-weighted Index"
"5289","FXRTWI","Trade-weighted Index May 1970 = 100","AUS","AUS",1996-04-15,58.2,"D","Index","Indicative","RBA","Daily","Historical Daily Exchange Rates Of The Australian Dollar Against:","Australian Dollar Trade-weighted Index"
"5290","FXRTWI","Trade-weighted Index May 1970 = 100","AUS","AUS",1996-04-16,57.8,"D","Index","Indicative","RBA","Daily","Historical Daily Exchange Rates Of The Australian Dollar Against:","Australian Dollar Trade-weighted Index"
"5291","FXRTWI","Trade-weighted Index May 1970 = 100","AUS","AUS",1996-04-17,57.7,"D","Index","Indicative","RBA","Daily","Historical Daily Exchange Rates Of The Australian Dollar Against:","Australian Dollar Trade-weighted Index"
"5292","FXRTWI","Trade-weighted Index May 1970 = 100","AUS","AUS",1996-04-18,57.6,"D","Index","Indicative","RBA","Daily","Historical Daily Exchange Rates Of The Australian Dollar Against:","Australian Dollar Trade-weighted Index"
"5293","FXRTWI","Trade-weighted Index May 1970 = 100","AUS","AUS",1996-04-19,57.1,"D","Index","Indicative","RBA","Daily","Historical Daily Exchange Rates Of The Australian Dollar Against:","Australian Dollar Trade-weighted Index"
"5294","FXRTWI","Trade-weighted Index May 1970 = 100","AUS","AUS",1996-04-22,57.5,"D","Index","Indicative","RBA","Daily","Historical Daily Exchange Rates Of The Australian Dollar Against:","Australian Dollar Trade-weighted Index"
"5295","FXRTWI","Trade-weighted Index May 1970 = 100","AUS","AUS",1996-04-23,57.6,"D","Index","Indicative","RBA","Daily","Historical Daily Exchange Rates Of The Australian Dollar Against:","Australian Dollar Trade-weighted Index"
"5296","FXRTWI","Trade-weighted Index May 1970 = 100","AUS","AUS",1996-04-24,57.4,"D","Index","Indicative","RBA","Daily","Historical Daily Exchange Rates Of The Australian Dollar Against:","Australian Dollar Trade-weighted Index"
"5297","FXRTWI","Trade-weighted Index May 1970 = 100","AUS","AUS",1996-04-26,57.8,"D","Index","Indicative","RBA","Daily","Historical Daily Exchange Rates Of The Australian Dollar Against:","Australian Dollar Trade-weighted Index"
"5298","FXRTWI","Trade-weighted Index May 1970 = 100","AUS","AUS",1996-04-29,57.4,"D","Index","Indicative","RBA","Daily","Historical Daily Exchange Rates Of The Australian Dollar Against:","Australian Dollar Trade-weighted Index"
"5299","DLCACS","Credit; Total; Seasonally adjusted","AUS","AUS",1996-04-30,452.088,"M","$ billion","Seasonally Adjusted","RBA","Monthly","D2 Lending And Credit Aggregates","Credit; Total; Seasonally adjusted – Includes securitisations – For series breaks see Series Breaks"
"5300","FIRMMCRT","Cash Rate Target","AUS","AUS",1996-04-30,7.5,"M","Per cent","Original","RBA","Monthly","F1.1 Interest Rates And Yields - Money Market","Cash Rate Target; monthly average"
"5301","FXRTWI","Trade-weighted Index May 1970 = 100","AUS","AUS",1996-04-30,57.1,"D","Index","Indicative","RBA","Daily","Historical Daily Exchange Rates Of The Australian Dollar Against:","Australian Dollar Trade-weighted Index"
"5302","FXRTWI","Trade-weighted Index May 1970 = 100","AUS","AUS",1996-04-30,57.1,"M","Index","Indicative","RBA","Monthly","F11 Exchange Rates","Australian Dollar Trade-weighted Index"
"5303","GRCPAISDR","Commodity prices – SDR","AUS","AUS",1996-04-30,29.5332829578977,"M","Index, 2023/24=100","Original","RBA","Monthly","I2 Commodity Prices","Index of commodity prices; All items; SDR"
"5304","A2718577A","Credits, Total goods ;","AUS","AUS",1996-05-01,6400,"M","$ Millions","Seasonally Adjusted",NA,"Monthly","TABLE 1. GOODS, Summary: Seasonally adjusted and trend estimates, Current prices",NA
"5305","A2718594C","Balance on goods ;","AUS","AUS",1996-05-01,-176,"M","$ Millions","Seasonally Adjusted",NA,"Monthly","TABLE 1. GOODS, Summary: Seasonally adjusted and trend estimates, Current prices",NA
"5306","FXRTWI","Trade-weighted Index May 1970 = 100","AUS","AUS",1996-05-01,57.6,"D","Index","Indicative","RBA","Daily","Historical Daily Exchange Rates Of The Australian Dollar Against:","Australian Dollar Trade-weighted Index"
"5307","FXRTWI","Trade-weighted Index May 1970 = 100","AUS","AUS",1996-05-02,58,"D","Index","Indicative","RBA","Daily","Historical Daily Exchange Rates Of The Australian Dollar Against:","Australian Dollar Trade-weighted Index"
"5308","FXRTWI","Trade-weighted Index May 1970 = 100","AUS","AUS",1996-05-03,57.9,"D","Index","Indicative","RBA","Daily","Historical Daily Exchange Rates Of The Australian Dollar Against:","Australian Dollar Trade-weighted Index"
"5309","FXRTWI","Trade-weighted Index May 1970 = 100","AUS","AUS",1996-05-06,58,"D","Index","Indicative","RBA","Daily","Historical Daily Exchange Rates Of The Australian Dollar Against:","Australian Dollar Trade-weighted Index"
"5310","FXRTWI","Trade-weighted Index May 1970 = 100","AUS","AUS",1996-05-07,58.1,"D","Index","Indicative","RBA","Daily","Historical Daily Exchange Rates Of The Australian Dollar Against:","Australian Dollar Trade-weighted Index"
"5311","FXRTWI","Trade-weighted Index May 1970 = 100","AUS","AUS",1996-05-08,58.4,"D","Index","Indicative","RBA","Daily","Historical Daily Exchange Rates Of The Australian Dollar Against:","Australian Dollar Trade-weighted Index"
"5312","FXRTWI","Trade-weighted Index May 1970 = 100","AUS","AUS",1996-05-09,58.2,"D","Index","Indicative","RBA","Daily","Historical Daily Exchange Rates Of The Australian Dollar Against:","Australian Dollar Trade-weighted Index"
"5313","FXRTWI","Trade-weighted Index May 1970 = 100","AUS","AUS",1996-05-10,58.3,"D","Index","Indicative","RBA","Daily","Historical Daily Exchange Rates Of The Australian Dollar Against:","Australian Dollar Trade-weighted Index"
"5314","FXRTWI","Trade-weighted Index May 1970 = 100","AUS","AUS",1996-05-13,58.3,"D","Index","Indicative","RBA","Daily","Historical Daily Exchange Rates Of The Australian Dollar Against:","Australian Dollar Trade-weighted Index"
"5315","FXRTWI","Trade-weighted Index May 1970 = 100","AUS","AUS",1996-05-14,58.4,"D","Index","Indicative","RBA","Daily","Historical Daily Exchange Rates Of The Australian Dollar Against:","Australian Dollar Trade-weighted Index"
"5316","FXRTWI","Trade-weighted Index May 1970 = 100","AUS","AUS",1996-05-15,58.6,"D","Index","Indicative","RBA","Daily","Historical Daily Exchange Rates Of The Australian Dollar Against:","Australian Dollar Trade-weighted Index"
"5317","FXRTWI","Trade-weighted Index May 1970 = 100","AUS","AUS",1996-05-16,58.7,"D","Index","Indicative","RBA","Daily","Historical Daily Exchange Rates Of The Australian Dollar Against:","Australian Dollar Trade-weighted Index"
"5318","FXRTWI","Trade-weighted Index May 1970 = 100","AUS","AUS",1996-05-17,58.7,"D","Index","Indicative","RBA","Daily","Historical Daily Exchange Rates Of The Australian Dollar Against:","Australian Dollar Trade-weighted Index"
"5319","FXRTWI","Trade-weighted Index May 1970 = 100","AUS","AUS",1996-05-20,58.5,"D","Index","Indicative","RBA","Daily","Historical Daily Exchange Rates Of The Australian Dollar Against:","Australian Dollar Trade-weighted Index"
"5320","FXRTWI","Trade-weighted Index May 1970 = 100","AUS","AUS",1996-05-21,58.1,"D","Index","Indicative","RBA","Daily","Historical Daily Exchange Rates Of The Australian Dollar Against:","Australian Dollar Trade-weighted Index"
"5321","FXRTWI","Trade-weighted Index May 1970 = 100","AUS","AUS",1996-05-22,58.2,"D","Index","Indicative","RBA","Daily","Historical Daily Exchange Rates Of The Australian Dollar Against:","Australian Dollar Trade-weighted Index"
"5322","FXRTWI","Trade-weighted Index May 1970 = 100","AUS","AUS",1996-05-23,58.2,"D","Index","Indicative","RBA","Daily","Historical Daily Exchange Rates Of The Australian Dollar Against:","Australian Dollar Trade-weighted Index"
"5323","FXRTWI","Trade-weighted Index May 1970 = 100","AUS","AUS",1996-05-24,57.9,"D","Index","Indicative","RBA","Daily","Historical Daily Exchange Rates Of The Australian Dollar Against:","Australian Dollar Trade-weighted Index"
"5324","FXRTWI","Trade-weighted Index May 1970 = 100","AUS","AUS",1996-05-27,58.2,"D","Index","Indicative","RBA","Daily","Historical Daily Exchange Rates Of The Australian Dollar Against:","Australian Dollar Trade-weighted Index"
"5325","FXRTWI","Trade-weighted Index May 1970 = 100","AUS","AUS",1996-05-28,58.4,"D","Index","Indicative","RBA","Daily","Historical Daily Exchange Rates Of The Australian Dollar Against:","Australian Dollar Trade-weighted Index"
"5326","FXRTWI","Trade-weighted Index May 1970 = 100","AUS","AUS",1996-05-29,58.7,"D","Index","Indicative","RBA","Daily","Historical Daily Exchange Rates Of The Australian Dollar Against:","Australian Dollar Trade-weighted Index"
"5327","FXRTWI","Trade-weighted Index May 1970 = 100","AUS","AUS",1996-05-30,58.6,"D","Index","Indicative","RBA","Daily","Historical Daily Exchange Rates Of The Australian Dollar Against:","Australian Dollar Trade-weighted Index"
"5328","DLCACS","Credit; Total; Seasonally adjusted","AUS","AUS",1996-05-31,455.065,"M","$ billion","Seasonally Adjusted","RBA","Monthly","D2 Lending And Credit Aggregates","Credit; Total; Seasonally adjusted – Includes securitisations – For series breaks see Series Breaks"
"5329","FIRMMCRT","Cash Rate Target","AUS","AUS",1996-05-31,7.5,"M","Per cent","Original","RBA","Monthly","F1.1 Interest Rates And Yields - Money Market","Cash Rate Target; monthly average"
"5330","FXRTWI","Trade-weighted Index May 1970 = 100","AUS","AUS",1996-05-31,58.7,"D","Index","Indicative","RBA","Daily","Historical Daily Exchange Rates Of The Australian Dollar Against:","Australian Dollar Trade-weighted Index"
"5331","FXRTWI","Trade-weighted Index May 1970 = 100","AUS","AUS",1996-05-31,58.7,"M","Index","Indicative","RBA","Monthly","F11 Exchange Rates","Australian Dollar Trade-weighted Index"
"5332","GRCPAISDR","Commodity prices – SDR","AUS","AUS",1996-05-31,29.8235502871297,"M","Index, 2023/24=100","Original","RBA","Monthly","I2 Commodity Prices","Index of commodity prices; All items; SDR"
"5333","A2302956R","South Australia ; STATE FINAL DEMAND ;","SA","SA",1996-06-01,17559,"Q","$ Millions","Seasonally Adjusted",NA,"Quarterly","Table 25. State Final Demand, Summary Components by State: Chain volume measures",NA
"5334","A2302984X","Western Australia ; STATE FINAL DEMAND ;","WA","WA",1996-06-01,26821,"Q","$ Millions","Seasonally Adjusted",NA,"Quarterly","Table 25. State Final Demand, Summary Components by State: Chain volume measures",NA
"5335","A2303012X","Tasmania ; STATE FINAL DEMAND ;","TAS","TAS",1996-06-01,5727,"Q","$ Millions","Seasonally Adjusted",NA,"Quarterly","Table 25. State Final Demand, Summary Components by State: Chain volume measures",NA
"5336","A2303040J","Northern Territory ; STATE FINAL DEMAND ;","NT","NT",1996-06-01,3568,"Q","$ Millions","Seasonally Adjusted",NA,"Quarterly","Table 25. State Final Demand, Summary Components by State: Chain volume measures",NA
"5337","A2303068K","Australian Capital Territory ; STATE FINAL DEMAND ;","ACT","ACT",1996-06-01,6992,"Q","$ Millions","Seasonally Adjusted",NA,"Quarterly","Table 25. State Final Demand, Summary Components by State: Chain volume measures",NA
"5338","A2303111F","New South Wales ; STATE FINAL DEMAND ;","NSW","NSW",1996-06-01,86926,"Q","$ Millions","Seasonally Adjusted",NA,"Quarterly","Table 25. State Final Demand, Summary Components by State: Chain volume measures",NA
"5339","A2303139J","Victoria ; STATE FINAL DEMAND ;","VIC","VIC",1996-06-01,58777,"Q","$ Millions","Seasonally Adjusted",NA,"Quarterly","Table 25. State Final Demand, Summary Components by State: Chain volume measures",NA
"5340","A2303187A","Queensland ; STATE FINAL DEMAND ;","QLD","QLD",1996-06-01,44156,"Q","$ Millions","Seasonally Adjusted",NA,"Quarterly","Table 25. State Final Demand, Summary Components by State: Chain volume measures",NA
"5341","A2304418T","Gross domestic product: Current prices ;","AUS","AUS",1996-06-01,135308,"Q","$ Millions","Seasonally Adjusted",NA,"Quarterly","Table 1. Key National Accounts Aggregates",NA
"5342","A2325846C","Index Numbers ; All groups CPI ; Australia ;","AUS","AUS",1996-06-01,66.7,"Q","Index Numbers","Original",NA,"Quarterly","TABLES 1 and 2. CPI: All Groups, Index Numbers and Percentage Changes",NA
"5343","A2336320R","New South Wales ; Gross state product: Current prices ;","NSW","NSW",1996-06-01,192902,"Annual","$ Millions","Original",NA,"Annual","Table 1. Gross State Product, Chain volume measures and current prices",NA
"5344","A2336321T","Victoria ; Gross state product: Current prices ;","VIC","VIC",1996-06-01,130232,"Annual","$ Millions","Original",NA,"Annual","Table 1. Gross State Product, Chain volume measures and current prices",NA
"5345","A2336322V","Queensland ; Gross state product: Current prices ;","QLD","QLD",1996-06-01,85133,"Annual","$ Millions","Original",NA,"Annual","Table 1. Gross State Product, Chain volume measures and current prices",NA
"5346","A2336323W","South Australia ; Gross state product: Current prices ;","SA","SA",1996-06-01,38610,"Annual","$ Millions","Original",NA,"Annual","Table 1. Gross State Product, Chain volume measures and current prices",NA
"5347","A2336324X","Western Australia ; Gross state product: Current prices ;","WA","WA",1996-06-01,55487,"Annual","$ Millions","Original",NA,"Annual","Table 1. Gross State Product, Chain volume measures and current prices",NA
"5348","A2336325A","Tasmania ; Gross state product: Current prices ;","TAS","TAS",1996-06-01,10835,"Annual","$ Millions","Original",NA,"Annual","Table 1. Gross State Product, Chain volume measures and current prices",NA
"5349","A2336326C","Northern Territory ; Gross state product: Current prices ;","NT","NT",1996-06-01,5513,"Annual","$ Millions","Original",NA,"Annual","Table 1. Gross State Product, Chain volume measures and current prices",NA
"5350","A2336327F","Australian Capital Territory ; Gross state product: Current prices ;","ACT","ACT",1996-06-01,10257,"Annual","$ Millions","Original",NA,"Annual","Table 1. Gross State Product, Chain volume measures and current prices",NA
"5351","A2718577A","Credits, Total goods ;","AUS","AUS",1996-06-01,6519,"M","$ Millions","Seasonally Adjusted",NA,"Monthly","TABLE 1. GOODS, Summary: Seasonally adjusted and trend estimates, Current prices",NA
"5352","A2718594C","Balance on goods ;","AUS","AUS",1996-06-01,318,"M","$ Millions","Seasonally Adjusted",NA,"Monthly","TABLE 1. GOODS, Summary: Seasonally adjusted and trend estimates, Current prices",NA
"5353","FXRTWI","Trade-weighted Index May 1970 = 100","AUS","AUS",1996-06-03,58.6,"D","Index","Indicative","RBA","Daily","Historical Daily Exchange Rates Of The Australian Dollar Against:","Australian Dollar Trade-weighted Index"
"5354","FXRTWI","Trade-weighted Index May 1970 = 100","AUS","AUS",1996-06-04,58.7,"D","Index","Indicative","RBA","Daily","Historical Daily Exchange Rates Of The Australian Dollar Against:","Australian Dollar Trade-weighted Index"
"5355","FXRTWI","Trade-weighted Index May 1970 = 100","AUS","AUS",1996-06-05,58.4,"D","Index","Indicative","RBA","Daily","Historical Daily Exchange Rates Of The Australian Dollar Against:","Australian Dollar Trade-weighted Index"
"5356","FXRTWI","Trade-weighted Index May 1970 = 100","AUS","AUS",1996-06-06,58.3,"D","Index","Indicative","RBA","Daily","Historical Daily Exchange Rates Of The Australian Dollar Against:","Australian Dollar Trade-weighted Index"
"5357","FXRTWI","Trade-weighted Index May 1970 = 100","AUS","AUS",1996-06-07,58,"D","Index","Indicative","RBA","Daily","Historical Daily Exchange Rates Of The Australian Dollar Against:","Australian Dollar Trade-weighted Index"
"5358","FXRTWI","Trade-weighted Index May 1970 = 100","AUS","AUS",1996-06-11,58.5,"D","Index","Indicative","RBA","Daily","Historical Daily Exchange Rates Of The Australian Dollar Against:","Australian Dollar Trade-weighted Index"
"5359","FXRTWI","Trade-weighted Index May 1970 = 100","AUS","AUS",1996-06-12,58.4,"D","Index","Indicative","RBA","Daily","Historical Daily Exchange Rates Of The Australian Dollar Against:","Australian Dollar Trade-weighted Index"
"5360","FXRTWI","Trade-weighted Index May 1970 = 100","AUS","AUS",1996-06-13,58.4,"D","Index","Indicative","RBA","Daily","Historical Daily Exchange Rates Of The Australian Dollar Against:","Australian Dollar Trade-weighted Index"
"5361","FXRTWI","Trade-weighted Index May 1970 = 100","AUS","AUS",1996-06-14,57.9,"D","Index","Indicative","RBA","Daily","Historical Daily Exchange Rates Of The Australian Dollar Against:","Australian Dollar Trade-weighted Index"
"5362","FXRTWI","Trade-weighted Index May 1970 = 100","AUS","AUS",1996-06-17,58.2,"D","Index","Indicative","RBA","Daily","Historical Daily Exchange Rates Of The Australian Dollar Against:","Australian Dollar Trade-weighted Index"
"5363","FXRTWI","Trade-weighted Index May 1970 = 100","AUS","AUS",1996-06-18,58.3,"D","Index","Indicative","RBA","Daily","Historical Daily Exchange Rates Of The Australian Dollar Against:","Australian Dollar Trade-weighted Index"
"5364","FXRTWI","Trade-weighted Index May 1970 = 100","AUS","AUS",1996-06-19,57.9,"D","Index","Indicative","RBA","Daily","Historical Daily Exchange Rates Of The Australian Dollar Against:","Australian Dollar Trade-weighted Index"
"5365","FXRTWI","Trade-weighted Index May 1970 = 100","AUS","AUS",1996-06-20,57.9,"D","Index","Indicative","RBA","Daily","Historical Daily Exchange Rates Of The Australian Dollar Against:","Australian Dollar Trade-weighted Index"
"5366","FXRTWI","Trade-weighted Index May 1970 = 100","AUS","AUS",1996-06-21,58.1,"D","Index","Indicative","RBA","Daily","Historical Daily Exchange Rates Of The Australian Dollar Against:","Australian Dollar Trade-weighted Index"
"5367","FXRTWI","Trade-weighted Index May 1970 = 100","AUS","AUS",1996-06-24,58.2,"D","Index","Indicative","RBA","Daily","Historical Daily Exchange Rates Of The Australian Dollar Against:","Australian Dollar Trade-weighted Index"
"5368","FXRTWI","Trade-weighted Index May 1970 = 100","AUS","AUS",1996-06-25,58.3,"D","Index","Indicative","RBA","Daily","Historical Daily Exchange Rates Of The Australian Dollar Against:","Australian Dollar Trade-weighted Index"
"5369","FXRTWI","Trade-weighted Index May 1970 = 100","AUS","AUS",1996-06-26,58.4,"D","Index","Indicative","RBA","Daily","Historical Daily Exchange Rates Of The Australian Dollar Against:","Australian Dollar Trade-weighted Index"
"5370","FXRTWI","Trade-weighted Index May 1970 = 100","AUS","AUS",1996-06-27,58.2,"D","Index","Indicative","RBA","Daily","Historical Daily Exchange Rates Of The Australian Dollar Against:","Australian Dollar Trade-weighted Index"
"5371","FXRTWI","Trade-weighted Index May 1970 = 100","AUS","AUS",1996-06-28,58.1,"D","Index","Indicative","RBA","Daily","Historical Daily Exchange Rates Of The Australian Dollar Against:","Australian Dollar Trade-weighted Index"
"5372","DLCACS","Credit; Total; Seasonally adjusted","AUS","AUS",1996-06-30,458.029,"M","$ billion","Seasonally Adjusted","RBA","Monthly","D2 Lending And Credit Aggregates","Credit; Total; Seasonally adjusted – Includes securitisations – For series breaks see Series Breaks"
"5373","FIRMMCRT","Cash Rate Target","AUS","AUS",1996-06-30,7.5,"M","Per cent","Original","RBA","Monthly","F1.1 Interest Rates And Yields - Money Market","Cash Rate Target; monthly average"
"5374","FXRTWI","Trade-weighted Index May 1970 = 100","AUS","AUS",1996-06-30,58.1,"M","Index","Indicative","RBA","Monthly","F11 Exchange Rates","Australian Dollar Trade-weighted Index"
"5375","GCPIOCPMTMQP","Quarterly trimmed mean inflation","AUS","AUS",1996-06-30,0.7,"Q","Per cent","Seasonally Adjusted","ABS","Quarterly","G1 Consumer Price Inflation","Consumer price index; Trimmed mean; Quarterly change (in per cent)"
"5376","GRCPAISDR","Commodity prices – SDR","AUS","AUS",1996-06-30,29.4832049217123,"M","Index, 2023/24=100","Original","RBA","Monthly","I2 Commodity Prices","Index of commodity prices; All items; SDR"
"5377","A2718577A","Credits, Total goods ;","AUS","AUS",1996-07-01,6321,"M","$ Millions","Seasonally Adjusted",NA,"Monthly","TABLE 1. GOODS, Summary: Seasonally adjusted and trend estimates, Current prices",NA
"5378","A2718594C","Balance on goods ;","AUS","AUS",1996-07-01,77,"M","$ Millions","Seasonally Adjusted",NA,"Monthly","TABLE 1. GOODS, Summary: Seasonally adjusted and trend estimates, Current prices",NA
"5379","FXRTWI","Trade-weighted Index May 1970 = 100","AUS","AUS",1996-07-01,58,"D","Index","Indicative","RBA","Daily","Historical Daily Exchange Rates Of The Australian Dollar Against:","Australian Dollar Trade-weighted Index"
"5380","FXRTWI","Trade-weighted Index May 1970 = 100","AUS","AUS",1996-07-02,57.9,"D","Index","Indicative","RBA","Daily","Historical Daily Exchange Rates Of The Australian Dollar Against:","Australian Dollar Trade-weighted Index"
"5381","FXRTWI","Trade-weighted Index May 1970 = 100","AUS","AUS",1996-07-03,57.7,"D","Index","Indicative","RBA","Daily","Historical Daily Exchange Rates Of The Australian Dollar Against:","Australian Dollar Trade-weighted Index"
"5382","FXRTWI","Trade-weighted Index May 1970 = 100","AUS","AUS",1996-07-04,57.7,"D","Index","Indicative","RBA","Daily","Historical Daily Exchange Rates Of The Australian Dollar Against:","Australian Dollar Trade-weighted Index"
"5383","FXRTWI","Trade-weighted Index May 1970 = 100","AUS","AUS",1996-07-05,58,"D","Index","Indicative","RBA","Daily","Historical Daily Exchange Rates Of The Australian Dollar Against:","Australian Dollar Trade-weighted Index"
"5384","FXRTWI","Trade-weighted Index May 1970 = 100","AUS","AUS",1996-07-08,58.7,"D","Index","Indicative","RBA","Daily","Historical Daily Exchange Rates Of The Australian Dollar Against:","Australian Dollar Trade-weighted Index"
"5385","FXRTWI","Trade-weighted Index May 1970 = 100","AUS","AUS",1996-07-09,58.6,"D","Index","Indicative","RBA","Daily","Historical Daily Exchange Rates Of The Australian Dollar Against:","Australian Dollar Trade-weighted Index"
"5386","FXRTWI","Trade-weighted Index May 1970 = 100","AUS","AUS",1996-07-10,58.8,"D","Index","Indicative","RBA","Daily","Historical Daily Exchange Rates Of The Australian Dollar Against:","Australian Dollar Trade-weighted Index"
"5387","FXRTWI","Trade-weighted Index May 1970 = 100","AUS","AUS",1996-07-11,59,"D","Index","Indicative","RBA","Daily","Historical Daily Exchange Rates Of The Australian Dollar Against:","Australian Dollar Trade-weighted Index"
"5388","FXRTWI","Trade-weighted Index May 1970 = 100","AUS","AUS",1996-07-12,58.6,"D","Index","Indicative","RBA","Daily","Historical Daily Exchange Rates Of The Australian Dollar Against:","Australian Dollar Trade-weighted Index"
"5389","FXRTWI","Trade-weighted Index May 1970 = 100","AUS","AUS",1996-07-15,58.8,"D","Index","Indicative","RBA","Daily","Historical Daily Exchange Rates Of The Australian Dollar Against:","Australian Dollar Trade-weighted Index"
"5390","FXRTWI","Trade-weighted Index May 1970 = 100","AUS","AUS",1996-07-16,58.5,"D","Index","Indicative","RBA","Daily","Historical Daily Exchange Rates Of The Australian Dollar Against:","Australian Dollar Trade-weighted Index"
"5391","FXRTWI","Trade-weighted Index May 1970 = 100","AUS","AUS",1996-07-17,57.8,"D","Index","Indicative","RBA","Daily","Historical Daily Exchange Rates Of The Australian Dollar Against:","Australian Dollar Trade-weighted Index"
"5392","FXRTWI","Trade-weighted Index May 1970 = 100","AUS","AUS",1996-07-18,57.5,"D","Index","Indicative","RBA","Daily","Historical Daily Exchange Rates Of The Australian Dollar Against:","Australian Dollar Trade-weighted Index"
"5393","FXRTWI","Trade-weighted Index May 1970 = 100","AUS","AUS",1996-07-19,58,"D","Index","Indicative","RBA","Daily","Historical Daily Exchange Rates Of The Australian Dollar Against:","Australian Dollar Trade-weighted Index"
"5394","FXRTWI","Trade-weighted Index May 1970 = 100","AUS","AUS",1996-07-22,58,"D","Index","Indicative","RBA","Daily","Historical Daily Exchange Rates Of The Australian Dollar Against:","Australian Dollar Trade-weighted Index"
"5395","FXRTWI","Trade-weighted Index May 1970 = 100","AUS","AUS",1996-07-23,57.5,"D","Index","Indicative","RBA","Daily","Historical Daily Exchange Rates Of The Australian Dollar Against:","Australian Dollar Trade-weighted Index"
"5396","FXRTWI","Trade-weighted Index May 1970 = 100","AUS","AUS",1996-07-24,57.9,"D","Index","Indicative","RBA","Daily","Historical Daily Exchange Rates Of The Australian Dollar Against:","Australian Dollar Trade-weighted Index"
"5397","FXRTWI","Trade-weighted Index May 1970 = 100","AUS","AUS",1996-07-25,57.9,"D","Index","Indicative","RBA","Daily","Historical Daily Exchange Rates Of The Australian Dollar Against:","Australian Dollar Trade-weighted Index"
"5398","FXRTWI","Trade-weighted Index May 1970 = 100","AUS","AUS",1996-07-26,57.6,"D","Index","Indicative","RBA","Daily","Historical Daily Exchange Rates Of The Australian Dollar Against:","Australian Dollar Trade-weighted Index"
"5399","FXRTWI","Trade-weighted Index May 1970 = 100","AUS","AUS",1996-07-29,57.7,"D","Index","Indicative","RBA","Daily","Historical Daily Exchange Rates Of The Australian Dollar Against:","Australian Dollar Trade-weighted Index"
"5400","FXRTWI","Trade-weighted Index May 1970 = 100","AUS","AUS",1996-07-30,57.6,"D","Index","Indicative","RBA","Daily","Historical Daily Exchange Rates Of The Australian Dollar Against:","Australian Dollar Trade-weighted Index"
"5401","DLCACS","Credit; Total; Seasonally adjusted","AUS","AUS",1996-07-31,464.892,"M","$ billion","Seasonally Adjusted","RBA","Monthly","D2 Lending And Credit Aggregates","Credit; Total; Seasonally adjusted – Includes securitisations – For series breaks see Series Breaks"
"5402","FIRMMCRT","Cash Rate Target","AUS","AUS",1996-07-31,7.47826086956522,"M","Per cent","Original","RBA","Monthly","F1.1 Interest Rates And Yields - Money Market","Cash Rate Target; monthly average"
"5403","FXRTWI","Trade-weighted Index May 1970 = 100","AUS","AUS",1996-07-31,56.5,"D","Index","Indicative","RBA","Daily","Historical Daily Exchange Rates Of The Australian Dollar Against:","Australian Dollar Trade-weighted Index"
"5404","FXRTWI","Trade-weighted Index May 1970 = 100","AUS","AUS",1996-07-31,56.5,"M","Index","Indicative","RBA","Monthly","F11 Exchange Rates","Australian Dollar Trade-weighted Index"
"5405","GRCPAISDR","Commodity prices – SDR","AUS","AUS",1996-07-31,29.0551179789545,"M","Index, 2023/24=100","Original","RBA","Monthly","I2 Commodity Prices","Index of commodity prices; All items; SDR"
"5406","A2718577A","Credits, Total goods ;","AUS","AUS",1996-08-01,6339,"M","$ Millions","Seasonally Adjusted",NA,"Monthly","TABLE 1. GOODS, Summary: Seasonally adjusted and trend estimates, Current prices",NA
"5407","A2718594C","Balance on goods ;","AUS","AUS",1996-08-01,-90,"M","$ Millions","Seasonally Adjusted",NA,"Monthly","TABLE 1. GOODS, Summary: Seasonally adjusted and trend estimates, Current prices",NA
"5408","FXRTWI","Trade-weighted Index May 1970 = 100","AUS","AUS",1996-08-01,56.7,"D","Index","Indicative","RBA","Daily","Historical Daily Exchange Rates Of The Australian Dollar Against:","Australian Dollar Trade-weighted Index"
"5409","FXRTWI","Trade-weighted Index May 1970 = 100","AUS","AUS",1996-08-02,56.6,"D","Index","Indicative","RBA","Daily","Historical Daily Exchange Rates Of The Australian Dollar Against:","Australian Dollar Trade-weighted Index"
"5410","FXRTWI","Trade-weighted Index May 1970 = 100","AUS","AUS",1996-08-05,56.5,"D","Index","Indicative","RBA","Daily","Historical Daily Exchange Rates Of The Australian Dollar Against:","Australian Dollar Trade-weighted Index"
"5411","FXRTWI","Trade-weighted Index May 1970 = 100","AUS","AUS",1996-08-06,56.5,"D","Index","Indicative","RBA","Daily","Historical Daily Exchange Rates Of The Australian Dollar Against:","Australian Dollar Trade-weighted Index"
"5412","FXRTWI","Trade-weighted Index May 1970 = 100","AUS","AUS",1996-08-07,56.6,"D","Index","Indicative","RBA","Daily","Historical Daily Exchange Rates Of The Australian Dollar Against:","Australian Dollar Trade-weighted Index"
"5413","FXRTWI","Trade-weighted Index May 1970 = 100","AUS","AUS",1996-08-08,57,"D","Index","Indicative","RBA","Daily","Historical Daily Exchange Rates Of The Australian Dollar Against:","Australian Dollar Trade-weighted Index"
"5414","FXRTWI","Trade-weighted Index May 1970 = 100","AUS","AUS",1996-08-09,57.1,"D","Index","Indicative","RBA","Daily","Historical Daily Exchange Rates Of The Australian Dollar Against:","Australian Dollar Trade-weighted Index"
"5415","FXRTWI","Trade-weighted Index May 1970 = 100","AUS","AUS",1996-08-12,57,"D","Index","Indicative","RBA","Daily","Historical Daily Exchange Rates Of The Australian Dollar Against:","Australian Dollar Trade-weighted Index"
"5416","FXRTWI","Trade-weighted Index May 1970 = 100","AUS","AUS",1996-08-13,57,"D","Index","Indicative","RBA","Daily","Historical Daily Exchange Rates Of The Australian Dollar Against:","Australian Dollar Trade-weighted Index"
"5417","FXRTWI","Trade-weighted Index May 1970 = 100","AUS","AUS",1996-08-14,57.1,"D","Index","Indicative","RBA","Daily","Historical Daily Exchange Rates Of The Australian Dollar Against:","Australian Dollar Trade-weighted Index"
"5418","FXRTWI","Trade-weighted Index May 1970 = 100","AUS","AUS",1996-08-15,57.2,"D","Index","Indicative","RBA","Daily","Historical Daily Exchange Rates Of The Australian Dollar Against:","Australian Dollar Trade-weighted Index"
"5419","FXRTWI","Trade-weighted Index May 1970 = 100","AUS","AUS",1996-08-16,57.3,"D","Index","Indicative","RBA","Daily","Historical Daily Exchange Rates Of The Australian Dollar Against:","Australian Dollar Trade-weighted Index"
"5420","FXRTWI","Trade-weighted Index May 1970 = 100","AUS","AUS",1996-08-19,57.6,"D","Index","Indicative","RBA","Daily","Historical Daily Exchange Rates Of The Australian Dollar Against:","Australian Dollar Trade-weighted Index"
"5421","FXRTWI","Trade-weighted Index May 1970 = 100","AUS","AUS",1996-08-20,57.8,"D","Index","Indicative","RBA","Daily","Historical Daily Exchange Rates Of The Australian Dollar Against:","Australian Dollar Trade-weighted Index"
"5422","FXRTWI","Trade-weighted Index May 1970 = 100","AUS","AUS",1996-08-21,58,"D","Index","Indicative","RBA","Daily","Historical Daily Exchange Rates Of The Australian Dollar Against:","Australian Dollar Trade-weighted Index"
"5423","FXRTWI","Trade-weighted Index May 1970 = 100","AUS","AUS",1996-08-22,58,"D","Index","Indicative","RBA","Daily","Historical Daily Exchange Rates Of The Australian Dollar Against:","Australian Dollar Trade-weighted Index"
"5424","FXRTWI","Trade-weighted Index May 1970 = 100","AUS","AUS",1996-08-23,58,"D","Index","Indicative","RBA","Daily","Historical Daily Exchange Rates Of The Australian Dollar Against:","Australian Dollar Trade-weighted Index"
"5425","FXRTWI","Trade-weighted Index May 1970 = 100","AUS","AUS",1996-08-26,57.9,"D","Index","Indicative","RBA","Daily","Historical Daily Exchange Rates Of The Australian Dollar Against:","Australian Dollar Trade-weighted Index"
"5426","FXRTWI","Trade-weighted Index May 1970 = 100","AUS","AUS",1996-08-27,57.7,"D","Index","Indicative","RBA","Daily","Historical Daily Exchange Rates Of The Australian Dollar Against:","Australian Dollar Trade-weighted Index"
"5427","FXRTWI","Trade-weighted Index May 1970 = 100","AUS","AUS",1996-08-28,57.8,"D","Index","Indicative","RBA","Daily","Historical Daily Exchange Rates Of The Australian Dollar Against:","Australian Dollar Trade-weighted Index"
"5428","FXRTWI","Trade-weighted Index May 1970 = 100","AUS","AUS",1996-08-29,58.1,"D","Index","Indicative","RBA","Daily","Historical Daily Exchange Rates Of The Australian Dollar Against:","Australian Dollar Trade-weighted Index"
"5429","FXRTWI","Trade-weighted Index May 1970 = 100","AUS","AUS",1996-08-30,57.9,"D","Index","Indicative","RBA","Daily","Historical Daily Exchange Rates Of The Australian Dollar Against:","Australian Dollar Trade-weighted Index"
"5430","DLCACS","Credit; Total; Seasonally adjusted","AUS","AUS",1996-08-31,467.231,"M","$ billion","Seasonally Adjusted","RBA","Monthly","D2 Lending And Credit Aggregates","Credit; Total; Seasonally adjusted – Includes securitisations – For series breaks see Series Breaks"
"5431","FIRMMCRT","Cash Rate Target","AUS","AUS",1996-08-31,7,"M","Per cent","Original","RBA","Monthly","F1.1 Interest Rates And Yields - Money Market","Cash Rate Target; monthly average"
"5432","FXRTWI","Trade-weighted Index May 1970 = 100","AUS","AUS",1996-08-31,57.9,"M","Index","Indicative","RBA","Monthly","F11 Exchange Rates","Australian Dollar Trade-weighted Index"
"5433","GRCPAISDR","Commodity prices – SDR","AUS","AUS",1996-08-31,28.9879812813995,"M","Index, 2023/24=100","Original","RBA","Monthly","I2 Commodity Prices","Index of commodity prices; All items; SDR"
"5434","A2302956R","South Australia ; STATE FINAL DEMAND ;","SA","SA",1996-09-01,17785,"Q","$ Millions","Seasonally Adjusted",NA,"Quarterly","Table 25. State Final Demand, Summary Components by State: Chain volume measures",NA
"5435","A2302984X","Western Australia ; STATE FINAL DEMAND ;","WA","WA",1996-09-01,25655,"Q","$ Millions","Seasonally Adjusted",NA,"Quarterly","Table 25. State Final Demand, Summary Components by State: Chain volume measures",NA
"5436","A2303012X","Tasmania ; STATE FINAL DEMAND ;","TAS","TAS",1996-09-01,5824,"Q","$ Millions","Seasonally Adjusted",NA,"Quarterly","Table 25. State Final Demand, Summary Components by State: Chain volume measures",NA
"5437","A2303040J","Northern Territory ; STATE FINAL DEMAND ;","NT","NT",1996-09-01,3341,"Q","$ Millions","Seasonally Adjusted",NA,"Quarterly","Table 25. State Final Demand, Summary Components by State: Chain volume measures",NA
"5438","A2303068K","Australian Capital Territory ; STATE FINAL DEMAND ;","ACT","ACT",1996-09-01,6925,"Q","$ Millions","Seasonally Adjusted",NA,"Quarterly","Table 25. State Final Demand, Summary Components by State: Chain volume measures",NA
"5439","A2303111F","New South Wales ; STATE FINAL DEMAND ;","NSW","NSW",1996-09-01,86665,"Q","$ Millions","Seasonally Adjusted",NA,"Quarterly","Table 25. State Final Demand, Summary Components by State: Chain volume measures",NA
"5440","A2303139J","Victoria ; STATE FINAL DEMAND ;","VIC","VIC",1996-09-01,57696,"Q","$ Millions","Seasonally Adjusted",NA,"Quarterly","Table 25. State Final Demand, Summary Components by State: Chain volume measures",NA
"5441","A2303187A","Queensland ; STATE FINAL DEMAND ;","QLD","QLD",1996-09-01,44040,"Q","$ Millions","Seasonally Adjusted",NA,"Quarterly","Table 25. State Final Demand, Summary Components by State: Chain volume measures",NA
"5442","A2304418T","Gross domestic product: Current prices ;","AUS","AUS",1996-09-01,135966,"Q","$ Millions","Seasonally Adjusted",NA,"Quarterly","Table 1. Key National Accounts Aggregates",NA
"5443","A2325846C","Index Numbers ; All groups CPI ; Australia ;","AUS","AUS",1996-09-01,66.9,"Q","Index Numbers","Original",NA,"Quarterly","TABLES 1 and 2. CPI: All Groups, Index Numbers and Percentage Changes",NA
"5444","A2718577A","Credits, Total goods ;","AUS","AUS",1996-09-01,6263,"M","$ Millions","Seasonally Adjusted",NA,"Monthly","TABLE 1. GOODS, Summary: Seasonally adjusted and trend estimates, Current prices",NA
"5445","A2718594C","Balance on goods ;","AUS","AUS",1996-09-01,-116,"M","$ Millions","Seasonally Adjusted",NA,"Monthly","TABLE 1. GOODS, Summary: Seasonally adjusted and trend estimates, Current prices",NA
"5446","FXRTWI","Trade-weighted Index May 1970 = 100","AUS","AUS",1996-09-02,57.9,"D","Index","Indicative","RBA","Daily","Historical Daily Exchange Rates Of The Australian Dollar Against:","Australian Dollar Trade-weighted Index"
"5447","FXRTWI","Trade-weighted Index May 1970 = 100","AUS","AUS",1996-09-03,58.1,"D","Index","Indicative","RBA","Daily","Historical Daily Exchange Rates Of The Australian Dollar Against:","Australian Dollar Trade-weighted Index"
"5448","FXRTWI","Trade-weighted Index May 1970 = 100","AUS","AUS",1996-09-04,58.1,"D","Index","Indicative","RBA","Daily","Historical Daily Exchange Rates Of The Australian Dollar Against:","Australian Dollar Trade-weighted Index"
"5449","FXRTWI","Trade-weighted Index May 1970 = 100","AUS","AUS",1996-09-05,57.9,"D","Index","Indicative","RBA","Daily","Historical Daily Exchange Rates Of The Australian Dollar Against:","Australian Dollar Trade-weighted Index"
"5450","FXRTWI","Trade-weighted Index May 1970 = 100","AUS","AUS",1996-09-06,58.3,"D","Index","Indicative","RBA","Daily","Historical Daily Exchange Rates Of The Australian Dollar Against:","Australian Dollar Trade-weighted Index"
"5451","FXRTWI","Trade-weighted Index May 1970 = 100","AUS","AUS",1996-09-09,58.8,"D","Index","Indicative","RBA","Daily","Historical Daily Exchange Rates Of The Australian Dollar Against:","Australian Dollar Trade-weighted Index"
"5452","FXRTWI","Trade-weighted Index May 1970 = 100","AUS","AUS",1996-09-10,58.7,"D","Index","Indicative","RBA","Daily","Historical Daily Exchange Rates Of The Australian Dollar Against:","Australian Dollar Trade-weighted Index"
"5453","FXRTWI","Trade-weighted Index May 1970 = 100","AUS","AUS",1996-09-11,58.8,"D","Index","Indicative","RBA","Daily","Historical Daily Exchange Rates Of The Australian Dollar Against:","Australian Dollar Trade-weighted Index"
"5454","FXRTWI","Trade-weighted Index May 1970 = 100","AUS","AUS",1996-09-12,58.8,"D","Index","Indicative","RBA","Daily","Historical Daily Exchange Rates Of The Australian Dollar Against:","Australian Dollar Trade-weighted Index"
"5455","FXRTWI","Trade-weighted Index May 1970 = 100","AUS","AUS",1996-09-13,58.7,"D","Index","Indicative","RBA","Daily","Historical Daily Exchange Rates Of The Australian Dollar Against:","Australian Dollar Trade-weighted Index"
"5456","FXRTWI","Trade-weighted Index May 1970 = 100","AUS","AUS",1996-09-16,58.4,"D","Index","Indicative","RBA","Daily","Historical Daily Exchange Rates Of The Australian Dollar Against:","Australian Dollar Trade-weighted Index"
"5457","FXRTWI","Trade-weighted Index May 1970 = 100","AUS","AUS",1996-09-17,58.2,"D","Index","Indicative","RBA","Daily","Historical Daily Exchange Rates Of The Australian Dollar Against:","Australian Dollar Trade-weighted Index"
"5458","FXRTWI","Trade-weighted Index May 1970 = 100","AUS","AUS",1996-09-18,58.2,"D","Index","Indicative","RBA","Daily","Historical Daily Exchange Rates Of The Australian Dollar Against:","Australian Dollar Trade-weighted Index"
"5459","FXRTWI","Trade-weighted Index May 1970 = 100","AUS","AUS",1996-09-19,58,"D","Index","Indicative","RBA","Daily","Historical Daily Exchange Rates Of The Australian Dollar Against:","Australian Dollar Trade-weighted Index"
"5460","FXRTWI","Trade-weighted Index May 1970 = 100","AUS","AUS",1996-09-20,58.2,"D","Index","Indicative","RBA","Daily","Historical Daily Exchange Rates Of The Australian Dollar Against:","Australian Dollar Trade-weighted Index"
"5461","FXRTWI","Trade-weighted Index May 1970 = 100","AUS","AUS",1996-09-23,58.4,"D","Index","Indicative","RBA","Daily","Historical Daily Exchange Rates Of The Australian Dollar Against:","Australian Dollar Trade-weighted Index"
"5462","FXRTWI","Trade-weighted Index May 1970 = 100","AUS","AUS",1996-09-24,58.2,"D","Index","Indicative","RBA","Daily","Historical Daily Exchange Rates Of The Australian Dollar Against:","Australian Dollar Trade-weighted Index"
"5463","FXRTWI","Trade-weighted Index May 1970 = 100","AUS","AUS",1996-09-25,58,"D","Index","Indicative","RBA","Daily","Historical Daily Exchange Rates Of The Australian Dollar Against:","Australian Dollar Trade-weighted Index"
"5464","FXRTWI","Trade-weighted Index May 1970 = 100","AUS","AUS",1996-09-26,58.3,"D","Index","Indicative","RBA","Daily","Historical Daily Exchange Rates Of The Australian Dollar Against:","Australian Dollar Trade-weighted Index"
"5465","FXRTWI","Trade-weighted Index May 1970 = 100","AUS","AUS",1996-09-27,58.4,"D","Index","Indicative","RBA","Daily","Historical Daily Exchange Rates Of The Australian Dollar Against:","Australian Dollar Trade-weighted Index"
"5466","DLCACS","Credit; Total; Seasonally adjusted","AUS","AUS",1996-09-30,470.404,"M","$ billion","Seasonally Adjusted","RBA","Monthly","D2 Lending And Credit Aggregates","Credit; Total; Seasonally adjusted – Includes securitisations – For series breaks see Series Breaks"
"5467","FIRMMCRT","Cash Rate Target","AUS","AUS",1996-09-30,7,"M","Per cent","Original","RBA","Monthly","F1.1 Interest Rates And Yields - Money Market","Cash Rate Target; monthly average"
"5468","FXRTWI","Trade-weighted Index May 1970 = 100","AUS","AUS",1996-09-30,58.5,"D","Index","Indicative","RBA","Daily","Historical Daily Exchange Rates Of The Australian Dollar Against:","Australian Dollar Trade-weighted Index"
"5469","FXRTWI","Trade-weighted Index May 1970 = 100","AUS","AUS",1996-09-30,58.5,"M","Index","Indicative","RBA","Monthly","F11 Exchange Rates","Australian Dollar Trade-weighted Index"
"5470","GCPIOCPMTMQP","Quarterly trimmed mean inflation","AUS","AUS",1996-09-30,0.5,"Q","Per cent","Seasonally Adjusted","ABS","Quarterly","G1 Consumer Price Inflation","Consumer price index; Trimmed mean; Quarterly change (in per cent)"
"5471","GRCPAISDR","Commodity prices – SDR","AUS","AUS",1996-09-30,29.0504734744876,"M","Index, 2023/24=100","Original","RBA","Monthly","I2 Commodity Prices","Index of commodity prices; All items; SDR"
"5472","A2718577A","Credits, Total goods ;","AUS","AUS",1996-10-01,6466,"M","$ Millions","Seasonally Adjusted",NA,"Monthly","TABLE 1. GOODS, Summary: Seasonally adjusted and trend estimates, Current prices",NA
"5473","A2718594C","Balance on goods ;","AUS","AUS",1996-10-01,-52,"M","$ Millions","Seasonally Adjusted",NA,"Monthly","TABLE 1. GOODS, Summary: Seasonally adjusted and trend estimates, Current prices",NA
"5474","FXRTWI","Trade-weighted Index May 1970 = 100","AUS","AUS",1996-10-01,58.4,"D","Index","Indicative","RBA","Daily","Historical Daily Exchange Rates Of The Australian Dollar Against:","Australian Dollar Trade-weighted Index"
"5475","FXRTWI","Trade-weighted Index May 1970 = 100","AUS","AUS",1996-10-02,58.7,"D","Index","Indicative","RBA","Daily","Historical Daily Exchange Rates Of The Australian Dollar Against:","Australian Dollar Trade-weighted Index"
"5476","FXRTWI","Trade-weighted Index May 1970 = 100","AUS","AUS",1996-10-03,58.7,"D","Index","Indicative","RBA","Daily","Historical Daily Exchange Rates Of The Australian Dollar Against:","Australian Dollar Trade-weighted Index"
"5477","FXRTWI","Trade-weighted Index May 1970 = 100","AUS","AUS",1996-10-04,58.3,"D","Index","Indicative","RBA","Daily","Historical Daily Exchange Rates Of The Australian Dollar Against:","Australian Dollar Trade-weighted Index"
"5478","FXRTWI","Trade-weighted Index May 1970 = 100","AUS","AUS",1996-10-07,58.4,"D","Index","Indicative","RBA","Daily","Historical Daily Exchange Rates Of The Australian Dollar Against:","Australian Dollar Trade-weighted Index"
"5479","FXRTWI","Trade-weighted Index May 1970 = 100","AUS","AUS",1996-10-08,58.2,"D","Index","Indicative","RBA","Daily","Historical Daily Exchange Rates Of The Australian Dollar Against:","Australian Dollar Trade-weighted Index"
"5480","FXRTWI","Trade-weighted Index May 1970 = 100","AUS","AUS",1996-10-09,58.4,"D","Index","Indicative","RBA","Daily","Historical Daily Exchange Rates Of The Australian Dollar Against:","Australian Dollar Trade-weighted Index"
"5481","FXRTWI","Trade-weighted Index May 1970 = 100","AUS","AUS",1996-10-10,58.2,"D","Index","Indicative","RBA","Daily","Historical Daily Exchange Rates Of The Australian Dollar Against:","Australian Dollar Trade-weighted Index"
"5482","FXRTWI","Trade-weighted Index May 1970 = 100","AUS","AUS",1996-10-11,58.4,"D","Index","Indicative","RBA","Daily","Historical Daily Exchange Rates Of The Australian Dollar Against:","Australian Dollar Trade-weighted Index"
"5483","FXRTWI","Trade-weighted Index May 1970 = 100","AUS","AUS",1996-10-14,58.4,"D","Index","Indicative","RBA","Daily","Historical Daily Exchange Rates Of The Australian Dollar Against:","Australian Dollar Trade-weighted Index"
"5484","FXRTWI","Trade-weighted Index May 1970 = 100","AUS","AUS",1996-10-15,58.6,"D","Index","Indicative","RBA","Daily","Historical Daily Exchange Rates Of The Australian Dollar Against:","Australian Dollar Trade-weighted Index"
"5485","FXRTWI","Trade-weighted Index May 1970 = 100","AUS","AUS",1996-10-16,58.6,"D","Index","Indicative","RBA","Daily","Historical Daily Exchange Rates Of The Australian Dollar Against:","Australian Dollar Trade-weighted Index"
"5486","FXRTWI","Trade-weighted Index May 1970 = 100","AUS","AUS",1996-10-17,58.6,"D","Index","Indicative","RBA","Daily","Historical Daily Exchange Rates Of The Australian Dollar Against:","Australian Dollar Trade-weighted Index"
"5487","FXRTWI","Trade-weighted Index May 1970 = 100","AUS","AUS",1996-10-18,58.8,"D","Index","Indicative","RBA","Daily","Historical Daily Exchange Rates Of The Australian Dollar Against:","Australian Dollar Trade-weighted Index"
"5488","FXRTWI","Trade-weighted Index May 1970 = 100","AUS","AUS",1996-10-21,59.1,"D","Index","Indicative","RBA","Daily","Historical Daily Exchange Rates Of The Australian Dollar Against:","Australian Dollar Trade-weighted Index"
"5489","FXRTWI","Trade-weighted Index May 1970 = 100","AUS","AUS",1996-10-22,58.9,"D","Index","Indicative","RBA","Daily","Historical Daily Exchange Rates Of The Australian Dollar Against:","Australian Dollar Trade-weighted Index"
"5490","FXRTWI","Trade-weighted Index May 1970 = 100","AUS","AUS",1996-10-23,58.8,"D","Index","Indicative","RBA","Daily","Historical Daily Exchange Rates Of The Australian Dollar Against:","Australian Dollar Trade-weighted Index"
"5491","FXRTWI","Trade-weighted Index May 1970 = 100","AUS","AUS",1996-10-24,58.6,"D","Index","Indicative","RBA","Daily","Historical Daily Exchange Rates Of The Australian Dollar Against:","Australian Dollar Trade-weighted Index"
"5492","FXRTWI","Trade-weighted Index May 1970 = 100","AUS","AUS",1996-10-25,58.7,"D","Index","Indicative","RBA","Daily","Historical Daily Exchange Rates Of The Australian Dollar Against:","Australian Dollar Trade-weighted Index"
"5493","FXRTWI","Trade-weighted Index May 1970 = 100","AUS","AUS",1996-10-28,58.7,"D","Index","Indicative","RBA","Daily","Historical Daily Exchange Rates Of The Australian Dollar Against:","Australian Dollar Trade-weighted Index"
"5494","FXRTWI","Trade-weighted Index May 1970 = 100","AUS","AUS",1996-10-29,58.7,"D","Index","Indicative","RBA","Daily","Historical Daily Exchange Rates Of The Australian Dollar Against:","Australian Dollar Trade-weighted Index"
"5495","FXRTWI","Trade-weighted Index May 1970 = 100","AUS","AUS",1996-10-30,58.7,"D","Index","Indicative","RBA","Daily","Historical Daily Exchange Rates Of The Australian Dollar Against:","Australian Dollar Trade-weighted Index"
"5496","DLCACS","Credit; Total; Seasonally adjusted","AUS","AUS",1996-10-31,474.242,"M","$ billion","Seasonally Adjusted","RBA","Monthly","D2 Lending And Credit Aggregates","Credit; Total; Seasonally adjusted – Includes securitisations – For series breaks see Series Breaks"
"5497","FIRMMCRT","Cash Rate Target","AUS","AUS",1996-10-31,7,"M","Per cent","Original","RBA","Monthly","F1.1 Interest Rates And Yields - Money Market","Cash Rate Target; monthly average"
"5498","FXRTWI","Trade-weighted Index May 1970 = 100","AUS","AUS",1996-10-31,58.6,"D","Index","Indicative","RBA","Daily","Historical Daily Exchange Rates Of The Australian Dollar Against:","Australian Dollar Trade-weighted Index"
"5499","FXRTWI","Trade-weighted Index May 1970 = 100","AUS","AUS",1996-10-31,58.6,"M","Index","Indicative","RBA","Monthly","F11 Exchange Rates","Australian Dollar Trade-weighted Index"
"5500","GRCPAISDR","Commodity prices – SDR","AUS","AUS",1996-10-31,29.2627492539239,"M","Index, 2023/24=100","Original","RBA","Monthly","I2 Commodity Prices","Index of commodity prices; All items; SDR"
"5501","A2718577A","Credits, Total goods ;","AUS","AUS",1996-11-01,6214,"M","$ Millions","Seasonally Adjusted",NA,"Monthly","TABLE 1. GOODS, Summary: Seasonally adjusted and trend estimates, Current prices",NA
"5502","A2718594C","Balance on goods ;","AUS","AUS",1996-11-01,-328,"M","$ Millions","Seasonally Adjusted",NA,"Monthly","TABLE 1. GOODS, Summary: Seasonally adjusted and trend estimates, Current prices",NA
"5503","FXRTWI","Trade-weighted Index May 1970 = 100","AUS","AUS",1996-11-01,58.4,"D","Index","Indicative","RBA","Daily","Historical Daily Exchange Rates Of The Australian Dollar Against:","Australian Dollar Trade-weighted Index"
"5504","FXRTWI","Trade-weighted Index May 1970 = 100","AUS","AUS",1996-11-04,58.2,"D","Index","Indicative","RBA","Daily","Historical Daily Exchange Rates Of The Australian Dollar Against:","Australian Dollar Trade-weighted Index"
"5505","FXRTWI","Trade-weighted Index May 1970 = 100","AUS","AUS",1996-11-05,58.2,"D","Index","Indicative","RBA","Daily","Historical Daily Exchange Rates Of The Australian Dollar Against:","Australian Dollar Trade-weighted Index"
"5506","FXRTWI","Trade-weighted Index May 1970 = 100","AUS","AUS",1996-11-06,58.6,"D","Index","Indicative","RBA","Daily","Historical Daily Exchange Rates Of The Australian Dollar Against:","Australian Dollar Trade-weighted Index"
"5507","FXRTWI","Trade-weighted Index May 1970 = 100","AUS","AUS",1996-11-07,57.7,"D","Index","Indicative","RBA","Daily","Historical Daily Exchange Rates Of The Australian Dollar Against:","Australian Dollar Trade-weighted Index"
"5508","FXRTWI","Trade-weighted Index May 1970 = 100","AUS","AUS",1996-11-08,57.8,"D","Index","Indicative","RBA","Daily","Historical Daily Exchange Rates Of The Australian Dollar Against:","Australian Dollar Trade-weighted Index"
"5509","FXRTWI","Trade-weighted Index May 1970 = 100","AUS","AUS",1996-11-11,58,"D","Index","Indicative","RBA","Daily","Historical Daily Exchange Rates Of The Australian Dollar Against:","Australian Dollar Trade-weighted Index"
"5510","FXRTWI","Trade-weighted Index May 1970 = 100","AUS","AUS",1996-11-12,57.9,"D","Index","Indicative","RBA","Daily","Historical Daily Exchange Rates Of The Australian Dollar Against:","Australian Dollar Trade-weighted Index"
"5511","FXRTWI","Trade-weighted Index May 1970 = 100","AUS","AUS",1996-11-13,58,"D","Index","Indicative","RBA","Daily","Historical Daily Exchange Rates Of The Australian Dollar Against:","Australian Dollar Trade-weighted Index"
"5512","FXRTWI","Trade-weighted Index May 1970 = 100","AUS","AUS",1996-11-14,58.1,"D","Index","Indicative","RBA","Daily","Historical Daily Exchange Rates Of The Australian Dollar Against:","Australian Dollar Trade-weighted Index"
"5513","FXRTWI","Trade-weighted Index May 1970 = 100","AUS","AUS",1996-11-15,58.1,"D","Index","Indicative","RBA","Daily","Historical Daily Exchange Rates Of The Australian Dollar Against:","Australian Dollar Trade-weighted Index"
"5514","FXRTWI","Trade-weighted Index May 1970 = 100","AUS","AUS",1996-11-18,58.1,"D","Index","Indicative","RBA","Daily","Historical Daily Exchange Rates Of The Australian Dollar Against:","Australian Dollar Trade-weighted Index"
"5515","FXRTWI","Trade-weighted Index May 1970 = 100","AUS","AUS",1996-11-19,58.4,"D","Index","Indicative","RBA","Daily","Historical Daily Exchange Rates Of The Australian Dollar Against:","Australian Dollar Trade-weighted Index"
"5516","FXRTWI","Trade-weighted Index May 1970 = 100","AUS","AUS",1996-11-20,58.5,"D","Index","Indicative","RBA","Daily","Historical Daily Exchange Rates Of The Australian Dollar Against:","Australian Dollar Trade-weighted Index"
"5517","FXRTWI","Trade-weighted Index May 1970 = 100","AUS","AUS",1996-11-21,59.2,"D","Index","Indicative","RBA","Daily","Historical Daily Exchange Rates Of The Australian Dollar Against:","Australian Dollar Trade-weighted Index"
"5518","FXRTWI","Trade-weighted Index May 1970 = 100","AUS","AUS",1996-11-22,59.4,"D","Index","Indicative","RBA","Daily","Historical Daily Exchange Rates Of The Australian Dollar Against:","Australian Dollar Trade-weighted Index"
"5519","FXRTWI","Trade-weighted Index May 1970 = 100","AUS","AUS",1996-11-25,59.6,"D","Index","Indicative","RBA","Daily","Historical Daily Exchange Rates Of The Australian Dollar Against:","Australian Dollar Trade-weighted Index"
"5520","FXRTWI","Trade-weighted Index May 1970 = 100","AUS","AUS",1996-11-26,59.8,"D","Index","Indicative","RBA","Daily","Historical Daily Exchange Rates Of The Australian Dollar Against:","Australian Dollar Trade-weighted Index"
"5521","FXRTWI","Trade-weighted Index May 1970 = 100","AUS","AUS",1996-11-27,59.8,"D","Index","Indicative","RBA","Daily","Historical Daily Exchange Rates Of The Australian Dollar Against:","Australian Dollar Trade-weighted Index"
"5522","FXRTWI","Trade-weighted Index May 1970 = 100","AUS","AUS",1996-11-28,59.8,"D","Index","Indicative","RBA","Daily","Historical Daily Exchange Rates Of The Australian Dollar Against:","Australian Dollar Trade-weighted Index"
"5523","FXRTWI","Trade-weighted Index May 1970 = 100","AUS","AUS",1996-11-29,59.9,"D","Index","Indicative","RBA","Daily","Historical Daily Exchange Rates Of The Australian Dollar Against:","Australian Dollar Trade-weighted Index"
"5524","DLCACS","Credit; Total; Seasonally adjusted","AUS","AUS",1996-11-30,476.36,"M","$ billion","Seasonally Adjusted","RBA","Monthly","D2 Lending And Credit Aggregates","Credit; Total; Seasonally adjusted – Includes securitisations – For series breaks see Series Breaks"
"5525","FIRMMCRT","Cash Rate Target","AUS","AUS",1996-11-30,6.57142857142857,"M","Per cent","Original","RBA","Monthly","F1.1 Interest Rates And Yields - Money Market","Cash Rate Target; monthly average"
"5526","FXRTWI","Trade-weighted Index May 1970 = 100","AUS","AUS",1996-11-30,59.9,"M","Index","Indicative","RBA","Monthly","F11 Exchange Rates","Australian Dollar Trade-weighted Index"
"5527","GRCPAISDR","Commodity prices – SDR","AUS","AUS",1996-11-30,28.7607999439241,"M","Index, 2023/24=100","Original","RBA","Monthly","I2 Commodity Prices","Index of commodity prices; All items; SDR"
"5528","A2302956R","South Australia ; STATE FINAL DEMAND ;","SA","SA",1996-12-01,17740,"Q","$ Millions","Seasonally Adjusted",NA,"Quarterly","Table 25. State Final Demand, Summary Components by State: Chain volume measures",NA
"5529","A2302984X","Western Australia ; STATE FINAL DEMAND ;","WA","WA",1996-12-01,26590,"Q","$ Millions","Seasonally Adjusted",NA,"Quarterly","Table 25. State Final Demand, Summary Components by State: Chain volume measures",NA
"5530","A2303012X","Tasmania ; STATE FINAL DEMAND ;","TAS","TAS",1996-12-01,5879,"Q","$ Millions","Seasonally Adjusted",NA,"Quarterly","Table 25. State Final Demand, Summary Components by State: Chain volume measures",NA
"5531","A2303040J","Northern Territory ; STATE FINAL DEMAND ;","NT","NT",1996-12-01,3387,"Q","$ Millions","Seasonally Adjusted",NA,"Quarterly","Table 25. State Final Demand, Summary Components by State: Chain volume measures",NA
"5532","A2303068K","Australian Capital Territory ; STATE FINAL DEMAND ;","ACT","ACT",1996-12-01,6895,"Q","$ Millions","Seasonally Adjusted",NA,"Quarterly","Table 25. State Final Demand, Summary Components by State: Chain volume measures",NA
"5533","A2303111F","New South Wales ; STATE FINAL DEMAND ;","NSW","NSW",1996-12-01,86723,"Q","$ Millions","Seasonally Adjusted",NA,"Quarterly","Table 25. State Final Demand, Summary Components by State: Chain volume measures",NA
"5534","A2303139J","Victoria ; STATE FINAL DEMAND ;","VIC","VIC",1996-12-01,59183,"Q","$ Millions","Seasonally Adjusted",NA,"Quarterly","Table 25. State Final Demand, Summary Components by State: Chain volume measures",NA
"5535","A2303187A","Queensland ; STATE FINAL DEMAND ;","QLD","QLD",1996-12-01,44915,"Q","$ Millions","Seasonally Adjusted",NA,"Quarterly","Table 25. State Final Demand, Summary Components by State: Chain volume measures",NA
"5536","A2304418T","Gross domestic product: Current prices ;","AUS","AUS",1996-12-01,137931,"Q","$ Millions","Seasonally Adjusted",NA,"Quarterly","Table 1. Key National Accounts Aggregates",NA
"5537","A2325846C","Index Numbers ; All groups CPI ; Australia ;","AUS","AUS",1996-12-01,67,"Q","Index Numbers","Original",NA,"Quarterly","TABLES 1 and 2. CPI: All Groups, Index Numbers and Percentage Changes",NA
"5538","A2718577A","Credits, Total goods ;","AUS","AUS",1996-12-01,6391,"M","$ Millions","Seasonally Adjusted",NA,"Monthly","TABLE 1. GOODS, Summary: Seasonally adjusted and trend estimates, Current prices",NA
"5539","A2718594C","Balance on goods ;","AUS","AUS",1996-12-01,-170,"M","$ Millions","Seasonally Adjusted",NA,"Monthly","TABLE 1. GOODS, Summary: Seasonally adjusted and trend estimates, Current prices",NA
"5540","FXRTWI","Trade-weighted Index May 1970 = 100","AUS","AUS",1996-12-02,60.6,"D","Index","Indicative","RBA","Daily","Historical Daily Exchange Rates Of The Australian Dollar Against:","Australian Dollar Trade-weighted Index"
"5541","FXRTWI","Trade-weighted Index May 1970 = 100","AUS","AUS",1996-12-03,60.5,"D","Index","Indicative","RBA","Daily","Historical Daily Exchange Rates Of The Australian Dollar Against:","Australian Dollar Trade-weighted Index"
"5542","FXRTWI","Trade-weighted Index May 1970 = 100","AUS","AUS",1996-12-04,59.1,"D","Index","Indicative","RBA","Daily","Historical Daily Exchange Rates Of The Australian Dollar Against:","Australian Dollar Trade-weighted Index"
"5543","FXRTWI","Trade-weighted Index May 1970 = 100","AUS","AUS",1996-12-05,59,"D","Index","Indicative","RBA","Daily","Historical Daily Exchange Rates Of The Australian Dollar Against:","Australian Dollar Trade-weighted Index"
"5544","FXRTWI","Trade-weighted Index May 1970 = 100","AUS","AUS",1996-12-06,58.8,"D","Index","Indicative","RBA","Daily","Historical Daily Exchange Rates Of The Australian Dollar Against:","Australian Dollar Trade-weighted Index"
"5545","FXRTWI","Trade-weighted Index May 1970 = 100","AUS","AUS",1996-12-09,59.2,"D","Index","Indicative","RBA","Daily","Historical Daily Exchange Rates Of The Australian Dollar Against:","Australian Dollar Trade-weighted Index"
"5546","FXRTWI","Trade-weighted Index May 1970 = 100","AUS","AUS",1996-12-10,59.6,"D","Index","Indicative","RBA","Daily","Historical Daily Exchange Rates Of The Australian Dollar Against:","Australian Dollar Trade-weighted Index"
"5547","FXRTWI","Trade-weighted Index May 1970 = 100","AUS","AUS",1996-12-11,58.8,"D","Index","Indicative","RBA","Daily","Historical Daily Exchange Rates Of The Australian Dollar Against:","Australian Dollar Trade-weighted Index"
"5548","FXRTWI","Trade-weighted Index May 1970 = 100","AUS","AUS",1996-12-12,58.8,"D","Index","Indicative","RBA","Daily","Historical Daily Exchange Rates Of The Australian Dollar Against:","Australian Dollar Trade-weighted Index"
"5549","FXRTWI","Trade-weighted Index May 1970 = 100","AUS","AUS",1996-12-13,58.9,"D","Index","Indicative","RBA","Daily","Historical Daily Exchange Rates Of The Australian Dollar Against:","Australian Dollar Trade-weighted Index"
"5550","FXRTWI","Trade-weighted Index May 1970 = 100","AUS","AUS",1996-12-16,58.9,"D","Index","Indicative","RBA","Daily","Historical Daily Exchange Rates Of The Australian Dollar Against:","Australian Dollar Trade-weighted Index"
"5551","FXRTWI","Trade-weighted Index May 1970 = 100","AUS","AUS",1996-12-17,58.9,"D","Index","Indicative","RBA","Daily","Historical Daily Exchange Rates Of The Australian Dollar Against:","Australian Dollar Trade-weighted Index"
"5552","FXRTWI","Trade-weighted Index May 1970 = 100","AUS","AUS",1996-12-18,58.9,"D","Index","Indicative","RBA","Daily","Historical Daily Exchange Rates Of The Australian Dollar Against:","Australian Dollar Trade-weighted Index"
"5553","FXRTWI","Trade-weighted Index May 1970 = 100","AUS","AUS",1996-12-19,58.7,"D","Index","Indicative","RBA","Daily","Historical Daily Exchange Rates Of The Australian Dollar Against:","Australian Dollar Trade-weighted Index"
"5554","FXRTWI","Trade-weighted Index May 1970 = 100","AUS","AUS",1996-12-20,59.2,"D","Index","Indicative","RBA","Daily","Historical Daily Exchange Rates Of The Australian Dollar Against:","Australian Dollar Trade-weighted Index"
"5555","FXRTWI","Trade-weighted Index May 1970 = 100","AUS","AUS",1996-12-23,59.2,"D","Index","Indicative","RBA","Daily","Historical Daily Exchange Rates Of The Australian Dollar Against:","Australian Dollar Trade-weighted Index"
"5556","FXRTWI","Trade-weighted Index May 1970 = 100","AUS","AUS",1996-12-24,59.4,"D","Index","Indicative","RBA","Daily","Historical Daily Exchange Rates Of The Australian Dollar Against:","Australian Dollar Trade-weighted Index"
"5557","FXRTWI","Trade-weighted Index May 1970 = 100","AUS","AUS",1996-12-27,59.3,"D","Index","Indicative","RBA","Daily","Historical Daily Exchange Rates Of The Australian Dollar Against:","Australian Dollar Trade-weighted Index"
"5558","FXRTWI","Trade-weighted Index May 1970 = 100","AUS","AUS",1996-12-30,59.4,"D","Index","Indicative","RBA","Daily","Historical Daily Exchange Rates Of The Australian Dollar Against:","Australian Dollar Trade-weighted Index"
"5559","DLCACS","Credit; Total; Seasonally adjusted","AUS","AUS",1996-12-31,479.742,"M","$ billion","Seasonally Adjusted","RBA","Monthly","D2 Lending And Credit Aggregates","Credit; Total; Seasonally adjusted – Includes securitisations – For series breaks see Series Breaks"
"5560","FIRMMCRT","Cash Rate Target","AUS","AUS",1996-12-31,6.175,"M","Per cent","Original","RBA","Monthly","F1.1 Interest Rates And Yields - Money Market","Cash Rate Target; monthly average"
"5561","FXRTWI","Trade-weighted Index May 1970 = 100","AUS","AUS",1996-12-31,59.4,"D","Index","Indicative","RBA","Daily","Historical Daily Exchange Rates Of The Australian Dollar Against:","Australian Dollar Trade-weighted Index"
"5562","FXRTWI","Trade-weighted Index May 1970 = 100","AUS","AUS",1996-12-31,59.4,"M","Index","Indicative","RBA","Monthly","F11 Exchange Rates","Australian Dollar Trade-weighted Index"
"5563","GCPIOCPMTMQP","Quarterly trimmed mean inflation","AUS","AUS",1996-12-31,0.6,"Q","Per cent","Seasonally Adjusted","ABS","Quarterly","G1 Consumer Price Inflation","Consumer price index; Trimmed mean; Quarterly change (in per cent)"
"5564","GRCPAISDR","Commodity prices – SDR","AUS","AUS",1996-12-31,28.9828356531723,"M","Index, 2023/24=100","Original","RBA","Monthly","I2 Commodity Prices","Index of commodity prices; All items; SDR"
"5565","A2718577A","Credits, Total goods ;","AUS","AUS",1997-01-01,6742,"M","$ Millions","Seasonally Adjusted",NA,"Monthly","TABLE 1. GOODS, Summary: Seasonally adjusted and trend estimates, Current prices",NA
"5566","A2718594C","Balance on goods ;","AUS","AUS",1997-01-01,38,"M","$ Millions","Seasonally Adjusted",NA,"Monthly","TABLE 1. GOODS, Summary: Seasonally adjusted and trend estimates, Current prices",NA
"5567","FXRTWI","Trade-weighted Index May 1970 = 100","AUS","AUS",1997-01-02,59.1,"D","Index","Indicative","RBA","Daily","Historical Daily Exchange Rates Of The Australian Dollar Against:","Australian Dollar Trade-weighted Index"
"5568","FXRTWI","Trade-weighted Index May 1970 = 100","AUS","AUS",1997-01-03,58.9,"D","Index","Indicative","RBA","Daily","Historical Daily Exchange Rates Of The Australian Dollar Against:","Australian Dollar Trade-weighted Index"
"5569","FXRTWI","Trade-weighted Index May 1970 = 100","AUS","AUS",1997-01-06,59.1,"D","Index","Indicative","RBA","Daily","Historical Daily Exchange Rates Of The Australian Dollar Against:","Australian Dollar Trade-weighted Index"
"5570","FXRTWI","Trade-weighted Index May 1970 = 100","AUS","AUS",1997-01-07,58.8,"D","Index","Indicative","RBA","Daily","Historical Daily Exchange Rates Of The Australian Dollar Against:","Australian Dollar Trade-weighted Index"
"5571","FXRTWI","Trade-weighted Index May 1970 = 100","AUS","AUS",1997-01-08,58.6,"D","Index","Indicative","RBA","Daily","Historical Daily Exchange Rates Of The Australian Dollar Against:","Australian Dollar Trade-weighted Index"
"5572","FXRTWI","Trade-weighted Index May 1970 = 100","AUS","AUS",1997-01-09,58.3,"D","Index","Indicative","RBA","Daily","Historical Daily Exchange Rates Of The Australian Dollar Against:","Australian Dollar Trade-weighted Index"
"5573","FXRTWI","Trade-weighted Index May 1970 = 100","AUS","AUS",1997-01-10,58,"D","Index","Indicative","RBA","Daily","Historical Daily Exchange Rates Of The Australian Dollar Against:","Australian Dollar Trade-weighted Index"
"5574","FXRTWI","Trade-weighted Index May 1970 = 100","AUS","AUS",1997-01-13,58.4,"D","Index","Indicative","RBA","Daily","Historical Daily Exchange Rates Of The Australian Dollar Against:","Australian Dollar Trade-weighted Index"
"5575","FXRTWI","Trade-weighted Index May 1970 = 100","AUS","AUS",1997-01-14,58.2,"D","Index","Indicative","RBA","Daily","Historical Daily Exchange Rates Of The Australian Dollar Against:","Australian Dollar Trade-weighted Index"
"5576","FXRTWI","Trade-weighted Index May 1970 = 100","AUS","AUS",1997-01-15,58.2,"D","Index","Indicative","RBA","Daily","Historical Daily Exchange Rates Of The Australian Dollar Against:","Australian Dollar Trade-weighted Index"
"5577","FXRTWI","Trade-weighted Index May 1970 = 100","AUS","AUS",1997-01-16,58,"D","Index","Indicative","RBA","Daily","Historical Daily Exchange Rates Of The Australian Dollar Against:","Australian Dollar Trade-weighted Index"
"5578","FXRTWI","Trade-weighted Index May 1970 = 100","AUS","AUS",1997-01-17,58.4,"D","Index","Indicative","RBA","Daily","Historical Daily Exchange Rates Of The Australian Dollar Against:","Australian Dollar Trade-weighted Index"
"5579","FXRTWI","Trade-weighted Index May 1970 = 100","AUS","AUS",1997-01-20,58.7,"D","Index","Indicative","RBA","Daily","Historical Daily Exchange Rates Of The Australian Dollar Against:","Australian Dollar Trade-weighted Index"
"5580","FXRTWI","Trade-weighted Index May 1970 = 100","AUS","AUS",1997-01-21,58.6,"D","Index","Indicative","RBA","Daily","Historical Daily Exchange Rates Of The Australian Dollar Against:","Australian Dollar Trade-weighted Index"
"5581","FXRTWI","Trade-weighted Index May 1970 = 100","AUS","AUS",1997-01-22,58.6,"D","Index","Indicative","RBA","Daily","Historical Daily Exchange Rates Of The Australian Dollar Against:","Australian Dollar Trade-weighted Index"
"5582","FXRTWI","Trade-weighted Index May 1970 = 100","AUS","AUS",1997-01-23,58.4,"D","Index","Indicative","RBA","Daily","Historical Daily Exchange Rates Of The Australian Dollar Against:","Australian Dollar Trade-weighted Index"
"5583","FXRTWI","Trade-weighted Index May 1970 = 100","AUS","AUS",1997-01-24,58.5,"D","Index","Indicative","RBA","Daily","Historical Daily Exchange Rates Of The Australian Dollar Against:","Australian Dollar Trade-weighted Index"
"5584","FXRTWI","Trade-weighted Index May 1970 = 100","AUS","AUS",1997-01-28,58.8,"D","Index","Indicative","RBA","Daily","Historical Daily Exchange Rates Of The Australian Dollar Against:","Australian Dollar Trade-weighted Index"
"5585","FXRTWI","Trade-weighted Index May 1970 = 100","AUS","AUS",1997-01-29,58.6,"D","Index","Indicative","RBA","Daily","Historical Daily Exchange Rates Of The Australian Dollar Against:","Australian Dollar Trade-weighted Index"
"5586","FXRTWI","Trade-weighted Index May 1970 = 100","AUS","AUS",1997-01-30,58.8,"D","Index","Indicative","RBA","Daily","Historical Daily Exchange Rates Of The Australian Dollar Against:","Australian Dollar Trade-weighted Index"
"5587","DLCACS","Credit; Total; Seasonally adjusted","AUS","AUS",1997-01-31,483.194,"M","$ billion","Seasonally Adjusted","RBA","Monthly","D2 Lending And Credit Aggregates","Credit; Total; Seasonally adjusted – Includes securitisations – For series breaks see Series Breaks"
"5588","FIRMMCRT","Cash Rate Target","AUS","AUS",1997-01-31,6,"M","Per cent","Original","RBA","Monthly","F1.1 Interest Rates And Yields - Money Market","Cash Rate Target; monthly average"
"5589","FXRTWI","Trade-weighted Index May 1970 = 100","AUS","AUS",1997-01-31,58.1,"D","Index","Indicative","RBA","Daily","Historical Daily Exchange Rates Of The Australian Dollar Against:","Australian Dollar Trade-weighted Index"
"5590","FXRTWI","Trade-weighted Index May 1970 = 100","AUS","AUS",1997-01-31,58.1,"M","Index","Indicative","RBA","Monthly","F11 Exchange Rates","Australian Dollar Trade-weighted Index"
"5591","GRCPAISDR","Commodity prices – SDR","AUS","AUS",1997-01-31,29.453492288327,"M","Index, 2023/24=100","Original","RBA","Monthly","I2 Commodity Prices","Index of commodity prices; All items; SDR"
"5592","A2718577A","Credits, Total goods ;","AUS","AUS",1997-02-01,6963,"M","$ Millions","Seasonally Adjusted",NA,"Monthly","TABLE 1. GOODS, Summary: Seasonally adjusted and trend estimates, Current prices",NA
"5593","A2718594C","Balance on goods ;","AUS","AUS",1997-02-01,111,"M","$ Millions","Seasonally Adjusted",NA,"Monthly","TABLE 1. GOODS, Summary: Seasonally adjusted and trend estimates, Current prices",NA
"5594","FXRTWI","Trade-weighted Index May 1970 = 100","AUS","AUS",1997-02-03,58.2,"D","Index","Indicative","RBA","Daily","Historical Daily Exchange Rates Of The Australian Dollar Against:","Australian Dollar Trade-weighted Index"
"5595","FXRTWI","Trade-weighted Index May 1970 = 100","AUS","AUS",1997-02-04,58.4,"D","Index","Indicative","RBA","Daily","Historical Daily Exchange Rates Of The Australian Dollar Against:","Australian Dollar Trade-weighted Index"
"5596","FXRTWI","Trade-weighted Index May 1970 = 100","AUS","AUS",1997-02-05,58.3,"D","Index","Indicative","RBA","Daily","Historical Daily Exchange Rates Of The Australian Dollar Against:","Australian Dollar Trade-weighted Index"
"5597","FXRTWI","Trade-weighted Index May 1970 = 100","AUS","AUS",1997-02-06,58.4,"D","Index","Indicative","RBA","Daily","Historical Daily Exchange Rates Of The Australian Dollar Against:","Australian Dollar Trade-weighted Index"
"5598","FXRTWI","Trade-weighted Index May 1970 = 100","AUS","AUS",1997-02-07,58.3,"D","Index","Indicative","RBA","Daily","Historical Daily Exchange Rates Of The Australian Dollar Against:","Australian Dollar Trade-weighted Index"
"5599","FXRTWI","Trade-weighted Index May 1970 = 100","AUS","AUS",1997-02-10,58.1,"D","Index","Indicative","RBA","Daily","Historical Daily Exchange Rates Of The Australian Dollar Against:","Australian Dollar Trade-weighted Index"
"5600","FXRTWI","Trade-weighted Index May 1970 = 100","AUS","AUS",1997-02-11,58,"D","Index","Indicative","RBA","Daily","Historical Daily Exchange Rates Of The Australian Dollar Against:","Australian Dollar Trade-weighted Index"
"5601","FXRTWI","Trade-weighted Index May 1970 = 100","AUS","AUS",1997-02-12,58.1,"D","Index","Indicative","RBA","Daily","Historical Daily Exchange Rates Of The Australian Dollar Against:","Australian Dollar Trade-weighted Index"
"5602","FXRTWI","Trade-weighted Index May 1970 = 100","AUS","AUS",1997-02-13,58.9,"D","Index","Indicative","RBA","Daily","Historical Daily Exchange Rates Of The Australian Dollar Against:","Australian Dollar Trade-weighted Index"
"5603","FXRTWI","Trade-weighted Index May 1970 = 100","AUS","AUS",1997-02-14,58.7,"D","Index","Indicative","RBA","Daily","Historical Daily Exchange Rates Of The Australian Dollar Against:","Australian Dollar Trade-weighted Index"
"5604","FXRTWI","Trade-weighted Index May 1970 = 100","AUS","AUS",1997-02-17,58.8,"D","Index","Indicative","RBA","Daily","Historical Daily Exchange Rates Of The Australian Dollar Against:","Australian Dollar Trade-weighted Index"
"5605","FXRTWI","Trade-weighted Index May 1970 = 100","AUS","AUS",1997-02-18,59.1,"D","Index","Indicative","RBA","Daily","Historical Daily Exchange Rates Of The Australian Dollar Against:","Australian Dollar Trade-weighted Index"
"5606","FXRTWI","Trade-weighted Index May 1970 = 100","AUS","AUS",1997-02-19,58.7,"D","Index","Indicative","RBA","Daily","Historical Daily Exchange Rates Of The Australian Dollar Against:","Australian Dollar Trade-weighted Index"
"5607","FXRTWI","Trade-weighted Index May 1970 = 100","AUS","AUS",1997-02-20,59,"D","Index","Indicative","RBA","Daily","Historical Daily Exchange Rates Of The Australian Dollar Against:","Australian Dollar Trade-weighted Index"
"5608","FXRTWI","Trade-weighted Index May 1970 = 100","AUS","AUS",1997-02-21,59.3,"D","Index","Indicative","RBA","Daily","Historical Daily Exchange Rates Of The Australian Dollar Against:","Australian Dollar Trade-weighted Index"
"5609","FXRTWI","Trade-weighted Index May 1970 = 100","AUS","AUS",1997-02-24,59.5,"D","Index","Indicative","RBA","Daily","Historical Daily Exchange Rates Of The Australian Dollar Against:","Australian Dollar Trade-weighted Index"
"5610","FXRTWI","Trade-weighted Index May 1970 = 100","AUS","AUS",1997-02-25,59.3,"D","Index","Indicative","RBA","Daily","Historical Daily Exchange Rates Of The Australian Dollar Against:","Australian Dollar Trade-weighted Index"
"5611","FXRTWI","Trade-weighted Index May 1970 = 100","AUS","AUS",1997-02-26,59.1,"D","Index","Indicative","RBA","Daily","Historical Daily Exchange Rates Of The Australian Dollar Against:","Australian Dollar Trade-weighted Index"
"5612","FXRTWI","Trade-weighted Index May 1970 = 100","AUS","AUS",1997-02-27,59.3,"D","Index","Indicative","RBA","Daily","Historical Daily Exchange Rates Of The Australian Dollar Against:","Australian Dollar Trade-weighted Index"
"5613","DLCACS","Credit; Total; Seasonally adjusted","AUS","AUS",1997-02-28,485.859,"M","$ billion","Seasonally Adjusted","RBA","Monthly","D2 Lending And Credit Aggregates","Credit; Total; Seasonally adjusted – Includes securitisations – For series breaks see Series Breaks"
"5614","FIRMMCRT","Cash Rate Target","AUS","AUS",1997-02-28,6,"M","Per cent","Original","RBA","Monthly","F1.1 Interest Rates And Yields - Money Market","Cash Rate Target; monthly average"
"5615","FXRTWI","Trade-weighted Index May 1970 = 100","AUS","AUS",1997-02-28,59.3,"D","Index","Indicative","RBA","Daily","Historical Daily Exchange Rates Of The Australian Dollar Against:","Australian Dollar Trade-weighted Index"
"5616","FXRTWI","Trade-weighted Index May 1970 = 100","AUS","AUS",1997-02-28,59.3,"M","Index","Indicative","RBA","Monthly","F11 Exchange Rates","Australian Dollar Trade-weighted Index"
"5617","GRCPAISDR","Commodity prices – SDR","AUS","AUS",1997-02-28,30.1267911858159,"M","Index, 2023/24=100","Original","RBA","Monthly","I2 Commodity Prices","Index of commodity prices; All items; SDR"
"5618","A2302956R","South Australia ; STATE FINAL DEMAND ;","SA","SA",1997-03-01,18082,"Q","$ Millions","Seasonally Adjusted",NA,"Quarterly","Table 25. State Final Demand, Summary Components by State: Chain volume measures",NA
"5619","A2302984X","Western Australia ; STATE FINAL DEMAND ;","WA","WA",1997-03-01,27269,"Q","$ Millions","Seasonally Adjusted",NA,"Quarterly","Table 25. State Final Demand, Summary Components by State: Chain volume measures",NA
"5620","A2303012X","Tasmania ; STATE FINAL DEMAND ;","TAS","TAS",1997-03-01,5914,"Q","$ Millions","Seasonally Adjusted",NA,"Quarterly","Table 25. State Final Demand, Summary Components by State: Chain volume measures",NA
"5621","A2303040J","Northern Territory ; STATE FINAL DEMAND ;","NT","NT",1997-03-01,3381,"Q","$ Millions","Seasonally Adjusted",NA,"Quarterly","Table 25. State Final Demand, Summary Components by State: Chain volume measures",NA
"5622","A2303068K","Australian Capital Territory ; STATE FINAL DEMAND ;","ACT","ACT",1997-03-01,7112,"Q","$ Millions","Seasonally Adjusted",NA,"Quarterly","Table 25. State Final Demand, Summary Components by State: Chain volume measures",NA
"5623","A2303111F","New South Wales ; STATE FINAL DEMAND ;","NSW","NSW",1997-03-01,87871,"Q","$ Millions","Seasonally Adjusted",NA,"Quarterly","Table 25. State Final Demand, Summary Components by State: Chain volume measures",NA
"5624","A2303139J","Victoria ; STATE FINAL DEMAND ;","VIC","VIC",1997-03-01,61076,"Q","$ Millions","Seasonally Adjusted",NA,"Quarterly","Table 25. State Final Demand, Summary Components by State: Chain volume measures",NA
"5625","A2303187A","Queensland ; STATE FINAL DEMAND ;","QLD","QLD",1997-03-01,45852,"Q","$ Millions","Seasonally Adjusted",NA,"Quarterly","Table 25. State Final Demand, Summary Components by State: Chain volume measures",NA
"5626","A2304418T","Gross domestic product: Current prices ;","AUS","AUS",1997-03-01,139213,"Q","$ Millions","Seasonally Adjusted",NA,"Quarterly","Table 1. Key National Accounts Aggregates",NA
"5627","A2325846C","Index Numbers ; All groups CPI ; Australia ;","AUS","AUS",1997-03-01,67.1,"Q","Index Numbers","Original",NA,"Quarterly","TABLES 1 and 2. CPI: All Groups, Index Numbers and Percentage Changes",NA
"5628","A2718577A","Credits, Total goods ;","AUS","AUS",1997-03-01,6503,"M","$ Millions","Seasonally Adjusted",NA,"Monthly","TABLE 1. GOODS, Summary: Seasonally adjusted and trend estimates, Current prices",NA
"5629","A2718594C","Balance on goods ;","AUS","AUS",1997-03-01,45,"M","$ Millions","Seasonally Adjusted",NA,"Monthly","TABLE 1. GOODS, Summary: Seasonally adjusted and trend estimates, Current prices",NA
"5630","FXRTWI","Trade-weighted Index May 1970 = 100","AUS","AUS",1997-03-03,59.6,"D","Index","Indicative","RBA","Daily","Historical Daily Exchange Rates Of The Australian Dollar Against:","Australian Dollar Trade-weighted Index"
"5631","FXRTWI","Trade-weighted Index May 1970 = 100","AUS","AUS",1997-03-04,60.6,"D","Index","Indicative","RBA","Daily","Historical Daily Exchange Rates Of The Australian Dollar Against:","Australian Dollar Trade-weighted Index"
"5632","FXRTWI","Trade-weighted Index May 1970 = 100","AUS","AUS",1997-03-05,60.4,"D","Index","Indicative","RBA","Daily","Historical Daily Exchange Rates Of The Australian Dollar Against:","Australian Dollar Trade-weighted Index"
"5633","FXRTWI","Trade-weighted Index May 1970 = 100","AUS","AUS",1997-03-06,60.2,"D","Index","Indicative","RBA","Daily","Historical Daily Exchange Rates Of The Australian Dollar Against:","Australian Dollar Trade-weighted Index"
"5634","FXRTWI","Trade-weighted Index May 1970 = 100","AUS","AUS",1997-03-07,60.5,"D","Index","Indicative","RBA","Daily","Historical Daily Exchange Rates Of The Australian Dollar Against:","Australian Dollar Trade-weighted Index"
"5635","FXRTWI","Trade-weighted Index May 1970 = 100","AUS","AUS",1997-03-10,60.4,"D","Index","Indicative","RBA","Daily","Historical Daily Exchange Rates Of The Australian Dollar Against:","Australian Dollar Trade-weighted Index"
"5636","FXRTWI","Trade-weighted Index May 1970 = 100","AUS","AUS",1997-03-11,60.5,"D","Index","Indicative","RBA","Daily","Historical Daily Exchange Rates Of The Australian Dollar Against:","Australian Dollar Trade-weighted Index"
"5637","FXRTWI","Trade-weighted Index May 1970 = 100","AUS","AUS",1997-03-12,61,"D","Index","Indicative","RBA","Daily","Historical Daily Exchange Rates Of The Australian Dollar Against:","Australian Dollar Trade-weighted Index"
"5638","FXRTWI","Trade-weighted Index May 1970 = 100","AUS","AUS",1997-03-13,60.8,"D","Index","Indicative","RBA","Daily","Historical Daily Exchange Rates Of The Australian Dollar Against:","Australian Dollar Trade-weighted Index"
"5639","FXRTWI","Trade-weighted Index May 1970 = 100","AUS","AUS",1997-03-14,61.5,"D","Index","Indicative","RBA","Daily","Historical Daily Exchange Rates Of The Australian Dollar Against:","Australian Dollar Trade-weighted Index"
"5640","FXRTWI","Trade-weighted Index May 1970 = 100","AUS","AUS",1997-03-17,61.4,"D","Index","Indicative","RBA","Daily","Historical Daily Exchange Rates Of The Australian Dollar Against:","Australian Dollar Trade-weighted Index"
"5641","FXRTWI","Trade-weighted Index May 1970 = 100","AUS","AUS",1997-03-18,60.9,"D","Index","Indicative","RBA","Daily","Historical Daily Exchange Rates Of The Australian Dollar Against:","Australian Dollar Trade-weighted Index"
"5642","FXRTWI","Trade-weighted Index May 1970 = 100","AUS","AUS",1997-03-19,60.6,"D","Index","Indicative","RBA","Daily","Historical Daily Exchange Rates Of The Australian Dollar Against:","Australian Dollar Trade-weighted Index"
"5643","FXRTWI","Trade-weighted Index May 1970 = 100","AUS","AUS",1997-03-20,60.6,"D","Index","Indicative","RBA","Daily","Historical Daily Exchange Rates Of The Australian Dollar Against:","Australian Dollar Trade-weighted Index"
"5644","FXRTWI","Trade-weighted Index May 1970 = 100","AUS","AUS",1997-03-21,60.4,"D","Index","Indicative","RBA","Daily","Historical Daily Exchange Rates Of The Australian Dollar Against:","Australian Dollar Trade-weighted Index"
"5645","FXRTWI","Trade-weighted Index May 1970 = 100","AUS","AUS",1997-03-24,60.6,"D","Index","Indicative","RBA","Daily","Historical Daily Exchange Rates Of The Australian Dollar Against:","Australian Dollar Trade-weighted Index"
"5646","FXRTWI","Trade-weighted Index May 1970 = 100","AUS","AUS",1997-03-25,60.7,"D","Index","Indicative","RBA","Daily","Historical Daily Exchange Rates Of The Australian Dollar Against:","Australian Dollar Trade-weighted Index"
"5647","FXRTWI","Trade-weighted Index May 1970 = 100","AUS","AUS",1997-03-26,60.4,"D","Index","Indicative","RBA","Daily","Historical Daily Exchange Rates Of The Australian Dollar Against:","Australian Dollar Trade-weighted Index"
"5648","FXRTWI","Trade-weighted Index May 1970 = 100","AUS","AUS",1997-03-27,60.5,"D","Index","Indicative","RBA","Daily","Historical Daily Exchange Rates Of The Australian Dollar Against:","Australian Dollar Trade-weighted Index"
"5649","DLCACS","Credit; Total; Seasonally adjusted","AUS","AUS",1997-03-31,489.296,"M","$ billion","Seasonally Adjusted","RBA","Monthly","D2 Lending And Credit Aggregates","Credit; Total; Seasonally adjusted – Includes securitisations – For series breaks see Series Breaks"
"5650","FIRMMCRT","Cash Rate Target","AUS","AUS",1997-03-31,6,"M","Per cent","Original","RBA","Monthly","F1.1 Interest Rates And Yields - Money Market","Cash Rate Target; monthly average"
"5651","FXRTWI","Trade-weighted Index May 1970 = 100","AUS","AUS",1997-03-31,60.5,"M","Index","Indicative","RBA","Monthly","F11 Exchange Rates","Australian Dollar Trade-weighted Index"
"5652","GCPIOCPMTMQP","Quarterly trimmed mean inflation","AUS","AUS",1997-03-31,0.7,"Q","Per cent","Seasonally Adjusted","ABS","Quarterly","G1 Consumer Price Inflation","Consumer price index; Trimmed mean; Quarterly change (in per cent)"
"5653","GRCPAISDR","Commodity prices – SDR","AUS","AUS",1997-03-31,30.8298088452841,"M","Index, 2023/24=100","Original","RBA","Monthly","I2 Commodity Prices","Index of commodity prices; All items; SDR"
"5654","A2718577A","Credits, Total goods ;","AUS","AUS",1997-04-01,6728,"M","$ Millions","Seasonally Adjusted",NA,"Monthly","TABLE 1. GOODS, Summary: Seasonally adjusted and trend estimates, Current prices",NA
"5655","A2718594C","Balance on goods ;","AUS","AUS",1997-04-01,-119,"M","$ Millions","Seasonally Adjusted",NA,"Monthly","TABLE 1. GOODS, Summary: Seasonally adjusted and trend estimates, Current prices",NA
"5656","FXRTWI","Trade-weighted Index May 1970 = 100","AUS","AUS",1997-04-01,60.5,"D","Index","Indicative","RBA","Daily","Historical Daily Exchange Rates Of The Australian Dollar Against:","Australian Dollar Trade-weighted Index"
"5657","FXRTWI","Trade-weighted Index May 1970 = 100","AUS","AUS",1997-04-02,60.3,"D","Index","Indicative","RBA","Daily","Historical Daily Exchange Rates Of The Australian Dollar Against:","Australian Dollar Trade-weighted Index"
"5658","FXRTWI","Trade-weighted Index May 1970 = 100","AUS","AUS",1997-04-03,60,"D","Index","Indicative","RBA","Daily","Historical Daily Exchange Rates Of The Australian Dollar Against:","Australian Dollar Trade-weighted Index"
"5659","FXRTWI","Trade-weighted Index May 1970 = 100","AUS","AUS",1997-04-04,59.7,"D","Index","Indicative","RBA","Daily","Historical Daily Exchange Rates Of The Australian Dollar Against:","Australian Dollar Trade-weighted Index"
"5660","FXRTWI","Trade-weighted Index May 1970 = 100","AUS","AUS",1997-04-07,59.9,"D","Index","Indicative","RBA","Daily","Historical Daily Exchange Rates Of The Australian Dollar Against:","Australian Dollar Trade-weighted Index"
"5661","FXRTWI","Trade-weighted Index May 1970 = 100","AUS","AUS",1997-04-08,60.1,"D","Index","Indicative","RBA","Daily","Historical Daily Exchange Rates Of The Australian Dollar Against:","Australian Dollar Trade-weighted Index"
"5662","FXRTWI","Trade-weighted Index May 1970 = 100","AUS","AUS",1997-04-09,60.6,"D","Index","Indicative","RBA","Daily","Historical Daily Exchange Rates Of The Australian Dollar Against:","Australian Dollar Trade-weighted Index"
"5663","FXRTWI","Trade-weighted Index May 1970 = 100","AUS","AUS",1997-04-10,60.6,"D","Index","Indicative","RBA","Daily","Historical Daily Exchange Rates Of The Australian Dollar Against:","Australian Dollar Trade-weighted Index"
"5664","FXRTWI","Trade-weighted Index May 1970 = 100","AUS","AUS",1997-04-11,60.8,"D","Index","Indicative","RBA","Daily","Historical Daily Exchange Rates Of The Australian Dollar Against:","Australian Dollar Trade-weighted Index"
"5665","FXRTWI","Trade-weighted Index May 1970 = 100","AUS","AUS",1997-04-14,60.8,"D","Index","Indicative","RBA","Daily","Historical Daily Exchange Rates Of The Australian Dollar Against:","Australian Dollar Trade-weighted Index"
"5666","FXRTWI","Trade-weighted Index May 1970 = 100","AUS","AUS",1997-04-15,60.3,"D","Index","Indicative","RBA","Daily","Historical Daily Exchange Rates Of The Australian Dollar Against:","Australian Dollar Trade-weighted Index"
"5667","FXRTWI","Trade-weighted Index May 1970 = 100","AUS","AUS",1997-04-16,60.2,"D","Index","Indicative","RBA","Daily","Historical Daily Exchange Rates Of The Australian Dollar Against:","Australian Dollar Trade-weighted Index"
"5668","FXRTWI","Trade-weighted Index May 1970 = 100","AUS","AUS",1997-04-17,60,"D","Index","Indicative","RBA","Daily","Historical Daily Exchange Rates Of The Australian Dollar Against:","Australian Dollar Trade-weighted Index"
"5669","FXRTWI","Trade-weighted Index May 1970 = 100","AUS","AUS",1997-04-18,60.1,"D","Index","Indicative","RBA","Daily","Historical Daily Exchange Rates Of The Australian Dollar Against:","Australian Dollar Trade-weighted Index"
"5670","FXRTWI","Trade-weighted Index May 1970 = 100","AUS","AUS",1997-04-21,60,"D","Index","Indicative","RBA","Daily","Historical Daily Exchange Rates Of The Australian Dollar Against:","Australian Dollar Trade-weighted Index"
"5671","FXRTWI","Trade-weighted Index May 1970 = 100","AUS","AUS",1997-04-22,60.1,"D","Index","Indicative","RBA","Daily","Historical Daily Exchange Rates Of The Australian Dollar Against:","Australian Dollar Trade-weighted Index"
"5672","FXRTWI","Trade-weighted Index May 1970 = 100","AUS","AUS",1997-04-23,60.2,"D","Index","Indicative","RBA","Daily","Historical Daily Exchange Rates Of The Australian Dollar Against:","Australian Dollar Trade-weighted Index"
"5673","FXRTWI","Trade-weighted Index May 1970 = 100","AUS","AUS",1997-04-24,60.1,"D","Index","Indicative","RBA","Daily","Historical Daily Exchange Rates Of The Australian Dollar Against:","Australian Dollar Trade-weighted Index"
"5674","FXRTWI","Trade-weighted Index May 1970 = 100","AUS","AUS",1997-04-28,60.4,"D","Index","Indicative","RBA","Daily","Historical Daily Exchange Rates Of The Australian Dollar Against:","Australian Dollar Trade-weighted Index"
"5675","FXRTWI","Trade-weighted Index May 1970 = 100","AUS","AUS",1997-04-29,60.6,"D","Index","Indicative","RBA","Daily","Historical Daily Exchange Rates Of The Australian Dollar Against:","Australian Dollar Trade-weighted Index"
"5676","DLCACS","Credit; Total; Seasonally adjusted","AUS","AUS",1997-04-30,493.322,"M","$ billion","Seasonally Adjusted","RBA","Monthly","D2 Lending And Credit Aggregates","Credit; Total; Seasonally adjusted – Includes securitisations – For series breaks see Series Breaks"
"5677","FIRMMCRT","Cash Rate Target","AUS","AUS",1997-04-30,6,"M","Per cent","Original","RBA","Monthly","F1.1 Interest Rates And Yields - Money Market","Cash Rate Target; monthly average"
"5678","FXRTWI","Trade-weighted Index May 1970 = 100","AUS","AUS",1997-04-30,60.7,"D","Index","Indicative","RBA","Daily","Historical Daily Exchange Rates Of The Australian Dollar Against:","Australian Dollar Trade-weighted Index"
"5679","FXRTWI","Trade-weighted Index May 1970 = 100","AUS","AUS",1997-04-30,60.7,"M","Index","Indicative","RBA","Monthly","F11 Exchange Rates","Australian Dollar Trade-weighted Index"
"5680","GRCPAISDR","Commodity prices – SDR","AUS","AUS",1997-04-30,30.604783087299,"M","Index, 2023/24=100","Original","RBA","Monthly","I2 Commodity Prices","Index of commodity prices; All items; SDR"
"5681","A2718577A","Credits, Total goods ;","AUS","AUS",1997-05-01,7258,"M","$ Millions","Seasonally Adjusted",NA,"Monthly","TABLE 1. GOODS, Summary: Seasonally adjusted and trend estimates, Current prices",NA
"5682","A2718594C","Balance on goods ;","AUS","AUS",1997-05-01,612,"M","$ Millions","Seasonally Adjusted",NA,"Monthly","TABLE 1. GOODS, Summary: Seasonally adjusted and trend estimates, Current prices",NA
"5683","FXRTWI","Trade-weighted Index May 1970 = 100","AUS","AUS",1997-05-01,61.1,"D","Index","Indicative","RBA","Daily","Historical Daily Exchange Rates Of The Australian Dollar Against:","Australian Dollar Trade-weighted Index"
"5684","FXRTWI","Trade-weighted Index May 1970 = 100","AUS","AUS",1997-05-02,60.9,"D","Index","Indicative","RBA","Daily","Historical Daily Exchange Rates Of The Australian Dollar Against:","Australian Dollar Trade-weighted Index"
"5685","FXRTWI","Trade-weighted Index May 1970 = 100","AUS","AUS",1997-05-05,60.8,"D","Index","Indicative","RBA","Daily","Historical Daily Exchange Rates Of The Australian Dollar Against:","Australian Dollar Trade-weighted Index"
"5686","FXRTWI","Trade-weighted Index May 1970 = 100","AUS","AUS",1997-05-06,60.7,"D","Index","Indicative","RBA","Daily","Historical Daily Exchange Rates Of The Australian Dollar Against:","Australian Dollar Trade-weighted Index"
"5687","FXRTWI","Trade-weighted Index May 1970 = 100","AUS","AUS",1997-05-07,60.3,"D","Index","Indicative","RBA","Daily","Historical Daily Exchange Rates Of The Australian Dollar Against:","Australian Dollar Trade-weighted Index"
"5688","FXRTWI","Trade-weighted Index May 1970 = 100","AUS","AUS",1997-05-08,60.2,"D","Index","Indicative","RBA","Daily","Historical Daily Exchange Rates Of The Australian Dollar Against:","Australian Dollar Trade-weighted Index"
"5689","FXRTWI","Trade-weighted Index May 1970 = 100","AUS","AUS",1997-05-09,60,"D","Index","Indicative","RBA","Daily","Historical Daily Exchange Rates Of The Australian Dollar Against:","Australian Dollar Trade-weighted Index"
"5690","FXRTWI","Trade-weighted Index May 1970 = 100","AUS","AUS",1997-05-12,59.5,"D","Index","Indicative","RBA","Daily","Historical Daily Exchange Rates Of The Australian Dollar Against:","Australian Dollar Trade-weighted Index"
"5691","FXRTWI","Trade-weighted Index May 1970 = 100","AUS","AUS",1997-05-13,59.9,"D","Index","Indicative","RBA","Daily","Historical Daily Exchange Rates Of The Australian Dollar Against:","Australian Dollar Trade-weighted Index"
"5692","FXRTWI","Trade-weighted Index May 1970 = 100","AUS","AUS",1997-05-14,59.5,"D","Index","Indicative","RBA","Daily","Historical Daily Exchange Rates Of The Australian Dollar Against:","Australian Dollar Trade-weighted Index"
"5693","FXRTWI","Trade-weighted Index May 1970 = 100","AUS","AUS",1997-05-15,59.1,"D","Index","Indicative","RBA","Daily","Historical Daily Exchange Rates Of The Australian Dollar Against:","Australian Dollar Trade-weighted Index"
"5694","FXRTWI","Trade-weighted Index May 1970 = 100","AUS","AUS",1997-05-16,59.2,"D","Index","Indicative","RBA","Daily","Historical Daily Exchange Rates Of The Australian Dollar Against:","Australian Dollar Trade-weighted Index"
"5695","FXRTWI","Trade-weighted Index May 1970 = 100","AUS","AUS",1997-05-19,58.9,"D","Index","Indicative","RBA","Daily","Historical Daily Exchange Rates Of The Australian Dollar Against:","Australian Dollar Trade-weighted Index"
"5696","FXRTWI","Trade-weighted Index May 1970 = 100","AUS","AUS",1997-05-20,58.6,"D","Index","Indicative","RBA","Daily","Historical Daily Exchange Rates Of The Australian Dollar Against:","Australian Dollar Trade-weighted Index"
"5697","FXRTWI","Trade-weighted Index May 1970 = 100","AUS","AUS",1997-05-21,58.6,"D","Index","Indicative","RBA","Daily","Historical Daily Exchange Rates Of The Australian Dollar Against:","Australian Dollar Trade-weighted Index"
"5698","FXRTWI","Trade-weighted Index May 1970 = 100","AUS","AUS",1997-05-22,59.5,"D","Index","Indicative","RBA","Daily","Historical Daily Exchange Rates Of The Australian Dollar Against:","Australian Dollar Trade-weighted Index"
"5699","FXRTWI","Trade-weighted Index May 1970 = 100","AUS","AUS",1997-05-23,58.4,"D","Index","Indicative","RBA","Daily","Historical Daily Exchange Rates Of The Australian Dollar Against:","Australian Dollar Trade-weighted Index"
"5700","FXRTWI","Trade-weighted Index May 1970 = 100","AUS","AUS",1997-05-26,58,"D","Index","Indicative","RBA","Daily","Historical Daily Exchange Rates Of The Australian Dollar Against:","Australian Dollar Trade-weighted Index"
"5701","FXRTWI","Trade-weighted Index May 1970 = 100","AUS","AUS",1997-05-27,58.3,"D","Index","Indicative","RBA","Daily","Historical Daily Exchange Rates Of The Australian Dollar Against:","Australian Dollar Trade-weighted Index"
"5702","FXRTWI","Trade-weighted Index May 1970 = 100","AUS","AUS",1997-05-28,58.3,"D","Index","Indicative","RBA","Daily","Historical Daily Exchange Rates Of The Australian Dollar Against:","Australian Dollar Trade-weighted Index"
"5703","FXRTWI","Trade-weighted Index May 1970 = 100","AUS","AUS",1997-05-29,58.4,"D","Index","Indicative","RBA","Daily","Historical Daily Exchange Rates Of The Australian Dollar Against:","Australian Dollar Trade-weighted Index"
"5704","FXRTWI","Trade-weighted Index May 1970 = 100","AUS","AUS",1997-05-30,58,"D","Index","Indicative","RBA","Daily","Historical Daily Exchange Rates Of The Australian Dollar Against:","Australian Dollar Trade-weighted Index"
"5705","DLCACS","Credit; Total; Seasonally adjusted","AUS","AUS",1997-05-31,499.022,"M","$ billion","Seasonally Adjusted","RBA","Monthly","D2 Lending And Credit Aggregates","Credit; Total; Seasonally adjusted – Includes securitisations – For series breaks see Series Breaks"
"5706","FIRMMCRT","Cash Rate Target","AUS","AUS",1997-05-31,5.86363636363636,"M","Per cent","Original","RBA","Monthly","F1.1 Interest Rates And Yields - Money Market","Cash Rate Target; monthly average"
"5707","FXRTWI","Trade-weighted Index May 1970 = 100","AUS","AUS",1997-05-31,58,"M","Index","Indicative","RBA","Monthly","F11 Exchange Rates","Australian Dollar Trade-weighted Index"
"5708","GRCPAISDR","Commodity prices – SDR","AUS","AUS",1997-05-31,30.4558180069099,"M","Index, 2023/24=100","Original","RBA","Monthly","I2 Commodity Prices","Index of commodity prices; All items; SDR"
"5709","A2302956R","South Australia ; STATE FINAL DEMAND ;","SA","SA",1997-06-01,18665,"Q","$ Millions","Seasonally Adjusted",NA,"Quarterly","Table 25. State Final Demand, Summary Components by State: Chain volume measures",NA
"5710","A2302984X","Western Australia ; STATE FINAL DEMAND ;","WA","WA",1997-06-01,28161,"Q","$ Millions","Seasonally Adjusted",NA,"Quarterly","Table 25. State Final Demand, Summary Components by State: Chain volume measures",NA
"5711","A2303012X","Tasmania ; STATE FINAL DEMAND ;","TAS","TAS",1997-06-01,5913,"Q","$ Millions","Seasonally Adjusted",NA,"Quarterly","Table 25. State Final Demand, Summary Components by State: Chain volume measures",NA
"5712","A2303040J","Northern Territory ; STATE FINAL DEMAND ;","NT","NT",1997-06-01,3344,"Q","$ Millions","Seasonally Adjusted",NA,"Quarterly","Table 25. State Final Demand, Summary Components by State: Chain volume measures",NA
"5713","A2303068K","Australian Capital Territory ; STATE FINAL DEMAND ;","ACT","ACT",1997-06-01,7291,"Q","$ Millions","Seasonally Adjusted",NA,"Quarterly","Table 25. State Final Demand, Summary Components by State: Chain volume measures",NA
"5714","A2303111F","New South Wales ; STATE FINAL DEMAND ;","NSW","NSW",1997-06-01,89076,"Q","$ Millions","Seasonally Adjusted",NA,"Quarterly","Table 25. State Final Demand, Summary Components by State: Chain volume measures",NA
"5715","A2303139J","Victoria ; STATE FINAL DEMAND ;","VIC","VIC",1997-06-01,62787,"Q","$ Millions","Seasonally Adjusted",NA,"Quarterly","Table 25. State Final Demand, Summary Components by State: Chain volume measures",NA
"5716","A2303187A","Queensland ; STATE FINAL DEMAND ;","QLD","QLD",1997-06-01,47065,"Q","$ Millions","Seasonally Adjusted",NA,"Quarterly","Table 25. State Final Demand, Summary Components by State: Chain volume measures",NA
"5717","A2304418T","Gross domestic product: Current prices ;","AUS","AUS",1997-06-01,142744,"Q","$ Millions","Seasonally Adjusted",NA,"Quarterly","Table 1. Key National Accounts Aggregates",NA
"5718","A2325846C","Index Numbers ; All groups CPI ; Australia ;","AUS","AUS",1997-06-01,66.9,"Q","Index Numbers","Original",NA,"Quarterly","TABLES 1 and 2. CPI: All Groups, Index Numbers and Percentage Changes",NA
"5719","A2336320R","New South Wales ; Gross state product: Current prices ;","NSW","NSW",1997-06-01,203170,"Annual","$ Millions","Original",NA,"Annual","Table 1. Gross State Product, Chain volume measures and current prices",NA
"5720","A2336321T","Victoria ; Gross state product: Current prices ;","VIC","VIC",1997-06-01,137800,"Annual","$ Millions","Original",NA,"Annual","Table 1. Gross State Product, Chain volume measures and current prices",NA
"5721","A2336322V","Queensland ; Gross state product: Current prices ;","QLD","QLD",1997-06-01,90327,"Annual","$ Millions","Original",NA,"Annual","Table 1. Gross State Product, Chain volume measures and current prices",NA
"5722","A2336323W","South Australia ; Gross state product: Current prices ;","SA","SA",1997-06-01,40559,"Annual","$ Millions","Original",NA,"Annual","Table 1. Gross State Product, Chain volume measures and current prices",NA
"5723","A2336324X","Western Australia ; Gross state product: Current prices ;","WA","WA",1997-06-01,56931,"Annual","$ Millions","Original",NA,"Annual","Table 1. Gross State Product, Chain volume measures and current prices",NA
"5724","A2336325A","Tasmania ; Gross state product: Current prices ;","TAS","TAS",1997-06-01,11244,"Annual","$ Millions","Original",NA,"Annual","Table 1. Gross State Product, Chain volume measures and current prices",NA
"5725","A2336326C","Northern Territory ; Gross state product: Current prices ;","NT","NT",1997-06-01,5696,"Annual","$ Millions","Original",NA,"Annual","Table 1. Gross State Product, Chain volume measures and current prices",NA
"5726","A2336327F","Australian Capital Territory ; Gross state product: Current prices ;","ACT","ACT",1997-06-01,10937,"Annual","$ Millions","Original",NA,"Annual","Table 1. Gross State Product, Chain volume measures and current prices",NA
"5727","A2718577A","Credits, Total goods ;","AUS","AUS",1997-06-01,8734,"M","$ Millions","Seasonally Adjusted",NA,"Monthly","TABLE 1. GOODS, Summary: Seasonally adjusted and trend estimates, Current prices",NA
"5728","A2718594C","Balance on goods ;","AUS","AUS",1997-06-01,1533,"M","$ Millions","Seasonally Adjusted",NA,"Monthly","TABLE 1. GOODS, Summary: Seasonally adjusted and trend estimates, Current prices",NA
"5729","FXRTWI","Trade-weighted Index May 1970 = 100","AUS","AUS",1997-06-02,57.8,"D","Index","Indicative","RBA","Daily","Historical Daily Exchange Rates Of The Australian Dollar Against:","Australian Dollar Trade-weighted Index"
"5730","FXRTWI","Trade-weighted Index May 1970 = 100","AUS","AUS",1997-06-03,57.9,"D","Index","Indicative","RBA","Daily","Historical Daily Exchange Rates Of The Australian Dollar Against:","Australian Dollar Trade-weighted Index"
"5731","FXRTWI","Trade-weighted Index May 1970 = 100","AUS","AUS",1997-06-04,57.9,"D","Index","Indicative","RBA","Daily","Historical Daily Exchange Rates Of The Australian Dollar Against:","Australian Dollar Trade-weighted Index"
"5732","FXRTWI","Trade-weighted Index May 1970 = 100","AUS","AUS",1997-06-05,57.7,"D","Index","Indicative","RBA","Daily","Historical Daily Exchange Rates Of The Australian Dollar Against:","Australian Dollar Trade-weighted Index"
"5733","FXRTWI","Trade-weighted Index May 1970 = 100","AUS","AUS",1997-06-06,57.9,"D","Index","Indicative","RBA","Daily","Historical Daily Exchange Rates Of The Australian Dollar Against:","Australian Dollar Trade-weighted Index"
"5734","FXRTWI","Trade-weighted Index May 1970 = 100","AUS","AUS",1997-06-10,57.6,"D","Index","Indicative","RBA","Daily","Historical Daily Exchange Rates Of The Australian Dollar Against:","Australian Dollar Trade-weighted Index"
"5735","FXRTWI","Trade-weighted Index May 1970 = 100","AUS","AUS",1997-06-11,57.3,"D","Index","Indicative","RBA","Daily","Historical Daily Exchange Rates Of The Australian Dollar Against:","Australian Dollar Trade-weighted Index"
"5736","FXRTWI","Trade-weighted Index May 1970 = 100","AUS","AUS",1997-06-12,57.1,"D","Index","Indicative","RBA","Daily","Historical Daily Exchange Rates Of The Australian Dollar Against:","Australian Dollar Trade-weighted Index"
"5737","FXRTWI","Trade-weighted Index May 1970 = 100","AUS","AUS",1997-06-13,57.1,"D","Index","Indicative","RBA","Daily","Historical Daily Exchange Rates Of The Australian Dollar Against:","Australian Dollar Trade-weighted Index"
"5738","FXRTWI","Trade-weighted Index May 1970 = 100","AUS","AUS",1997-06-16,57.1,"D","Index","Indicative","RBA","Daily","Historical Daily Exchange Rates Of The Australian Dollar Against:","Australian Dollar Trade-weighted Index"
"5739","FXRTWI","Trade-weighted Index May 1970 = 100","AUS","AUS",1997-06-17,56.7,"D","Index","Indicative","RBA","Daily","Historical Daily Exchange Rates Of The Australian Dollar Against:","Australian Dollar Trade-weighted Index"
"5740","FXRTWI","Trade-weighted Index May 1970 = 100","AUS","AUS",1997-06-18,56.9,"D","Index","Indicative","RBA","Daily","Historical Daily Exchange Rates Of The Australian Dollar Against:","Australian Dollar Trade-weighted Index"
"5741","FXRTWI","Trade-weighted Index May 1970 = 100","AUS","AUS",1997-06-19,56.8,"D","Index","Indicative","RBA","Daily","Historical Daily Exchange Rates Of The Australian Dollar Against:","Australian Dollar Trade-weighted Index"
"5742","FXRTWI","Trade-weighted Index May 1970 = 100","AUS","AUS",1997-06-20,57.1,"D","Index","Indicative","RBA","Daily","Historical Daily Exchange Rates Of The Australian Dollar Against:","Australian Dollar Trade-weighted Index"
"5743","FXRTWI","Trade-weighted Index May 1970 = 100","AUS","AUS",1997-06-23,57.2,"D","Index","Indicative","RBA","Daily","Historical Daily Exchange Rates Of The Australian Dollar Against:","Australian Dollar Trade-weighted Index"
"5744","FXRTWI","Trade-weighted Index May 1970 = 100","AUS","AUS",1997-06-24,57.1,"D","Index","Indicative","RBA","Daily","Historical Daily Exchange Rates Of The Australian Dollar Against:","Australian Dollar Trade-weighted Index"
"5745","FXRTWI","Trade-weighted Index May 1970 = 100","AUS","AUS",1997-06-25,56.9,"D","Index","Indicative","RBA","Daily","Historical Daily Exchange Rates Of The Australian Dollar Against:","Australian Dollar Trade-weighted Index"
"5746","FXRTWI","Trade-weighted Index May 1970 = 100","AUS","AUS",1997-06-26,57,"D","Index","Indicative","RBA","Daily","Historical Daily Exchange Rates Of The Australian Dollar Against:","Australian Dollar Trade-weighted Index"
"5747","FXRTWI","Trade-weighted Index May 1970 = 100","AUS","AUS",1997-06-27,56.9,"D","Index","Indicative","RBA","Daily","Historical Daily Exchange Rates Of The Australian Dollar Against:","Australian Dollar Trade-weighted Index"
"5748","DLCACS","Credit; Total; Seasonally adjusted","AUS","AUS",1997-06-30,501.902,"M","$ billion","Seasonally Adjusted","RBA","Monthly","D2 Lending And Credit Aggregates","Credit; Total; Seasonally adjusted – Includes securitisations – For series breaks see Series Breaks"
"5749","FIRMMCRT","Cash Rate Target","AUS","AUS",1997-06-30,5.5,"M","Per cent","Original","RBA","Monthly","F1.1 Interest Rates And Yields - Money Market","Cash Rate Target; monthly average"
"5750","FXRTWI","Trade-weighted Index May 1970 = 100","AUS","AUS",1997-06-30,56.7,"D","Index","Indicative","RBA","Daily","Historical Daily Exchange Rates Of The Australian Dollar Against:","Australian Dollar Trade-weighted Index"
"5751","FXRTWI","Trade-weighted Index May 1970 = 100","AUS","AUS",1997-06-30,56.7,"M","Index","Indicative","RBA","Monthly","F11 Exchange Rates","Australian Dollar Trade-weighted Index"
"5752","GCPIOCPMTMQP","Quarterly trimmed mean inflation","AUS","AUS",1997-06-30,0.4,"Q","Per cent","Seasonally Adjusted","ABS","Quarterly","G1 Consumer Price Inflation","Consumer price index; Trimmed mean; Quarterly change (in per cent)"
"5753","GRCPAISDR","Commodity prices – SDR","AUS","AUS",1997-06-30,29.6560150300211,"M","Index, 2023/24=100","Original","RBA","Monthly","I2 Commodity Prices","Index of commodity prices; All items; SDR"
"5754","A2718577A","Credits, Total goods ;","AUS","AUS",1997-07-01,7108,"M","$ Millions","Seasonally Adjusted",NA,"Monthly","TABLE 1. GOODS, Summary: Seasonally adjusted and trend estimates, Current prices",NA
"5755","A2718594C","Balance on goods ;","AUS","AUS",1997-07-01,-97,"M","$ Millions","Seasonally Adjusted",NA,"Monthly","TABLE 1. GOODS, Summary: Seasonally adjusted and trend estimates, Current prices",NA
"5756","FXRTWI","Trade-weighted Index May 1970 = 100","AUS","AUS",1997-07-01,57.4,"D","Index","Indicative","RBA","Daily","Historical Daily Exchange Rates Of The Australian Dollar Against:","Australian Dollar Trade-weighted Index"
"5757","FXRTWI","Trade-weighted Index May 1970 = 100","AUS","AUS",1997-07-02,57.6,"D","Index","Indicative","RBA","Daily","Historical Daily Exchange Rates Of The Australian Dollar Against:","Australian Dollar Trade-weighted Index"
"5758","FXRTWI","Trade-weighted Index May 1970 = 100","AUS","AUS",1997-07-03,57.6,"D","Index","Indicative","RBA","Daily","Historical Daily Exchange Rates Of The Australian Dollar Against:","Australian Dollar Trade-weighted Index"
"5759","FXRTWI","Trade-weighted Index May 1970 = 100","AUS","AUS",1997-07-04,57.3,"D","Index","Indicative","RBA","Daily","Historical Daily Exchange Rates Of The Australian Dollar Against:","Australian Dollar Trade-weighted Index"
"5760","FXRTWI","Trade-weighted Index May 1970 = 100","AUS","AUS",1997-07-07,56.7,"D","Index","Indicative","RBA","Daily","Historical Daily Exchange Rates Of The Australian Dollar Against:","Australian Dollar Trade-weighted Index"
"5761","FXRTWI","Trade-weighted Index May 1970 = 100","AUS","AUS",1997-07-08,56.5,"D","Index","Indicative","RBA","Daily","Historical Daily Exchange Rates Of The Australian Dollar Against:","Australian Dollar Trade-weighted Index"
"5762","FXRTWI","Trade-weighted Index May 1970 = 100","AUS","AUS",1997-07-09,56.8,"D","Index","Indicative","RBA","Daily","Historical Daily Exchange Rates Of The Australian Dollar Against:","Australian Dollar Trade-weighted Index"
"5763","FXRTWI","Trade-weighted Index May 1970 = 100","AUS","AUS",1997-07-10,56.6,"D","Index","Indicative","RBA","Daily","Historical Daily Exchange Rates Of The Australian Dollar Against:","Australian Dollar Trade-weighted Index"
"5764","FXRTWI","Trade-weighted Index May 1970 = 100","AUS","AUS",1997-07-11,56.9,"D","Index","Indicative","RBA","Daily","Historical Daily Exchange Rates Of The Australian Dollar Against:","Australian Dollar Trade-weighted Index"
"5765","FXRTWI","Trade-weighted Index May 1970 = 100","AUS","AUS",1997-07-14,56.5,"D","Index","Indicative","RBA","Daily","Historical Daily Exchange Rates Of The Australian Dollar Against:","Australian Dollar Trade-weighted Index"
"5766","FXRTWI","Trade-weighted Index May 1970 = 100","AUS","AUS",1997-07-15,56.5,"D","Index","Indicative","RBA","Daily","Historical Daily Exchange Rates Of The Australian Dollar Against:","Australian Dollar Trade-weighted Index"
"5767","FXRTWI","Trade-weighted Index May 1970 = 100","AUS","AUS",1997-07-16,56.6,"D","Index","Indicative","RBA","Daily","Historical Daily Exchange Rates Of The Australian Dollar Against:","Australian Dollar Trade-weighted Index"
"5768","FXRTWI","Trade-weighted Index May 1970 = 100","AUS","AUS",1997-07-17,57,"D","Index","Indicative","RBA","Daily","Historical Daily Exchange Rates Of The Australian Dollar Against:","Australian Dollar Trade-weighted Index"
"5769","FXRTWI","Trade-weighted Index May 1970 = 100","AUS","AUS",1997-07-18,57.1,"D","Index","Indicative","RBA","Daily","Historical Daily Exchange Rates Of The Australian Dollar Against:","Australian Dollar Trade-weighted Index"
"5770","FXRTWI","Trade-weighted Index May 1970 = 100","AUS","AUS",1997-07-21,57.3,"D","Index","Indicative","RBA","Daily","Historical Daily Exchange Rates Of The Australian Dollar Against:","Australian Dollar Trade-weighted Index"
"5771","FXRTWI","Trade-weighted Index May 1970 = 100","AUS","AUS",1997-07-22,57.4,"D","Index","Indicative","RBA","Daily","Historical Daily Exchange Rates Of The Australian Dollar Against:","Australian Dollar Trade-weighted Index"
"5772","FXRTWI","Trade-weighted Index May 1970 = 100","AUS","AUS",1997-07-23,57.2,"D","Index","Indicative","RBA","Daily","Historical Daily Exchange Rates Of The Australian Dollar Against:","Australian Dollar Trade-weighted Index"
"5773","FXRTWI","Trade-weighted Index May 1970 = 100","AUS","AUS",1997-07-24,57.1,"D","Index","Indicative","RBA","Daily","Historical Daily Exchange Rates Of The Australian Dollar Against:","Australian Dollar Trade-weighted Index"
"5774","FXRTWI","Trade-weighted Index May 1970 = 100","AUS","AUS",1997-07-25,57.6,"D","Index","Indicative","RBA","Daily","Historical Daily Exchange Rates Of The Australian Dollar Against:","Australian Dollar Trade-weighted Index"
"5775","FXRTWI","Trade-weighted Index May 1970 = 100","AUS","AUS",1997-07-28,57.6,"D","Index","Indicative","RBA","Daily","Historical Daily Exchange Rates Of The Australian Dollar Against:","Australian Dollar Trade-weighted Index"
"5776","FXRTWI","Trade-weighted Index May 1970 = 100","AUS","AUS",1997-07-29,57.6,"D","Index","Indicative","RBA","Daily","Historical Daily Exchange Rates Of The Australian Dollar Against:","Australian Dollar Trade-weighted Index"
"5777","FXRTWI","Trade-weighted Index May 1970 = 100","AUS","AUS",1997-07-30,58.3,"D","Index","Indicative","RBA","Daily","Historical Daily Exchange Rates Of The Australian Dollar Against:","Australian Dollar Trade-weighted Index"
"5778","DLCACS","Credit; Total; Seasonally adjusted","AUS","AUS",1997-07-31,509.916,"M","$ billion","Seasonally Adjusted","RBA","Monthly","D2 Lending And Credit Aggregates","Credit; Total; Seasonally adjusted – Includes securitisations – For series breaks see Series Breaks"
"5779","FIRMMCRT","Cash Rate Target","AUS","AUS",1997-07-31,5.45652173913043,"M","Per cent","Original","RBA","Monthly","F1.1 Interest Rates And Yields - Money Market","Cash Rate Target; monthly average"
"5780","FXRTWI","Trade-weighted Index May 1970 = 100","AUS","AUS",1997-07-31,58.3,"D","Index","Indicative","RBA","Daily","Historical Daily Exchange Rates Of The Australian Dollar Against:","Australian Dollar Trade-weighted Index"
"5781","FXRTWI","Trade-weighted Index May 1970 = 100","AUS","AUS",1997-07-31,58.3,"M","Index","Indicative","RBA","Monthly","F11 Exchange Rates","Australian Dollar Trade-weighted Index"
"5782","GRCPAISDR","Commodity prices – SDR","AUS","AUS",1997-07-31,29.4117315017562,"M","Index, 2023/24=100","Original","RBA","Monthly","I2 Commodity Prices","Index of commodity prices; All items; SDR"
"5783","A2718577A","Credits, Total goods ;","AUS","AUS",1997-08-01,7391,"M","$ Millions","Seasonally Adjusted",NA,"Monthly","TABLE 1. GOODS, Summary: Seasonally adjusted and trend estimates, Current prices",NA
"5784","A2718594C","Balance on goods ;","AUS","AUS",1997-08-01,106,"M","$ Millions","Seasonally Adjusted",NA,"Monthly","TABLE 1. GOODS, Summary: Seasonally adjusted and trend estimates, Current prices",NA
"5785","FXRTWI","Trade-weighted Index May 1970 = 100","AUS","AUS",1997-08-01,58.4,"D","Index","Indicative","RBA","Daily","Historical Daily Exchange Rates Of The Australian Dollar Against:","Australian Dollar Trade-weighted Index"
"5786","FXRTWI","Trade-weighted Index May 1970 = 100","AUS","AUS",1997-08-04,58,"D","Index","Indicative","RBA","Daily","Historical Daily Exchange Rates Of The Australian Dollar Against:","Australian Dollar Trade-weighted Index"
"5787","FXRTWI","Trade-weighted Index May 1970 = 100","AUS","AUS",1997-08-05,58.1,"D","Index","Indicative","RBA","Daily","Historical Daily Exchange Rates Of The Australian Dollar Against:","Australian Dollar Trade-weighted Index"
"5788","FXRTWI","Trade-weighted Index May 1970 = 100","AUS","AUS",1997-08-06,57.9,"D","Index","Indicative","RBA","Daily","Historical Daily Exchange Rates Of The Australian Dollar Against:","Australian Dollar Trade-weighted Index"
"5789","FXRTWI","Trade-weighted Index May 1970 = 100","AUS","AUS",1997-08-07,58,"D","Index","Indicative","RBA","Daily","Historical Daily Exchange Rates Of The Australian Dollar Against:","Australian Dollar Trade-weighted Index"
"5790","FXRTWI","Trade-weighted Index May 1970 = 100","AUS","AUS",1997-08-08,57.6,"D","Index","Indicative","RBA","Daily","Historical Daily Exchange Rates Of The Australian Dollar Against:","Australian Dollar Trade-weighted Index"
"5791","FXRTWI","Trade-weighted Index May 1970 = 100","AUS","AUS",1997-08-11,57.6,"D","Index","Indicative","RBA","Daily","Historical Daily Exchange Rates Of The Australian Dollar Against:","Australian Dollar Trade-weighted Index"
"5792","FXRTWI","Trade-weighted Index May 1970 = 100","AUS","AUS",1997-08-12,58.1,"D","Index","Indicative","RBA","Daily","Historical Daily Exchange Rates Of The Australian Dollar Against:","Australian Dollar Trade-weighted Index"
"5793","FXRTWI","Trade-weighted Index May 1970 = 100","AUS","AUS",1997-08-13,58.7,"D","Index","Indicative","RBA","Daily","Historical Daily Exchange Rates Of The Australian Dollar Against:","Australian Dollar Trade-weighted Index"
"5794","FXRTWI","Trade-weighted Index May 1970 = 100","AUS","AUS",1997-08-14,58.5,"D","Index","Indicative","RBA","Daily","Historical Daily Exchange Rates Of The Australian Dollar Against:","Australian Dollar Trade-weighted Index"
"5795","FXRTWI","Trade-weighted Index May 1970 = 100","AUS","AUS",1997-08-15,58.9,"D","Index","Indicative","RBA","Daily","Historical Daily Exchange Rates Of The Australian Dollar Against:","Australian Dollar Trade-weighted Index"
"5796","FXRTWI","Trade-weighted Index May 1970 = 100","AUS","AUS",1997-08-18,58.5,"D","Index","Indicative","RBA","Daily","Historical Daily Exchange Rates Of The Australian Dollar Against:","Australian Dollar Trade-weighted Index"
"5797","FXRTWI","Trade-weighted Index May 1970 = 100","AUS","AUS",1997-08-19,58.4,"D","Index","Indicative","RBA","Daily","Historical Daily Exchange Rates Of The Australian Dollar Against:","Australian Dollar Trade-weighted Index"
"5798","FXRTWI","Trade-weighted Index May 1970 = 100","AUS","AUS",1997-08-20,58.8,"D","Index","Indicative","RBA","Daily","Historical Daily Exchange Rates Of The Australian Dollar Against:","Australian Dollar Trade-weighted Index"
"5799","FXRTWI","Trade-weighted Index May 1970 = 100","AUS","AUS",1997-08-21,58.9,"D","Index","Indicative","RBA","Daily","Historical Daily Exchange Rates Of The Australian Dollar Against:","Australian Dollar Trade-weighted Index"
"5800","FXRTWI","Trade-weighted Index May 1970 = 100","AUS","AUS",1997-08-22,59,"D","Index","Indicative","RBA","Daily","Historical Daily Exchange Rates Of The Australian Dollar Against:","Australian Dollar Trade-weighted Index"
"5801","FXRTWI","Trade-weighted Index May 1970 = 100","AUS","AUS",1997-08-25,58.9,"D","Index","Indicative","RBA","Daily","Historical Daily Exchange Rates Of The Australian Dollar Against:","Australian Dollar Trade-weighted Index"
"5802","FXRTWI","Trade-weighted Index May 1970 = 100","AUS","AUS",1997-08-26,59,"D","Index","Indicative","RBA","Daily","Historical Daily Exchange Rates Of The Australian Dollar Against:","Australian Dollar Trade-weighted Index"
"5803","FXRTWI","Trade-weighted Index May 1970 = 100","AUS","AUS",1997-08-27,59,"D","Index","Indicative","RBA","Daily","Historical Daily Exchange Rates Of The Australian Dollar Against:","Australian Dollar Trade-weighted Index"
"5804","FXRTWI","Trade-weighted Index May 1970 = 100","AUS","AUS",1997-08-28,58.6,"D","Index","Indicative","RBA","Daily","Historical Daily Exchange Rates Of The Australian Dollar Against:","Australian Dollar Trade-weighted Index"
"5805","FXRTWI","Trade-weighted Index May 1970 = 100","AUS","AUS",1997-08-29,58.2,"D","Index","Indicative","RBA","Daily","Historical Daily Exchange Rates Of The Australian Dollar Against:","Australian Dollar Trade-weighted Index"
"5806","DLCACS","Credit; Total; Seasonally adjusted","AUS","AUS",1997-08-31,514.707,"M","$ billion","Seasonally Adjusted","RBA","Monthly","D2 Lending And Credit Aggregates","Credit; Total; Seasonally adjusted – Includes securitisations – For series breaks see Series Breaks"
"5807","FIRMMCRT","Cash Rate Target","AUS","AUS",1997-08-31,5,"M","Per cent","Original","RBA","Monthly","F1.1 Interest Rates And Yields - Money Market","Cash Rate Target; monthly average"
"5808","FXRTWI","Trade-weighted Index May 1970 = 100","AUS","AUS",1997-08-31,58.2,"M","Index","Indicative","RBA","Monthly","F11 Exchange Rates","Australian Dollar Trade-weighted Index"
"5809","GRCPAISDR","Commodity prices – SDR","AUS","AUS",1997-08-31,30.2619025998643,"M","Index, 2023/24=100","Original","RBA","Monthly","I2 Commodity Prices","Index of commodity prices; All items; SDR"
"5810","A2302956R","South Australia ; STATE FINAL DEMAND ;","SA","SA",1997-09-01,19082,"Q","$ Millions","Seasonally Adjusted",NA,"Quarterly","Table 25. State Final Demand, Summary Components by State: Chain volume measures",NA
"5811","A2302984X","Western Australia ; STATE FINAL DEMAND ;","WA","WA",1997-09-01,29341,"Q","$ Millions","Seasonally Adjusted",NA,"Quarterly","Table 25. State Final Demand, Summary Components by State: Chain volume measures",NA
"5812","A2303012X","Tasmania ; STATE FINAL DEMAND ;","TAS","TAS",1997-09-01,5966,"Q","$ Millions","Seasonally Adjusted",NA,"Quarterly","Table 25. State Final Demand, Summary Components by State: Chain volume measures",NA
"5813","A2303040J","Northern Territory ; STATE FINAL DEMAND ;","NT","NT",1997-09-01,3574,"Q","$ Millions","Seasonally Adjusted",NA,"Quarterly","Table 25. State Final Demand, Summary Components by State: Chain volume measures",NA
"5814","A2303068K","Australian Capital Territory ; STATE FINAL DEMAND ;","ACT","ACT",1997-09-01,7229,"Q","$ Millions","Seasonally Adjusted",NA,"Quarterly","Table 25. State Final Demand, Summary Components by State: Chain volume measures",NA
"5815","A2303111F","New South Wales ; STATE FINAL DEMAND ;","NSW","NSW",1997-09-01,90419,"Q","$ Millions","Seasonally Adjusted",NA,"Quarterly","Table 25. State Final Demand, Summary Components by State: Chain volume measures",NA
"5816","A2303139J","Victoria ; STATE FINAL DEMAND ;","VIC","VIC",1997-09-01,62321,"Q","$ Millions","Seasonally Adjusted",NA,"Quarterly","Table 25. State Final Demand, Summary Components by State: Chain volume measures",NA
"5817","A2303187A","Queensland ; STATE FINAL DEMAND ;","QLD","QLD",1997-09-01,47327,"Q","$ Millions","Seasonally Adjusted",NA,"Quarterly","Table 25. State Final Demand, Summary Components by State: Chain volume measures",NA
"5818","A2304418T","Gross domestic product: Current prices ;","AUS","AUS",1997-09-01,143640,"Q","$ Millions","Seasonally Adjusted",NA,"Quarterly","Table 1. Key National Accounts Aggregates",NA
"5819","A2325846C","Index Numbers ; All groups CPI ; Australia ;","AUS","AUS",1997-09-01,66.6,"Q","Index Numbers","Original",NA,"Quarterly","TABLES 1 and 2. CPI: All Groups, Index Numbers and Percentage Changes",NA
"5820","A2718577A","Credits, Total goods ;","AUS","AUS",1997-09-01,7454,"M","$ Millions","Seasonally Adjusted",NA,"Monthly","TABLE 1. GOODS, Summary: Seasonally adjusted and trend estimates, Current prices",NA
"5821","A2718594C","Balance on goods ;","AUS","AUS",1997-09-01,233,"M","$ Millions","Seasonally Adjusted",NA,"Monthly","TABLE 1. GOODS, Summary: Seasonally adjusted and trend estimates, Current prices",NA
"5822","FXRTWI","Trade-weighted Index May 1970 = 100","AUS","AUS",1997-09-01,58.2,"D","Index","Indicative","RBA","Daily","Historical Daily Exchange Rates Of The Australian Dollar Against:","Australian Dollar Trade-weighted Index"
"5823","FXRTWI","Trade-weighted Index May 1970 = 100","AUS","AUS",1997-09-02,58.1,"D","Index","Indicative","RBA","Daily","Historical Daily Exchange Rates Of The Australian Dollar Against:","Australian Dollar Trade-weighted Index"
"5824","FXRTWI","Trade-weighted Index May 1970 = 100","AUS","AUS",1997-09-03,58.3,"D","Index","Indicative","RBA","Daily","Historical Daily Exchange Rates Of The Australian Dollar Against:","Australian Dollar Trade-weighted Index"
"5825","FXRTWI","Trade-weighted Index May 1970 = 100","AUS","AUS",1997-09-04,58.6,"D","Index","Indicative","RBA","Daily","Historical Daily Exchange Rates Of The Australian Dollar Against:","Australian Dollar Trade-weighted Index"
"5826","FXRTWI","Trade-weighted Index May 1970 = 100","AUS","AUS",1997-09-05,58.5,"D","Index","Indicative","RBA","Daily","Historical Daily Exchange Rates Of The Australian Dollar Against:","Australian Dollar Trade-weighted Index"
"5827","FXRTWI","Trade-weighted Index May 1970 = 100","AUS","AUS",1997-09-08,58.2,"D","Index","Indicative","RBA","Daily","Historical Daily Exchange Rates Of The Australian Dollar Against:","Australian Dollar Trade-weighted Index"
"5828","FXRTWI","Trade-weighted Index May 1970 = 100","AUS","AUS",1997-09-09,57.8,"D","Index","Indicative","RBA","Daily","Historical Daily Exchange Rates Of The Australian Dollar Against:","Australian Dollar Trade-weighted Index"
"5829","FXRTWI","Trade-weighted Index May 1970 = 100","AUS","AUS",1997-09-10,57.8,"D","Index","Indicative","RBA","Daily","Historical Daily Exchange Rates Of The Australian Dollar Against:","Australian Dollar Trade-weighted Index"
"5830","FXRTWI","Trade-weighted Index May 1970 = 100","AUS","AUS",1997-09-11,57.2,"D","Index","Indicative","RBA","Daily","Historical Daily Exchange Rates Of The Australian Dollar Against:","Australian Dollar Trade-weighted Index"
"5831","FXRTWI","Trade-weighted Index May 1970 = 100","AUS","AUS",1997-09-12,57.5,"D","Index","Indicative","RBA","Daily","Historical Daily Exchange Rates Of The Australian Dollar Against:","Australian Dollar Trade-weighted Index"
"5832","FXRTWI","Trade-weighted Index May 1970 = 100","AUS","AUS",1997-09-15,57.5,"D","Index","Indicative","RBA","Daily","Historical Daily Exchange Rates Of The Australian Dollar Against:","Australian Dollar Trade-weighted Index"
"5833","FXRTWI","Trade-weighted Index May 1970 = 100","AUS","AUS",1997-09-16,57.1,"D","Index","Indicative","RBA","Daily","Historical Daily Exchange Rates Of The Australian Dollar Against:","Australian Dollar Trade-weighted Index"
"5834","FXRTWI","Trade-weighted Index May 1970 = 100","AUS","AUS",1997-09-17,57.3,"D","Index","Indicative","RBA","Daily","Historical Daily Exchange Rates Of The Australian Dollar Against:","Australian Dollar Trade-weighted Index"
"5835","FXRTWI","Trade-weighted Index May 1970 = 100","AUS","AUS",1997-09-18,57.1,"D","Index","Indicative","RBA","Daily","Historical Daily Exchange Rates Of The Australian Dollar Against:","Australian Dollar Trade-weighted Index"
"5836","FXRTWI","Trade-weighted Index May 1970 = 100","AUS","AUS",1997-09-19,57.5,"D","Index","Indicative","RBA","Daily","Historical Daily Exchange Rates Of The Australian Dollar Against:","Australian Dollar Trade-weighted Index"
"5837","FXRTWI","Trade-weighted Index May 1970 = 100","AUS","AUS",1997-09-22,57.6,"D","Index","Indicative","RBA","Daily","Historical Daily Exchange Rates Of The Australian Dollar Against:","Australian Dollar Trade-weighted Index"
"5838","FXRTWI","Trade-weighted Index May 1970 = 100","AUS","AUS",1997-09-23,57.6,"D","Index","Indicative","RBA","Daily","Historical Daily Exchange Rates Of The Australian Dollar Against:","Australian Dollar Trade-weighted Index"
"5839","FXRTWI","Trade-weighted Index May 1970 = 100","AUS","AUS",1997-09-24,57.3,"D","Index","Indicative","RBA","Daily","Historical Daily Exchange Rates Of The Australian Dollar Against:","Australian Dollar Trade-weighted Index"
"5840","FXRTWI","Trade-weighted Index May 1970 = 100","AUS","AUS",1997-09-25,57.7,"D","Index","Indicative","RBA","Daily","Historical Daily Exchange Rates Of The Australian Dollar Against:","Australian Dollar Trade-weighted Index"
"5841","FXRTWI","Trade-weighted Index May 1970 = 100","AUS","AUS",1997-09-26,57.8,"D","Index","Indicative","RBA","Daily","Historical Daily Exchange Rates Of The Australian Dollar Against:","Australian Dollar Trade-weighted Index"
"5842","FXRTWI","Trade-weighted Index May 1970 = 100","AUS","AUS",1997-09-29,57.5,"D","Index","Indicative","RBA","Daily","Historical Daily Exchange Rates Of The Australian Dollar Against:","Australian Dollar Trade-weighted Index"
"5843","DLCACS","Credit; Total; Seasonally adjusted","AUS","AUS",1997-09-30,519.349,"M","$ billion","Seasonally Adjusted","RBA","Monthly","D2 Lending And Credit Aggregates","Credit; Total; Seasonally adjusted – Includes securitisations – For series breaks see Series Breaks"
"5844","FIRMMCRT","Cash Rate Target","AUS","AUS",1997-09-30,5,"M","Per cent","Original","RBA","Monthly","F1.1 Interest Rates And Yields - Money Market","Cash Rate Target; monthly average"
"5845","FXRTWI","Trade-weighted Index May 1970 = 100","AUS","AUS",1997-09-30,57.7,"D","Index","Indicative","RBA","Daily","Historical Daily Exchange Rates Of The Australian Dollar Against:","Australian Dollar Trade-weighted Index"
"5846","FXRTWI","Trade-weighted Index May 1970 = 100","AUS","AUS",1997-09-30,57.7,"M","Index","Indicative","RBA","Monthly","F11 Exchange Rates","Australian Dollar Trade-weighted Index"
"5847","GCPIOCPMTMQP","Quarterly trimmed mean inflation","AUS","AUS",1997-09-30,0.2,"Q","Per cent","Seasonally Adjusted","ABS","Quarterly","G1 Consumer Price Inflation","Consumer price index; Trimmed mean; Quarterly change (in per cent)"
"5848","GRCPAISDR","Commodity prices – SDR","AUS","AUS",1997-09-30,29.7983126464582,"M","Index, 2023/24=100","Original","RBA","Monthly","I2 Commodity Prices","Index of commodity prices; All items; SDR"
"5849","A2718577A","Credits, Total goods ;","AUS","AUS",1997-10-01,7287,"M","$ Millions","Seasonally Adjusted",NA,"Monthly","TABLE 1. GOODS, Summary: Seasonally adjusted and trend estimates, Current prices",NA
"5850","A2718594C","Balance on goods ;","AUS","AUS",1997-10-01,26,"M","$ Millions","Seasonally Adjusted",NA,"Monthly","TABLE 1. GOODS, Summary: Seasonally adjusted and trend estimates, Current prices",NA
"5851","FXRTWI","Trade-weighted Index May 1970 = 100","AUS","AUS",1997-10-01,58.3,"D","Index","Indicative","RBA","Daily","Historical Daily Exchange Rates Of The Australian Dollar Against:","Australian Dollar Trade-weighted Index"
"5852","FXRTWI","Trade-weighted Index May 1970 = 100","AUS","AUS",1997-10-02,58.4,"D","Index","Indicative","RBA","Daily","Historical Daily Exchange Rates Of The Australian Dollar Against:","Australian Dollar Trade-weighted Index"
"5853","FXRTWI","Trade-weighted Index May 1970 = 100","AUS","AUS",1997-10-03,58.7,"D","Index","Indicative","RBA","Daily","Historical Daily Exchange Rates Of The Australian Dollar Against:","Australian Dollar Trade-weighted Index"
"5854","FXRTWI","Trade-weighted Index May 1970 = 100","AUS","AUS",1997-10-06,58.7,"D","Index","Indicative","RBA","Daily","Historical Daily Exchange Rates Of The Australian Dollar Against:","Australian Dollar Trade-weighted Index"
"5855","FXRTWI","Trade-weighted Index May 1970 = 100","AUS","AUS",1997-10-07,58.2,"D","Index","Indicative","RBA","Daily","Historical Daily Exchange Rates Of The Australian Dollar Against:","Australian Dollar Trade-weighted Index"
"5856","FXRTWI","Trade-weighted Index May 1970 = 100","AUS","AUS",1997-10-08,58.4,"D","Index","Indicative","RBA","Daily","Historical Daily Exchange Rates Of The Australian Dollar Against:","Australian Dollar Trade-weighted Index"
"5857","FXRTWI","Trade-weighted Index May 1970 = 100","AUS","AUS",1997-10-09,59,"D","Index","Indicative","RBA","Daily","Historical Daily Exchange Rates Of The Australian Dollar Against:","Australian Dollar Trade-weighted Index"
"5858","FXRTWI","Trade-weighted Index May 1970 = 100","AUS","AUS",1997-10-10,58.7,"D","Index","Indicative","RBA","Daily","Historical Daily Exchange Rates Of The Australian Dollar Against:","Australian Dollar Trade-weighted Index"
"5859","FXRTWI","Trade-weighted Index May 1970 = 100","AUS","AUS",1997-10-13,59.1,"D","Index","Indicative","RBA","Daily","Historical Daily Exchange Rates Of The Australian Dollar Against:","Australian Dollar Trade-weighted Index"
"5860","FXRTWI","Trade-weighted Index May 1970 = 100","AUS","AUS",1997-10-14,59.1,"D","Index","Indicative","RBA","Daily","Historical Daily Exchange Rates Of The Australian Dollar Against:","Australian Dollar Trade-weighted Index"
"5861","FXRTWI","Trade-weighted Index May 1970 = 100","AUS","AUS",1997-10-15,58.8,"D","Index","Indicative","RBA","Daily","Historical Daily Exchange Rates Of The Australian Dollar Against:","Australian Dollar Trade-weighted Index"
"5862","FXRTWI","Trade-weighted Index May 1970 = 100","AUS","AUS",1997-10-16,59.2,"D","Index","Indicative","RBA","Daily","Historical Daily Exchange Rates Of The Australian Dollar Against:","Australian Dollar Trade-weighted Index"
"5863","FXRTWI","Trade-weighted Index May 1970 = 100","AUS","AUS",1997-10-17,59.1,"D","Index","Indicative","RBA","Daily","Historical Daily Exchange Rates Of The Australian Dollar Against:","Australian Dollar Trade-weighted Index"
"5864","FXRTWI","Trade-weighted Index May 1970 = 100","AUS","AUS",1997-10-20,59,"D","Index","Indicative","RBA","Daily","Historical Daily Exchange Rates Of The Australian Dollar Against:","Australian Dollar Trade-weighted Index"
"5865","FXRTWI","Trade-weighted Index May 1970 = 100","AUS","AUS",1997-10-21,59,"D","Index","Indicative","RBA","Daily","Historical Daily Exchange Rates Of The Australian Dollar Against:","Australian Dollar Trade-weighted Index"
"5866","FXRTWI","Trade-weighted Index May 1970 = 100","AUS","AUS",1997-10-22,57.9,"D","Index","Indicative","RBA","Daily","Historical Daily Exchange Rates Of The Australian Dollar Against:","Australian Dollar Trade-weighted Index"
"5867","FXRTWI","Trade-weighted Index May 1970 = 100","AUS","AUS",1997-10-23,57.4,"D","Index","Indicative","RBA","Daily","Historical Daily Exchange Rates Of The Australian Dollar Against:","Australian Dollar Trade-weighted Index"
"5868","FXRTWI","Trade-weighted Index May 1970 = 100","AUS","AUS",1997-10-24,57.3,"D","Index","Indicative","RBA","Daily","Historical Daily Exchange Rates Of The Australian Dollar Against:","Australian Dollar Trade-weighted Index"
"5869","FXRTWI","Trade-weighted Index May 1970 = 100","AUS","AUS",1997-10-27,55.9,"D","Index","Indicative","RBA","Daily","Historical Daily Exchange Rates Of The Australian Dollar Against:","Australian Dollar Trade-weighted Index"
"5870","FXRTWI","Trade-weighted Index May 1970 = 100","AUS","AUS",1997-10-28,56.3,"D","Index","Indicative","RBA","Daily","Historical Daily Exchange Rates Of The Australian Dollar Against:","Australian Dollar Trade-weighted Index"
"5871","FXRTWI","Trade-weighted Index May 1970 = 100","AUS","AUS",1997-10-29,57.1,"D","Index","Indicative","RBA","Daily","Historical Daily Exchange Rates Of The Australian Dollar Against:","Australian Dollar Trade-weighted Index"
"5872","FXRTWI","Trade-weighted Index May 1970 = 100","AUS","AUS",1997-10-30,56.6,"D","Index","Indicative","RBA","Daily","Historical Daily Exchange Rates Of The Australian Dollar Against:","Australian Dollar Trade-weighted Index"
"5873","DLCACS","Credit; Total; Seasonally adjusted","AUS","AUS",1997-10-31,523.851,"M","$ billion","Seasonally Adjusted","RBA","Monthly","D2 Lending And Credit Aggregates","Credit; Total; Seasonally adjusted – Includes securitisations – For series breaks see Series Breaks"
"5874","FIRMMCRT","Cash Rate Target","AUS","AUS",1997-10-31,5,"M","Per cent","Original","RBA","Monthly","F1.1 Interest Rates And Yields - Money Market","Cash Rate Target; monthly average"
"5875","FXRTWI","Trade-weighted Index May 1970 = 100","AUS","AUS",1997-10-31,57.1,"D","Index","Indicative","RBA","Daily","Historical Daily Exchange Rates Of The Australian Dollar Against:","Australian Dollar Trade-weighted Index"
"5876","FXRTWI","Trade-weighted Index May 1970 = 100","AUS","AUS",1997-10-31,57.1,"M","Index","Indicative","RBA","Monthly","F11 Exchange Rates","Australian Dollar Trade-weighted Index"
"5877","GRCPAISDR","Commodity prices – SDR","AUS","AUS",1997-10-31,29.3990529070673,"M","Index, 2023/24=100","Original","RBA","Monthly","I2 Commodity Prices","Index of commodity prices; All items; SDR"
"5878","A2718577A","Credits, Total goods ;","AUS","AUS",1997-11-01,7559,"M","$ Millions","Seasonally Adjusted",NA,"Monthly","TABLE 1. GOODS, Summary: Seasonally adjusted and trend estimates, Current prices",NA
"5879","A2718594C","Balance on goods ;","AUS","AUS",1997-11-01,182,"M","$ Millions","Seasonally Adjusted",NA,"Monthly","TABLE 1. GOODS, Summary: Seasonally adjusted and trend estimates, Current prices",NA
"5880","FXRTWI","Trade-weighted Index May 1970 = 100","AUS","AUS",1997-11-03,57.6,"D","Index","Indicative","RBA","Daily","Historical Daily Exchange Rates Of The Australian Dollar Against:","Australian Dollar Trade-weighted Index"
"5881","FXRTWI","Trade-weighted Index May 1970 = 100","AUS","AUS",1997-11-04,57.2,"D","Index","Indicative","RBA","Daily","Historical Daily Exchange Rates Of The Australian Dollar Against:","Australian Dollar Trade-weighted Index"
"5882","FXRTWI","Trade-weighted Index May 1970 = 100","AUS","AUS",1997-11-05,57.1,"D","Index","Indicative","RBA","Daily","Historical Daily Exchange Rates Of The Australian Dollar Against:","Australian Dollar Trade-weighted Index"
"5883","FXRTWI","Trade-weighted Index May 1970 = 100","AUS","AUS",1997-11-06,56.6,"D","Index","Indicative","RBA","Daily","Historical Daily Exchange Rates Of The Australian Dollar Against:","Australian Dollar Trade-weighted Index"
"5884","FXRTWI","Trade-weighted Index May 1970 = 100","AUS","AUS",1997-11-07,56.5,"D","Index","Indicative","RBA","Daily","Historical Daily Exchange Rates Of The Australian Dollar Against:","Australian Dollar Trade-weighted Index"
"5885","FXRTWI","Trade-weighted Index May 1970 = 100","AUS","AUS",1997-11-10,56.5,"D","Index","Indicative","RBA","Daily","Historical Daily Exchange Rates Of The Australian Dollar Against:","Australian Dollar Trade-weighted Index"
"5886","FXRTWI","Trade-weighted Index May 1970 = 100","AUS","AUS",1997-11-11,56.7,"D","Index","Indicative","RBA","Daily","Historical Daily Exchange Rates Of The Australian Dollar Against:","Australian Dollar Trade-weighted Index"
"5887","FXRTWI","Trade-weighted Index May 1970 = 100","AUS","AUS",1997-11-12,56.6,"D","Index","Indicative","RBA","Daily","Historical Daily Exchange Rates Of The Australian Dollar Against:","Australian Dollar Trade-weighted Index"
"5888","FXRTWI","Trade-weighted Index May 1970 = 100","AUS","AUS",1997-11-13,56.5,"D","Index","Indicative","RBA","Daily","Historical Daily Exchange Rates Of The Australian Dollar Against:","Australian Dollar Trade-weighted Index"
"5889","FXRTWI","Trade-weighted Index May 1970 = 100","AUS","AUS",1997-11-14,56.9,"D","Index","Indicative","RBA","Daily","Historical Daily Exchange Rates Of The Australian Dollar Against:","Australian Dollar Trade-weighted Index"
"5890","FXRTWI","Trade-weighted Index May 1970 = 100","AUS","AUS",1997-11-17,57.3,"D","Index","Indicative","RBA","Daily","Historical Daily Exchange Rates Of The Australian Dollar Against:","Australian Dollar Trade-weighted Index"
"5891","FXRTWI","Trade-weighted Index May 1970 = 100","AUS","AUS",1997-11-18,57.2,"D","Index","Indicative","RBA","Daily","Historical Daily Exchange Rates Of The Australian Dollar Against:","Australian Dollar Trade-weighted Index"
"5892","FXRTWI","Trade-weighted Index May 1970 = 100","AUS","AUS",1997-11-19,57.3,"D","Index","Indicative","RBA","Daily","Historical Daily Exchange Rates Of The Australian Dollar Against:","Australian Dollar Trade-weighted Index"
"5893","FXRTWI","Trade-weighted Index May 1970 = 100","AUS","AUS",1997-11-20,57.3,"D","Index","Indicative","RBA","Daily","Historical Daily Exchange Rates Of The Australian Dollar Against:","Australian Dollar Trade-weighted Index"
"5894","FXRTWI","Trade-weighted Index May 1970 = 100","AUS","AUS",1997-11-21,57.5,"D","Index","Indicative","RBA","Daily","Historical Daily Exchange Rates Of The Australian Dollar Against:","Australian Dollar Trade-weighted Index"
"5895","FXRTWI","Trade-weighted Index May 1970 = 100","AUS","AUS",1997-11-24,57.6,"D","Index","Indicative","RBA","Daily","Historical Daily Exchange Rates Of The Australian Dollar Against:","Australian Dollar Trade-weighted Index"
"5896","FXRTWI","Trade-weighted Index May 1970 = 100","AUS","AUS",1997-11-25,57.3,"D","Index","Indicative","RBA","Daily","Historical Daily Exchange Rates Of The Australian Dollar Against:","Australian Dollar Trade-weighted Index"
"5897","FXRTWI","Trade-weighted Index May 1970 = 100","AUS","AUS",1997-11-26,57.2,"D","Index","Indicative","RBA","Daily","Historical Daily Exchange Rates Of The Australian Dollar Against:","Australian Dollar Trade-weighted Index"
"5898","FXRTWI","Trade-weighted Index May 1970 = 100","AUS","AUS",1997-11-27,56.8,"D","Index","Indicative","RBA","Daily","Historical Daily Exchange Rates Of The Australian Dollar Against:","Australian Dollar Trade-weighted Index"
"5899","FXRTWI","Trade-weighted Index May 1970 = 100","AUS","AUS",1997-11-28,57,"D","Index","Indicative","RBA","Daily","Historical Daily Exchange Rates Of The Australian Dollar Against:","Australian Dollar Trade-weighted Index"
"5900","DLCACS","Credit; Total; Seasonally adjusted","AUS","AUS",1997-11-30,529.491,"M","$ billion","Seasonally Adjusted","RBA","Monthly","D2 Lending And Credit Aggregates","Credit; Total; Seasonally adjusted – Includes securitisations – For series breaks see Series Breaks"
"5901","FIRMMCRT","Cash Rate Target","AUS","AUS",1997-11-30,5,"M","Per cent","Original","RBA","Monthly","F1.1 Interest Rates And Yields - Money Market","Cash Rate Target; monthly average"
"5902","FXRTWI","Trade-weighted Index May 1970 = 100","AUS","AUS",1997-11-30,57,"M","Index","Indicative","RBA","Monthly","F11 Exchange Rates","Australian Dollar Trade-weighted Index"
"5903","GRCPAISDR","Commodity prices – SDR","AUS","AUS",1997-11-30,28.9972672256591,"M","Index, 2023/24=100","Original","RBA","Monthly","I2 Commodity Prices","Index of commodity prices; All items; SDR"
"5904","A2302956R","South Australia ; STATE FINAL DEMAND ;","SA","SA",1997-12-01,19342,"Q","$ Millions","Seasonally Adjusted",NA,"Quarterly","Table 25. State Final Demand, Summary Components by State: Chain volume measures",NA
"5905","A2302984X","Western Australia ; STATE FINAL DEMAND ;","WA","WA",1997-12-01,30175,"Q","$ Millions","Seasonally Adjusted",NA,"Quarterly","Table 25. State Final Demand, Summary Components by State: Chain volume measures",NA
"5906","A2303012X","Tasmania ; STATE FINAL DEMAND ;","TAS","TAS",1997-12-01,6008,"Q","$ Millions","Seasonally Adjusted",NA,"Quarterly","Table 25. State Final Demand, Summary Components by State: Chain volume measures",NA
"5907","A2303040J","Northern Territory ; STATE FINAL DEMAND ;","NT","NT",1997-12-01,3743,"Q","$ Millions","Seasonally Adjusted",NA,"Quarterly","Table 25. State Final Demand, Summary Components by State: Chain volume measures",NA
"5908","A2303068K","Australian Capital Territory ; STATE FINAL DEMAND ;","ACT","ACT",1997-12-01,7428,"Q","$ Millions","Seasonally Adjusted",NA,"Quarterly","Table 25. State Final Demand, Summary Components by State: Chain volume measures",NA
"5909","A2303111F","New South Wales ; STATE FINAL DEMAND ;","NSW","NSW",1997-12-01,93210,"Q","$ Millions","Seasonally Adjusted",NA,"Quarterly","Table 25. State Final Demand, Summary Components by State: Chain volume measures",NA
"5910","A2303139J","Victoria ; STATE FINAL DEMAND ;","VIC","VIC",1997-12-01,63438,"Q","$ Millions","Seasonally Adjusted",NA,"Quarterly","Table 25. State Final Demand, Summary Components by State: Chain volume measures",NA
"5911","A2303187A","Queensland ; STATE FINAL DEMAND ;","QLD","QLD",1997-12-01,47760,"Q","$ Millions","Seasonally Adjusted",NA,"Quarterly","Table 25. State Final Demand, Summary Components by State: Chain volume measures",NA
"5912","A2304418T","Gross domestic product: Current prices ;","AUS","AUS",1997-12-01,147478,"Q","$ Millions","Seasonally Adjusted",NA,"Quarterly","Table 1. Key National Accounts Aggregates",NA
"5913","A2325846C","Index Numbers ; All groups CPI ; Australia ;","AUS","AUS",1997-12-01,66.8,"Q","Index Numbers","Original",NA,"Quarterly","TABLES 1 and 2. CPI: All Groups, Index Numbers and Percentage Changes",NA
"5914","A2718577A","Credits, Total goods ;","AUS","AUS",1997-12-01,7371,"M","$ Millions","Seasonally Adjusted",NA,"Monthly","TABLE 1. GOODS, Summary: Seasonally adjusted and trend estimates, Current prices",NA
"5915","A2718594C","Balance on goods ;","AUS","AUS",1997-12-01,-455,"M","$ Millions","Seasonally Adjusted",NA,"Monthly","TABLE 1. GOODS, Summary: Seasonally adjusted and trend estimates, Current prices",NA
"5916","FXRTWI","Trade-weighted Index May 1970 = 100","AUS","AUS",1997-12-01,57,"D","Index","Indicative","RBA","Daily","Historical Daily Exchange Rates Of The Australian Dollar Against:","Australian Dollar Trade-weighted Index"
"5917","FXRTWI","Trade-weighted Index May 1970 = 100","AUS","AUS",1997-12-02,57.5,"D","Index","Indicative","RBA","Daily","Historical Daily Exchange Rates Of The Australian Dollar Against:","Australian Dollar Trade-weighted Index"
"5918","FXRTWI","Trade-weighted Index May 1970 = 100","AUS","AUS",1997-12-03,57.5,"D","Index","Indicative","RBA","Daily","Historical Daily Exchange Rates Of The Australian Dollar Against:","Australian Dollar Trade-weighted Index"
"5919","FXRTWI","Trade-weighted Index May 1970 = 100","AUS","AUS",1997-12-04,56.9,"D","Index","Indicative","RBA","Daily","Historical Daily Exchange Rates Of The Australian Dollar Against:","Australian Dollar Trade-weighted Index"
"5920","FXRTWI","Trade-weighted Index May 1970 = 100","AUS","AUS",1997-12-05,57.3,"D","Index","Indicative","RBA","Daily","Historical Daily Exchange Rates Of The Australian Dollar Against:","Australian Dollar Trade-weighted Index"
"5921","FXRTWI","Trade-weighted Index May 1970 = 100","AUS","AUS",1997-12-08,57.5,"D","Index","Indicative","RBA","Daily","Historical Daily Exchange Rates Of The Australian Dollar Against:","Australian Dollar Trade-weighted Index"
"5922","FXRTWI","Trade-weighted Index May 1970 = 100","AUS","AUS",1997-12-09,58.2,"D","Index","Indicative","RBA","Daily","Historical Daily Exchange Rates Of The Australian Dollar Against:","Australian Dollar Trade-weighted Index"
"5923","FXRTWI","Trade-weighted Index May 1970 = 100","AUS","AUS",1997-12-10,58.1,"D","Index","Indicative","RBA","Daily","Historical Daily Exchange Rates Of The Australian Dollar Against:","Australian Dollar Trade-weighted Index"
"5924","FXRTWI","Trade-weighted Index May 1970 = 100","AUS","AUS",1997-12-11,58.6,"D","Index","Indicative","RBA","Daily","Historical Daily Exchange Rates Of The Australian Dollar Against:","Australian Dollar Trade-weighted Index"
"5925","FXRTWI","Trade-weighted Index May 1970 = 100","AUS","AUS",1997-12-12,58.6,"D","Index","Indicative","RBA","Daily","Historical Daily Exchange Rates Of The Australian Dollar Against:","Australian Dollar Trade-weighted Index"
"5926","FXRTWI","Trade-weighted Index May 1970 = 100","AUS","AUS",1997-12-15,58.5,"D","Index","Indicative","RBA","Daily","Historical Daily Exchange Rates Of The Australian Dollar Against:","Australian Dollar Trade-weighted Index"
"5927","FXRTWI","Trade-weighted Index May 1970 = 100","AUS","AUS",1997-12-16,57.4,"D","Index","Indicative","RBA","Daily","Historical Daily Exchange Rates Of The Australian Dollar Against:","Australian Dollar Trade-weighted Index"
"5928","FXRTWI","Trade-weighted Index May 1970 = 100","AUS","AUS",1997-12-17,57.9,"D","Index","Indicative","RBA","Daily","Historical Daily Exchange Rates Of The Australian Dollar Against:","Australian Dollar Trade-weighted Index"
"5929","FXRTWI","Trade-weighted Index May 1970 = 100","AUS","AUS",1997-12-18,57.7,"D","Index","Indicative","RBA","Daily","Historical Daily Exchange Rates Of The Australian Dollar Against:","Australian Dollar Trade-weighted Index"
"5930","FXRTWI","Trade-weighted Index May 1970 = 100","AUS","AUS",1997-12-19,57.4,"D","Index","Indicative","RBA","Daily","Historical Daily Exchange Rates Of The Australian Dollar Against:","Australian Dollar Trade-weighted Index"
"5931","FXRTWI","Trade-weighted Index May 1970 = 100","AUS","AUS",1997-12-22,58,"D","Index","Indicative","RBA","Daily","Historical Daily Exchange Rates Of The Australian Dollar Against:","Australian Dollar Trade-weighted Index"
"5932","FXRTWI","Trade-weighted Index May 1970 = 100","AUS","AUS",1997-12-23,58.8,"D","Index","Indicative","RBA","Daily","Historical Daily Exchange Rates Of The Australian Dollar Against:","Australian Dollar Trade-weighted Index"
"5933","FXRTWI","Trade-weighted Index May 1970 = 100","AUS","AUS",1997-12-24,58.9,"D","Index","Indicative","RBA","Daily","Historical Daily Exchange Rates Of The Australian Dollar Against:","Australian Dollar Trade-weighted Index"
"5934","FXRTWI","Trade-weighted Index May 1970 = 100","AUS","AUS",1997-12-29,57.9,"D","Index","Indicative","RBA","Daily","Historical Daily Exchange Rates Of The Australian Dollar Against:","Australian Dollar Trade-weighted Index"
"5935","FXRTWI","Trade-weighted Index May 1970 = 100","AUS","AUS",1997-12-30,57.9,"D","Index","Indicative","RBA","Daily","Historical Daily Exchange Rates Of The Australian Dollar Against:","Australian Dollar Trade-weighted Index"
"5936","DLCACS","Credit; Total; Seasonally adjusted","AUS","AUS",1997-12-31,536.632,"M","$ billion","Seasonally Adjusted","RBA","Monthly","D2 Lending And Credit Aggregates","Credit; Total; Seasonally adjusted – Includes securitisations – For series breaks see Series Breaks"
"5937","FIRMMCRT","Cash Rate Target","AUS","AUS",1997-12-31,5,"M","Per cent","Original","RBA","Monthly","F1.1 Interest Rates And Yields - Money Market","Cash Rate Target; monthly average"
"5938","FXRTWI","Trade-weighted Index May 1970 = 100","AUS","AUS",1997-12-31,58.1,"D","Index","Indicative","RBA","Daily","Historical Daily Exchange Rates Of The Australian Dollar Against:","Australian Dollar Trade-weighted Index"
"5939","FXRTWI","Trade-weighted Index May 1970 = 100","AUS","AUS",1997-12-31,58.1,"M","Index","Indicative","RBA","Monthly","F11 Exchange Rates","Australian Dollar Trade-weighted Index"
"5940","GCPIOCPMTMQP","Quarterly trimmed mean inflation","AUS","AUS",1997-12-31,0.7,"Q","Per cent","Seasonally Adjusted","ABS","Quarterly","G1 Consumer Price Inflation","Consumer price index; Trimmed mean; Quarterly change (in per cent)"
"5941","GRCPAISDR","Commodity prices – SDR","AUS","AUS",1997-12-31,28.6094830992761,"M","Index, 2023/24=100","Original","RBA","Monthly","I2 Commodity Prices","Index of commodity prices; All items; SDR"
"5942","A2718577A","Credits, Total goods ;","AUS","AUS",1998-01-01,7262,"M","$ Millions","Seasonally Adjusted",NA,"Monthly","TABLE 1. GOODS, Summary: Seasonally adjusted and trend estimates, Current prices",NA
"5943","A2718594C","Balance on goods ;","AUS","AUS",1998-01-01,-609,"M","$ Millions","Seasonally Adjusted",NA,"Monthly","TABLE 1. GOODS, Summary: Seasonally adjusted and trend estimates, Current prices",NA
"5944","FXRTWI","Trade-weighted Index May 1970 = 100","AUS","AUS",1998-01-02,58.4,"D","Index","Indicative","RBA","Daily","Historical Daily Exchange Rates Of The Australian Dollar Against:","Australian Dollar Trade-weighted Index"
"5945","FXRTWI","Trade-weighted Index May 1970 = 100","AUS","AUS",1998-01-05,58.8,"D","Index","Indicative","RBA","Daily","Historical Daily Exchange Rates Of The Australian Dollar Against:","Australian Dollar Trade-weighted Index"
"5946","FXRTWI","Trade-weighted Index May 1970 = 100","AUS","AUS",1998-01-06,58.6,"D","Index","Indicative","RBA","Daily","Historical Daily Exchange Rates Of The Australian Dollar Against:","Australian Dollar Trade-weighted Index"
"5947","FXRTWI","Trade-weighted Index May 1970 = 100","AUS","AUS",1998-01-07,59.2,"D","Index","Indicative","RBA","Daily","Historical Daily Exchange Rates Of The Australian Dollar Against:","Australian Dollar Trade-weighted Index"
"5948","FXRTWI","Trade-weighted Index May 1970 = 100","AUS","AUS",1998-01-08,59.4,"D","Index","Indicative","RBA","Daily","Historical Daily Exchange Rates Of The Australian Dollar Against:","Australian Dollar Trade-weighted Index"
"5949","FXRTWI","Trade-weighted Index May 1970 = 100","AUS","AUS",1998-01-09,59.4,"D","Index","Indicative","RBA","Daily","Historical Daily Exchange Rates Of The Australian Dollar Against:","Australian Dollar Trade-weighted Index"
"5950","FXRTWI","Trade-weighted Index May 1970 = 100","AUS","AUS",1998-01-12,59.6,"D","Index","Indicative","RBA","Daily","Historical Daily Exchange Rates Of The Australian Dollar Against:","Australian Dollar Trade-weighted Index"
"5951","FXRTWI","Trade-weighted Index May 1970 = 100","AUS","AUS",1998-01-13,59.4,"D","Index","Indicative","RBA","Daily","Historical Daily Exchange Rates Of The Australian Dollar Against:","Australian Dollar Trade-weighted Index"
"5952","FXRTWI","Trade-weighted Index May 1970 = 100","AUS","AUS",1998-01-14,59.5,"D","Index","Indicative","RBA","Daily","Historical Daily Exchange Rates Of The Australian Dollar Against:","Australian Dollar Trade-weighted Index"
"5953","FXRTWI","Trade-weighted Index May 1970 = 100","AUS","AUS",1998-01-15,59,"D","Index","Indicative","RBA","Daily","Historical Daily Exchange Rates Of The Australian Dollar Against:","Australian Dollar Trade-weighted Index"
"5954","FXRTWI","Trade-weighted Index May 1970 = 100","AUS","AUS",1998-01-16,60.2,"D","Index","Indicative","RBA","Daily","Historical Daily Exchange Rates Of The Australian Dollar Against:","Australian Dollar Trade-weighted Index"
"5955","FXRTWI","Trade-weighted Index May 1970 = 100","AUS","AUS",1998-01-19,60.5,"D","Index","Indicative","RBA","Daily","Historical Daily Exchange Rates Of The Australian Dollar Against:","Australian Dollar Trade-weighted Index"
"5956","FXRTWI","Trade-weighted Index May 1970 = 100","AUS","AUS",1998-01-20,61.1,"D","Index","Indicative","RBA","Daily","Historical Daily Exchange Rates Of The Australian Dollar Against:","Australian Dollar Trade-weighted Index"
"5957","FXRTWI","Trade-weighted Index May 1970 = 100","AUS","AUS",1998-01-21,61.4,"D","Index","Indicative","RBA","Daily","Historical Daily Exchange Rates Of The Australian Dollar Against:","Australian Dollar Trade-weighted Index"
"5958","FXRTWI","Trade-weighted Index May 1970 = 100","AUS","AUS",1998-01-22,61.1,"D","Index","Indicative","RBA","Daily","Historical Daily Exchange Rates Of The Australian Dollar Against:","Australian Dollar Trade-weighted Index"
"5959","FXRTWI","Trade-weighted Index May 1970 = 100","AUS","AUS",1998-01-23,61.2,"D","Index","Indicative","RBA","Daily","Historical Daily Exchange Rates Of The Australian Dollar Against:","Australian Dollar Trade-weighted Index"
"5960","FXRTWI","Trade-weighted Index May 1970 = 100","AUS","AUS",1998-01-27,61.8,"D","Index","Indicative","RBA","Daily","Historical Daily Exchange Rates Of The Australian Dollar Against:","Australian Dollar Trade-weighted Index"
"5961","FXRTWI","Trade-weighted Index May 1970 = 100","AUS","AUS",1998-01-28,62,"D","Index","Indicative","RBA","Daily","Historical Daily Exchange Rates Of The Australian Dollar Against:","Australian Dollar Trade-weighted Index"
"5962","FXRTWI","Trade-weighted Index May 1970 = 100","AUS","AUS",1998-01-29,61.8,"D","Index","Indicative","RBA","Daily","Historical Daily Exchange Rates Of The Australian Dollar Against:","Australian Dollar Trade-weighted Index"
"5963","FXRTWI","Trade-weighted Index May 1970 = 100","AUS","AUS",1998-01-30,61.9,"D","Index","Indicative","RBA","Daily","Historical Daily Exchange Rates Of The Australian Dollar Against:","Australian Dollar Trade-weighted Index"
"5964","DLCACS","Credit; Total; Seasonally adjusted","AUS","AUS",1998-01-31,540.138,"M","$ billion","Seasonally Adjusted","RBA","Monthly","D2 Lending And Credit Aggregates","Credit; Total; Seasonally adjusted – Includes securitisations – For series breaks see Series Breaks"
"5965","FIRMMCRT","Cash Rate Target","AUS","AUS",1998-01-31,5,"M","Per cent","Original","RBA","Monthly","F1.1 Interest Rates And Yields - Money Market","Cash Rate Target; monthly average"
"5966","FXRTWI","Trade-weighted Index May 1970 = 100","AUS","AUS",1998-01-31,61.9,"M","Index","Indicative","RBA","Monthly","F11 Exchange Rates","Australian Dollar Trade-weighted Index"
"5967","GRCPAISDR","Commodity prices – SDR","AUS","AUS",1998-01-31,28.0264215339048,"M","Index, 2023/24=100","Original","RBA","Monthly","I2 Commodity Prices","Index of commodity prices; All items; SDR"
"5968","A2718577A","Credits, Total goods ;","AUS","AUS",1998-02-01,7300,"M","$ Millions","Seasonally Adjusted",NA,"Monthly","TABLE 1. GOODS, Summary: Seasonally adjusted and trend estimates, Current prices",NA
"5969","A2718594C","Balance on goods ;","AUS","AUS",1998-02-01,-345,"M","$ Millions","Seasonally Adjusted",NA,"Monthly","TABLE 1. GOODS, Summary: Seasonally adjusted and trend estimates, Current prices",NA
"5970","FXRTWI","Trade-weighted Index May 1970 = 100","AUS","AUS",1998-02-02,62.3,"D","Index","Indicative","RBA","Daily","Historical Daily Exchange Rates Of The Australian Dollar Against:","Australian Dollar Trade-weighted Index"
"5971","FXRTWI","Trade-weighted Index May 1970 = 100","AUS","AUS",1998-02-03,62.2,"D","Index","Indicative","RBA","Daily","Historical Daily Exchange Rates Of The Australian Dollar Against:","Australian Dollar Trade-weighted Index"
"5972","FXRTWI","Trade-weighted Index May 1970 = 100","AUS","AUS",1998-02-04,61.4,"D","Index","Indicative","RBA","Daily","Historical Daily Exchange Rates Of The Australian Dollar Against:","Australian Dollar Trade-weighted Index"
"5973","FXRTWI","Trade-weighted Index May 1970 = 100","AUS","AUS",1998-02-05,61.1,"D","Index","Indicative","RBA","Daily","Historical Daily Exchange Rates Of The Australian Dollar Against:","Australian Dollar Trade-weighted Index"
"5974","FXRTWI","Trade-weighted Index May 1970 = 100","AUS","AUS",1998-02-06,60.9,"D","Index","Indicative","RBA","Daily","Historical Daily Exchange Rates Of The Australian Dollar Against:","Australian Dollar Trade-weighted Index"
"5975","FXRTWI","Trade-weighted Index May 1970 = 100","AUS","AUS",1998-02-09,60.4,"D","Index","Indicative","RBA","Daily","Historical Daily Exchange Rates Of The Australian Dollar Against:","Australian Dollar Trade-weighted Index"
"5976","FXRTWI","Trade-weighted Index May 1970 = 100","AUS","AUS",1998-02-10,60.4,"D","Index","Indicative","RBA","Daily","Historical Daily Exchange Rates Of The Australian Dollar Against:","Australian Dollar Trade-weighted Index"
"5977","FXRTWI","Trade-weighted Index May 1970 = 100","AUS","AUS",1998-02-11,60.3,"D","Index","Indicative","RBA","Daily","Historical Daily Exchange Rates Of The Australian Dollar Against:","Australian Dollar Trade-weighted Index"
"5978","FXRTWI","Trade-weighted Index May 1970 = 100","AUS","AUS",1998-02-12,60.3,"D","Index","Indicative","RBA","Daily","Historical Daily Exchange Rates Of The Australian Dollar Against:","Australian Dollar Trade-weighted Index"
"5979","FXRTWI","Trade-weighted Index May 1970 = 100","AUS","AUS",1998-02-13,60.8,"D","Index","Indicative","RBA","Daily","Historical Daily Exchange Rates Of The Australian Dollar Against:","Australian Dollar Trade-weighted Index"
"5980","FXRTWI","Trade-weighted Index May 1970 = 100","AUS","AUS",1998-02-16,60.7,"D","Index","Indicative","RBA","Daily","Historical Daily Exchange Rates Of The Australian Dollar Against:","Australian Dollar Trade-weighted Index"
"5981","FXRTWI","Trade-weighted Index May 1970 = 100","AUS","AUS",1998-02-17,60.4,"D","Index","Indicative","RBA","Daily","Historical Daily Exchange Rates Of The Australian Dollar Against:","Australian Dollar Trade-weighted Index"
"5982","FXRTWI","Trade-weighted Index May 1970 = 100","AUS","AUS",1998-02-18,60.8,"D","Index","Indicative","RBA","Daily","Historical Daily Exchange Rates Of The Australian Dollar Against:","Australian Dollar Trade-weighted Index"
"5983","FXRTWI","Trade-weighted Index May 1970 = 100","AUS","AUS",1998-02-19,60.7,"D","Index","Indicative","RBA","Daily","Historical Daily Exchange Rates Of The Australian Dollar Against:","Australian Dollar Trade-weighted Index"
"5984","FXRTWI","Trade-weighted Index May 1970 = 100","AUS","AUS",1998-02-20,61,"D","Index","Indicative","RBA","Daily","Historical Daily Exchange Rates Of The Australian Dollar Against:","Australian Dollar Trade-weighted Index"
"5985","FXRTWI","Trade-weighted Index May 1970 = 100","AUS","AUS",1998-02-23,60.5,"D","Index","Indicative","RBA","Daily","Historical Daily Exchange Rates Of The Australian Dollar Against:","Australian Dollar Trade-weighted Index"
"5986","FXRTWI","Trade-weighted Index May 1970 = 100","AUS","AUS",1998-02-24,60.3,"D","Index","Indicative","RBA","Daily","Historical Daily Exchange Rates Of The Australian Dollar Against:","Australian Dollar Trade-weighted Index"
"5987","FXRTWI","Trade-weighted Index May 1970 = 100","AUS","AUS",1998-02-25,59.8,"D","Index","Indicative","RBA","Daily","Historical Daily Exchange Rates Of The Australian Dollar Against:","Australian Dollar Trade-weighted Index"
"5988","FXRTWI","Trade-weighted Index May 1970 = 100","AUS","AUS",1998-02-26,60.5,"D","Index","Indicative","RBA","Daily","Historical Daily Exchange Rates Of The Australian Dollar Against:","Australian Dollar Trade-weighted Index"
"5989","FXRTWI","Trade-weighted Index May 1970 = 100","AUS","AUS",1998-02-27,60.6,"D","Index","Indicative","RBA","Daily","Historical Daily Exchange Rates Of The Australian Dollar Against:","Australian Dollar Trade-weighted Index"
"5990","DLCACS","Credit; Total; Seasonally adjusted","AUS","AUS",1998-02-28,543.022,"M","$ billion","Seasonally Adjusted","RBA","Monthly","D2 Lending And Credit Aggregates","Credit; Total; Seasonally adjusted – Includes securitisations – For series breaks see Series Breaks"
"5991","FIRMMCRT","Cash Rate Target","AUS","AUS",1998-02-28,5,"M","Per cent","Original","RBA","Monthly","F1.1 Interest Rates And Yields - Money Market","Cash Rate Target; monthly average"
"5992","FXRTWI","Trade-weighted Index May 1970 = 100","AUS","AUS",1998-02-28,60.6,"M","Index","Indicative","RBA","Monthly","F11 Exchange Rates","Australian Dollar Trade-weighted Index"
"5993","GRCPAISDR","Commodity prices – SDR","AUS","AUS",1998-02-28,27.8616806873943,"M","Index, 2023/24=100","Original","RBA","Monthly","I2 Commodity Prices","Index of commodity prices; All items; SDR"
"5994","A2302956R","South Australia ; STATE FINAL DEMAND ;","SA","SA",1998-03-01,19284,"Q","$ Millions","Seasonally Adjusted",NA,"Quarterly","Table 25. State Final Demand, Summary Components by State: Chain volume measures",NA
"5995","A2302984X","Western Australia ; STATE FINAL DEMAND ;","WA","WA",1998-03-01,29827,"Q","$ Millions","Seasonally Adjusted",NA,"Quarterly","Table 25. State Final Demand, Summary Components by State: Chain volume measures",NA
"5996","A2303012X","Tasmania ; STATE FINAL DEMAND ;","TAS","TAS",1998-03-01,5921,"Q","$ Millions","Seasonally Adjusted",NA,"Quarterly","Table 25. State Final Demand, Summary Components by State: Chain volume measures",NA
"5997","A2303040J","Northern Territory ; STATE FINAL DEMAND ;","NT","NT",1998-03-01,3897,"Q","$ Millions","Seasonally Adjusted",NA,"Quarterly","Table 25. State Final Demand, Summary Components by State: Chain volume measures",NA
"5998","A2303068K","Australian Capital Territory ; STATE FINAL DEMAND ;","ACT","ACT",1998-03-01,7286,"Q","$ Millions","Seasonally Adjusted",NA,"Quarterly","Table 25. State Final Demand, Summary Components by State: Chain volume measures",NA
"5999","A2303111F","New South Wales ; STATE FINAL DEMAND ;","NSW","NSW",1998-03-01,93539,"Q","$ Millions","Seasonally Adjusted",NA,"Quarterly","Table 25. State Final Demand, Summary Components by State: Chain volume measures",NA
"6000","A2303139J","Victoria ; STATE FINAL DEMAND ;","VIC","VIC",1998-03-01,63765,"Q","$ Millions","Seasonally Adjusted",NA,"Quarterly","Table 25. State Final Demand, Summary Components by State: Chain volume measures",NA
"6001","A2303187A","Queensland ; STATE FINAL DEMAND ;","QLD","QLD",1998-03-01,47074,"Q","$ Millions","Seasonally Adjusted",NA,"Quarterly","Table 25. State Final Demand, Summary Components by State: Chain volume measures",NA
"6002","A2304418T","Gross domestic product: Current prices ;","AUS","AUS",1998-03-01,148576,"Q","$ Millions","Seasonally Adjusted",NA,"Quarterly","Table 1. Key National Accounts Aggregates",NA
"6003","A2325846C","Index Numbers ; All groups CPI ; Australia ;","AUS","AUS",1998-03-01,67,"Q","Index Numbers","Original",NA,"Quarterly","TABLES 1 and 2. CPI: All Groups, Index Numbers and Percentage Changes",NA
"6004","A2718577A","Credits, Total goods ;","AUS","AUS",1998-03-01,7181,"M","$ Millions","Seasonally Adjusted",NA,"Monthly","TABLE 1. GOODS, Summary: Seasonally adjusted and trend estimates, Current prices",NA
"6005","A2718594C","Balance on goods ;","AUS","AUS",1998-03-01,-959,"M","$ Millions","Seasonally Adjusted",NA,"Monthly","TABLE 1. GOODS, Summary: Seasonally adjusted and trend estimates, Current prices",NA
"6006","FXRTWI","Trade-weighted Index May 1970 = 100","AUS","AUS",1998-03-02,60.7,"D","Index","Indicative","RBA","Daily","Historical Daily Exchange Rates Of The Australian Dollar Against:","Australian Dollar Trade-weighted Index"
"6007","FXRTWI","Trade-weighted Index May 1970 = 100","AUS","AUS",1998-03-03,60.9,"D","Index","Indicative","RBA","Daily","Historical Daily Exchange Rates Of The Australian Dollar Against:","Australian Dollar Trade-weighted Index"
"6008","FXRTWI","Trade-weighted Index May 1970 = 100","AUS","AUS",1998-03-04,60.8,"D","Index","Indicative","RBA","Daily","Historical Daily Exchange Rates Of The Australian Dollar Against:","Australian Dollar Trade-weighted Index"
"6009","FXRTWI","Trade-weighted Index May 1970 = 100","AUS","AUS",1998-03-05,60.9,"D","Index","Indicative","RBA","Daily","Historical Daily Exchange Rates Of The Australian Dollar Against:","Australian Dollar Trade-weighted Index"
"6010","FXRTWI","Trade-weighted Index May 1970 = 100","AUS","AUS",1998-03-06,60.9,"D","Index","Indicative","RBA","Daily","Historical Daily Exchange Rates Of The Australian Dollar Against:","Australian Dollar Trade-weighted Index"
"6011","FXRTWI","Trade-weighted Index May 1970 = 100","AUS","AUS",1998-03-09,60.8,"D","Index","Indicative","RBA","Daily","Historical Daily Exchange Rates Of The Australian Dollar Against:","Australian Dollar Trade-weighted Index"
"6012","FXRTWI","Trade-weighted Index May 1970 = 100","AUS","AUS",1998-03-10,60.6,"D","Index","Indicative","RBA","Daily","Historical Daily Exchange Rates Of The Australian Dollar Against:","Australian Dollar Trade-weighted Index"
"6013","FXRTWI","Trade-weighted Index May 1970 = 100","AUS","AUS",1998-03-11,60.6,"D","Index","Indicative","RBA","Daily","Historical Daily Exchange Rates Of The Australian Dollar Against:","Australian Dollar Trade-weighted Index"
"6014","FXRTWI","Trade-weighted Index May 1970 = 100","AUS","AUS",1998-03-12,60.5,"D","Index","Indicative","RBA","Daily","Historical Daily Exchange Rates Of The Australian Dollar Against:","Australian Dollar Trade-weighted Index"
"6015","FXRTWI","Trade-weighted Index May 1970 = 100","AUS","AUS",1998-03-13,60.8,"D","Index","Indicative","RBA","Daily","Historical Daily Exchange Rates Of The Australian Dollar Against:","Australian Dollar Trade-weighted Index"
"6016","FXRTWI","Trade-weighted Index May 1970 = 100","AUS","AUS",1998-03-16,60.4,"D","Index","Indicative","RBA","Daily","Historical Daily Exchange Rates Of The Australian Dollar Against:","Australian Dollar Trade-weighted Index"
"6017","FXRTWI","Trade-weighted Index May 1970 = 100","AUS","AUS",1998-03-17,60.1,"D","Index","Indicative","RBA","Daily","Historical Daily Exchange Rates Of The Australian Dollar Against:","Australian Dollar Trade-weighted Index"
"6018","FXRTWI","Trade-weighted Index May 1970 = 100","AUS","AUS",1998-03-18,60,"D","Index","Indicative","RBA","Daily","Historical Daily Exchange Rates Of The Australian Dollar Against:","Australian Dollar Trade-weighted Index"
"6019","FXRTWI","Trade-weighted Index May 1970 = 100","AUS","AUS",1998-03-19,59.9,"D","Index","Indicative","RBA","Daily","Historical Daily Exchange Rates Of The Australian Dollar Against:","Australian Dollar Trade-weighted Index"
"6020","FXRTWI","Trade-weighted Index May 1970 = 100","AUS","AUS",1998-03-20,59.8,"D","Index","Indicative","RBA","Daily","Historical Daily Exchange Rates Of The Australian Dollar Against:","Australian Dollar Trade-weighted Index"
"6021","FXRTWI","Trade-weighted Index May 1970 = 100","AUS","AUS",1998-03-23,59.4,"D","Index","Indicative","RBA","Daily","Historical Daily Exchange Rates Of The Australian Dollar Against:","Australian Dollar Trade-weighted Index"
"6022","FXRTWI","Trade-weighted Index May 1970 = 100","AUS","AUS",1998-03-24,59.7,"D","Index","Indicative","RBA","Daily","Historical Daily Exchange Rates Of The Australian Dollar Against:","Australian Dollar Trade-weighted Index"
"6023","FXRTWI","Trade-weighted Index May 1970 = 100","AUS","AUS",1998-03-25,59.6,"D","Index","Indicative","RBA","Daily","Historical Daily Exchange Rates Of The Australian Dollar Against:","Australian Dollar Trade-weighted Index"
"6024","FXRTWI","Trade-weighted Index May 1970 = 100","AUS","AUS",1998-03-26,59.8,"D","Index","Indicative","RBA","Daily","Historical Daily Exchange Rates Of The Australian Dollar Against:","Australian Dollar Trade-weighted Index"
"6025","FXRTWI","Trade-weighted Index May 1970 = 100","AUS","AUS",1998-03-27,59.8,"D","Index","Indicative","RBA","Daily","Historical Daily Exchange Rates Of The Australian Dollar Against:","Australian Dollar Trade-weighted Index"
"6026","FXRTWI","Trade-weighted Index May 1970 = 100","AUS","AUS",1998-03-30,59.6,"D","Index","Indicative","RBA","Daily","Historical Daily Exchange Rates Of The Australian Dollar Against:","Australian Dollar Trade-weighted Index"
"6027","DLCACS","Credit; Total; Seasonally adjusted","AUS","AUS",1998-03-31,548.309,"M","$ billion","Seasonally Adjusted","RBA","Monthly","D2 Lending And Credit Aggregates","Credit; Total; Seasonally adjusted – Includes securitisations – For series breaks see Series Breaks"
"6028","FIRMMCRT","Cash Rate Target","AUS","AUS",1998-03-31,5,"M","Per cent","Original","RBA","Monthly","F1.1 Interest Rates And Yields - Money Market","Cash Rate Target; monthly average"
"6029","FXRTWI","Trade-weighted Index May 1970 = 100","AUS","AUS",1998-03-31,59.6,"D","Index","Indicative","RBA","Daily","Historical Daily Exchange Rates Of The Australian Dollar Against:","Australian Dollar Trade-weighted Index"
"6030","FXRTWI","Trade-weighted Index May 1970 = 100","AUS","AUS",1998-03-31,59.6,"M","Index","Indicative","RBA","Monthly","F11 Exchange Rates","Australian Dollar Trade-weighted Index"
"6031","GCPIOCPMTMQP","Quarterly trimmed mean inflation","AUS","AUS",1998-03-31,0.5,"Q","Per cent","Seasonally Adjusted","ABS","Quarterly","G1 Consumer Price Inflation","Consumer price index; Trimmed mean; Quarterly change (in per cent)"
"6032","GRCPAISDR","Commodity prices – SDR","AUS","AUS",1998-03-31,27.7841436972958,"M","Index, 2023/24=100","Original","RBA","Monthly","I2 Commodity Prices","Index of commodity prices; All items; SDR"
"6033","A2718577A","Credits, Total goods ;","AUS","AUS",1998-04-01,7411,"M","$ Millions","Seasonally Adjusted",NA,"Monthly","TABLE 1. GOODS, Summary: Seasonally adjusted and trend estimates, Current prices",NA
"6034","A2718594C","Balance on goods ;","AUS","AUS",1998-04-01,-480,"M","$ Millions","Seasonally Adjusted",NA,"Monthly","TABLE 1. GOODS, Summary: Seasonally adjusted and trend estimates, Current prices",NA
"6035","FXRTWI","Trade-weighted Index May 1970 = 100","AUS","AUS",1998-04-01,59.6,"D","Index","Indicative","RBA","Daily","Historical Daily Exchange Rates Of The Australian Dollar Against:","Australian Dollar Trade-weighted Index"
"6036","FXRTWI","Trade-weighted Index May 1970 = 100","AUS","AUS",1998-04-02,59.4,"D","Index","Indicative","RBA","Daily","Historical Daily Exchange Rates Of The Australian Dollar Against:","Australian Dollar Trade-weighted Index"
"6037","FXRTWI","Trade-weighted Index May 1970 = 100","AUS","AUS",1998-04-03,59.4,"D","Index","Indicative","RBA","Daily","Historical Daily Exchange Rates Of The Australian Dollar Against:","Australian Dollar Trade-weighted Index"
"6038","FXRTWI","Trade-weighted Index May 1970 = 100","AUS","AUS",1998-04-06,59.7,"D","Index","Indicative","RBA","Daily","Historical Daily Exchange Rates Of The Australian Dollar Against:","Australian Dollar Trade-weighted Index"
"6039","FXRTWI","Trade-weighted Index May 1970 = 100","AUS","AUS",1998-04-07,59.4,"D","Index","Indicative","RBA","Daily","Historical Daily Exchange Rates Of The Australian Dollar Against:","Australian Dollar Trade-weighted Index"
"6040","FXRTWI","Trade-weighted Index May 1970 = 100","AUS","AUS",1998-04-08,59.4,"D","Index","Indicative","RBA","Daily","Historical Daily Exchange Rates Of The Australian Dollar Against:","Australian Dollar Trade-weighted Index"
"6041","FXRTWI","Trade-weighted Index May 1970 = 100","AUS","AUS",1998-04-09,59,"D","Index","Indicative","RBA","Daily","Historical Daily Exchange Rates Of The Australian Dollar Against:","Australian Dollar Trade-weighted Index"
"6042","FXRTWI","Trade-weighted Index May 1970 = 100","AUS","AUS",1998-04-14,58,"D","Index","Indicative","RBA","Daily","Historical Daily Exchange Rates Of The Australian Dollar Against:","Australian Dollar Trade-weighted Index"
"6043","FXRTWI","Trade-weighted Index May 1970 = 100","AUS","AUS",1998-04-15,57.7,"D","Index","Indicative","RBA","Daily","Historical Daily Exchange Rates Of The Australian Dollar Against:","Australian Dollar Trade-weighted Index"
"6044","FXRTWI","Trade-weighted Index May 1970 = 100","AUS","AUS",1998-04-16,58.2,"D","Index","Indicative","RBA","Daily","Historical Daily Exchange Rates Of The Australian Dollar Against:","Australian Dollar Trade-weighted Index"
"6045","FXRTWI","Trade-weighted Index May 1970 = 100","AUS","AUS",1998-04-17,58.5,"D","Index","Indicative","RBA","Daily","Historical Daily Exchange Rates Of The Australian Dollar Against:","Australian Dollar Trade-weighted Index"
"6046","FXRTWI","Trade-weighted Index May 1970 = 100","AUS","AUS",1998-04-20,57.9,"D","Index","Indicative","RBA","Daily","Historical Daily Exchange Rates Of The Australian Dollar Against:","Australian Dollar Trade-weighted Index"
"6047","FXRTWI","Trade-weighted Index May 1970 = 100","AUS","AUS",1998-04-21,57.8,"D","Index","Indicative","RBA","Daily","Historical Daily Exchange Rates Of The Australian Dollar Against:","Australian Dollar Trade-weighted Index"
"6048","FXRTWI","Trade-weighted Index May 1970 = 100","AUS","AUS",1998-04-22,58,"D","Index","Indicative","RBA","Daily","Historical Daily Exchange Rates Of The Australian Dollar Against:","Australian Dollar Trade-weighted Index"
"6049","FXRTWI","Trade-weighted Index May 1970 = 100","AUS","AUS",1998-04-23,58,"D","Index","Indicative","RBA","Daily","Historical Daily Exchange Rates Of The Australian Dollar Against:","Australian Dollar Trade-weighted Index"
"6050","FXRTWI","Trade-weighted Index May 1970 = 100","AUS","AUS",1998-04-24,58,"D","Index","Indicative","RBA","Daily","Historical Daily Exchange Rates Of The Australian Dollar Against:","Australian Dollar Trade-weighted Index"
"6051","FXRTWI","Trade-weighted Index May 1970 = 100","AUS","AUS",1998-04-27,57.8,"D","Index","Indicative","RBA","Daily","Historical Daily Exchange Rates Of The Australian Dollar Against:","Australian Dollar Trade-weighted Index"
"6052","FXRTWI","Trade-weighted Index May 1970 = 100","AUS","AUS",1998-04-28,57.5,"D","Index","Indicative","RBA","Daily","Historical Daily Exchange Rates Of The Australian Dollar Against:","Australian Dollar Trade-weighted Index"
"6053","FXRTWI","Trade-weighted Index May 1970 = 100","AUS","AUS",1998-04-29,57.8,"D","Index","Indicative","RBA","Daily","Historical Daily Exchange Rates Of The Australian Dollar Against:","Australian Dollar Trade-weighted Index"
"6054","DLCACS","Credit; Total; Seasonally adjusted","AUS","AUS",1998-04-30,552.788,"M","$ billion","Seasonally Adjusted","RBA","Monthly","D2 Lending And Credit Aggregates","Credit; Total; Seasonally adjusted – Includes securitisations – For series breaks see Series Breaks"
"6055","FIRMMCRT","Cash Rate Target","AUS","AUS",1998-04-30,5,"M","Per cent","Original","RBA","Monthly","F1.1 Interest Rates And Yields - Money Market","Cash Rate Target; monthly average"
"6056","FXRTWI","Trade-weighted Index May 1970 = 100","AUS","AUS",1998-04-30,58,"D","Index","Indicative","RBA","Daily","Historical Daily Exchange Rates Of The Australian Dollar Against:","Australian Dollar Trade-weighted Index"
"6057","FXRTWI","Trade-weighted Index May 1970 = 100","AUS","AUS",1998-04-30,58,"M","Index","Indicative","RBA","Monthly","F11 Exchange Rates","Australian Dollar Trade-weighted Index"
"6058","GRCPAISDR","Commodity prices – SDR","AUS","AUS",1998-04-30,27.6167865700089,"M","Index, 2023/24=100","Original","RBA","Monthly","I2 Commodity Prices","Index of commodity prices; All items; SDR"
"6059","A2718577A","Credits, Total goods ;","AUS","AUS",1998-05-01,7512,"M","$ Millions","Seasonally Adjusted",NA,"Monthly","TABLE 1. GOODS, Summary: Seasonally adjusted and trend estimates, Current prices",NA
"6060","A2718594C","Balance on goods ;","AUS","AUS",1998-05-01,-513,"M","$ Millions","Seasonally Adjusted",NA,"Monthly","TABLE 1. GOODS, Summary: Seasonally adjusted and trend estimates, Current prices",NA
"6061","FXRTWI","Trade-weighted Index May 1970 = 100","AUS","AUS",1998-05-01,58.4,"D","Index","Indicative","RBA","Daily","Historical Daily Exchange Rates Of The Australian Dollar Against:","Australian Dollar Trade-weighted Index"
"6062","FXRTWI","Trade-weighted Index May 1970 = 100","AUS","AUS",1998-05-04,57.7,"D","Index","Indicative","RBA","Daily","Historical Daily Exchange Rates Of The Australian Dollar Against:","Australian Dollar Trade-weighted Index"
"6063","FXRTWI","Trade-weighted Index May 1970 = 100","AUS","AUS",1998-05-05,57.2,"D","Index","Indicative","RBA","Daily","Historical Daily Exchange Rates Of The Australian Dollar Against:","Australian Dollar Trade-weighted Index"
"6064","FXRTWI","Trade-weighted Index May 1970 = 100","AUS","AUS",1998-05-06,57.3,"D","Index","Indicative","RBA","Daily","Historical Daily Exchange Rates Of The Australian Dollar Against:","Australian Dollar Trade-weighted Index"
"6065","FXRTWI","Trade-weighted Index May 1970 = 100","AUS","AUS",1998-05-07,57.4,"D","Index","Indicative","RBA","Daily","Historical Daily Exchange Rates Of The Australian Dollar Against:","Australian Dollar Trade-weighted Index"
"6066","FXRTWI","Trade-weighted Index May 1970 = 100","AUS","AUS",1998-05-08,57.4,"D","Index","Indicative","RBA","Daily","Historical Daily Exchange Rates Of The Australian Dollar Against:","Australian Dollar Trade-weighted Index"
"6067","FXRTWI","Trade-weighted Index May 1970 = 100","AUS","AUS",1998-05-11,57.1,"D","Index","Indicative","RBA","Daily","Historical Daily Exchange Rates Of The Australian Dollar Against:","Australian Dollar Trade-weighted Index"
"6068","FXRTWI","Trade-weighted Index May 1970 = 100","AUS","AUS",1998-05-12,57.4,"D","Index","Indicative","RBA","Daily","Historical Daily Exchange Rates Of The Australian Dollar Against:","Australian Dollar Trade-weighted Index"
"6069","FXRTWI","Trade-weighted Index May 1970 = 100","AUS","AUS",1998-05-13,57.4,"D","Index","Indicative","RBA","Daily","Historical Daily Exchange Rates Of The Australian Dollar Against:","Australian Dollar Trade-weighted Index"
"6070","FXRTWI","Trade-weighted Index May 1970 = 100","AUS","AUS",1998-05-14,57.4,"D","Index","Indicative","RBA","Daily","Historical Daily Exchange Rates Of The Australian Dollar Against:","Australian Dollar Trade-weighted Index"
"6071","FXRTWI","Trade-weighted Index May 1970 = 100","AUS","AUS",1998-05-15,57.2,"D","Index","Indicative","RBA","Daily","Historical Daily Exchange Rates Of The Australian Dollar Against:","Australian Dollar Trade-weighted Index"
"6072","FXRTWI","Trade-weighted Index May 1970 = 100","AUS","AUS",1998-05-18,57.4,"D","Index","Indicative","RBA","Daily","Historical Daily Exchange Rates Of The Australian Dollar Against:","Australian Dollar Trade-weighted Index"
"6073","FXRTWI","Trade-weighted Index May 1970 = 100","AUS","AUS",1998-05-19,57.6,"D","Index","Indicative","RBA","Daily","Historical Daily Exchange Rates Of The Australian Dollar Against:","Australian Dollar Trade-weighted Index"
"6074","FXRTWI","Trade-weighted Index May 1970 = 100","AUS","AUS",1998-05-20,57.3,"D","Index","Indicative","RBA","Daily","Historical Daily Exchange Rates Of The Australian Dollar Against:","Australian Dollar Trade-weighted Index"
"6075","FXRTWI","Trade-weighted Index May 1970 = 100","AUS","AUS",1998-05-21,57.5,"D","Index","Indicative","RBA","Daily","Historical Daily Exchange Rates Of The Australian Dollar Against:","Australian Dollar Trade-weighted Index"
"6076","FXRTWI","Trade-weighted Index May 1970 = 100","AUS","AUS",1998-05-22,57.6,"D","Index","Indicative","RBA","Daily","Historical Daily Exchange Rates Of The Australian Dollar Against:","Australian Dollar Trade-weighted Index"
"6077","FXRTWI","Trade-weighted Index May 1970 = 100","AUS","AUS",1998-05-25,57.3,"D","Index","Indicative","RBA","Daily","Historical Daily Exchange Rates Of The Australian Dollar Against:","Australian Dollar Trade-weighted Index"
"6078","FXRTWI","Trade-weighted Index May 1970 = 100","AUS","AUS",1998-05-26,57.2,"D","Index","Indicative","RBA","Daily","Historical Daily Exchange Rates Of The Australian Dollar Against:","Australian Dollar Trade-weighted Index"
"6079","FXRTWI","Trade-weighted Index May 1970 = 100","AUS","AUS",1998-05-27,56.9,"D","Index","Indicative","RBA","Daily","Historical Daily Exchange Rates Of The Australian Dollar Against:","Australian Dollar Trade-weighted Index"
"6080","FXRTWI","Trade-weighted Index May 1970 = 100","AUS","AUS",1998-05-28,57.2,"D","Index","Indicative","RBA","Daily","Historical Daily Exchange Rates Of The Australian Dollar Against:","Australian Dollar Trade-weighted Index"
"6081","FXRTWI","Trade-weighted Index May 1970 = 100","AUS","AUS",1998-05-29,57.5,"D","Index","Indicative","RBA","Daily","Historical Daily Exchange Rates Of The Australian Dollar Against:","Australian Dollar Trade-weighted Index"
"6082","DLCACS","Credit; Total; Seasonally adjusted","AUS","AUS",1998-05-31,556.681,"M","$ billion","Seasonally Adjusted","RBA","Monthly","D2 Lending And Credit Aggregates","Credit; Total; Seasonally adjusted – Includes securitisations – For series breaks see Series Breaks"
"6083","FIRMMCRT","Cash Rate Target","AUS","AUS",1998-05-31,5,"M","Per cent","Original","RBA","Monthly","F1.1 Interest Rates And Yields - Money Market","Cash Rate Target; monthly average"
"6084","FXRTWI","Trade-weighted Index May 1970 = 100","AUS","AUS",1998-05-31,57.5,"M","Index","Indicative","RBA","Monthly","F11 Exchange Rates","Australian Dollar Trade-weighted Index"
"6085","GRCPAISDR","Commodity prices – SDR","AUS","AUS",1998-05-31,26.9912003652915,"M","Index, 2023/24=100","Original","RBA","Monthly","I2 Commodity Prices","Index of commodity prices; All items; SDR"
"6086","A2302956R","South Australia ; STATE FINAL DEMAND ;","SA","SA",1998-06-01,19190,"Q","$ Millions","Seasonally Adjusted",NA,"Quarterly","Table 25. State Final Demand, Summary Components by State: Chain volume measures",NA
"6087","A2302984X","Western Australia ; STATE FINAL DEMAND ;","WA","WA",1998-06-01,29997,"Q","$ Millions","Seasonally Adjusted",NA,"Quarterly","Table 25. State Final Demand, Summary Components by State: Chain volume measures",NA
"6088","A2303012X","Tasmania ; STATE FINAL DEMAND ;","TAS","TAS",1998-06-01,5951,"Q","$ Millions","Seasonally Adjusted",NA,"Quarterly","Table 25. State Final Demand, Summary Components by State: Chain volume measures",NA
"6089","A2303040J","Northern Territory ; STATE FINAL DEMAND ;","NT","NT",1998-06-01,4053,"Q","$ Millions","Seasonally Adjusted",NA,"Quarterly","Table 25. State Final Demand, Summary Components by State: Chain volume measures",NA
"6090","A2303068K","Australian Capital Territory ; STATE FINAL DEMAND ;","ACT","ACT",1998-06-01,7142,"Q","$ Millions","Seasonally Adjusted",NA,"Quarterly","Table 25. State Final Demand, Summary Components by State: Chain volume measures",NA
"6091","A2303111F","New South Wales ; STATE FINAL DEMAND ;","NSW","NSW",1998-06-01,93689,"Q","$ Millions","Seasonally Adjusted",NA,"Quarterly","Table 25. State Final Demand, Summary Components by State: Chain volume measures",NA
"6092","A2303139J","Victoria ; STATE FINAL DEMAND ;","VIC","VIC",1998-06-01,64842,"Q","$ Millions","Seasonally Adjusted",NA,"Quarterly","Table 25. State Final Demand, Summary Components by State: Chain volume measures",NA
"6093","A2303187A","Queensland ; STATE FINAL DEMAND ;","QLD","QLD",1998-06-01,47797,"Q","$ Millions","Seasonally Adjusted",NA,"Quarterly","Table 25. State Final Demand, Summary Components by State: Chain volume measures",NA
"6094","A2304418T","Gross domestic product: Current prices ;","AUS","AUS",1998-06-01,149789,"Q","$ Millions","Seasonally Adjusted",NA,"Quarterly","Table 1. Key National Accounts Aggregates",NA
"6095","A2325846C","Index Numbers ; All groups CPI ; Australia ;","AUS","AUS",1998-06-01,67.4,"Q","Index Numbers","Original",NA,"Quarterly","TABLES 1 and 2. CPI: All Groups, Index Numbers and Percentage Changes",NA
"6096","A2336320R","New South Wales ; Gross state product: Current prices ;","NSW","NSW",1998-06-01,214266,"Annual","$ Millions","Original",NA,"Annual","Table 1. Gross State Product, Chain volume measures and current prices",NA
"6097","A2336321T","Victoria ; Gross state product: Current prices ;","VIC","VIC",1998-06-01,146306,"Annual","$ Millions","Original",NA,"Annual","Table 1. Gross State Product, Chain volume measures and current prices",NA
"6098","A2336322V","Queensland ; Gross state product: Current prices ;","QLD","QLD",1998-06-01,95176,"Annual","$ Millions","Original",NA,"Annual","Table 1. Gross State Product, Chain volume measures and current prices",NA
"6099","A2336323W","South Australia ; Gross state product: Current prices ;","SA","SA",1998-06-01,43364,"Annual","$ Millions","Original",NA,"Annual","Table 1. Gross State Product, Chain volume measures and current prices",NA
"6100","A2336324X","Western Australia ; Gross state product: Current prices ;","WA","WA",1998-06-01,61073,"Annual","$ Millions","Original",NA,"Annual","Table 1. Gross State Product, Chain volume measures and current prices",NA
"6101","A2336325A","Tasmania ; Gross state product: Current prices ;","TAS","TAS",1998-06-01,11544,"Annual","$ Millions","Original",NA,"Annual","Table 1. Gross State Product, Chain volume measures and current prices",NA
"6102","A2336326C","Northern Territory ; Gross state product: Current prices ;","NT","NT",1998-06-01,6117,"Annual","$ Millions","Original",NA,"Annual","Table 1. Gross State Product, Chain volume measures and current prices",NA
"6103","A2336327F","Australian Capital Territory ; Gross state product: Current prices ;","ACT","ACT",1998-06-01,11394,"Annual","$ Millions","Original",NA,"Annual","Table 1. Gross State Product, Chain volume measures and current prices",NA
"6104","A2718577A","Credits, Total goods ;","AUS","AUS",1998-06-01,7700,"M","$ Millions","Seasonally Adjusted",NA,"Monthly","TABLE 1. GOODS, Summary: Seasonally adjusted and trend estimates, Current prices",NA
"6105","A2718594C","Balance on goods ;","AUS","AUS",1998-06-01,-727,"M","$ Millions","Seasonally Adjusted",NA,"Monthly","TABLE 1. GOODS, Summary: Seasonally adjusted and trend estimates, Current prices",NA
"6106","FXRTWI","Trade-weighted Index May 1970 = 100","AUS","AUS",1998-06-01,57.3,"D","Index","Indicative","RBA","Daily","Historical Daily Exchange Rates Of The Australian Dollar Against:","Australian Dollar Trade-weighted Index"
"6107","FXRTWI","Trade-weighted Index May 1970 = 100","AUS","AUS",1998-06-02,56.9,"D","Index","Indicative","RBA","Daily","Historical Daily Exchange Rates Of The Australian Dollar Against:","Australian Dollar Trade-weighted Index"
"6108","FXRTWI","Trade-weighted Index May 1970 = 100","AUS","AUS",1998-06-03,56.7,"D","Index","Indicative","RBA","Daily","Historical Daily Exchange Rates Of The Australian Dollar Against:","Australian Dollar Trade-weighted Index"
"6109","FXRTWI","Trade-weighted Index May 1970 = 100","AUS","AUS",1998-06-04,56.6,"D","Index","Indicative","RBA","Daily","Historical Daily Exchange Rates Of The Australian Dollar Against:","Australian Dollar Trade-weighted Index"
"6110","FXRTWI","Trade-weighted Index May 1970 = 100","AUS","AUS",1998-06-05,56.2,"D","Index","Indicative","RBA","Daily","Historical Daily Exchange Rates Of The Australian Dollar Against:","Australian Dollar Trade-weighted Index"
"6111","FXRTWI","Trade-weighted Index May 1970 = 100","AUS","AUS",1998-06-09,55.7,"D","Index","Indicative","RBA","Daily","Historical Daily Exchange Rates Of The Australian Dollar Against:","Australian Dollar Trade-weighted Index"
"6112","FXRTWI","Trade-weighted Index May 1970 = 100","AUS","AUS",1998-06-10,54.9,"D","Index","Indicative","RBA","Daily","Historical Daily Exchange Rates Of The Australian Dollar Against:","Australian Dollar Trade-weighted Index"
"6113","FXRTWI","Trade-weighted Index May 1970 = 100","AUS","AUS",1998-06-11,55.6,"D","Index","Indicative","RBA","Daily","Historical Daily Exchange Rates Of The Australian Dollar Against:","Australian Dollar Trade-weighted Index"
"6114","FXRTWI","Trade-weighted Index May 1970 = 100","AUS","AUS",1998-06-12,55.9,"D","Index","Indicative","RBA","Daily","Historical Daily Exchange Rates Of The Australian Dollar Against:","Australian Dollar Trade-weighted Index"
"6115","FXRTWI","Trade-weighted Index May 1970 = 100","AUS","AUS",1998-06-15,56,"D","Index","Indicative","RBA","Daily","Historical Daily Exchange Rates Of The Australian Dollar Against:","Australian Dollar Trade-weighted Index"
"6116","FXRTWI","Trade-weighted Index May 1970 = 100","AUS","AUS",1998-06-16,56,"D","Index","Indicative","RBA","Daily","Historical Daily Exchange Rates Of The Australian Dollar Against:","Australian Dollar Trade-weighted Index"
"6117","FXRTWI","Trade-weighted Index May 1970 = 100","AUS","AUS",1998-06-17,56.4,"D","Index","Indicative","RBA","Daily","Historical Daily Exchange Rates Of The Australian Dollar Against:","Australian Dollar Trade-weighted Index"
"6118","FXRTWI","Trade-weighted Index May 1970 = 100","AUS","AUS",1998-06-18,57.2,"D","Index","Indicative","RBA","Daily","Historical Daily Exchange Rates Of The Australian Dollar Against:","Australian Dollar Trade-weighted Index"
"6119","FXRTWI","Trade-weighted Index May 1970 = 100","AUS","AUS",1998-06-19,57.1,"D","Index","Indicative","RBA","Daily","Historical Daily Exchange Rates Of The Australian Dollar Against:","Australian Dollar Trade-weighted Index"
"6120","FXRTWI","Trade-weighted Index May 1970 = 100","AUS","AUS",1998-06-22,56.9,"D","Index","Indicative","RBA","Daily","Historical Daily Exchange Rates Of The Australian Dollar Against:","Australian Dollar Trade-weighted Index"
"6121","FXRTWI","Trade-weighted Index May 1970 = 100","AUS","AUS",1998-06-23,56.9,"D","Index","Indicative","RBA","Daily","Historical Daily Exchange Rates Of The Australian Dollar Against:","Australian Dollar Trade-weighted Index"
"6122","FXRTWI","Trade-weighted Index May 1970 = 100","AUS","AUS",1998-06-24,56.9,"D","Index","Indicative","RBA","Daily","Historical Daily Exchange Rates Of The Australian Dollar Against:","Australian Dollar Trade-weighted Index"
"6123","FXRTWI","Trade-weighted Index May 1970 = 100","AUS","AUS",1998-06-25,56.5,"D","Index","Indicative","RBA","Daily","Historical Daily Exchange Rates Of The Australian Dollar Against:","Australian Dollar Trade-weighted Index"
"6124","FXRTWI","Trade-weighted Index May 1970 = 100","AUS","AUS",1998-06-26,57.2,"D","Index","Indicative","RBA","Daily","Historical Daily Exchange Rates Of The Australian Dollar Against:","Australian Dollar Trade-weighted Index"
"6125","FXRTWI","Trade-weighted Index May 1970 = 100","AUS","AUS",1998-06-29,57.2,"D","Index","Indicative","RBA","Daily","Historical Daily Exchange Rates Of The Australian Dollar Against:","Australian Dollar Trade-weighted Index"
"6126","DLCACS","Credit; Total; Seasonally adjusted","AUS","AUS",1998-06-30,562.022,"M","$ billion","Seasonally Adjusted","RBA","Monthly","D2 Lending And Credit Aggregates","Credit; Total; Seasonally adjusted – Includes securitisations – For series breaks see Series Breaks"
"6127","FIRMMCRT","Cash Rate Target","AUS","AUS",1998-06-30,5,"M","Per cent","Original","RBA","Monthly","F1.1 Interest Rates And Yields - Money Market","Cash Rate Target; monthly average"
"6128","FXRTWI","Trade-weighted Index May 1970 = 100","AUS","AUS",1998-06-30,57.9,"D","Index","Indicative","RBA","Daily","Historical Daily Exchange Rates Of The Australian Dollar Against:","Australian Dollar Trade-weighted Index"
"6129","FXRTWI","Trade-weighted Index May 1970 = 100","AUS","AUS",1998-06-30,57.9,"M","Index","Indicative","RBA","Monthly","F11 Exchange Rates","Australian Dollar Trade-weighted Index"
"6130","GCPIOCPMTMQP","Quarterly trimmed mean inflation","AUS","AUS",1998-06-30,0.5,"Q","Per cent","Seasonally Adjusted","ABS","Quarterly","G1 Consumer Price Inflation","Consumer price index; Trimmed mean; Quarterly change (in per cent)"
"6131","GRCPAISDR","Commodity prices – SDR","AUS","AUS",1998-06-30,26.316020982379,"M","Index, 2023/24=100","Original","RBA","Monthly","I2 Commodity Prices","Index of commodity prices; All items; SDR"
"6132","A2718577A","Credits, Total goods ;","AUS","AUS",1998-07-01,7419,"M","$ Millions","Seasonally Adjusted",NA,"Monthly","TABLE 1. GOODS, Summary: Seasonally adjusted and trend estimates, Current prices",NA
"6133","A2718594C","Balance on goods ;","AUS","AUS",1998-07-01,-1020,"M","$ Millions","Seasonally Adjusted",NA,"Monthly","TABLE 1. GOODS, Summary: Seasonally adjusted and trend estimates, Current prices",NA
"6134","FXRTWI","Trade-weighted Index May 1970 = 100","AUS","AUS",1998-07-01,58.1,"D","Index","Indicative","RBA","Daily","Historical Daily Exchange Rates Of The Australian Dollar Against:","Australian Dollar Trade-weighted Index"
"6135","FXRTWI","Trade-weighted Index May 1970 = 100","AUS","AUS",1998-07-02,58,"D","Index","Indicative","RBA","Daily","Historical Daily Exchange Rates Of The Australian Dollar Against:","Australian Dollar Trade-weighted Index"
"6136","FXRTWI","Trade-weighted Index May 1970 = 100","AUS","AUS",1998-07-03,58,"D","Index","Indicative","RBA","Daily","Historical Daily Exchange Rates Of The Australian Dollar Against:","Australian Dollar Trade-weighted Index"
"6137","FXRTWI","Trade-weighted Index May 1970 = 100","AUS","AUS",1998-07-06,58.1,"D","Index","Indicative","RBA","Daily","Historical Daily Exchange Rates Of The Australian Dollar Against:","Australian Dollar Trade-weighted Index"
"6138","FXRTWI","Trade-weighted Index May 1970 = 100","AUS","AUS",1998-07-07,58,"D","Index","Indicative","RBA","Daily","Historical Daily Exchange Rates Of The Australian Dollar Against:","Australian Dollar Trade-weighted Index"
"6139","FXRTWI","Trade-weighted Index May 1970 = 100","AUS","AUS",1998-07-08,58.3,"D","Index","Indicative","RBA","Daily","Historical Daily Exchange Rates Of The Australian Dollar Against:","Australian Dollar Trade-weighted Index"
"6140","FXRTWI","Trade-weighted Index May 1970 = 100","AUS","AUS",1998-07-09,58,"D","Index","Indicative","RBA","Daily","Historical Daily Exchange Rates Of The Australian Dollar Against:","Australian Dollar Trade-weighted Index"
"6141","FXRTWI","Trade-weighted Index May 1970 = 100","AUS","AUS",1998-07-10,58.2,"D","Index","Indicative","RBA","Daily","Historical Daily Exchange Rates Of The Australian Dollar Against:","Australian Dollar Trade-weighted Index"
"6142","FXRTWI","Trade-weighted Index May 1970 = 100","AUS","AUS",1998-07-13,57.5,"D","Index","Indicative","RBA","Daily","Historical Daily Exchange Rates Of The Australian Dollar Against:","Australian Dollar Trade-weighted Index"
"6143","FXRTWI","Trade-weighted Index May 1970 = 100","AUS","AUS",1998-07-14,58.1,"D","Index","Indicative","RBA","Daily","Historical Daily Exchange Rates Of The Australian Dollar Against:","Australian Dollar Trade-weighted Index"
"6144","FXRTWI","Trade-weighted Index May 1970 = 100","AUS","AUS",1998-07-15,58.3,"D","Index","Indicative","RBA","Daily","Historical Daily Exchange Rates Of The Australian Dollar Against:","Australian Dollar Trade-weighted Index"
"6145","FXRTWI","Trade-weighted Index May 1970 = 100","AUS","AUS",1998-07-16,58.4,"D","Index","Indicative","RBA","Daily","Historical Daily Exchange Rates Of The Australian Dollar Against:","Australian Dollar Trade-weighted Index"
"6146","FXRTWI","Trade-weighted Index May 1970 = 100","AUS","AUS",1998-07-17,58.7,"D","Index","Indicative","RBA","Daily","Historical Daily Exchange Rates Of The Australian Dollar Against:","Australian Dollar Trade-weighted Index"
"6147","FXRTWI","Trade-weighted Index May 1970 = 100","AUS","AUS",1998-07-20,58.5,"D","Index","Indicative","RBA","Daily","Historical Daily Exchange Rates Of The Australian Dollar Against:","Australian Dollar Trade-weighted Index"
"6148","FXRTWI","Trade-weighted Index May 1970 = 100","AUS","AUS",1998-07-21,58.7,"D","Index","Indicative","RBA","Daily","Historical Daily Exchange Rates Of The Australian Dollar Against:","Australian Dollar Trade-weighted Index"
"6149","FXRTWI","Trade-weighted Index May 1970 = 100","AUS","AUS",1998-07-22,58.5,"D","Index","Indicative","RBA","Daily","Historical Daily Exchange Rates Of The Australian Dollar Against:","Australian Dollar Trade-weighted Index"
"6150","FXRTWI","Trade-weighted Index May 1970 = 100","AUS","AUS",1998-07-23,58.2,"D","Index","Indicative","RBA","Daily","Historical Daily Exchange Rates Of The Australian Dollar Against:","Australian Dollar Trade-weighted Index"
"6151","FXRTWI","Trade-weighted Index May 1970 = 100","AUS","AUS",1998-07-24,58.2,"D","Index","Indicative","RBA","Daily","Historical Daily Exchange Rates Of The Australian Dollar Against:","Australian Dollar Trade-weighted Index"
"6152","FXRTWI","Trade-weighted Index May 1970 = 100","AUS","AUS",1998-07-27,57.4,"D","Index","Indicative","RBA","Daily","Historical Daily Exchange Rates Of The Australian Dollar Against:","Australian Dollar Trade-weighted Index"
"6153","FXRTWI","Trade-weighted Index May 1970 = 100","AUS","AUS",1998-07-28,57.2,"D","Index","Indicative","RBA","Daily","Historical Daily Exchange Rates Of The Australian Dollar Against:","Australian Dollar Trade-weighted Index"
"6154","FXRTWI","Trade-weighted Index May 1970 = 100","AUS","AUS",1998-07-29,57.2,"D","Index","Indicative","RBA","Daily","Historical Daily Exchange Rates Of The Australian Dollar Against:","Australian Dollar Trade-weighted Index"
"6155","FXRTWI","Trade-weighted Index May 1970 = 100","AUS","AUS",1998-07-30,57.2,"D","Index","Indicative","RBA","Daily","Historical Daily Exchange Rates Of The Australian Dollar Against:","Australian Dollar Trade-weighted Index"
"6156","DLCACS","Credit; Total; Seasonally adjusted","AUS","AUS",1998-07-31,568.797,"M","$ billion","Seasonally Adjusted","RBA","Monthly","D2 Lending And Credit Aggregates","Credit; Total; Seasonally adjusted – Includes securitisations – For series breaks see Series Breaks"
"6157","FIRMMCRT","Cash Rate Target","AUS","AUS",1998-07-31,5,"M","Per cent","Original","RBA","Monthly","F1.1 Interest Rates And Yields - Money Market","Cash Rate Target; monthly average"
"6158","FXRTWI","Trade-weighted Index May 1970 = 100","AUS","AUS",1998-07-31,57.3,"D","Index","Indicative","RBA","Daily","Historical Daily Exchange Rates Of The Australian Dollar Against:","Australian Dollar Trade-weighted Index"
"6159","FXRTWI","Trade-weighted Index May 1970 = 100","AUS","AUS",1998-07-31,57.3,"M","Index","Indicative","RBA","Monthly","F11 Exchange Rates","Australian Dollar Trade-weighted Index"
"6160","GRCPAISDR","Commodity prices – SDR","AUS","AUS",1998-07-31,26.1677549376037,"M","Index, 2023/24=100","Original","RBA","Monthly","I2 Commodity Prices","Index of commodity prices; All items; SDR"
"6161","A2718577A","Credits, Total goods ;","AUS","AUS",1998-08-01,7679,"M","$ Millions","Seasonally Adjusted",NA,"Monthly","TABLE 1. GOODS, Summary: Seasonally adjusted and trend estimates, Current prices",NA
"6162","A2718594C","Balance on goods ;","AUS","AUS",1998-08-01,-509,"M","$ Millions","Seasonally Adjusted",NA,"Monthly","TABLE 1. GOODS, Summary: Seasonally adjusted and trend estimates, Current prices",NA
"6163","FXRTWI","Trade-weighted Index May 1970 = 100","AUS","AUS",1998-08-03,56.9,"D","Index","Indicative","RBA","Daily","Historical Daily Exchange Rates Of The Australian Dollar Against:","Australian Dollar Trade-weighted Index"
"6164","FXRTWI","Trade-weighted Index May 1970 = 100","AUS","AUS",1998-08-04,56.8,"D","Index","Indicative","RBA","Daily","Historical Daily Exchange Rates Of The Australian Dollar Against:","Australian Dollar Trade-weighted Index"
"6165","FXRTWI","Trade-weighted Index May 1970 = 100","AUS","AUS",1998-08-05,56.7,"D","Index","Indicative","RBA","Daily","Historical Daily Exchange Rates Of The Australian Dollar Against:","Australian Dollar Trade-weighted Index"
"6166","FXRTWI","Trade-weighted Index May 1970 = 100","AUS","AUS",1998-08-06,57.1,"D","Index","Indicative","RBA","Daily","Historical Daily Exchange Rates Of The Australian Dollar Against:","Australian Dollar Trade-weighted Index"
"6167","FXRTWI","Trade-weighted Index May 1970 = 100","AUS","AUS",1998-08-07,56.8,"D","Index","Indicative","RBA","Daily","Historical Daily Exchange Rates Of The Australian Dollar Against:","Australian Dollar Trade-weighted Index"
"6168","FXRTWI","Trade-weighted Index May 1970 = 100","AUS","AUS",1998-08-10,56.8,"D","Index","Indicative","RBA","Daily","Historical Daily Exchange Rates Of The Australian Dollar Against:","Australian Dollar Trade-weighted Index"
"6169","FXRTWI","Trade-weighted Index May 1970 = 100","AUS","AUS",1998-08-11,56.7,"D","Index","Indicative","RBA","Daily","Historical Daily Exchange Rates Of The Australian Dollar Against:","Australian Dollar Trade-weighted Index"
"6170","FXRTWI","Trade-weighted Index May 1970 = 100","AUS","AUS",1998-08-12,56.7,"D","Index","Indicative","RBA","Daily","Historical Daily Exchange Rates Of The Australian Dollar Against:","Australian Dollar Trade-weighted Index"
"6171","FXRTWI","Trade-weighted Index May 1970 = 100","AUS","AUS",1998-08-13,56.3,"D","Index","Indicative","RBA","Daily","Historical Daily Exchange Rates Of The Australian Dollar Against:","Australian Dollar Trade-weighted Index"
"6172","FXRTWI","Trade-weighted Index May 1970 = 100","AUS","AUS",1998-08-14,56.6,"D","Index","Indicative","RBA","Daily","Historical Daily Exchange Rates Of The Australian Dollar Against:","Australian Dollar Trade-weighted Index"
"6173","FXRTWI","Trade-weighted Index May 1970 = 100","AUS","AUS",1998-08-17,56.2,"D","Index","Indicative","RBA","Daily","Historical Daily Exchange Rates Of The Australian Dollar Against:","Australian Dollar Trade-weighted Index"
"6174","FXRTWI","Trade-weighted Index May 1970 = 100","AUS","AUS",1998-08-18,56,"D","Index","Indicative","RBA","Daily","Historical Daily Exchange Rates Of The Australian Dollar Against:","Australian Dollar Trade-weighted Index"
"6175","FXRTWI","Trade-weighted Index May 1970 = 100","AUS","AUS",1998-08-19,56.3,"D","Index","Indicative","RBA","Daily","Historical Daily Exchange Rates Of The Australian Dollar Against:","Australian Dollar Trade-weighted Index"
"6176","FXRTWI","Trade-weighted Index May 1970 = 100","AUS","AUS",1998-08-20,55.6,"D","Index","Indicative","RBA","Daily","Historical Daily Exchange Rates Of The Australian Dollar Against:","Australian Dollar Trade-weighted Index"
"6177","FXRTWI","Trade-weighted Index May 1970 = 100","AUS","AUS",1998-08-21,55.3,"D","Index","Indicative","RBA","Daily","Historical Daily Exchange Rates Of The Australian Dollar Against:","Australian Dollar Trade-weighted Index"
"6178","FXRTWI","Trade-weighted Index May 1970 = 100","AUS","AUS",1998-08-24,55,"D","Index","Indicative","RBA","Daily","Historical Daily Exchange Rates Of The Australian Dollar Against:","Australian Dollar Trade-weighted Index"
"6179","FXRTWI","Trade-weighted Index May 1970 = 100","AUS","AUS",1998-08-25,54.7,"D","Index","Indicative","RBA","Daily","Historical Daily Exchange Rates Of The Australian Dollar Against:","Australian Dollar Trade-weighted Index"
"6180","FXRTWI","Trade-weighted Index May 1970 = 100","AUS","AUS",1998-08-26,54.3,"D","Index","Indicative","RBA","Daily","Historical Daily Exchange Rates Of The Australian Dollar Against:","Australian Dollar Trade-weighted Index"
"6181","FXRTWI","Trade-weighted Index May 1970 = 100","AUS","AUS",1998-08-27,53.1,"D","Index","Indicative","RBA","Daily","Historical Daily Exchange Rates Of The Australian Dollar Against:","Australian Dollar Trade-weighted Index"
"6182","FXRTWI","Trade-weighted Index May 1970 = 100","AUS","AUS",1998-08-28,53.1,"D","Index","Indicative","RBA","Daily","Historical Daily Exchange Rates Of The Australian Dollar Against:","Australian Dollar Trade-weighted Index"
"6183","DLCACS","Credit; Total; Seasonally adjusted","AUS","AUS",1998-08-31,572.908,"M","$ billion","Seasonally Adjusted","RBA","Monthly","D2 Lending And Credit Aggregates","Credit; Total; Seasonally adjusted – Includes securitisations – For series breaks see Series Breaks"
"6184","FIRMMCRT","Cash Rate Target","AUS","AUS",1998-08-31,5,"M","Per cent","Original","RBA","Monthly","F1.1 Interest Rates And Yields - Money Market","Cash Rate Target; monthly average"
"6185","FXRTWI","Trade-weighted Index May 1970 = 100","AUS","AUS",1998-08-31,53.4,"D","Index","Indicative","RBA","Daily","Historical Daily Exchange Rates Of The Australian Dollar Against:","Australian Dollar Trade-weighted Index"
"6186","FXRTWI","Trade-weighted Index May 1970 = 100","AUS","AUS",1998-08-31,53.4,"M","Index","Indicative","RBA","Monthly","F11 Exchange Rates","Australian Dollar Trade-weighted Index"
"6187","GRCPAISDR","Commodity prices – SDR","AUS","AUS",1998-08-31,25.8785460432754,"M","Index, 2023/24=100","Original","RBA","Monthly","I2 Commodity Prices","Index of commodity prices; All items; SDR"
"6188","A2302956R","South Australia ; STATE FINAL DEMAND ;","SA","SA",1998-09-01,19392,"Q","$ Millions","Seasonally Adjusted",NA,"Quarterly","Table 25. State Final Demand, Summary Components by State: Chain volume measures",NA
"6189","A2302984X","Western Australia ; STATE FINAL DEMAND ;","WA","WA",1998-09-01,29726,"Q","$ Millions","Seasonally Adjusted",NA,"Quarterly","Table 25. State Final Demand, Summary Components by State: Chain volume measures",NA
"6190","A2303012X","Tasmania ; STATE FINAL DEMAND ;","TAS","TAS",1998-09-01,5894,"Q","$ Millions","Seasonally Adjusted",NA,"Quarterly","Table 25. State Final Demand, Summary Components by State: Chain volume measures",NA
"6191","A2303040J","Northern Territory ; STATE FINAL DEMAND ;","NT","NT",1998-09-01,4404,"Q","$ Millions","Seasonally Adjusted",NA,"Quarterly","Table 25. State Final Demand, Summary Components by State: Chain volume measures",NA
"6192","A2303068K","Australian Capital Territory ; STATE FINAL DEMAND ;","ACT","ACT",1998-09-01,7605,"Q","$ Millions","Seasonally Adjusted",NA,"Quarterly","Table 25. State Final Demand, Summary Components by State: Chain volume measures",NA
"6193","A2303111F","New South Wales ; STATE FINAL DEMAND ;","NSW","NSW",1998-09-01,96029,"Q","$ Millions","Seasonally Adjusted",NA,"Quarterly","Table 25. State Final Demand, Summary Components by State: Chain volume measures",NA
"6194","A2303139J","Victoria ; STATE FINAL DEMAND ;","VIC","VIC",1998-09-01,66726,"Q","$ Millions","Seasonally Adjusted",NA,"Quarterly","Table 25. State Final Demand, Summary Components by State: Chain volume measures",NA
"6195","A2303187A","Queensland ; STATE FINAL DEMAND ;","QLD","QLD",1998-09-01,49242,"Q","$ Millions","Seasonally Adjusted",NA,"Quarterly","Table 25. State Final Demand, Summary Components by State: Chain volume measures",NA
"6196","A2304418T","Gross domestic product: Current prices ;","AUS","AUS",1998-09-01,152428,"Q","$ Millions","Seasonally Adjusted",NA,"Quarterly","Table 1. Key National Accounts Aggregates",NA
"6197","A2325846C","Index Numbers ; All groups CPI ; Australia ;","AUS","AUS",1998-09-01,67.5,"Q","Index Numbers","Original",NA,"Quarterly","TABLES 1 and 2. CPI: All Groups, Index Numbers and Percentage Changes",NA
"6198","A2718577A","Credits, Total goods ;","AUS","AUS",1998-09-01,7452,"M","$ Millions","Seasonally Adjusted",NA,"Monthly","TABLE 1. GOODS, Summary: Seasonally adjusted and trend estimates, Current prices",NA
"6199","A2718594C","Balance on goods ;","AUS","AUS",1998-09-01,-875,"M","$ Millions","Seasonally Adjusted",NA,"Monthly","TABLE 1. GOODS, Summary: Seasonally adjusted and trend estimates, Current prices",NA
"6200","FXRTWI","Trade-weighted Index May 1970 = 100","AUS","AUS",1998-09-01,53.2,"D","Index","Indicative","RBA","Daily","Historical Daily Exchange Rates Of The Australian Dollar Against:","Australian Dollar Trade-weighted Index"
"6201","FXRTWI","Trade-weighted Index May 1970 = 100","AUS","AUS",1998-09-02,53.9,"D","Index","Indicative","RBA","Daily","Historical Daily Exchange Rates Of The Australian Dollar Against:","Australian Dollar Trade-weighted Index"
"6202","FXRTWI","Trade-weighted Index May 1970 = 100","AUS","AUS",1998-09-03,54,"D","Index","Indicative","RBA","Daily","Historical Daily Exchange Rates Of The Australian Dollar Against:","Australian Dollar Trade-weighted Index"
"6203","FXRTWI","Trade-weighted Index May 1970 = 100","AUS","AUS",1998-09-04,54.3,"D","Index","Indicative","RBA","Daily","Historical Daily Exchange Rates Of The Australian Dollar Against:","Australian Dollar Trade-weighted Index"
"6204","FXRTWI","Trade-weighted Index May 1970 = 100","AUS","AUS",1998-09-07,54.2,"D","Index","Indicative","RBA","Daily","Historical Daily Exchange Rates Of The Australian Dollar Against:","Australian Dollar Trade-weighted Index"
"6205","FXRTWI","Trade-weighted Index May 1970 = 100","AUS","AUS",1998-09-08,54.4,"D","Index","Indicative","RBA","Daily","Historical Daily Exchange Rates Of The Australian Dollar Against:","Australian Dollar Trade-weighted Index"
"6206","FXRTWI","Trade-weighted Index May 1970 = 100","AUS","AUS",1998-09-09,54.4,"D","Index","Indicative","RBA","Daily","Historical Daily Exchange Rates Of The Australian Dollar Against:","Australian Dollar Trade-weighted Index"
"6207","FXRTWI","Trade-weighted Index May 1970 = 100","AUS","AUS",1998-09-10,54.2,"D","Index","Indicative","RBA","Daily","Historical Daily Exchange Rates Of The Australian Dollar Against:","Australian Dollar Trade-weighted Index"
"6208","FXRTWI","Trade-weighted Index May 1970 = 100","AUS","AUS",1998-09-11,54.6,"D","Index","Indicative","RBA","Daily","Historical Daily Exchange Rates Of The Australian Dollar Against:","Australian Dollar Trade-weighted Index"
"6209","FXRTWI","Trade-weighted Index May 1970 = 100","AUS","AUS",1998-09-14,55,"D","Index","Indicative","RBA","Daily","Historical Daily Exchange Rates Of The Australian Dollar Against:","Australian Dollar Trade-weighted Index"
"6210","FXRTWI","Trade-weighted Index May 1970 = 100","AUS","AUS",1998-09-15,54.6,"D","Index","Indicative","RBA","Daily","Historical Daily Exchange Rates Of The Australian Dollar Against:","Australian Dollar Trade-weighted Index"
"6211","FXRTWI","Trade-weighted Index May 1970 = 100","AUS","AUS",1998-09-16,54.7,"D","Index","Indicative","RBA","Daily","Historical Daily Exchange Rates Of The Australian Dollar Against:","Australian Dollar Trade-weighted Index"
"6212","FXRTWI","Trade-weighted Index May 1970 = 100","AUS","AUS",1998-09-17,54.2,"D","Index","Indicative","RBA","Daily","Historical Daily Exchange Rates Of The Australian Dollar Against:","Australian Dollar Trade-weighted Index"
"6213","FXRTWI","Trade-weighted Index May 1970 = 100","AUS","AUS",1998-09-18,54.1,"D","Index","Indicative","RBA","Daily","Historical Daily Exchange Rates Of The Australian Dollar Against:","Australian Dollar Trade-weighted Index"
"6214","FXRTWI","Trade-weighted Index May 1970 = 100","AUS","AUS",1998-09-21,53.9,"D","Index","Indicative","RBA","Daily","Historical Daily Exchange Rates Of The Australian Dollar Against:","Australian Dollar Trade-weighted Index"
"6215","FXRTWI","Trade-weighted Index May 1970 = 100","AUS","AUS",1998-09-22,53.9,"D","Index","Indicative","RBA","Daily","Historical Daily Exchange Rates Of The Australian Dollar Against:","Australian Dollar Trade-weighted Index"
"6216","FXRTWI","Trade-weighted Index May 1970 = 100","AUS","AUS",1998-09-23,53.5,"D","Index","Indicative","RBA","Daily","Historical Daily Exchange Rates Of The Australian Dollar Against:","Australian Dollar Trade-weighted Index"
"6217","FXRTWI","Trade-weighted Index May 1970 = 100","AUS","AUS",1998-09-24,53.7,"D","Index","Indicative","RBA","Daily","Historical Daily Exchange Rates Of The Australian Dollar Against:","Australian Dollar Trade-weighted Index"
"6218","FXRTWI","Trade-weighted Index May 1970 = 100","AUS","AUS",1998-09-25,53.9,"D","Index","Indicative","RBA","Daily","Historical Daily Exchange Rates Of The Australian Dollar Against:","Australian Dollar Trade-weighted Index"
"6219","FXRTWI","Trade-weighted Index May 1970 = 100","AUS","AUS",1998-09-28,54.1,"D","Index","Indicative","RBA","Daily","Historical Daily Exchange Rates Of The Australian Dollar Against:","Australian Dollar Trade-weighted Index"
"6220","FXRTWI","Trade-weighted Index May 1970 = 100","AUS","AUS",1998-09-29,54.5,"D","Index","Indicative","RBA","Daily","Historical Daily Exchange Rates Of The Australian Dollar Against:","Australian Dollar Trade-weighted Index"
"6221","DLCACS","Credit; Total; Seasonally adjusted","AUS","AUS",1998-09-30,578.717,"M","$ billion","Seasonally Adjusted","RBA","Monthly","D2 Lending And Credit Aggregates","Credit; Total; Seasonally adjusted – Includes securitisations – For series breaks see Series Breaks"
"6222","FIRMMCRT","Cash Rate Target","AUS","AUS",1998-09-30,5,"M","Per cent","Original","RBA","Monthly","F1.1 Interest Rates And Yields - Money Market","Cash Rate Target; monthly average"
"6223","FXRTWI","Trade-weighted Index May 1970 = 100","AUS","AUS",1998-09-30,54.5,"D","Index","Indicative","RBA","Daily","Historical Daily Exchange Rates Of The Australian Dollar Against:","Australian Dollar Trade-weighted Index"
"6224","FXRTWI","Trade-weighted Index May 1970 = 100","AUS","AUS",1998-09-30,54.5,"M","Index","Indicative","RBA","Monthly","F11 Exchange Rates","Australian Dollar Trade-weighted Index"
"6225","GCPIOCPMTMQP","Quarterly trimmed mean inflation","AUS","AUS",1998-09-30,0.3,"Q","Per cent","Seasonally Adjusted","ABS","Quarterly","G1 Consumer Price Inflation","Consumer price index; Trimmed mean; Quarterly change (in per cent)"
"6226","GRCPAISDR","Commodity prices – SDR","AUS","AUS",1998-09-30,24.8558614832995,"M","Index, 2023/24=100","Original","RBA","Monthly","I2 Commodity Prices","Index of commodity prices; All items; SDR"
"6227","A2718577A","Credits, Total goods ;","AUS","AUS",1998-10-01,7486,"M","$ Millions","Seasonally Adjusted",NA,"Monthly","TABLE 1. GOODS, Summary: Seasonally adjusted and trend estimates, Current prices",NA
"6228","A2718594C","Balance on goods ;","AUS","AUS",1998-10-01,-870,"M","$ Millions","Seasonally Adjusted",NA,"Monthly","TABLE 1. GOODS, Summary: Seasonally adjusted and trend estimates, Current prices",NA
"6229","FXRTWI","Trade-weighted Index May 1970 = 100","AUS","AUS",1998-10-01,54.6,"D","Index","Indicative","RBA","Daily","Historical Daily Exchange Rates Of The Australian Dollar Against:","Australian Dollar Trade-weighted Index"
"6230","FXRTWI","Trade-weighted Index May 1970 = 100","AUS","AUS",1998-10-02,54.1,"D","Index","Indicative","RBA","Daily","Historical Daily Exchange Rates Of The Australian Dollar Against:","Australian Dollar Trade-weighted Index"
"6231","FXRTWI","Trade-weighted Index May 1970 = 100","AUS","AUS",1998-10-05,54.7,"D","Index","Indicative","RBA","Daily","Historical Daily Exchange Rates Of The Australian Dollar Against:","Australian Dollar Trade-weighted Index"
"6232","FXRTWI","Trade-weighted Index May 1970 = 100","AUS","AUS",1998-10-06,53.1,"D","Index","Indicative","RBA","Daily","Historical Daily Exchange Rates Of The Australian Dollar Against:","Australian Dollar Trade-weighted Index"
"6233","FXRTWI","Trade-weighted Index May 1970 = 100","AUS","AUS",1998-10-07,54.1,"D","Index","Indicative","RBA","Daily","Historical Daily Exchange Rates Of The Australian Dollar Against:","Australian Dollar Trade-weighted Index"
"6234","FXRTWI","Trade-weighted Index May 1970 = 100","AUS","AUS",1998-10-08,54.3,"D","Index","Indicative","RBA","Daily","Historical Daily Exchange Rates Of The Australian Dollar Against:","Australian Dollar Trade-weighted Index"
"6235","FXRTWI","Trade-weighted Index May 1970 = 100","AUS","AUS",1998-10-09,54.1,"D","Index","Indicative","RBA","Daily","Historical Daily Exchange Rates Of The Australian Dollar Against:","Australian Dollar Trade-weighted Index"
"6236","FXRTWI","Trade-weighted Index May 1970 = 100","AUS","AUS",1998-10-12,54.5,"D","Index","Indicative","RBA","Daily","Historical Daily Exchange Rates Of The Australian Dollar Against:","Australian Dollar Trade-weighted Index"
"6237","FXRTWI","Trade-weighted Index May 1970 = 100","AUS","AUS",1998-10-13,54.7,"D","Index","Indicative","RBA","Daily","Historical Daily Exchange Rates Of The Australian Dollar Against:","Australian Dollar Trade-weighted Index"
"6238","FXRTWI","Trade-weighted Index May 1970 = 100","AUS","AUS",1998-10-14,55.2,"D","Index","Indicative","RBA","Daily","Historical Daily Exchange Rates Of The Australian Dollar Against:","Australian Dollar Trade-weighted Index"
"6239","FXRTWI","Trade-weighted Index May 1970 = 100","AUS","AUS",1998-10-15,55.6,"D","Index","Indicative","RBA","Daily","Historical Daily Exchange Rates Of The Australian Dollar Against:","Australian Dollar Trade-weighted Index"
"6240","FXRTWI","Trade-weighted Index May 1970 = 100","AUS","AUS",1998-10-16,55.4,"D","Index","Indicative","RBA","Daily","Historical Daily Exchange Rates Of The Australian Dollar Against:","Australian Dollar Trade-weighted Index"
"6241","FXRTWI","Trade-weighted Index May 1970 = 100","AUS","AUS",1998-10-19,54.8,"D","Index","Indicative","RBA","Daily","Historical Daily Exchange Rates Of The Australian Dollar Against:","Australian Dollar Trade-weighted Index"
"6242","FXRTWI","Trade-weighted Index May 1970 = 100","AUS","AUS",1998-10-20,54.7,"D","Index","Indicative","RBA","Daily","Historical Daily Exchange Rates Of The Australian Dollar Against:","Australian Dollar Trade-weighted Index"
"6243","FXRTWI","Trade-weighted Index May 1970 = 100","AUS","AUS",1998-10-21,54.7,"D","Index","Indicative","RBA","Daily","Historical Daily Exchange Rates Of The Australian Dollar Against:","Australian Dollar Trade-weighted Index"
"6244","FXRTWI","Trade-weighted Index May 1970 = 100","AUS","AUS",1998-10-22,54.3,"D","Index","Indicative","RBA","Daily","Historical Daily Exchange Rates Of The Australian Dollar Against:","Australian Dollar Trade-weighted Index"
"6245","FXRTWI","Trade-weighted Index May 1970 = 100","AUS","AUS",1998-10-23,54.4,"D","Index","Indicative","RBA","Daily","Historical Daily Exchange Rates Of The Australian Dollar Against:","Australian Dollar Trade-weighted Index"
"6246","FXRTWI","Trade-weighted Index May 1970 = 100","AUS","AUS",1998-10-26,53.9,"D","Index","Indicative","RBA","Daily","Historical Daily Exchange Rates Of The Australian Dollar Against:","Australian Dollar Trade-weighted Index"
"6247","FXRTWI","Trade-weighted Index May 1970 = 100","AUS","AUS",1998-10-27,53.7,"D","Index","Indicative","RBA","Daily","Historical Daily Exchange Rates Of The Australian Dollar Against:","Australian Dollar Trade-weighted Index"
"6248","FXRTWI","Trade-weighted Index May 1970 = 100","AUS","AUS",1998-10-28,53.6,"D","Index","Indicative","RBA","Daily","Historical Daily Exchange Rates Of The Australian Dollar Against:","Australian Dollar Trade-weighted Index"
"6249","FXRTWI","Trade-weighted Index May 1970 = 100","AUS","AUS",1998-10-29,53.8,"D","Index","Indicative","RBA","Daily","Historical Daily Exchange Rates Of The Australian Dollar Against:","Australian Dollar Trade-weighted Index"
"6250","FXRTWI","Trade-weighted Index May 1970 = 100","AUS","AUS",1998-10-30,54.2,"D","Index","Indicative","RBA","Daily","Historical Daily Exchange Rates Of The Australian Dollar Against:","Australian Dollar Trade-weighted Index"
"6251","DLCACS","Credit; Total; Seasonally adjusted","AUS","AUS",1998-10-31,583.092,"M","$ billion","Seasonally Adjusted","RBA","Monthly","D2 Lending And Credit Aggregates","Credit; Total; Seasonally adjusted – Includes securitisations – For series breaks see Series Breaks"
"6252","FIRMMCRT","Cash Rate Target","AUS","AUS",1998-10-31,5,"M","Per cent","Original","RBA","Monthly","F1.1 Interest Rates And Yields - Money Market","Cash Rate Target; monthly average"
"6253","FXRTWI","Trade-weighted Index May 1970 = 100","AUS","AUS",1998-10-31,54.2,"M","Index","Indicative","RBA","Monthly","F11 Exchange Rates","Australian Dollar Trade-weighted Index"
"6254","GRCPAISDR","Commodity prices – SDR","AUS","AUS",1998-10-31,24.2909968508428,"M","Index, 2023/24=100","Original","RBA","Monthly","I2 Commodity Prices","Index of commodity prices; All items; SDR"
"6255","A2718577A","Credits, Total goods ;","AUS","AUS",1998-11-01,7206,"M","$ Millions","Seasonally Adjusted",NA,"Monthly","TABLE 1. GOODS, Summary: Seasonally adjusted and trend estimates, Current prices",NA
"6256","A2718594C","Balance on goods ;","AUS","AUS",1998-11-01,-806,"M","$ Millions","Seasonally Adjusted",NA,"Monthly","TABLE 1. GOODS, Summary: Seasonally adjusted and trend estimates, Current prices",NA
"6257","FXRTWI","Trade-weighted Index May 1970 = 100","AUS","AUS",1998-11-02,54.2,"D","Index","Indicative","RBA","Daily","Historical Daily Exchange Rates Of The Australian Dollar Against:","Australian Dollar Trade-weighted Index"
"6258","FXRTWI","Trade-weighted Index May 1970 = 100","AUS","AUS",1998-11-03,54.2,"D","Index","Indicative","RBA","Daily","Historical Daily Exchange Rates Of The Australian Dollar Against:","Australian Dollar Trade-weighted Index"
"6259","FXRTWI","Trade-weighted Index May 1970 = 100","AUS","AUS",1998-11-04,54.8,"D","Index","Indicative","RBA","Daily","Historical Daily Exchange Rates Of The Australian Dollar Against:","Australian Dollar Trade-weighted Index"
"6260","FXRTWI","Trade-weighted Index May 1970 = 100","AUS","AUS",1998-11-05,55.2,"D","Index","Indicative","RBA","Daily","Historical Daily Exchange Rates Of The Australian Dollar Against:","Australian Dollar Trade-weighted Index"
"6261","FXRTWI","Trade-weighted Index May 1970 = 100","AUS","AUS",1998-11-06,55,"D","Index","Indicative","RBA","Daily","Historical Daily Exchange Rates Of The Australian Dollar Against:","Australian Dollar Trade-weighted Index"
"6262","FXRTWI","Trade-weighted Index May 1970 = 100","AUS","AUS",1998-11-09,55.6,"D","Index","Indicative","RBA","Daily","Historical Daily Exchange Rates Of The Australian Dollar Against:","Australian Dollar Trade-weighted Index"
"6263","FXRTWI","Trade-weighted Index May 1970 = 100","AUS","AUS",1998-11-10,55.6,"D","Index","Indicative","RBA","Daily","Historical Daily Exchange Rates Of The Australian Dollar Against:","Australian Dollar Trade-weighted Index"
"6264","FXRTWI","Trade-weighted Index May 1970 = 100","AUS","AUS",1998-11-11,55.2,"D","Index","Indicative","RBA","Daily","Historical Daily Exchange Rates Of The Australian Dollar Against:","Australian Dollar Trade-weighted Index"
"6265","FXRTWI","Trade-weighted Index May 1970 = 100","AUS","AUS",1998-11-12,55.6,"D","Index","Indicative","RBA","Daily","Historical Daily Exchange Rates Of The Australian Dollar Against:","Australian Dollar Trade-weighted Index"
"6266","FXRTWI","Trade-weighted Index May 1970 = 100","AUS","AUS",1998-11-13,56,"D","Index","Indicative","RBA","Daily","Historical Daily Exchange Rates Of The Australian Dollar Against:","Australian Dollar Trade-weighted Index"
"6267","FXRTWI","Trade-weighted Index May 1970 = 100","AUS","AUS",1998-11-16,56,"D","Index","Indicative","RBA","Daily","Historical Daily Exchange Rates Of The Australian Dollar Against:","Australian Dollar Trade-weighted Index"
"6268","FXRTWI","Trade-weighted Index May 1970 = 100","AUS","AUS",1998-11-17,55.3,"D","Index","Indicative","RBA","Daily","Historical Daily Exchange Rates Of The Australian Dollar Against:","Australian Dollar Trade-weighted Index"
"6269","FXRTWI","Trade-weighted Index May 1970 = 100","AUS","AUS",1998-11-18,55.1,"D","Index","Indicative","RBA","Daily","Historical Daily Exchange Rates Of The Australian Dollar Against:","Australian Dollar Trade-weighted Index"
"6270","FXRTWI","Trade-weighted Index May 1970 = 100","AUS","AUS",1998-11-19,56.3,"D","Index","Indicative","RBA","Daily","Historical Daily Exchange Rates Of The Australian Dollar Against:","Australian Dollar Trade-weighted Index"
"6271","FXRTWI","Trade-weighted Index May 1970 = 100","AUS","AUS",1998-11-20,56.1,"D","Index","Indicative","RBA","Daily","Historical Daily Exchange Rates Of The Australian Dollar Against:","Australian Dollar Trade-weighted Index"
"6272","FXRTWI","Trade-weighted Index May 1970 = 100","AUS","AUS",1998-11-23,55.9,"D","Index","Indicative","RBA","Daily","Historical Daily Exchange Rates Of The Australian Dollar Against:","Australian Dollar Trade-weighted Index"
"6273","FXRTWI","Trade-weighted Index May 1970 = 100","AUS","AUS",1998-11-24,55.9,"D","Index","Indicative","RBA","Daily","Historical Daily Exchange Rates Of The Australian Dollar Against:","Australian Dollar Trade-weighted Index"
"6274","FXRTWI","Trade-weighted Index May 1970 = 100","AUS","AUS",1998-11-25,56.1,"D","Index","Indicative","RBA","Daily","Historical Daily Exchange Rates Of The Australian Dollar Against:","Australian Dollar Trade-weighted Index"
"6275","FXRTWI","Trade-weighted Index May 1970 = 100","AUS","AUS",1998-11-26,55.8,"D","Index","Indicative","RBA","Daily","Historical Daily Exchange Rates Of The Australian Dollar Against:","Australian Dollar Trade-weighted Index"
"6276","FXRTWI","Trade-weighted Index May 1970 = 100","AUS","AUS",1998-11-27,55.7,"D","Index","Indicative","RBA","Daily","Historical Daily Exchange Rates Of The Australian Dollar Against:","Australian Dollar Trade-weighted Index"
"6277","DLCACS","Credit; Total; Seasonally adjusted","AUS","AUS",1998-11-30,588.316,"M","$ billion","Seasonally Adjusted","RBA","Monthly","D2 Lending And Credit Aggregates","Credit; Total; Seasonally adjusted – Includes securitisations – For series breaks see Series Breaks"
"6278","FIRMMCRT","Cash Rate Target","AUS","AUS",1998-11-30,5,"M","Per cent","Original","RBA","Monthly","F1.1 Interest Rates And Yields - Money Market","Cash Rate Target; monthly average"
"6279","FXRTWI","Trade-weighted Index May 1970 = 100","AUS","AUS",1998-11-30,55.6,"D","Index","Indicative","RBA","Daily","Historical Daily Exchange Rates Of The Australian Dollar Against:","Australian Dollar Trade-weighted Index"
"6280","FXRTWI","Trade-weighted Index May 1970 = 100","AUS","AUS",1998-11-30,55.6,"M","Index","Indicative","RBA","Monthly","F11 Exchange Rates","Australian Dollar Trade-weighted Index"
"6281","GRCPAISDR","Commodity prices – SDR","AUS","AUS",1998-11-30,24.3472751181229,"M","Index, 2023/24=100","Original","RBA","Monthly","I2 Commodity Prices","Index of commodity prices; All items; SDR"
"6282","A2302956R","South Australia ; STATE FINAL DEMAND ;","SA","SA",1998-12-01,19249,"Q","$ Millions","Seasonally Adjusted",NA,"Quarterly","Table 25. State Final Demand, Summary Components by State: Chain volume measures",NA
"6283","A2302984X","Western Australia ; STATE FINAL DEMAND ;","WA","WA",1998-12-01,28864,"Q","$ Millions","Seasonally Adjusted",NA,"Quarterly","Table 25. State Final Demand, Summary Components by State: Chain volume measures",NA
"6284","A2303012X","Tasmania ; STATE FINAL DEMAND ;","TAS","TAS",1998-12-01,5851,"Q","$ Millions","Seasonally Adjusted",NA,"Quarterly","Table 25. State Final Demand, Summary Components by State: Chain volume measures",NA
"6285","A2303040J","Northern Territory ; STATE FINAL DEMAND ;","NT","NT",1998-12-01,4882,"Q","$ Millions","Seasonally Adjusted",NA,"Quarterly","Table 25. State Final Demand, Summary Components by State: Chain volume measures",NA
"6286","A2303068K","Australian Capital Territory ; STATE FINAL DEMAND ;","ACT","ACT",1998-12-01,7821,"Q","$ Millions","Seasonally Adjusted",NA,"Quarterly","Table 25. State Final Demand, Summary Components by State: Chain volume measures",NA
"6287","A2303111F","New South Wales ; STATE FINAL DEMAND ;","NSW","NSW",1998-12-01,96713,"Q","$ Millions","Seasonally Adjusted",NA,"Quarterly","Table 25. State Final Demand, Summary Components by State: Chain volume measures",NA
"6288","A2303139J","Victoria ; STATE FINAL DEMAND ;","VIC","VIC",1998-12-01,68134,"Q","$ Millions","Seasonally Adjusted",NA,"Quarterly","Table 25. State Final Demand, Summary Components by State: Chain volume measures",NA
"6289","A2303187A","Queensland ; STATE FINAL DEMAND ;","QLD","QLD",1998-12-01,50512,"Q","$ Millions","Seasonally Adjusted",NA,"Quarterly","Table 25. State Final Demand, Summary Components by State: Chain volume measures",NA
"6290","A2304418T","Gross domestic product: Current prices ;","AUS","AUS",1998-12-01,155341,"Q","$ Millions","Seasonally Adjusted",NA,"Quarterly","Table 1. Key National Accounts Aggregates",NA
"6291","A2325846C","Index Numbers ; All groups CPI ; Australia ;","AUS","AUS",1998-12-01,67.8,"Q","Index Numbers","Original",NA,"Quarterly","TABLES 1 and 2. CPI: All Groups, Index Numbers and Percentage Changes",NA
"6292","A2718577A","Credits, Total goods ;","AUS","AUS",1998-12-01,7369,"M","$ Millions","Seasonally Adjusted",NA,"Monthly","TABLE 1. GOODS, Summary: Seasonally adjusted and trend estimates, Current prices",NA
"6293","A2718594C","Balance on goods ;","AUS","AUS",1998-12-01,-528,"M","$ Millions","Seasonally Adjusted",NA,"Monthly","TABLE 1. GOODS, Summary: Seasonally adjusted and trend estimates, Current prices",NA
"6294","FXRTWI","Trade-weighted Index May 1970 = 100","AUS","AUS",1998-12-01,55.2,"D","Index","Indicative","RBA","Daily","Historical Daily Exchange Rates Of The Australian Dollar Against:","Australian Dollar Trade-weighted Index"
"6295","FXRTWI","Trade-weighted Index May 1970 = 100","AUS","AUS",1998-12-02,55.5,"D","Index","Indicative","RBA","Daily","Historical Daily Exchange Rates Of The Australian Dollar Against:","Australian Dollar Trade-weighted Index"
"6296","FXRTWI","Trade-weighted Index May 1970 = 100","AUS","AUS",1998-12-03,54.3,"D","Index","Indicative","RBA","Daily","Historical Daily Exchange Rates Of The Australian Dollar Against:","Australian Dollar Trade-weighted Index"
"6297","FXRTWI","Trade-weighted Index May 1970 = 100","AUS","AUS",1998-12-04,54.1,"D","Index","Indicative","RBA","Daily","Historical Daily Exchange Rates Of The Australian Dollar Against:","Australian Dollar Trade-weighted Index"
"6298","FXRTWI","Trade-weighted Index May 1970 = 100","AUS","AUS",1998-12-07,53.7,"D","Index","Indicative","RBA","Daily","Historical Daily Exchange Rates Of The Australian Dollar Against:","Australian Dollar Trade-weighted Index"
"6299","FXRTWI","Trade-weighted Index May 1970 = 100","AUS","AUS",1998-12-08,53.9,"D","Index","Indicative","RBA","Daily","Historical Daily Exchange Rates Of The Australian Dollar Against:","Australian Dollar Trade-weighted Index"
"6300","FXRTWI","Trade-weighted Index May 1970 = 100","AUS","AUS",1998-12-09,53.4,"D","Index","Indicative","RBA","Daily","Historical Daily Exchange Rates Of The Australian Dollar Against:","Australian Dollar Trade-weighted Index"
"6301","FXRTWI","Trade-weighted Index May 1970 = 100","AUS","AUS",1998-12-10,53.5,"D","Index","Indicative","RBA","Daily","Historical Daily Exchange Rates Of The Australian Dollar Against:","Australian Dollar Trade-weighted Index"
"6302","FXRTWI","Trade-weighted Index May 1970 = 100","AUS","AUS",1998-12-11,53.9,"D","Index","Indicative","RBA","Daily","Historical Daily Exchange Rates Of The Australian Dollar Against:","Australian Dollar Trade-weighted Index"
"6303","FXRTWI","Trade-weighted Index May 1970 = 100","AUS","AUS",1998-12-14,53.3,"D","Index","Indicative","RBA","Daily","Historical Daily Exchange Rates Of The Australian Dollar Against:","Australian Dollar Trade-weighted Index"
"6304","FXRTWI","Trade-weighted Index May 1970 = 100","AUS","AUS",1998-12-15,53.6,"D","Index","Indicative","RBA","Daily","Historical Daily Exchange Rates Of The Australian Dollar Against:","Australian Dollar Trade-weighted Index"
"6305","FXRTWI","Trade-weighted Index May 1970 = 100","AUS","AUS",1998-12-16,53.9,"D","Index","Indicative","RBA","Daily","Historical Daily Exchange Rates Of The Australian Dollar Against:","Australian Dollar Trade-weighted Index"
"6306","FXRTWI","Trade-weighted Index May 1970 = 100","AUS","AUS",1998-12-17,54,"D","Index","Indicative","RBA","Daily","Historical Daily Exchange Rates Of The Australian Dollar Against:","Australian Dollar Trade-weighted Index"
"6307","FXRTWI","Trade-weighted Index May 1970 = 100","AUS","AUS",1998-12-18,53.5,"D","Index","Indicative","RBA","Daily","Historical Daily Exchange Rates Of The Australian Dollar Against:","Australian Dollar Trade-weighted Index"
"6308","FXRTWI","Trade-weighted Index May 1970 = 100","AUS","AUS",1998-12-21,53.4,"D","Index","Indicative","RBA","Daily","Historical Daily Exchange Rates Of The Australian Dollar Against:","Australian Dollar Trade-weighted Index"
"6309","FXRTWI","Trade-weighted Index May 1970 = 100","AUS","AUS",1998-12-22,53.3,"D","Index","Indicative","RBA","Daily","Historical Daily Exchange Rates Of The Australian Dollar Against:","Australian Dollar Trade-weighted Index"
"6310","FXRTWI","Trade-weighted Index May 1970 = 100","AUS","AUS",1998-12-23,52.9,"D","Index","Indicative","RBA","Daily","Historical Daily Exchange Rates Of The Australian Dollar Against:","Australian Dollar Trade-weighted Index"
"6311","FXRTWI","Trade-weighted Index May 1970 = 100","AUS","AUS",1998-12-24,52.8,"D","Index","Indicative","RBA","Daily","Historical Daily Exchange Rates Of The Australian Dollar Against:","Australian Dollar Trade-weighted Index"
"6312","FXRTWI","Trade-weighted Index May 1970 = 100","AUS","AUS",1998-12-29,52.8,"D","Index","Indicative","RBA","Daily","Historical Daily Exchange Rates Of The Australian Dollar Against:","Australian Dollar Trade-weighted Index"
"6313","FXRTWI","Trade-weighted Index May 1970 = 100","AUS","AUS",1998-12-30,52.8,"D","Index","Indicative","RBA","Daily","Historical Daily Exchange Rates Of The Australian Dollar Against:","Australian Dollar Trade-weighted Index"
"6314","DLCACS","Credit; Total; Seasonally adjusted","AUS","AUS",1998-12-31,595.756,"M","$ billion","Seasonally Adjusted","RBA","Monthly","D2 Lending And Credit Aggregates","Credit; Total; Seasonally adjusted – Includes securitisations – For series breaks see Series Breaks"
"6315","FIRMMCRT","Cash Rate Target","AUS","AUS",1998-12-31,4.76190476190476,"M","Per cent","Original","RBA","Monthly","F1.1 Interest Rates And Yields - Money Market","Cash Rate Target; monthly average"
"6316","FXRTWI","Trade-weighted Index May 1970 = 100","AUS","AUS",1998-12-31,53,"D","Index","Indicative","RBA","Daily","Historical Daily Exchange Rates Of The Australian Dollar Against:","Australian Dollar Trade-weighted Index"
"6317","FXRTWI","Trade-weighted Index May 1970 = 100","AUS","AUS",1998-12-31,53,"M","Index","Indicative","RBA","Monthly","F11 Exchange Rates","Australian Dollar Trade-weighted Index"
"6318","GCPIOCPMTMQP","Quarterly trimmed mean inflation","AUS","AUS",1998-12-31,0.4,"Q","Per cent","Seasonally Adjusted","ABS","Quarterly","G1 Consumer Price Inflation","Consumer price index; Trimmed mean; Quarterly change (in per cent)"
"6319","GRCPAISDR","Commodity prices – SDR","AUS","AUS",1998-12-31,23.7202303222579,"M","Index, 2023/24=100","Original","RBA","Monthly","I2 Commodity Prices","Index of commodity prices; All items; SDR"
"6320","A2718577A","Credits, Total goods ;","AUS","AUS",1999-01-01,7151,"M","$ Millions","Seasonally Adjusted",NA,"Monthly","TABLE 1. GOODS, Summary: Seasonally adjusted and trend estimates, Current prices",NA
"6321","A2718594C","Balance on goods ;","AUS","AUS",1999-01-01,-926,"M","$ Millions","Seasonally Adjusted",NA,"Monthly","TABLE 1. GOODS, Summary: Seasonally adjusted and trend estimates, Current prices",NA
"6322","FXRTWI","Trade-weighted Index May 1970 = 100","AUS","AUS",1999-01-04,52.7,"D","Index","Indicative","RBA","Daily","Historical Daily Exchange Rates Of The Australian Dollar Against:","Australian Dollar Trade-weighted Index"
"6323","FXRTWI","Trade-weighted Index May 1970 = 100","AUS","AUS",1999-01-05,53.3,"D","Index","Indicative","RBA","Daily","Historical Daily Exchange Rates Of The Australian Dollar Against:","Australian Dollar Trade-weighted Index"
"6324","FXRTWI","Trade-weighted Index May 1970 = 100","AUS","AUS",1999-01-06,53.1,"D","Index","Indicative","RBA","Daily","Historical Daily Exchange Rates Of The Australian Dollar Against:","Australian Dollar Trade-weighted Index"
"6325","FXRTWI","Trade-weighted Index May 1970 = 100","AUS","AUS",1999-01-07,54.2,"D","Index","Indicative","RBA","Daily","Historical Daily Exchange Rates Of The Australian Dollar Against:","Australian Dollar Trade-weighted Index"
"6326","FXRTWI","Trade-weighted Index May 1970 = 100","AUS","AUS",1999-01-08,54.2,"D","Index","Indicative","RBA","Daily","Historical Daily Exchange Rates Of The Australian Dollar Against:","Australian Dollar Trade-weighted Index"
"6327","FXRTWI","Trade-weighted Index May 1970 = 100","AUS","AUS",1999-01-11,54.3,"D","Index","Indicative","RBA","Daily","Historical Daily Exchange Rates Of The Australian Dollar Against:","Australian Dollar Trade-weighted Index"
"6328","FXRTWI","Trade-weighted Index May 1970 = 100","AUS","AUS",1999-01-12,54.9,"D","Index","Indicative","RBA","Daily","Historical Daily Exchange Rates Of The Australian Dollar Against:","Australian Dollar Trade-weighted Index"
"6329","FXRTWI","Trade-weighted Index May 1970 = 100","AUS","AUS",1999-01-13,54.8,"D","Index","Indicative","RBA","Daily","Historical Daily Exchange Rates Of The Australian Dollar Against:","Australian Dollar Trade-weighted Index"
"6330","FXRTWI","Trade-weighted Index May 1970 = 100","AUS","AUS",1999-01-14,54.6,"D","Index","Indicative","RBA","Daily","Historical Daily Exchange Rates Of The Australian Dollar Against:","Australian Dollar Trade-weighted Index"
"6331","FXRTWI","Trade-weighted Index May 1970 = 100","AUS","AUS",1999-01-15,54.6,"D","Index","Indicative","RBA","Daily","Historical Daily Exchange Rates Of The Australian Dollar Against:","Australian Dollar Trade-weighted Index"
"6332","FXRTWI","Trade-weighted Index May 1970 = 100","AUS","AUS",1999-01-18,55,"D","Index","Indicative","RBA","Daily","Historical Daily Exchange Rates Of The Australian Dollar Against:","Australian Dollar Trade-weighted Index"
"6333","FXRTWI","Trade-weighted Index May 1970 = 100","AUS","AUS",1999-01-19,54.9,"D","Index","Indicative","RBA","Daily","Historical Daily Exchange Rates Of The Australian Dollar Against:","Australian Dollar Trade-weighted Index"
"6334","FXRTWI","Trade-weighted Index May 1970 = 100","AUS","AUS",1999-01-20,55.1,"D","Index","Indicative","RBA","Daily","Historical Daily Exchange Rates Of The Australian Dollar Against:","Australian Dollar Trade-weighted Index"
"6335","FXRTWI","Trade-weighted Index May 1970 = 100","AUS","AUS",1999-01-21,55.2,"D","Index","Indicative","RBA","Daily","Historical Daily Exchange Rates Of The Australian Dollar Against:","Australian Dollar Trade-weighted Index"
"6336","FXRTWI","Trade-weighted Index May 1970 = 100","AUS","AUS",1999-01-22,55.3,"D","Index","Indicative","RBA","Daily","Historical Daily Exchange Rates Of The Australian Dollar Against:","Australian Dollar Trade-weighted Index"
"6337","FXRTWI","Trade-weighted Index May 1970 = 100","AUS","AUS",1999-01-25,54.9,"D","Index","Indicative","RBA","Daily","Historical Daily Exchange Rates Of The Australian Dollar Against:","Australian Dollar Trade-weighted Index"
"6338","FXRTWI","Trade-weighted Index May 1970 = 100","AUS","AUS",1999-01-27,54.7,"D","Index","Indicative","RBA","Daily","Historical Daily Exchange Rates Of The Australian Dollar Against:","Australian Dollar Trade-weighted Index"
"6339","FXRTWI","Trade-weighted Index May 1970 = 100","AUS","AUS",1999-01-28,54.6,"D","Index","Indicative","RBA","Daily","Historical Daily Exchange Rates Of The Australian Dollar Against:","Australian Dollar Trade-weighted Index"
"6340","FXRTWI","Trade-weighted Index May 1970 = 100","AUS","AUS",1999-01-29,54.8,"D","Index","Indicative","RBA","Daily","Historical Daily Exchange Rates Of The Australian Dollar Against:","Australian Dollar Trade-weighted Index"
"6341","DLCACS","Credit; Total; Seasonally adjusted","AUS","AUS",1999-01-31,601.492,"M","$ billion","Seasonally Adjusted","RBA","Monthly","D2 Lending And Credit Aggregates","Credit; Total; Seasonally adjusted – Includes securitisations – For series breaks see Series Breaks"
"6342","FIRMMCRT","Cash Rate Target","AUS","AUS",1999-01-31,4.75,"M","Per cent","Original","RBA","Monthly","F1.1 Interest Rates And Yields - Money Market","Cash Rate Target; monthly average"
"6343","FXRTWI","Trade-weighted Index May 1970 = 100","AUS","AUS",1999-01-31,54.8,"M","Index","Indicative","RBA","Monthly","F11 Exchange Rates","Australian Dollar Trade-weighted Index"
"6344","GRCPAISDR","Commodity prices – SDR","AUS","AUS",1999-01-31,23.8211867834612,"M","Index, 2023/24=100","Original","RBA","Monthly","I2 Commodity Prices","Index of commodity prices; All items; SDR"
"6345","A2718577A","Credits, Total goods ;","AUS","AUS",1999-02-01,6794,"M","$ Millions","Seasonally Adjusted",NA,"Monthly","TABLE 1. GOODS, Summary: Seasonally adjusted and trend estimates, Current prices",NA
"6346","A2718594C","Balance on goods ;","AUS","AUS",1999-02-01,-1324,"M","$ Millions","Seasonally Adjusted",NA,"Monthly","TABLE 1. GOODS, Summary: Seasonally adjusted and trend estimates, Current prices",NA
"6347","FXRTWI","Trade-weighted Index May 1970 = 100","AUS","AUS",1999-02-01,55,"D","Index","Indicative","RBA","Daily","Historical Daily Exchange Rates Of The Australian Dollar Against:","Australian Dollar Trade-weighted Index"
"6348","FXRTWI","Trade-weighted Index May 1970 = 100","AUS","AUS",1999-02-02,55.4,"D","Index","Indicative","RBA","Daily","Historical Daily Exchange Rates Of The Australian Dollar Against:","Australian Dollar Trade-weighted Index"
"6349","FXRTWI","Trade-weighted Index May 1970 = 100","AUS","AUS",1999-02-03,55.3,"D","Index","Indicative","RBA","Daily","Historical Daily Exchange Rates Of The Australian Dollar Against:","Australian Dollar Trade-weighted Index"
"6350","FXRTWI","Trade-weighted Index May 1970 = 100","AUS","AUS",1999-02-04,55.3,"D","Index","Indicative","RBA","Daily","Historical Daily Exchange Rates Of The Australian Dollar Against:","Australian Dollar Trade-weighted Index"
"6351","FXRTWI","Trade-weighted Index May 1970 = 100","AUS","AUS",1999-02-05,56.2,"D","Index","Indicative","RBA","Daily","Historical Daily Exchange Rates Of The Australian Dollar Against:","Australian Dollar Trade-weighted Index"
"6352","FXRTWI","Trade-weighted Index May 1970 = 100","AUS","AUS",1999-02-08,56.6,"D","Index","Indicative","RBA","Daily","Historical Daily Exchange Rates Of The Australian Dollar Against:","Australian Dollar Trade-weighted Index"
"6353","FXRTWI","Trade-weighted Index May 1970 = 100","AUS","AUS",1999-02-09,56.2,"D","Index","Indicative","RBA","Daily","Historical Daily Exchange Rates Of The Australian Dollar Against:","Australian Dollar Trade-weighted Index"
"6354","FXRTWI","Trade-weighted Index May 1970 = 100","AUS","AUS",1999-02-10,56,"D","Index","Indicative","RBA","Daily","Historical Daily Exchange Rates Of The Australian Dollar Against:","Australian Dollar Trade-weighted Index"
"6355","FXRTWI","Trade-weighted Index May 1970 = 100","AUS","AUS",1999-02-11,56.1,"D","Index","Indicative","RBA","Daily","Historical Daily Exchange Rates Of The Australian Dollar Against:","Australian Dollar Trade-weighted Index"
"6356","FXRTWI","Trade-weighted Index May 1970 = 100","AUS","AUS",1999-02-12,56.2,"D","Index","Indicative","RBA","Daily","Historical Daily Exchange Rates Of The Australian Dollar Against:","Australian Dollar Trade-weighted Index"
"6357","FXRTWI","Trade-weighted Index May 1970 = 100","AUS","AUS",1999-02-15,56.3,"D","Index","Indicative","RBA","Daily","Historical Daily Exchange Rates Of The Australian Dollar Against:","Australian Dollar Trade-weighted Index"
"6358","FXRTWI","Trade-weighted Index May 1970 = 100","AUS","AUS",1999-02-16,56.1,"D","Index","Indicative","RBA","Daily","Historical Daily Exchange Rates Of The Australian Dollar Against:","Australian Dollar Trade-weighted Index"
"6359","FXRTWI","Trade-weighted Index May 1970 = 100","AUS","AUS",1999-02-17,55.7,"D","Index","Indicative","RBA","Daily","Historical Daily Exchange Rates Of The Australian Dollar Against:","Australian Dollar Trade-weighted Index"
"6360","FXRTWI","Trade-weighted Index May 1970 = 100","AUS","AUS",1999-02-18,55.8,"D","Index","Indicative","RBA","Daily","Historical Daily Exchange Rates Of The Australian Dollar Against:","Australian Dollar Trade-weighted Index"
"6361","FXRTWI","Trade-weighted Index May 1970 = 100","AUS","AUS",1999-02-19,56,"D","Index","Indicative","RBA","Daily","Historical Daily Exchange Rates Of The Australian Dollar Against:","Australian Dollar Trade-weighted Index"
"6362","FXRTWI","Trade-weighted Index May 1970 = 100","AUS","AUS",1999-02-22,56.7,"D","Index","Indicative","RBA","Daily","Historical Daily Exchange Rates Of The Australian Dollar Against:","Australian Dollar Trade-weighted Index"
"6363","FXRTWI","Trade-weighted Index May 1970 = 100","AUS","AUS",1999-02-23,56.6,"D","Index","Indicative","RBA","Daily","Historical Daily Exchange Rates Of The Australian Dollar Against:","Australian Dollar Trade-weighted Index"
"6364","FXRTWI","Trade-weighted Index May 1970 = 100","AUS","AUS",1999-02-24,56.6,"D","Index","Indicative","RBA","Daily","Historical Daily Exchange Rates Of The Australian Dollar Against:","Australian Dollar Trade-weighted Index"
"6365","FXRTWI","Trade-weighted Index May 1970 = 100","AUS","AUS",1999-02-25,55.9,"D","Index","Indicative","RBA","Daily","Historical Daily Exchange Rates Of The Australian Dollar Against:","Australian Dollar Trade-weighted Index"
"6366","FXRTWI","Trade-weighted Index May 1970 = 100","AUS","AUS",1999-02-26,55.4,"D","Index","Indicative","RBA","Daily","Historical Daily Exchange Rates Of The Australian Dollar Against:","Australian Dollar Trade-weighted Index"
"6367","DLCACS","Credit; Total; Seasonally adjusted","AUS","AUS",1999-02-28,604.632,"M","$ billion","Seasonally Adjusted","RBA","Monthly","D2 Lending And Credit Aggregates","Credit; Total; Seasonally adjusted – Includes securitisations – For series breaks see Series Breaks"
"6368","FIRMMCRT","Cash Rate Target","AUS","AUS",1999-02-28,4.75,"M","Per cent","Original","RBA","Monthly","F1.1 Interest Rates And Yields - Money Market","Cash Rate Target; monthly average"
"6369","FXRTWI","Trade-weighted Index May 1970 = 100","AUS","AUS",1999-02-28,55.4,"M","Index","Indicative","RBA","Monthly","F11 Exchange Rates","Australian Dollar Trade-weighted Index"
"6370","GRCPAISDR","Commodity prices – SDR","AUS","AUS",1999-02-28,23.9928969166068,"M","Index, 2023/24=100","Original","RBA","Monthly","I2 Commodity Prices","Index of commodity prices; All items; SDR"
"6371","A2302956R","South Australia ; STATE FINAL DEMAND ;","SA","SA",1999-03-01,19253,"Q","$ Millions","Seasonally Adjusted",NA,"Quarterly","Table 25. State Final Demand, Summary Components by State: Chain volume measures",NA
"6372","A2302984X","Western Australia ; STATE FINAL DEMAND ;","WA","WA",1999-03-01,29510,"Q","$ Millions","Seasonally Adjusted",NA,"Quarterly","Table 25. State Final Demand, Summary Components by State: Chain volume measures",NA
"6373","A2303012X","Tasmania ; STATE FINAL DEMAND ;","TAS","TAS",1999-03-01,5997,"Q","$ Millions","Seasonally Adjusted",NA,"Quarterly","Table 25. State Final Demand, Summary Components by State: Chain volume measures",NA
"6374","A2303040J","Northern Territory ; STATE FINAL DEMAND ;","NT","NT",1999-03-01,4312,"Q","$ Millions","Seasonally Adjusted",NA,"Quarterly","Table 25. State Final Demand, Summary Components by State: Chain volume measures",NA
"6375","A2303068K","Australian Capital Territory ; STATE FINAL DEMAND ;","ACT","ACT",1999-03-01,7956,"Q","$ Millions","Seasonally Adjusted",NA,"Quarterly","Table 25. State Final Demand, Summary Components by State: Chain volume measures",NA
"6376","A2303111F","New South Wales ; STATE FINAL DEMAND ;","NSW","NSW",1999-03-01,98921,"Q","$ Millions","Seasonally Adjusted",NA,"Quarterly","Table 25. State Final Demand, Summary Components by State: Chain volume measures",NA
"6377","A2303139J","Victoria ; STATE FINAL DEMAND ;","VIC","VIC",1999-03-01,68659,"Q","$ Millions","Seasonally Adjusted",NA,"Quarterly","Table 25. State Final Demand, Summary Components by State: Chain volume measures",NA
"6378","A2303187A","Queensland ; STATE FINAL DEMAND ;","QLD","QLD",1999-03-01,51227,"Q","$ Millions","Seasonally Adjusted",NA,"Quarterly","Table 25. State Final Demand, Summary Components by State: Chain volume measures",NA
"6379","A2304418T","Gross domestic product: Current prices ;","AUS","AUS",1999-03-01,156801,"Q","$ Millions","Seasonally Adjusted",NA,"Quarterly","Table 1. Key National Accounts Aggregates",NA
"6380","A2325846C","Index Numbers ; All groups CPI ; Australia ;","AUS","AUS",1999-03-01,67.8,"Q","Index Numbers","Original",NA,"Quarterly","TABLES 1 and 2. CPI: All Groups, Index Numbers and Percentage Changes",NA
"6381","A2718577A","Credits, Total goods ;","AUS","AUS",1999-03-01,7101,"M","$ Millions","Seasonally Adjusted",NA,"Monthly","TABLE 1. GOODS, Summary: Seasonally adjusted and trend estimates, Current prices",NA
"6382","A2718594C","Balance on goods ;","AUS","AUS",1999-03-01,-1271,"M","$ Millions","Seasonally Adjusted",NA,"Monthly","TABLE 1. GOODS, Summary: Seasonally adjusted and trend estimates, Current prices",NA
"6383","FXRTWI","Trade-weighted Index May 1970 = 100","AUS","AUS",1999-03-01,54.9,"D","Index","Indicative","RBA","Daily","Historical Daily Exchange Rates Of The Australian Dollar Against:","Australian Dollar Trade-weighted Index"
"6384","FXRTWI","Trade-weighted Index May 1970 = 100","AUS","AUS",1999-03-02,55.2,"D","Index","Indicative","RBA","Daily","Historical Daily Exchange Rates Of The Australian Dollar Against:","Australian Dollar Trade-weighted Index"
"6385","FXRTWI","Trade-weighted Index May 1970 = 100","AUS","AUS",1999-03-03,55.7,"D","Index","Indicative","RBA","Daily","Historical Daily Exchange Rates Of The Australian Dollar Against:","Australian Dollar Trade-weighted Index"
"6386","FXRTWI","Trade-weighted Index May 1970 = 100","AUS","AUS",1999-03-04,55.6,"D","Index","Indicative","RBA","Daily","Historical Daily Exchange Rates Of The Australian Dollar Against:","Australian Dollar Trade-weighted Index"
"6387","FXRTWI","Trade-weighted Index May 1970 = 100","AUS","AUS",1999-03-05,56.2,"D","Index","Indicative","RBA","Daily","Historical Daily Exchange Rates Of The Australian Dollar Against:","Australian Dollar Trade-weighted Index"
"6388","FXRTWI","Trade-weighted Index May 1970 = 100","AUS","AUS",1999-03-08,56.2,"D","Index","Indicative","RBA","Daily","Historical Daily Exchange Rates Of The Australian Dollar Against:","Australian Dollar Trade-weighted Index"
"6389","FXRTWI","Trade-weighted Index May 1970 = 100","AUS","AUS",1999-03-09,56.3,"D","Index","Indicative","RBA","Daily","Historical Daily Exchange Rates Of The Australian Dollar Against:","Australian Dollar Trade-weighted Index"
"6390","FXRTWI","Trade-weighted Index May 1970 = 100","AUS","AUS",1999-03-10,56.5,"D","Index","Indicative","RBA","Daily","Historical Daily Exchange Rates Of The Australian Dollar Against:","Australian Dollar Trade-weighted Index"
"6391","FXRTWI","Trade-weighted Index May 1970 = 100","AUS","AUS",1999-03-11,56.6,"D","Index","Indicative","RBA","Daily","Historical Daily Exchange Rates Of The Australian Dollar Against:","Australian Dollar Trade-weighted Index"
"6392","FXRTWI","Trade-weighted Index May 1970 = 100","AUS","AUS",1999-03-12,56.4,"D","Index","Indicative","RBA","Daily","Historical Daily Exchange Rates Of The Australian Dollar Against:","Australian Dollar Trade-weighted Index"
"6393","FXRTWI","Trade-weighted Index May 1970 = 100","AUS","AUS",1999-03-15,56.2,"D","Index","Indicative","RBA","Daily","Historical Daily Exchange Rates Of The Australian Dollar Against:","Australian Dollar Trade-weighted Index"
"6394","FXRTWI","Trade-weighted Index May 1970 = 100","AUS","AUS",1999-03-16,55.6,"D","Index","Indicative","RBA","Daily","Historical Daily Exchange Rates Of The Australian Dollar Against:","Australian Dollar Trade-weighted Index"
"6395","FXRTWI","Trade-weighted Index May 1970 = 100","AUS","AUS",1999-03-17,55.5,"D","Index","Indicative","RBA","Daily","Historical Daily Exchange Rates Of The Australian Dollar Against:","Australian Dollar Trade-weighted Index"
"6396","FXRTWI","Trade-weighted Index May 1970 = 100","AUS","AUS",1999-03-18,55.7,"D","Index","Indicative","RBA","Daily","Historical Daily Exchange Rates Of The Australian Dollar Against:","Australian Dollar Trade-weighted Index"
"6397","FXRTWI","Trade-weighted Index May 1970 = 100","AUS","AUS",1999-03-19,55.5,"D","Index","Indicative","RBA","Daily","Historical Daily Exchange Rates Of The Australian Dollar Against:","Australian Dollar Trade-weighted Index"
"6398","FXRTWI","Trade-weighted Index May 1970 = 100","AUS","AUS",1999-03-22,55.8,"D","Index","Indicative","RBA","Daily","Historical Daily Exchange Rates Of The Australian Dollar Against:","Australian Dollar Trade-weighted Index"
"6399","FXRTWI","Trade-weighted Index May 1970 = 100","AUS","AUS",1999-03-23,56.5,"D","Index","Indicative","RBA","Daily","Historical Daily Exchange Rates Of The Australian Dollar Against:","Australian Dollar Trade-weighted Index"
"6400","FXRTWI","Trade-weighted Index May 1970 = 100","AUS","AUS",1999-03-24,56.5,"D","Index","Indicative","RBA","Daily","Historical Daily Exchange Rates Of The Australian Dollar Against:","Australian Dollar Trade-weighted Index"
"6401","FXRTWI","Trade-weighted Index May 1970 = 100","AUS","AUS",1999-03-25,56.4,"D","Index","Indicative","RBA","Daily","Historical Daily Exchange Rates Of The Australian Dollar Against:","Australian Dollar Trade-weighted Index"
"6402","FXRTWI","Trade-weighted Index May 1970 = 100","AUS","AUS",1999-03-26,56.6,"D","Index","Indicative","RBA","Daily","Historical Daily Exchange Rates Of The Australian Dollar Against:","Australian Dollar Trade-weighted Index"
"6403","FXRTWI","Trade-weighted Index May 1970 = 100","AUS","AUS",1999-03-29,56.5,"D","Index","Indicative","RBA","Daily","Historical Daily Exchange Rates Of The Australian Dollar Against:","Australian Dollar Trade-weighted Index"
"6404","FXRTWI","Trade-weighted Index May 1970 = 100","AUS","AUS",1999-03-30,56,"D","Index","Indicative","RBA","Daily","Historical Daily Exchange Rates Of The Australian Dollar Against:","Australian Dollar Trade-weighted Index"
"6405","DLCACS","Credit; Total; Seasonally adjusted","AUS","AUS",1999-03-31,610.536,"M","$ billion","Seasonally Adjusted","RBA","Monthly","D2 Lending And Credit Aggregates","Credit; Total; Seasonally adjusted – Includes securitisations – For series breaks see Series Breaks"
"6406","FIRMMCRT","Cash Rate Target","AUS","AUS",1999-03-31,4.75,"M","Per cent","Original","RBA","Monthly","F1.1 Interest Rates And Yields - Money Market","Cash Rate Target; monthly average"
"6407","FXRTWI","Trade-weighted Index May 1970 = 100","AUS","AUS",1999-03-31,56.1,"D","Index","Indicative","RBA","Daily","Historical Daily Exchange Rates Of The Australian Dollar Against:","Australian Dollar Trade-weighted Index"
"6408","FXRTWI","Trade-weighted Index May 1970 = 100","AUS","AUS",1999-03-31,56.1,"M","Index","Indicative","RBA","Monthly","F11 Exchange Rates","Australian Dollar Trade-weighted Index"
"6409","GCPIOCPMTMQP","Quarterly trimmed mean inflation","AUS","AUS",1999-03-31,0.5,"Q","Per cent","Seasonally Adjusted","ABS","Quarterly","G1 Consumer Price Inflation","Consumer price index; Trimmed mean; Quarterly change (in per cent)"
"6410","GRCPAISDR","Commodity prices – SDR","AUS","AUS",1999-03-31,24.3894810346776,"M","Index, 2023/24=100","Original","RBA","Monthly","I2 Commodity Prices","Index of commodity prices; All items; SDR"
"6411","A2718577A","Credits, Total goods ;","AUS","AUS",1999-04-01,6548,"M","$ Millions","Seasonally Adjusted",NA,"Monthly","TABLE 1. GOODS, Summary: Seasonally adjusted and trend estimates, Current prices",NA
"6412","A2718594C","Balance on goods ;","AUS","AUS",1999-04-01,-1628,"M","$ Millions","Seasonally Adjusted",NA,"Monthly","TABLE 1. GOODS, Summary: Seasonally adjusted and trend estimates, Current prices",NA
"6413","FXRTWI","Trade-weighted Index May 1970 = 100","AUS","AUS",1999-04-01,56.4,"D","Index","Indicative","RBA","Daily","Historical Daily Exchange Rates Of The Australian Dollar Against:","Australian Dollar Trade-weighted Index"
"6414","FXRTWI","Trade-weighted Index May 1970 = 100","AUS","AUS",1999-04-06,56.4,"D","Index","Indicative","RBA","Daily","Historical Daily Exchange Rates Of The Australian Dollar Against:","Australian Dollar Trade-weighted Index"
"6415","FXRTWI","Trade-weighted Index May 1970 = 100","AUS","AUS",1999-04-07,56.2,"D","Index","Indicative","RBA","Daily","Historical Daily Exchange Rates Of The Australian Dollar Against:","Australian Dollar Trade-weighted Index"
"6416","FXRTWI","Trade-weighted Index May 1970 = 100","AUS","AUS",1999-04-08,55.7,"D","Index","Indicative","RBA","Daily","Historical Daily Exchange Rates Of The Australian Dollar Against:","Australian Dollar Trade-weighted Index"
"6417","FXRTWI","Trade-weighted Index May 1970 = 100","AUS","AUS",1999-04-09,56.1,"D","Index","Indicative","RBA","Daily","Historical Daily Exchange Rates Of The Australian Dollar Against:","Australian Dollar Trade-weighted Index"
"6418","FXRTWI","Trade-weighted Index May 1970 = 100","AUS","AUS",1999-04-12,56.6,"D","Index","Indicative","RBA","Daily","Historical Daily Exchange Rates Of The Australian Dollar Against:","Australian Dollar Trade-weighted Index"
"6419","FXRTWI","Trade-weighted Index May 1970 = 100","AUS","AUS",1999-04-13,56.5,"D","Index","Indicative","RBA","Daily","Historical Daily Exchange Rates Of The Australian Dollar Against:","Australian Dollar Trade-weighted Index"
"6420","FXRTWI","Trade-weighted Index May 1970 = 100","AUS","AUS",1999-04-14,56.4,"D","Index","Indicative","RBA","Daily","Historical Daily Exchange Rates Of The Australian Dollar Against:","Australian Dollar Trade-weighted Index"
"6421","FXRTWI","Trade-weighted Index May 1970 = 100","AUS","AUS",1999-04-15,56.2,"D","Index","Indicative","RBA","Daily","Historical Daily Exchange Rates Of The Australian Dollar Against:","Australian Dollar Trade-weighted Index"
"6422","FXRTWI","Trade-weighted Index May 1970 = 100","AUS","AUS",1999-04-16,57,"D","Index","Indicative","RBA","Daily","Historical Daily Exchange Rates Of The Australian Dollar Against:","Australian Dollar Trade-weighted Index"
"6423","FXRTWI","Trade-weighted Index May 1970 = 100","AUS","AUS",1999-04-19,57.4,"D","Index","Indicative","RBA","Daily","Historical Daily Exchange Rates Of The Australian Dollar Against:","Australian Dollar Trade-weighted Index"
"6424","FXRTWI","Trade-weighted Index May 1970 = 100","AUS","AUS",1999-04-20,57.5,"D","Index","Indicative","RBA","Daily","Historical Daily Exchange Rates Of The Australian Dollar Against:","Australian Dollar Trade-weighted Index"
"6425","FXRTWI","Trade-weighted Index May 1970 = 100","AUS","AUS",1999-04-21,57.6,"D","Index","Indicative","RBA","Daily","Historical Daily Exchange Rates Of The Australian Dollar Against:","Australian Dollar Trade-weighted Index"
"6426","FXRTWI","Trade-weighted Index May 1970 = 100","AUS","AUS",1999-04-22,57.4,"D","Index","Indicative","RBA","Daily","Historical Daily Exchange Rates Of The Australian Dollar Against:","Australian Dollar Trade-weighted Index"
"6427","FXRTWI","Trade-weighted Index May 1970 = 100","AUS","AUS",1999-04-23,58,"D","Index","Indicative","RBA","Daily","Historical Daily Exchange Rates Of The Australian Dollar Against:","Australian Dollar Trade-weighted Index"
"6428","FXRTWI","Trade-weighted Index May 1970 = 100","AUS","AUS",1999-04-27,57.5,"D","Index","Indicative","RBA","Daily","Historical Daily Exchange Rates Of The Australian Dollar Against:","Australian Dollar Trade-weighted Index"
"6429","FXRTWI","Trade-weighted Index May 1970 = 100","AUS","AUS",1999-04-28,57.7,"D","Index","Indicative","RBA","Daily","Historical Daily Exchange Rates Of The Australian Dollar Against:","Australian Dollar Trade-weighted Index"
"6430","FXRTWI","Trade-weighted Index May 1970 = 100","AUS","AUS",1999-04-29,57.8,"D","Index","Indicative","RBA","Daily","Historical Daily Exchange Rates Of The Australian Dollar Against:","Australian Dollar Trade-weighted Index"
"6431","DLCACS","Credit; Total; Seasonally adjusted","AUS","AUS",1999-04-30,617.414,"M","$ billion","Seasonally Adjusted","RBA","Monthly","D2 Lending And Credit Aggregates","Credit; Total; Seasonally adjusted – Includes securitisations – For series breaks see Series Breaks"
"6432","FIRMMCRT","Cash Rate Target","AUS","AUS",1999-04-30,4.75,"M","Per cent","Original","RBA","Monthly","F1.1 Interest Rates And Yields - Money Market","Cash Rate Target; monthly average"
"6433","FXRTWI","Trade-weighted Index May 1970 = 100","AUS","AUS",1999-04-30,58.3,"D","Index","Indicative","RBA","Daily","Historical Daily Exchange Rates Of The Australian Dollar Against:","Australian Dollar Trade-weighted Index"
"6434","FXRTWI","Trade-weighted Index May 1970 = 100","AUS","AUS",1999-04-30,58.3,"M","Index","Indicative","RBA","Monthly","F11 Exchange Rates","Australian Dollar Trade-weighted Index"
"6435","GRCPAISDR","Commodity prices – SDR","AUS","AUS",1999-04-30,24.181400437614,"M","Index, 2023/24=100","Original","RBA","Monthly","I2 Commodity Prices","Index of commodity prices; All items; SDR"
"6436","A2718577A","Credits, Total goods ;","AUS","AUS",1999-05-01,6724,"M","$ Millions","Seasonally Adjusted",NA,"Monthly","TABLE 1. GOODS, Summary: Seasonally adjusted and trend estimates, Current prices",NA
"6437","A2718594C","Balance on goods ;","AUS","AUS",1999-05-01,-1368,"M","$ Millions","Seasonally Adjusted",NA,"Monthly","TABLE 1. GOODS, Summary: Seasonally adjusted and trend estimates, Current prices",NA
"6438","FXRTWI","Trade-weighted Index May 1970 = 100","AUS","AUS",1999-05-03,58.5,"D","Index","Indicative","RBA","Daily","Historical Daily Exchange Rates Of The Australian Dollar Against:","Australian Dollar Trade-weighted Index"
"6439","FXRTWI","Trade-weighted Index May 1970 = 100","AUS","AUS",1999-05-04,58.6,"D","Index","Indicative","RBA","Daily","Historical Daily Exchange Rates Of The Australian Dollar Against:","Australian Dollar Trade-weighted Index"
"6440","FXRTWI","Trade-weighted Index May 1970 = 100","AUS","AUS",1999-05-05,58.4,"D","Index","Indicative","RBA","Daily","Historical Daily Exchange Rates Of The Australian Dollar Against:","Australian Dollar Trade-weighted Index"
"6441","FXRTWI","Trade-weighted Index May 1970 = 100","AUS","AUS",1999-05-06,59.2,"D","Index","Indicative","RBA","Daily","Historical Daily Exchange Rates Of The Australian Dollar Against:","Australian Dollar Trade-weighted Index"
"6442","FXRTWI","Trade-weighted Index May 1970 = 100","AUS","AUS",1999-05-07,59.3,"D","Index","Indicative","RBA","Daily","Historical Daily Exchange Rates Of The Australian Dollar Against:","Australian Dollar Trade-weighted Index"
"6443","FXRTWI","Trade-weighted Index May 1970 = 100","AUS","AUS",1999-05-10,59.1,"D","Index","Indicative","RBA","Daily","Historical Daily Exchange Rates Of The Australian Dollar Against:","Australian Dollar Trade-weighted Index"
"6444","FXRTWI","Trade-weighted Index May 1970 = 100","AUS","AUS",1999-05-11,58.7,"D","Index","Indicative","RBA","Daily","Historical Daily Exchange Rates Of The Australian Dollar Against:","Australian Dollar Trade-weighted Index"
"6445","FXRTWI","Trade-weighted Index May 1970 = 100","AUS","AUS",1999-05-12,59.3,"D","Index","Indicative","RBA","Daily","Historical Daily Exchange Rates Of The Australian Dollar Against:","Australian Dollar Trade-weighted Index"
"6446","FXRTWI","Trade-weighted Index May 1970 = 100","AUS","AUS",1999-05-13,58.9,"D","Index","Indicative","RBA","Daily","Historical Daily Exchange Rates Of The Australian Dollar Against:","Australian Dollar Trade-weighted Index"
"6447","FXRTWI","Trade-weighted Index May 1970 = 100","AUS","AUS",1999-05-14,59.2,"D","Index","Indicative","RBA","Daily","Historical Daily Exchange Rates Of The Australian Dollar Against:","Australian Dollar Trade-weighted Index"
"6448","FXRTWI","Trade-weighted Index May 1970 = 100","AUS","AUS",1999-05-17,59,"D","Index","Indicative","RBA","Daily","Historical Daily Exchange Rates Of The Australian Dollar Against:","Australian Dollar Trade-weighted Index"
"6449","FXRTWI","Trade-weighted Index May 1970 = 100","AUS","AUS",1999-05-18,59.8,"D","Index","Indicative","RBA","Daily","Historical Daily Exchange Rates Of The Australian Dollar Against:","Australian Dollar Trade-weighted Index"
"6450","FXRTWI","Trade-weighted Index May 1970 = 100","AUS","AUS",1999-05-19,59,"D","Index","Indicative","RBA","Daily","Historical Daily Exchange Rates Of The Australian Dollar Against:","Australian Dollar Trade-weighted Index"
"6451","FXRTWI","Trade-weighted Index May 1970 = 100","AUS","AUS",1999-05-20,58.9,"D","Index","Indicative","RBA","Daily","Historical Daily Exchange Rates Of The Australian Dollar Against:","Australian Dollar Trade-weighted Index"
"6452","FXRTWI","Trade-weighted Index May 1970 = 100","AUS","AUS",1999-05-21,59.2,"D","Index","Indicative","RBA","Daily","Historical Daily Exchange Rates Of The Australian Dollar Against:","Australian Dollar Trade-weighted Index"
"6453","FXRTWI","Trade-weighted Index May 1970 = 100","AUS","AUS",1999-05-24,58.7,"D","Index","Indicative","RBA","Daily","Historical Daily Exchange Rates Of The Australian Dollar Against:","Australian Dollar Trade-weighted Index"
"6454","FXRTWI","Trade-weighted Index May 1970 = 100","AUS","AUS",1999-05-25,58.8,"D","Index","Indicative","RBA","Daily","Historical Daily Exchange Rates Of The Australian Dollar Against:","Australian Dollar Trade-weighted Index"
"6455","FXRTWI","Trade-weighted Index May 1970 = 100","AUS","AUS",1999-05-26,57.9,"D","Index","Indicative","RBA","Daily","Historical Daily Exchange Rates Of The Australian Dollar Against:","Australian Dollar Trade-weighted Index"
"6456","FXRTWI","Trade-weighted Index May 1970 = 100","AUS","AUS",1999-05-27,58.2,"D","Index","Indicative","RBA","Daily","Historical Daily Exchange Rates Of The Australian Dollar Against:","Australian Dollar Trade-weighted Index"
"6457","FXRTWI","Trade-weighted Index May 1970 = 100","AUS","AUS",1999-05-28,58.2,"D","Index","Indicative","RBA","Daily","Historical Daily Exchange Rates Of The Australian Dollar Against:","Australian Dollar Trade-weighted Index"
"6458","DLCACS","Credit; Total; Seasonally adjusted","AUS","AUS",1999-05-31,620.46,"M","$ billion","Seasonally Adjusted","RBA","Monthly","D2 Lending And Credit Aggregates","Credit; Total; Seasonally adjusted – Includes securitisations – For series breaks see Series Breaks"
"6459","FIRMMCRT","Cash Rate Target","AUS","AUS",1999-05-31,4.75,"M","Per cent","Original","RBA","Monthly","F1.1 Interest Rates And Yields - Money Market","Cash Rate Target; monthly average"
"6460","FXRTWI","Trade-weighted Index May 1970 = 100","AUS","AUS",1999-05-31,58,"D","Index","Indicative","RBA","Daily","Historical Daily Exchange Rates Of The Australian Dollar Against:","Australian Dollar Trade-weighted Index"
"6461","FXRTWI","Trade-weighted Index May 1970 = 100","AUS","AUS",1999-05-31,58,"M","Index","Indicative","RBA","Monthly","F11 Exchange Rates","Australian Dollar Trade-weighted Index"
"6462","GRCPAISDR","Commodity prices – SDR","AUS","AUS",1999-05-31,24.2324241945831,"M","Index, 2023/24=100","Original","RBA","Monthly","I2 Commodity Prices","Index of commodity prices; All items; SDR"
"6463","A2302956R","South Australia ; STATE FINAL DEMAND ;","SA","SA",1999-06-01,19068,"Q","$ Millions","Seasonally Adjusted",NA,"Quarterly","Table 25. State Final Demand, Summary Components by State: Chain volume measures",NA
"6464","A2302984X","Western Australia ; STATE FINAL DEMAND ;","WA","WA",1999-06-01,29073,"Q","$ Millions","Seasonally Adjusted",NA,"Quarterly","Table 25. State Final Demand, Summary Components by State: Chain volume measures",NA
"6465","A2303012X","Tasmania ; STATE FINAL DEMAND ;","TAS","TAS",1999-06-01,5917,"Q","$ Millions","Seasonally Adjusted",NA,"Quarterly","Table 25. State Final Demand, Summary Components by State: Chain volume measures",NA
"6466","A2303040J","Northern Territory ; STATE FINAL DEMAND ;","NT","NT",1999-06-01,4362,"Q","$ Millions","Seasonally Adjusted",NA,"Quarterly","Table 25. State Final Demand, Summary Components by State: Chain volume measures",NA
"6467","A2303068K","Australian Capital Territory ; STATE FINAL DEMAND ;","ACT","ACT",1999-06-01,7789,"Q","$ Millions","Seasonally Adjusted",NA,"Quarterly","Table 25. State Final Demand, Summary Components by State: Chain volume measures",NA
"6468","A2303111F","New South Wales ; STATE FINAL DEMAND ;","NSW","NSW",1999-06-01,99353,"Q","$ Millions","Seasonally Adjusted",NA,"Quarterly","Table 25. State Final Demand, Summary Components by State: Chain volume measures",NA
"6469","A2303139J","Victoria ; STATE FINAL DEMAND ;","VIC","VIC",1999-06-01,70024,"Q","$ Millions","Seasonally Adjusted",NA,"Quarterly","Table 25. State Final Demand, Summary Components by State: Chain volume measures",NA
"6470","A2303187A","Queensland ; STATE FINAL DEMAND ;","QLD","QLD",1999-06-01,51629,"Q","$ Millions","Seasonally Adjusted",NA,"Quarterly","Table 25. State Final Demand, Summary Components by State: Chain volume measures",NA
"6471","A2304418T","Gross domestic product: Current prices ;","AUS","AUS",1999-06-01,157667,"Q","$ Millions","Seasonally Adjusted",NA,"Quarterly","Table 1. Key National Accounts Aggregates",NA
"6472","A2325846C","Index Numbers ; All groups CPI ; Australia ;","AUS","AUS",1999-06-01,68.1,"Q","Index Numbers","Original",NA,"Quarterly","TABLES 1 and 2. CPI: All Groups, Index Numbers and Percentage Changes",NA
"6473","A2336320R","New South Wales ; Gross state product: Current prices ;","NSW","NSW",1999-06-01,226302,"Annual","$ Millions","Original",NA,"Annual","Table 1. Gross State Product, Chain volume measures and current prices",NA
"6474","A2336321T","Victoria ; Gross state product: Current prices ;","VIC","VIC",1999-06-01,157041,"Annual","$ Millions","Original",NA,"Annual","Table 1. Gross State Product, Chain volume measures and current prices",NA
"6475","A2336322V","Queensland ; Gross state product: Current prices ;","QLD","QLD",1999-06-01,101102,"Annual","$ Millions","Original",NA,"Annual","Table 1. Gross State Product, Chain volume measures and current prices",NA
"6476","A2336323W","South Australia ; Gross state product: Current prices ;","SA","SA",1999-06-01,44040,"Annual","$ Millions","Original",NA,"Annual","Table 1. Gross State Product, Chain volume measures and current prices",NA
"6477","A2336324X","Western Australia ; Gross state product: Current prices ;","WA","WA",1999-06-01,62394,"Annual","$ Millions","Original",NA,"Annual","Table 1. Gross State Product, Chain volume measures and current prices",NA
"6478","A2336325A","Tasmania ; Gross state product: Current prices ;","TAS","TAS",1999-06-01,12015,"Annual","$ Millions","Original",NA,"Annual","Table 1. Gross State Product, Chain volume measures and current prices",NA
"6479","A2336326C","Northern Territory ; Gross state product: Current prices ;","NT","NT",1999-06-01,6863,"Annual","$ Millions","Original",NA,"Annual","Table 1. Gross State Product, Chain volume measures and current prices",NA
"6480","A2336327F","Australian Capital Territory ; Gross state product: Current prices ;","ACT","ACT",1999-06-01,12050,"Annual","$ Millions","Original",NA,"Annual","Table 1. Gross State Product, Chain volume measures and current prices",NA
"6481","A2718577A","Credits, Total goods ;","AUS","AUS",1999-06-01,6770,"M","$ Millions","Seasonally Adjusted",NA,"Monthly","TABLE 1. GOODS, Summary: Seasonally adjusted and trend estimates, Current prices",NA
"6482","A2718594C","Balance on goods ;","AUS","AUS",1999-06-01,-1263,"M","$ Millions","Seasonally Adjusted",NA,"Monthly","TABLE 1. GOODS, Summary: Seasonally adjusted and trend estimates, Current prices",NA
"6483","FXRTWI","Trade-weighted Index May 1970 = 100","AUS","AUS",1999-06-01,57.7,"D","Index","Indicative","RBA","Daily","Historical Daily Exchange Rates Of The Australian Dollar Against:","Australian Dollar Trade-weighted Index"
"6484","FXRTWI","Trade-weighted Index May 1970 = 100","AUS","AUS",1999-06-02,57.5,"D","Index","Indicative","RBA","Daily","Historical Daily Exchange Rates Of The Australian Dollar Against:","Australian Dollar Trade-weighted Index"
"6485","FXRTWI","Trade-weighted Index May 1970 = 100","AUS","AUS",1999-06-03,57.5,"D","Index","Indicative","RBA","Daily","Historical Daily Exchange Rates Of The Australian Dollar Against:","Australian Dollar Trade-weighted Index"
"6486","FXRTWI","Trade-weighted Index May 1970 = 100","AUS","AUS",1999-06-04,58.2,"D","Index","Indicative","RBA","Daily","Historical Daily Exchange Rates Of The Australian Dollar Against:","Australian Dollar Trade-weighted Index"
"6487","FXRTWI","Trade-weighted Index May 1970 = 100","AUS","AUS",1999-06-07,58.7,"D","Index","Indicative","RBA","Daily","Historical Daily Exchange Rates Of The Australian Dollar Against:","Australian Dollar Trade-weighted Index"
"6488","FXRTWI","Trade-weighted Index May 1970 = 100","AUS","AUS",1999-06-08,58.8,"D","Index","Indicative","RBA","Daily","Historical Daily Exchange Rates Of The Australian Dollar Against:","Australian Dollar Trade-weighted Index"
"6489","FXRTWI","Trade-weighted Index May 1970 = 100","AUS","AUS",1999-06-09,58.3,"D","Index","Indicative","RBA","Daily","Historical Daily Exchange Rates Of The Australian Dollar Against:","Australian Dollar Trade-weighted Index"
"6490","FXRTWI","Trade-weighted Index May 1970 = 100","AUS","AUS",1999-06-10,58.4,"D","Index","Indicative","RBA","Daily","Historical Daily Exchange Rates Of The Australian Dollar Against:","Australian Dollar Trade-weighted Index"
"6491","FXRTWI","Trade-weighted Index May 1970 = 100","AUS","AUS",1999-06-11,58.7,"D","Index","Indicative","RBA","Daily","Historical Daily Exchange Rates Of The Australian Dollar Against:","Australian Dollar Trade-weighted Index"
"6492","FXRTWI","Trade-weighted Index May 1970 = 100","AUS","AUS",1999-06-15,58.5,"D","Index","Indicative","RBA","Daily","Historical Daily Exchange Rates Of The Australian Dollar Against:","Australian Dollar Trade-weighted Index"
"6493","FXRTWI","Trade-weighted Index May 1970 = 100","AUS","AUS",1999-06-16,58.4,"D","Index","Indicative","RBA","Daily","Historical Daily Exchange Rates Of The Australian Dollar Against:","Australian Dollar Trade-weighted Index"
"6494","FXRTWI","Trade-weighted Index May 1970 = 100","AUS","AUS",1999-06-17,58.6,"D","Index","Indicative","RBA","Daily","Historical Daily Exchange Rates Of The Australian Dollar Against:","Australian Dollar Trade-weighted Index"
"6495","FXRTWI","Trade-weighted Index May 1970 = 100","AUS","AUS",1999-06-18,58,"D","Index","Indicative","RBA","Daily","Historical Daily Exchange Rates Of The Australian Dollar Against:","Australian Dollar Trade-weighted Index"
"6496","FXRTWI","Trade-weighted Index May 1970 = 100","AUS","AUS",1999-06-21,58,"D","Index","Indicative","RBA","Daily","Historical Daily Exchange Rates Of The Australian Dollar Against:","Australian Dollar Trade-weighted Index"
"6497","FXRTWI","Trade-weighted Index May 1970 = 100","AUS","AUS",1999-06-22,57.8,"D","Index","Indicative","RBA","Daily","Historical Daily Exchange Rates Of The Australian Dollar Against:","Australian Dollar Trade-weighted Index"
"6498","FXRTWI","Trade-weighted Index May 1970 = 100","AUS","AUS",1999-06-23,58.1,"D","Index","Indicative","RBA","Daily","Historical Daily Exchange Rates Of The Australian Dollar Against:","Australian Dollar Trade-weighted Index"
"6499","FXRTWI","Trade-weighted Index May 1970 = 100","AUS","AUS",1999-06-24,58.4,"D","Index","Indicative","RBA","Daily","Historical Daily Exchange Rates Of The Australian Dollar Against:","Australian Dollar Trade-weighted Index"
"6500","FXRTWI","Trade-weighted Index May 1970 = 100","AUS","AUS",1999-06-25,58.6,"D","Index","Indicative","RBA","Daily","Historical Daily Exchange Rates Of The Australian Dollar Against:","Australian Dollar Trade-weighted Index"
"6501","FXRTWI","Trade-weighted Index May 1970 = 100","AUS","AUS",1999-06-28,58.4,"D","Index","Indicative","RBA","Daily","Historical Daily Exchange Rates Of The Australian Dollar Against:","Australian Dollar Trade-weighted Index"
"6502","FXRTWI","Trade-weighted Index May 1970 = 100","AUS","AUS",1999-06-29,58.3,"D","Index","Indicative","RBA","Daily","Historical Daily Exchange Rates Of The Australian Dollar Against:","Australian Dollar Trade-weighted Index"
"6503","DLCACS","Credit; Total; Seasonally adjusted","AUS","AUS",1999-06-30,624.62,"M","$ billion","Seasonally Adjusted","RBA","Monthly","D2 Lending And Credit Aggregates","Credit; Total; Seasonally adjusted – Includes securitisations – For series breaks see Series Breaks"
"6504","FIRMMCRT","Cash Rate Target","AUS","AUS",1999-06-30,4.75,"M","Per cent","Original","RBA","Monthly","F1.1 Interest Rates And Yields - Money Market","Cash Rate Target; monthly average"
"6505","FXRTWI","Trade-weighted Index May 1970 = 100","AUS","AUS",1999-06-30,58.4,"D","Index","Indicative","RBA","Daily","Historical Daily Exchange Rates Of The Australian Dollar Against:","Australian Dollar Trade-weighted Index"
"6506","FXRTWI","Trade-weighted Index May 1970 = 100","AUS","AUS",1999-06-30,58.4,"M","Index","Indicative","RBA","Monthly","F11 Exchange Rates","Australian Dollar Trade-weighted Index"
"6507","GCPIOCPMTMQP","Quarterly trimmed mean inflation","AUS","AUS",1999-06-30,0.4,"Q","Per cent","Seasonally Adjusted","ABS","Quarterly","G1 Consumer Price Inflation","Consumer price index; Trimmed mean; Quarterly change (in per cent)"
"6508","GRCPAISDR","Commodity prices – SDR","AUS","AUS",1999-06-30,24.4558759683849,"M","Index, 2023/24=100","Original","RBA","Monthly","I2 Commodity Prices","Index of commodity prices; All items; SDR"
"6509","A2718577A","Credits, Total goods ;","AUS","AUS",1999-07-01,7169,"M","$ Millions","Seasonally Adjusted",NA,"Monthly","TABLE 1. GOODS, Summary: Seasonally adjusted and trend estimates, Current prices",NA
"6510","A2718594C","Balance on goods ;","AUS","AUS",1999-07-01,-1002,"M","$ Millions","Seasonally Adjusted",NA,"Monthly","TABLE 1. GOODS, Summary: Seasonally adjusted and trend estimates, Current prices",NA
"6511","FXRTWI","Trade-weighted Index May 1970 = 100","AUS","AUS",1999-07-01,59.2,"D","Index","Indicative","RBA","Daily","Historical Daily Exchange Rates Of The Australian Dollar Against:","Australian Dollar Trade-weighted Index"
"6512","FXRTWI","Trade-weighted Index May 1970 = 100","AUS","AUS",1999-07-02,59.2,"D","Index","Indicative","RBA","Daily","Historical Daily Exchange Rates Of The Australian Dollar Against:","Australian Dollar Trade-weighted Index"
"6513","FXRTWI","Trade-weighted Index May 1970 = 100","AUS","AUS",1999-07-05,59.3,"D","Index","Indicative","RBA","Daily","Historical Daily Exchange Rates Of The Australian Dollar Against:","Australian Dollar Trade-weighted Index"
"6514","FXRTWI","Trade-weighted Index May 1970 = 100","AUS","AUS",1999-07-06,59.6,"D","Index","Indicative","RBA","Daily","Historical Daily Exchange Rates Of The Australian Dollar Against:","Australian Dollar Trade-weighted Index"
"6515","FXRTWI","Trade-weighted Index May 1970 = 100","AUS","AUS",1999-07-07,59,"D","Index","Indicative","RBA","Daily","Historical Daily Exchange Rates Of The Australian Dollar Against:","Australian Dollar Trade-weighted Index"
"6516","FXRTWI","Trade-weighted Index May 1970 = 100","AUS","AUS",1999-07-08,59.6,"D","Index","Indicative","RBA","Daily","Historical Daily Exchange Rates Of The Australian Dollar Against:","Australian Dollar Trade-weighted Index"
"6517","FXRTWI","Trade-weighted Index May 1970 = 100","AUS","AUS",1999-07-09,59.2,"D","Index","Indicative","RBA","Daily","Historical Daily Exchange Rates Of The Australian Dollar Against:","Australian Dollar Trade-weighted Index"
"6518","FXRTWI","Trade-weighted Index May 1970 = 100","AUS","AUS",1999-07-12,59.4,"D","Index","Indicative","RBA","Daily","Historical Daily Exchange Rates Of The Australian Dollar Against:","Australian Dollar Trade-weighted Index"
"6519","FXRTWI","Trade-weighted Index May 1970 = 100","AUS","AUS",1999-07-13,59.2,"D","Index","Indicative","RBA","Daily","Historical Daily Exchange Rates Of The Australian Dollar Against:","Australian Dollar Trade-weighted Index"
"6520","FXRTWI","Trade-weighted Index May 1970 = 100","AUS","AUS",1999-07-14,58.9,"D","Index","Indicative","RBA","Daily","Historical Daily Exchange Rates Of The Australian Dollar Against:","Australian Dollar Trade-weighted Index"
"6521","FXRTWI","Trade-weighted Index May 1970 = 100","AUS","AUS",1999-07-15,58.6,"D","Index","Indicative","RBA","Daily","Historical Daily Exchange Rates Of The Australian Dollar Against:","Australian Dollar Trade-weighted Index"
"6522","FXRTWI","Trade-weighted Index May 1970 = 100","AUS","AUS",1999-07-16,58.8,"D","Index","Indicative","RBA","Daily","Historical Daily Exchange Rates Of The Australian Dollar Against:","Australian Dollar Trade-weighted Index"
"6523","FXRTWI","Trade-weighted Index May 1970 = 100","AUS","AUS",1999-07-19,58.7,"D","Index","Indicative","RBA","Daily","Historical Daily Exchange Rates Of The Australian Dollar Against:","Australian Dollar Trade-weighted Index"
"6524","FXRTWI","Trade-weighted Index May 1970 = 100","AUS","AUS",1999-07-20,57.8,"D","Index","Indicative","RBA","Daily","Historical Daily Exchange Rates Of The Australian Dollar Against:","Australian Dollar Trade-weighted Index"
"6525","FXRTWI","Trade-weighted Index May 1970 = 100","AUS","AUS",1999-07-21,57.4,"D","Index","Indicative","RBA","Daily","Historical Daily Exchange Rates Of The Australian Dollar Against:","Australian Dollar Trade-weighted Index"
"6526","FXRTWI","Trade-weighted Index May 1970 = 100","AUS","AUS",1999-07-22,57.3,"D","Index","Indicative","RBA","Daily","Historical Daily Exchange Rates Of The Australian Dollar Against:","Australian Dollar Trade-weighted Index"
"6527","FXRTWI","Trade-weighted Index May 1970 = 100","AUS","AUS",1999-07-23,57.2,"D","Index","Indicative","RBA","Daily","Historical Daily Exchange Rates Of The Australian Dollar Against:","Australian Dollar Trade-weighted Index"
"6528","FXRTWI","Trade-weighted Index May 1970 = 100","AUS","AUS",1999-07-26,57.5,"D","Index","Indicative","RBA","Daily","Historical Daily Exchange Rates Of The Australian Dollar Against:","Australian Dollar Trade-weighted Index"
"6529","FXRTWI","Trade-weighted Index May 1970 = 100","AUS","AUS",1999-07-27,56.8,"D","Index","Indicative","RBA","Daily","Historical Daily Exchange Rates Of The Australian Dollar Against:","Australian Dollar Trade-weighted Index"
"6530","FXRTWI","Trade-weighted Index May 1970 = 100","AUS","AUS",1999-07-28,56.6,"D","Index","Indicative","RBA","Daily","Historical Daily Exchange Rates Of The Australian Dollar Against:","Australian Dollar Trade-weighted Index"
"6531","FXRTWI","Trade-weighted Index May 1970 = 100","AUS","AUS",1999-07-29,56.6,"D","Index","Indicative","RBA","Daily","Historical Daily Exchange Rates Of The Australian Dollar Against:","Australian Dollar Trade-weighted Index"
"6532","FXRTWI","Trade-weighted Index May 1970 = 100","AUS","AUS",1999-07-30,57.1,"D","Index","Indicative","RBA","Daily","Historical Daily Exchange Rates Of The Australian Dollar Against:","Australian Dollar Trade-weighted Index"
"6533","DLCACS","Credit; Total; Seasonally adjusted","AUS","AUS",1999-07-31,629.69,"M","$ billion","Seasonally Adjusted","RBA","Monthly","D2 Lending And Credit Aggregates","Credit; Total; Seasonally adjusted – Includes securitisations – For series breaks see Series Breaks"
"6534","FIRMMCRT","Cash Rate Target","AUS","AUS",1999-07-31,4.75,"M","Per cent","Original","RBA","Monthly","F1.1 Interest Rates And Yields - Money Market","Cash Rate Target; monthly average"
"6535","FXRTWI","Trade-weighted Index May 1970 = 100","AUS","AUS",1999-07-31,57.1,"M","Index","Indicative","RBA","Monthly","F11 Exchange Rates","Australian Dollar Trade-weighted Index"
"6536","GRCPAISDR","Commodity prices – SDR","AUS","AUS",1999-07-31,24.6587775990859,"M","Index, 2023/24=100","Original","RBA","Monthly","I2 Commodity Prices","Index of commodity prices; All items; SDR"
"6537","A2718577A","Credits, Total goods ;","AUS","AUS",1999-08-01,7241,"M","$ Millions","Seasonally Adjusted",NA,"Monthly","TABLE 1. GOODS, Summary: Seasonally adjusted and trend estimates, Current prices",NA
"6538","A2718594C","Balance on goods ;","AUS","AUS",1999-08-01,-1234,"M","$ Millions","Seasonally Adjusted",NA,"Monthly","TABLE 1. GOODS, Summary: Seasonally adjusted and trend estimates, Current prices",NA
"6539","FXRTWI","Trade-weighted Index May 1970 = 100","AUS","AUS",1999-08-03,57.1,"D","Index","Indicative","RBA","Daily","Historical Daily Exchange Rates Of The Australian Dollar Against:","Australian Dollar Trade-weighted Index"
"6540","FXRTWI","Trade-weighted Index May 1970 = 100","AUS","AUS",1999-08-04,57.4,"D","Index","Indicative","RBA","Daily","Historical Daily Exchange Rates Of The Australian Dollar Against:","Australian Dollar Trade-weighted Index"
"6541","FXRTWI","Trade-weighted Index May 1970 = 100","AUS","AUS",1999-08-05,57.4,"D","Index","Indicative","RBA","Daily","Historical Daily Exchange Rates Of The Australian Dollar Against:","Australian Dollar Trade-weighted Index"
"6542","FXRTWI","Trade-weighted Index May 1970 = 100","AUS","AUS",1999-08-06,57.2,"D","Index","Indicative","RBA","Daily","Historical Daily Exchange Rates Of The Australian Dollar Against:","Australian Dollar Trade-weighted Index"
"6543","FXRTWI","Trade-weighted Index May 1970 = 100","AUS","AUS",1999-08-09,57.2,"D","Index","Indicative","RBA","Daily","Historical Daily Exchange Rates Of The Australian Dollar Against:","Australian Dollar Trade-weighted Index"
"6544","FXRTWI","Trade-weighted Index May 1970 = 100","AUS","AUS",1999-08-10,57.4,"D","Index","Indicative","RBA","Daily","Historical Daily Exchange Rates Of The Australian Dollar Against:","Australian Dollar Trade-weighted Index"
"6545","FXRTWI","Trade-weighted Index May 1970 = 100","AUS","AUS",1999-08-11,57.1,"D","Index","Indicative","RBA","Daily","Historical Daily Exchange Rates Of The Australian Dollar Against:","Australian Dollar Trade-weighted Index"
"6546","FXRTWI","Trade-weighted Index May 1970 = 100","AUS","AUS",1999-08-12,57.4,"D","Index","Indicative","RBA","Daily","Historical Daily Exchange Rates Of The Australian Dollar Against:","Australian Dollar Trade-weighted Index"
"6547","FXRTWI","Trade-weighted Index May 1970 = 100","AUS","AUS",1999-08-13,57.4,"D","Index","Indicative","RBA","Daily","Historical Daily Exchange Rates Of The Australian Dollar Against:","Australian Dollar Trade-weighted Index"
"6548","FXRTWI","Trade-weighted Index May 1970 = 100","AUS","AUS",1999-08-16,57.5,"D","Index","Indicative","RBA","Daily","Historical Daily Exchange Rates Of The Australian Dollar Against:","Australian Dollar Trade-weighted Index"
"6549","FXRTWI","Trade-weighted Index May 1970 = 100","AUS","AUS",1999-08-17,57.3,"D","Index","Indicative","RBA","Daily","Historical Daily Exchange Rates Of The Australian Dollar Against:","Australian Dollar Trade-weighted Index"
"6550","FXRTWI","Trade-weighted Index May 1970 = 100","AUS","AUS",1999-08-18,57,"D","Index","Indicative","RBA","Daily","Historical Daily Exchange Rates Of The Australian Dollar Against:","Australian Dollar Trade-weighted Index"
"6551","FXRTWI","Trade-weighted Index May 1970 = 100","AUS","AUS",1999-08-19,55.8,"D","Index","Indicative","RBA","Daily","Historical Daily Exchange Rates Of The Australian Dollar Against:","Australian Dollar Trade-weighted Index"
"6552","FXRTWI","Trade-weighted Index May 1970 = 100","AUS","AUS",1999-08-20,55.8,"D","Index","Indicative","RBA","Daily","Historical Daily Exchange Rates Of The Australian Dollar Against:","Australian Dollar Trade-weighted Index"
"6553","FXRTWI","Trade-weighted Index May 1970 = 100","AUS","AUS",1999-08-23,55.7,"D","Index","Indicative","RBA","Daily","Historical Daily Exchange Rates Of The Australian Dollar Against:","Australian Dollar Trade-weighted Index"
"6554","FXRTWI","Trade-weighted Index May 1970 = 100","AUS","AUS",1999-08-24,56.1,"D","Index","Indicative","RBA","Daily","Historical Daily Exchange Rates Of The Australian Dollar Against:","Australian Dollar Trade-weighted Index"
"6555","FXRTWI","Trade-weighted Index May 1970 = 100","AUS","AUS",1999-08-25,55.6,"D","Index","Indicative","RBA","Daily","Historical Daily Exchange Rates Of The Australian Dollar Against:","Australian Dollar Trade-weighted Index"
"6556","FXRTWI","Trade-weighted Index May 1970 = 100","AUS","AUS",1999-08-26,55.5,"D","Index","Indicative","RBA","Daily","Historical Daily Exchange Rates Of The Australian Dollar Against:","Australian Dollar Trade-weighted Index"
"6557","FXRTWI","Trade-weighted Index May 1970 = 100","AUS","AUS",1999-08-27,55.6,"D","Index","Indicative","RBA","Daily","Historical Daily Exchange Rates Of The Australian Dollar Against:","Australian Dollar Trade-weighted Index"
"6558","FXRTWI","Trade-weighted Index May 1970 = 100","AUS","AUS",1999-08-30,55.5,"D","Index","Indicative","RBA","Daily","Historical Daily Exchange Rates Of The Australian Dollar Against:","Australian Dollar Trade-weighted Index"
"6559","DLCACS","Credit; Total; Seasonally adjusted","AUS","AUS",1999-08-31,635.045,"M","$ billion","Seasonally Adjusted","RBA","Monthly","D2 Lending And Credit Aggregates","Credit; Total; Seasonally adjusted – Includes securitisations – For series breaks see Series Breaks"
"6560","FIRMMCRT","Cash Rate Target","AUS","AUS",1999-08-31,4.75,"M","Per cent","Original","RBA","Monthly","F1.1 Interest Rates And Yields - Money Market","Cash Rate Target; monthly average"
"6561","FXRTWI","Trade-weighted Index May 1970 = 100","AUS","AUS",1999-08-31,56,"D","Index","Indicative","RBA","Daily","Historical Daily Exchange Rates Of The Australian Dollar Against:","Australian Dollar Trade-weighted Index"
"6562","FXRTWI","Trade-weighted Index May 1970 = 100","AUS","AUS",1999-08-31,56,"M","Index","Indicative","RBA","Monthly","F11 Exchange Rates","Australian Dollar Trade-weighted Index"
"6563","GRCPAISDR","Commodity prices – SDR","AUS","AUS",1999-08-31,24.8195832224024,"M","Index, 2023/24=100","Original","RBA","Monthly","I2 Commodity Prices","Index of commodity prices; All items; SDR"
"6564","A2302956R","South Australia ; STATE FINAL DEMAND ;","SA","SA",1999-09-01,20425,"Q","$ Millions","Seasonally Adjusted",NA,"Quarterly","Table 25. State Final Demand, Summary Components by State: Chain volume measures",NA
"6565","A2302984X","Western Australia ; STATE FINAL DEMAND ;","WA","WA",1999-09-01,29682,"Q","$ Millions","Seasonally Adjusted",NA,"Quarterly","Table 25. State Final Demand, Summary Components by State: Chain volume measures",NA
"6566","A2303012X","Tasmania ; STATE FINAL DEMAND ;","TAS","TAS",1999-09-01,6103,"Q","$ Millions","Seasonally Adjusted",NA,"Quarterly","Table 25. State Final Demand, Summary Components by State: Chain volume measures",NA
"6567","A2303040J","Northern Territory ; STATE FINAL DEMAND ;","NT","NT",1999-09-01,4615,"Q","$ Millions","Seasonally Adjusted",NA,"Quarterly","Table 25. State Final Demand, Summary Components by State: Chain volume measures",NA
"6568","A2303068K","Australian Capital Territory ; STATE FINAL DEMAND ;","ACT","ACT",1999-09-01,8024,"Q","$ Millions","Seasonally Adjusted",NA,"Quarterly","Table 25. State Final Demand, Summary Components by State: Chain volume measures",NA
"6569","A2303111F","New South Wales ; STATE FINAL DEMAND ;","NSW","NSW",1999-09-01,101646,"Q","$ Millions","Seasonally Adjusted",NA,"Quarterly","Table 25. State Final Demand, Summary Components by State: Chain volume measures",NA
"6570","A2303139J","Victoria ; STATE FINAL DEMAND ;","VIC","VIC",1999-09-01,70398,"Q","$ Millions","Seasonally Adjusted",NA,"Quarterly","Table 25. State Final Demand, Summary Components by State: Chain volume measures",NA
"6571","A2303187A","Queensland ; STATE FINAL DEMAND ;","QLD","QLD",1999-09-01,51440,"Q","$ Millions","Seasonally Adjusted",NA,"Quarterly","Table 25. State Final Demand, Summary Components by State: Chain volume measures",NA
"6572","A2304418T","Gross domestic product: Current prices ;","AUS","AUS",1999-09-01,160524,"Q","$ Millions","Seasonally Adjusted",NA,"Quarterly","Table 1. Key National Accounts Aggregates",NA
"6573","A2325846C","Index Numbers ; All groups CPI ; Australia ;","AUS","AUS",1999-09-01,68.7,"Q","Index Numbers","Original",NA,"Quarterly","TABLES 1 and 2. CPI: All Groups, Index Numbers and Percentage Changes",NA
"6574","A2718577A","Credits, Total goods ;","AUS","AUS",1999-09-01,7337,"M","$ Millions","Seasonally Adjusted",NA,"Monthly","TABLE 1. GOODS, Summary: Seasonally adjusted and trend estimates, Current prices",NA
"6575","A2718594C","Balance on goods ;","AUS","AUS",1999-09-01,-1801,"M","$ Millions","Seasonally Adjusted",NA,"Monthly","TABLE 1. GOODS, Summary: Seasonally adjusted and trend estimates, Current prices",NA
"6576","FXRTWI","Trade-weighted Index May 1970 = 100","AUS","AUS",1999-09-01,55.8,"D","Index","Indicative","RBA","Daily","Historical Daily Exchange Rates Of The Australian Dollar Against:","Australian Dollar Trade-weighted Index"
"6577","FXRTWI","Trade-weighted Index May 1970 = 100","AUS","AUS",1999-09-02,55.9,"D","Index","Indicative","RBA","Daily","Historical Daily Exchange Rates Of The Australian Dollar Against:","Australian Dollar Trade-weighted Index"
"6578","FXRTWI","Trade-weighted Index May 1970 = 100","AUS","AUS",1999-09-03,56.4,"D","Index","Indicative","RBA","Daily","Historical Daily Exchange Rates Of The Australian Dollar Against:","Australian Dollar Trade-weighted Index"
"6579","FXRTWI","Trade-weighted Index May 1970 = 100","AUS","AUS",1999-09-06,56.4,"D","Index","Indicative","RBA","Daily","Historical Daily Exchange Rates Of The Australian Dollar Against:","Australian Dollar Trade-weighted Index"
"6580","FXRTWI","Trade-weighted Index May 1970 = 100","AUS","AUS",1999-09-07,56.6,"D","Index","Indicative","RBA","Daily","Historical Daily Exchange Rates Of The Australian Dollar Against:","Australian Dollar Trade-weighted Index"
"6581","FXRTWI","Trade-weighted Index May 1970 = 100","AUS","AUS",1999-09-08,57.1,"D","Index","Indicative","RBA","Daily","Historical Daily Exchange Rates Of The Australian Dollar Against:","Australian Dollar Trade-weighted Index"
"6582","FXRTWI","Trade-weighted Index May 1970 = 100","AUS","AUS",1999-09-09,56.9,"D","Index","Indicative","RBA","Daily","Historical Daily Exchange Rates Of The Australian Dollar Against:","Australian Dollar Trade-weighted Index"
"6583","FXRTWI","Trade-weighted Index May 1970 = 100","AUS","AUS",1999-09-10,56.9,"D","Index","Indicative","RBA","Daily","Historical Daily Exchange Rates Of The Australian Dollar Against:","Australian Dollar Trade-weighted Index"
"6584","FXRTWI","Trade-weighted Index May 1970 = 100","AUS","AUS",1999-09-13,57.3,"D","Index","Indicative","RBA","Daily","Historical Daily Exchange Rates Of The Australian Dollar Against:","Australian Dollar Trade-weighted Index"
"6585","FXRTWI","Trade-weighted Index May 1970 = 100","AUS","AUS",1999-09-14,57.2,"D","Index","Indicative","RBA","Daily","Historical Daily Exchange Rates Of The Australian Dollar Against:","Australian Dollar Trade-weighted Index"
"6586","FXRTWI","Trade-weighted Index May 1970 = 100","AUS","AUS",1999-09-15,56.9,"D","Index","Indicative","RBA","Daily","Historical Daily Exchange Rates Of The Australian Dollar Against:","Australian Dollar Trade-weighted Index"
"6587","FXRTWI","Trade-weighted Index May 1970 = 100","AUS","AUS",1999-09-16,56.5,"D","Index","Indicative","RBA","Daily","Historical Daily Exchange Rates Of The Australian Dollar Against:","Australian Dollar Trade-weighted Index"
"6588","FXRTWI","Trade-weighted Index May 1970 = 100","AUS","AUS",1999-09-17,56.9,"D","Index","Indicative","RBA","Daily","Historical Daily Exchange Rates Of The Australian Dollar Against:","Australian Dollar Trade-weighted Index"
"6589","FXRTWI","Trade-weighted Index May 1970 = 100","AUS","AUS",1999-09-20,56.4,"D","Index","Indicative","RBA","Daily","Historical Daily Exchange Rates Of The Australian Dollar Against:","Australian Dollar Trade-weighted Index"
"6590","FXRTWI","Trade-weighted Index May 1970 = 100","AUS","AUS",1999-09-21,56.5,"D","Index","Indicative","RBA","Daily","Historical Daily Exchange Rates Of The Australian Dollar Against:","Australian Dollar Trade-weighted Index"
"6591","FXRTWI","Trade-weighted Index May 1970 = 100","AUS","AUS",1999-09-22,56.6,"D","Index","Indicative","RBA","Daily","Historical Daily Exchange Rates Of The Australian Dollar Against:","Australian Dollar Trade-weighted Index"
"6592","FXRTWI","Trade-weighted Index May 1970 = 100","AUS","AUS",1999-09-23,56.6,"D","Index","Indicative","RBA","Daily","Historical Daily Exchange Rates Of The Australian Dollar Against:","Australian Dollar Trade-weighted Index"
"6593","FXRTWI","Trade-weighted Index May 1970 = 100","AUS","AUS",1999-09-24,56.8,"D","Index","Indicative","RBA","Daily","Historical Daily Exchange Rates Of The Australian Dollar Against:","Australian Dollar Trade-weighted Index"
"6594","FXRTWI","Trade-weighted Index May 1970 = 100","AUS","AUS",1999-09-27,57.1,"D","Index","Indicative","RBA","Daily","Historical Daily Exchange Rates Of The Australian Dollar Against:","Australian Dollar Trade-weighted Index"
"6595","FXRTWI","Trade-weighted Index May 1970 = 100","AUS","AUS",1999-09-28,57,"D","Index","Indicative","RBA","Daily","Historical Daily Exchange Rates Of The Australian Dollar Against:","Australian Dollar Trade-weighted Index"
"6596","FXRTWI","Trade-weighted Index May 1970 = 100","AUS","AUS",1999-09-29,57.2,"D","Index","Indicative","RBA","Daily","Historical Daily Exchange Rates Of The Australian Dollar Against:","Australian Dollar Trade-weighted Index"
"6597","DLCACS","Credit; Total; Seasonally adjusted","AUS","AUS",1999-09-30,640.656,"M","$ billion","Seasonally Adjusted","RBA","Monthly","D2 Lending And Credit Aggregates","Credit; Total; Seasonally adjusted – Includes securitisations – For series breaks see Series Breaks"
"6598","FIRMMCRT","Cash Rate Target","AUS","AUS",1999-09-30,4.75,"M","Per cent","Original","RBA","Monthly","F1.1 Interest Rates And Yields - Money Market","Cash Rate Target; monthly average"
"6599","FXRTWI","Trade-weighted Index May 1970 = 100","AUS","AUS",1999-09-30,57,"D","Index","Indicative","RBA","Daily","Historical Daily Exchange Rates Of The Australian Dollar Against:","Australian Dollar Trade-weighted Index"
"6600","FXRTWI","Trade-weighted Index May 1970 = 100","AUS","AUS",1999-09-30,57,"M","Index","Indicative","RBA","Monthly","F11 Exchange Rates","Australian Dollar Trade-weighted Index"
"6601","GCPIOCPMTMQP","Quarterly trimmed mean inflation","AUS","AUS",1999-09-30,0.8,"Q","Per cent","Seasonally Adjusted","ABS","Quarterly","G1 Consumer Price Inflation","Consumer price index; Trimmed mean; Quarterly change (in per cent)"
"6602","GRCPAISDR","Commodity prices – SDR","AUS","AUS",1999-09-30,24.8473296232451,"M","Index, 2023/24=100","Original","RBA","Monthly","I2 Commodity Prices","Index of commodity prices; All items; SDR"
"6603","A2718577A","Credits, Total goods ;","AUS","AUS",1999-10-01,8038,"M","$ Millions","Seasonally Adjusted",NA,"Monthly","TABLE 1. GOODS, Summary: Seasonally adjusted and trend estimates, Current prices",NA
"6604","A2718594C","Balance on goods ;","AUS","AUS",1999-10-01,-908,"M","$ Millions","Seasonally Adjusted",NA,"Monthly","TABLE 1. GOODS, Summary: Seasonally adjusted and trend estimates, Current prices",NA
"6605","FXRTWI","Trade-weighted Index May 1970 = 100","AUS","AUS",1999-10-01,56.7,"D","Index","Indicative","RBA","Daily","Historical Daily Exchange Rates Of The Australian Dollar Against:","Australian Dollar Trade-weighted Index"
"6606","FXRTWI","Trade-weighted Index May 1970 = 100","AUS","AUS",1999-10-05,57.5,"D","Index","Indicative","RBA","Daily","Historical Daily Exchange Rates Of The Australian Dollar Against:","Australian Dollar Trade-weighted Index"
"6607","FXRTWI","Trade-weighted Index May 1970 = 100","AUS","AUS",1999-10-06,57.4,"D","Index","Indicative","RBA","Daily","Historical Daily Exchange Rates Of The Australian Dollar Against:","Australian Dollar Trade-weighted Index"
"6608","FXRTWI","Trade-weighted Index May 1970 = 100","AUS","AUS",1999-10-07,57.5,"D","Index","Indicative","RBA","Daily","Historical Daily Exchange Rates Of The Australian Dollar Against:","Australian Dollar Trade-weighted Index"
"6609","FXRTWI","Trade-weighted Index May 1970 = 100","AUS","AUS",1999-10-08,57.1,"D","Index","Indicative","RBA","Daily","Historical Daily Exchange Rates Of The Australian Dollar Against:","Australian Dollar Trade-weighted Index"
"6610","FXRTWI","Trade-weighted Index May 1970 = 100","AUS","AUS",1999-10-11,56.9,"D","Index","Indicative","RBA","Daily","Historical Daily Exchange Rates Of The Australian Dollar Against:","Australian Dollar Trade-weighted Index"
"6611","FXRTWI","Trade-weighted Index May 1970 = 100","AUS","AUS",1999-10-12,56.6,"D","Index","Indicative","RBA","Daily","Historical Daily Exchange Rates Of The Australian Dollar Against:","Australian Dollar Trade-weighted Index"
"6612","FXRTWI","Trade-weighted Index May 1970 = 100","AUS","AUS",1999-10-13,56.9,"D","Index","Indicative","RBA","Daily","Historical Daily Exchange Rates Of The Australian Dollar Against:","Australian Dollar Trade-weighted Index"
"6613","FXRTWI","Trade-weighted Index May 1970 = 100","AUS","AUS",1999-10-14,56.5,"D","Index","Indicative","RBA","Daily","Historical Daily Exchange Rates Of The Australian Dollar Against:","Australian Dollar Trade-weighted Index"
"6614","FXRTWI","Trade-weighted Index May 1970 = 100","AUS","AUS",1999-10-15,56.4,"D","Index","Indicative","RBA","Daily","Historical Daily Exchange Rates Of The Australian Dollar Against:","Australian Dollar Trade-weighted Index"
"6615","FXRTWI","Trade-weighted Index May 1970 = 100","AUS","AUS",1999-10-18,55.6,"D","Index","Indicative","RBA","Daily","Historical Daily Exchange Rates Of The Australian Dollar Against:","Australian Dollar Trade-weighted Index"
"6616","FXRTWI","Trade-weighted Index May 1970 = 100","AUS","AUS",1999-10-19,55.8,"D","Index","Indicative","RBA","Daily","Historical Daily Exchange Rates Of The Australian Dollar Against:","Australian Dollar Trade-weighted Index"
"6617","FXRTWI","Trade-weighted Index May 1970 = 100","AUS","AUS",1999-10-20,56.1,"D","Index","Indicative","RBA","Daily","Historical Daily Exchange Rates Of The Australian Dollar Against:","Australian Dollar Trade-weighted Index"
"6618","FXRTWI","Trade-weighted Index May 1970 = 100","AUS","AUS",1999-10-21,56,"D","Index","Indicative","RBA","Daily","Historical Daily Exchange Rates Of The Australian Dollar Against:","Australian Dollar Trade-weighted Index"
"6619","FXRTWI","Trade-weighted Index May 1970 = 100","AUS","AUS",1999-10-22,55.9,"D","Index","Indicative","RBA","Daily","Historical Daily Exchange Rates Of The Australian Dollar Against:","Australian Dollar Trade-weighted Index"
"6620","FXRTWI","Trade-weighted Index May 1970 = 100","AUS","AUS",1999-10-25,55.9,"D","Index","Indicative","RBA","Daily","Historical Daily Exchange Rates Of The Australian Dollar Against:","Australian Dollar Trade-weighted Index"
"6621","FXRTWI","Trade-weighted Index May 1970 = 100","AUS","AUS",1999-10-26,56.2,"D","Index","Indicative","RBA","Daily","Historical Daily Exchange Rates Of The Australian Dollar Against:","Australian Dollar Trade-weighted Index"
"6622","FXRTWI","Trade-weighted Index May 1970 = 100","AUS","AUS",1999-10-27,55.7,"D","Index","Indicative","RBA","Daily","Historical Daily Exchange Rates Of The Australian Dollar Against:","Australian Dollar Trade-weighted Index"
"6623","FXRTWI","Trade-weighted Index May 1970 = 100","AUS","AUS",1999-10-28,55.5,"D","Index","Indicative","RBA","Daily","Historical Daily Exchange Rates Of The Australian Dollar Against:","Australian Dollar Trade-weighted Index"
"6624","FXRTWI","Trade-weighted Index May 1970 = 100","AUS","AUS",1999-10-29,55.7,"D","Index","Indicative","RBA","Daily","Historical Daily Exchange Rates Of The Australian Dollar Against:","Australian Dollar Trade-weighted Index"
"6625","DLCACS","Credit; Total; Seasonally adjusted","AUS","AUS",1999-10-31,647.31,"M","$ billion","Seasonally Adjusted","RBA","Monthly","D2 Lending And Credit Aggregates","Credit; Total; Seasonally adjusted – Includes securitisations – For series breaks see Series Breaks"
"6626","FIRMMCRT","Cash Rate Target","AUS","AUS",1999-10-31,4.75,"M","Per cent","Original","RBA","Monthly","F1.1 Interest Rates And Yields - Money Market","Cash Rate Target; monthly average"
"6627","FXRTWI","Trade-weighted Index May 1970 = 100","AUS","AUS",1999-10-31,55.7,"M","Index","Indicative","RBA","Monthly","F11 Exchange Rates","Australian Dollar Trade-weighted Index"
"6628","GRCPAISDR","Commodity prices – SDR","AUS","AUS",1999-10-31,25.0784426651242,"M","Index, 2023/24=100","Original","RBA","Monthly","I2 Commodity Prices","Index of commodity prices; All items; SDR"
"6629","A2718577A","Credits, Total goods ;","AUS","AUS",1999-11-01,7853,"M","$ Millions","Seasonally Adjusted",NA,"Monthly","TABLE 1. GOODS, Summary: Seasonally adjusted and trend estimates, Current prices",NA
"6630","A2718594C","Balance on goods ;","AUS","AUS",1999-11-01,-1227,"M","$ Millions","Seasonally Adjusted",NA,"Monthly","TABLE 1. GOODS, Summary: Seasonally adjusted and trend estimates, Current prices",NA
"6631","FXRTWI","Trade-weighted Index May 1970 = 100","AUS","AUS",1999-11-01,54.8,"D","Index","Indicative","RBA","Daily","Historical Daily Exchange Rates Of The Australian Dollar Against:","Australian Dollar Trade-weighted Index"
"6632","FXRTWI","Trade-weighted Index May 1970 = 100","AUS","AUS",1999-11-02,55.1,"D","Index","Indicative","RBA","Daily","Historical Daily Exchange Rates Of The Australian Dollar Against:","Australian Dollar Trade-weighted Index"
"6633","FXRTWI","Trade-weighted Index May 1970 = 100","AUS","AUS",1999-11-03,55.5,"D","Index","Indicative","RBA","Daily","Historical Daily Exchange Rates Of The Australian Dollar Against:","Australian Dollar Trade-weighted Index"
"6634","FXRTWI","Trade-weighted Index May 1970 = 100","AUS","AUS",1999-11-04,55.5,"D","Index","Indicative","RBA","Daily","Historical Daily Exchange Rates Of The Australian Dollar Against:","Australian Dollar Trade-weighted Index"
"6635","FXRTWI","Trade-weighted Index May 1970 = 100","AUS","AUS",1999-11-05,55.1,"D","Index","Indicative","RBA","Daily","Historical Daily Exchange Rates Of The Australian Dollar Against:","Australian Dollar Trade-weighted Index"
"6636","FXRTWI","Trade-weighted Index May 1970 = 100","AUS","AUS",1999-11-08,55.4,"D","Index","Indicative","RBA","Daily","Historical Daily Exchange Rates Of The Australian Dollar Against:","Australian Dollar Trade-weighted Index"
"6637","FXRTWI","Trade-weighted Index May 1970 = 100","AUS","AUS",1999-11-09,55.2,"D","Index","Indicative","RBA","Daily","Historical Daily Exchange Rates Of The Australian Dollar Against:","Australian Dollar Trade-weighted Index"
"6638","FXRTWI","Trade-weighted Index May 1970 = 100","AUS","AUS",1999-11-10,55.3,"D","Index","Indicative","RBA","Daily","Historical Daily Exchange Rates Of The Australian Dollar Against:","Australian Dollar Trade-weighted Index"
"6639","FXRTWI","Trade-weighted Index May 1970 = 100","AUS","AUS",1999-11-11,55.6,"D","Index","Indicative","RBA","Daily","Historical Daily Exchange Rates Of The Australian Dollar Against:","Australian Dollar Trade-weighted Index"
"6640","FXRTWI","Trade-weighted Index May 1970 = 100","AUS","AUS",1999-11-12,55.6,"D","Index","Indicative","RBA","Daily","Historical Daily Exchange Rates Of The Australian Dollar Against:","Australian Dollar Trade-weighted Index"
"6641","FXRTWI","Trade-weighted Index May 1970 = 100","AUS","AUS",1999-11-15,56,"D","Index","Indicative","RBA","Daily","Historical Daily Exchange Rates Of The Australian Dollar Against:","Australian Dollar Trade-weighted Index"
"6642","FXRTWI","Trade-weighted Index May 1970 = 100","AUS","AUS",1999-11-16,55.8,"D","Index","Indicative","RBA","Daily","Historical Daily Exchange Rates Of The Australian Dollar Against:","Australian Dollar Trade-weighted Index"
"6643","FXRTWI","Trade-weighted Index May 1970 = 100","AUS","AUS",1999-11-17,55.8,"D","Index","Indicative","RBA","Daily","Historical Daily Exchange Rates Of The Australian Dollar Against:","Australian Dollar Trade-weighted Index"
"6644","FXRTWI","Trade-weighted Index May 1970 = 100","AUS","AUS",1999-11-18,55.5,"D","Index","Indicative","RBA","Daily","Historical Daily Exchange Rates Of The Australian Dollar Against:","Australian Dollar Trade-weighted Index"
"6645","FXRTWI","Trade-weighted Index May 1970 = 100","AUS","AUS",1999-11-19,55.4,"D","Index","Indicative","RBA","Daily","Historical Daily Exchange Rates Of The Australian Dollar Against:","Australian Dollar Trade-weighted Index"
"6646","FXRTWI","Trade-weighted Index May 1970 = 100","AUS","AUS",1999-11-22,55.6,"D","Index","Indicative","RBA","Daily","Historical Daily Exchange Rates Of The Australian Dollar Against:","Australian Dollar Trade-weighted Index"
"6647","FXRTWI","Trade-weighted Index May 1970 = 100","AUS","AUS",1999-11-23,55.2,"D","Index","Indicative","RBA","Daily","Historical Daily Exchange Rates Of The Australian Dollar Against:","Australian Dollar Trade-weighted Index"
"6648","FXRTWI","Trade-weighted Index May 1970 = 100","AUS","AUS",1999-11-24,55.1,"D","Index","Indicative","RBA","Daily","Historical Daily Exchange Rates Of The Australian Dollar Against:","Australian Dollar Trade-weighted Index"
"6649","FXRTWI","Trade-weighted Index May 1970 = 100","AUS","AUS",1999-11-25,54.9,"D","Index","Indicative","RBA","Daily","Historical Daily Exchange Rates Of The Australian Dollar Against:","Australian Dollar Trade-weighted Index"
"6650","FXRTWI","Trade-weighted Index May 1970 = 100","AUS","AUS",1999-11-26,55.4,"D","Index","Indicative","RBA","Daily","Historical Daily Exchange Rates Of The Australian Dollar Against:","Australian Dollar Trade-weighted Index"
"6651","FXRTWI","Trade-weighted Index May 1970 = 100","AUS","AUS",1999-11-29,55.3,"D","Index","Indicative","RBA","Daily","Historical Daily Exchange Rates Of The Australian Dollar Against:","Australian Dollar Trade-weighted Index"
"6652","DLCACS","Credit; Total; Seasonally adjusted","AUS","AUS",1999-11-30,652.88,"M","$ billion","Seasonally Adjusted","RBA","Monthly","D2 Lending And Credit Aggregates","Credit; Total; Seasonally adjusted – Includes securitisations – For series breaks see Series Breaks"
"6653","FIRMMCRT","Cash Rate Target","AUS","AUS",1999-11-30,4.97727272727273,"M","Per cent","Original","RBA","Monthly","F1.1 Interest Rates And Yields - Money Market","Cash Rate Target; monthly average"
"6654","FXRTWI","Trade-weighted Index May 1970 = 100","AUS","AUS",1999-11-30,55.3,"D","Index","Indicative","RBA","Daily","Historical Daily Exchange Rates Of The Australian Dollar Against:","Australian Dollar Trade-weighted Index"
"6655","FXRTWI","Trade-weighted Index May 1970 = 100","AUS","AUS",1999-11-30,55.3,"M","Index","Indicative","RBA","Monthly","F11 Exchange Rates","Australian Dollar Trade-weighted Index"
"6656","GRCPAISDR","Commodity prices – SDR","AUS","AUS",1999-11-30,25.0473750506291,"M","Index, 2023/24=100","Original","RBA","Monthly","I2 Commodity Prices","Index of commodity prices; All items; SDR"
"6657","A2302956R","South Australia ; STATE FINAL DEMAND ;","SA","SA",1999-12-01,20002,"Q","$ Millions","Seasonally Adjusted",NA,"Quarterly","Table 25. State Final Demand, Summary Components by State: Chain volume measures",NA
"6658","A2302984X","Western Australia ; STATE FINAL DEMAND ;","WA","WA",1999-12-01,29751,"Q","$ Millions","Seasonally Adjusted",NA,"Quarterly","Table 25. State Final Demand, Summary Components by State: Chain volume measures",NA
"6659","A2303012X","Tasmania ; STATE FINAL DEMAND ;","TAS","TAS",1999-12-01,6173,"Q","$ Millions","Seasonally Adjusted",NA,"Quarterly","Table 25. State Final Demand, Summary Components by State: Chain volume measures",NA
"6660","A2303040J","Northern Territory ; STATE FINAL DEMAND ;","NT","NT",1999-12-01,4180,"Q","$ Millions","Seasonally Adjusted",NA,"Quarterly","Table 25. State Final Demand, Summary Components by State: Chain volume measures",NA
"6661","A2303068K","Australian Capital Territory ; STATE FINAL DEMAND ;","ACT","ACT",1999-12-01,8275,"Q","$ Millions","Seasonally Adjusted",NA,"Quarterly","Table 25. State Final Demand, Summary Components by State: Chain volume measures",NA
"6662","A2303111F","New South Wales ; STATE FINAL DEMAND ;","NSW","NSW",1999-12-01,102617,"Q","$ Millions","Seasonally Adjusted",NA,"Quarterly","Table 25. State Final Demand, Summary Components by State: Chain volume measures",NA
"6663","A2303139J","Victoria ; STATE FINAL DEMAND ;","VIC","VIC",1999-12-01,71664,"Q","$ Millions","Seasonally Adjusted",NA,"Quarterly","Table 25. State Final Demand, Summary Components by State: Chain volume measures",NA
"6664","A2303187A","Queensland ; STATE FINAL DEMAND ;","QLD","QLD",1999-12-01,52919,"Q","$ Millions","Seasonally Adjusted",NA,"Quarterly","Table 25. State Final Demand, Summary Components by State: Chain volume measures",NA
"6665","A2304418T","Gross domestic product: Current prices ;","AUS","AUS",1999-12-01,163392,"Q","$ Millions","Seasonally Adjusted",NA,"Quarterly","Table 1. Key National Accounts Aggregates",NA
"6666","A2325846C","Index Numbers ; All groups CPI ; Australia ;","AUS","AUS",1999-12-01,69.1,"Q","Index Numbers","Original",NA,"Quarterly","TABLES 1 and 2. CPI: All Groups, Index Numbers and Percentage Changes",NA
"6667","A2718577A","Credits, Total goods ;","AUS","AUS",1999-12-01,7979,"M","$ Millions","Seasonally Adjusted",NA,"Monthly","TABLE 1. GOODS, Summary: Seasonally adjusted and trend estimates, Current prices",NA
"6668","A2718594C","Balance on goods ;","AUS","AUS",1999-12-01,-920,"M","$ Millions","Seasonally Adjusted",NA,"Monthly","TABLE 1. GOODS, Summary: Seasonally adjusted and trend estimates, Current prices",NA
"6669","FXRTWI","Trade-weighted Index May 1970 = 100","AUS","AUS",1999-12-01,55.2,"D","Index","Indicative","RBA","Daily","Historical Daily Exchange Rates Of The Australian Dollar Against:","Australian Dollar Trade-weighted Index"
"6670","FXRTWI","Trade-weighted Index May 1970 = 100","AUS","AUS",1999-12-02,55.1,"D","Index","Indicative","RBA","Daily","Historical Daily Exchange Rates Of The Australian Dollar Against:","Australian Dollar Trade-weighted Index"
"6671","FXRTWI","Trade-weighted Index May 1970 = 100","AUS","AUS",1999-12-03,55,"D","Index","Indicative","RBA","Daily","Historical Daily Exchange Rates Of The Australian Dollar Against:","Australian Dollar Trade-weighted Index"
"6672","FXRTWI","Trade-weighted Index May 1970 = 100","AUS","AUS",1999-12-06,55,"D","Index","Indicative","RBA","Daily","Historical Daily Exchange Rates Of The Australian Dollar Against:","Australian Dollar Trade-weighted Index"
"6673","FXRTWI","Trade-weighted Index May 1970 = 100","AUS","AUS",1999-12-07,54.9,"D","Index","Indicative","RBA","Daily","Historical Daily Exchange Rates Of The Australian Dollar Against:","Australian Dollar Trade-weighted Index"
"6674","FXRTWI","Trade-weighted Index May 1970 = 100","AUS","AUS",1999-12-08,54.9,"D","Index","Indicative","RBA","Daily","Historical Daily Exchange Rates Of The Australian Dollar Against:","Australian Dollar Trade-weighted Index"
"6675","FXRTWI","Trade-weighted Index May 1970 = 100","AUS","AUS",1999-12-09,55.1,"D","Index","Indicative","RBA","Daily","Historical Daily Exchange Rates Of The Australian Dollar Against:","Australian Dollar Trade-weighted Index"
"6676","FXRTWI","Trade-weighted Index May 1970 = 100","AUS","AUS",1999-12-10,54.9,"D","Index","Indicative","RBA","Daily","Historical Daily Exchange Rates Of The Australian Dollar Against:","Australian Dollar Trade-weighted Index"
"6677","FXRTWI","Trade-weighted Index May 1970 = 100","AUS","AUS",1999-12-13,55,"D","Index","Indicative","RBA","Daily","Historical Daily Exchange Rates Of The Australian Dollar Against:","Australian Dollar Trade-weighted Index"
"6678","FXRTWI","Trade-weighted Index May 1970 = 100","AUS","AUS",1999-12-14,55.1,"D","Index","Indicative","RBA","Daily","Historical Daily Exchange Rates Of The Australian Dollar Against:","Australian Dollar Trade-weighted Index"
"6679","FXRTWI","Trade-weighted Index May 1970 = 100","AUS","AUS",1999-12-15,55.2,"D","Index","Indicative","RBA","Daily","Historical Daily Exchange Rates Of The Australian Dollar Against:","Australian Dollar Trade-weighted Index"
"6680","FXRTWI","Trade-weighted Index May 1970 = 100","AUS","AUS",1999-12-16,55.3,"D","Index","Indicative","RBA","Daily","Historical Daily Exchange Rates Of The Australian Dollar Against:","Australian Dollar Trade-weighted Index"
"6681","FXRTWI","Trade-weighted Index May 1970 = 100","AUS","AUS",1999-12-17,55.6,"D","Index","Indicative","RBA","Daily","Historical Daily Exchange Rates Of The Australian Dollar Against:","Australian Dollar Trade-weighted Index"
"6682","FXRTWI","Trade-weighted Index May 1970 = 100","AUS","AUS",1999-12-20,55.5,"D","Index","Indicative","RBA","Daily","Historical Daily Exchange Rates Of The Australian Dollar Against:","Australian Dollar Trade-weighted Index"
"6683","FXRTWI","Trade-weighted Index May 1970 = 100","AUS","AUS",1999-12-21,55.5,"D","Index","Indicative","RBA","Daily","Historical Daily Exchange Rates Of The Australian Dollar Against:","Australian Dollar Trade-weighted Index"
"6684","FXRTWI","Trade-weighted Index May 1970 = 100","AUS","AUS",1999-12-22,55.8,"D","Index","Indicative","RBA","Daily","Historical Daily Exchange Rates Of The Australian Dollar Against:","Australian Dollar Trade-weighted Index"
"6685","FXRTWI","Trade-weighted Index May 1970 = 100","AUS","AUS",1999-12-23,55.6,"D","Index","Indicative","RBA","Daily","Historical Daily Exchange Rates Of The Australian Dollar Against:","Australian Dollar Trade-weighted Index"
"6686","FXRTWI","Trade-weighted Index May 1970 = 100","AUS","AUS",1999-12-24,55.5,"D","Index","Indicative","RBA","Daily","Historical Daily Exchange Rates Of The Australian Dollar Against:","Australian Dollar Trade-weighted Index"
"6687","FXRTWI","Trade-weighted Index May 1970 = 100","AUS","AUS",1999-12-29,55.8,"D","Index","Indicative","RBA","Daily","Historical Daily Exchange Rates Of The Australian Dollar Against:","Australian Dollar Trade-weighted Index"
"6688","FXRTWI","Trade-weighted Index May 1970 = 100","AUS","AUS",1999-12-30,56.3,"D","Index","Indicative","RBA","Daily","Historical Daily Exchange Rates Of The Australian Dollar Against:","Australian Dollar Trade-weighted Index"
"6689","DLCACS","Credit; Total; Seasonally adjusted","AUS","AUS",1999-12-31,655.224,"M","$ billion","Seasonally Adjusted","RBA","Monthly","D2 Lending And Credit Aggregates","Credit; Total; Seasonally adjusted – Includes securitisations – For series breaks see Series Breaks"
"6690","FIRMMCRT","Cash Rate Target","AUS","AUS",1999-12-31,5,"M","Per cent","Original","RBA","Monthly","F1.1 Interest Rates And Yields - Money Market","Cash Rate Target; monthly average"
"6691","FXRTWI","Trade-weighted Index May 1970 = 100","AUS","AUS",1999-12-31,56.4,"D","Index","Indicative","RBA","Daily","Historical Daily Exchange Rates Of The Australian Dollar Against:","Australian Dollar Trade-weighted Index"
"6692","FXRTWI","Trade-weighted Index May 1970 = 100","AUS","AUS",1999-12-31,56.4,"M","Index","Indicative","RBA","Monthly","F11 Exchange Rates","Australian Dollar Trade-weighted Index"
"6693","GCPIOCPMTMQP","Quarterly trimmed mean inflation","AUS","AUS",1999-12-31,0.6,"Q","Per cent","Seasonally Adjusted","ABS","Quarterly","G1 Consumer Price Inflation","Consumer price index; Trimmed mean; Quarterly change (in per cent)"
"6694","GRCPAISDR","Commodity prices – SDR","AUS","AUS",1999-12-31,25.0302966329797,"M","Index, 2023/24=100","Original","RBA","Monthly","I2 Commodity Prices","Index of commodity prices; All items; SDR"
"6695","A2718577A","Credits, Total goods ;","AUS","AUS",2000-01-01,7946,"M","$ Millions","Seasonally Adjusted",NA,"Monthly","TABLE 1. GOODS, Summary: Seasonally adjusted and trend estimates, Current prices",NA
"6696","A2718594C","Balance on goods ;","AUS","AUS",2000-01-01,-1194,"M","$ Millions","Seasonally Adjusted",NA,"Monthly","TABLE 1. GOODS, Summary: Seasonally adjusted and trend estimates, Current prices",NA
"6697","FXRTWI","Trade-weighted Index May 1970 = 100","AUS","AUS",2000-01-04,56.5,"D","Index","Indicative","RBA","Daily","Historical Daily Exchange Rates Of The Australian Dollar Against:","Australian Dollar Trade-weighted Index"
"6698","FXRTWI","Trade-weighted Index May 1970 = 100","AUS","AUS",2000-01-05,56.3,"D","Index","Indicative","RBA","Daily","Historical Daily Exchange Rates Of The Australian Dollar Against:","Australian Dollar Trade-weighted Index"
"6699","FXRTWI","Trade-weighted Index May 1970 = 100","AUS","AUS",2000-01-06,56.6,"D","Index","Indicative","RBA","Daily","Historical Daily Exchange Rates Of The Australian Dollar Against:","Australian Dollar Trade-weighted Index"
"6700","FXRTWI","Trade-weighted Index May 1970 = 100","AUS","AUS",2000-01-07,56.5,"D","Index","Indicative","RBA","Daily","Historical Daily Exchange Rates Of The Australian Dollar Against:","Australian Dollar Trade-weighted Index"
"6701","FXRTWI","Trade-weighted Index May 1970 = 100","AUS","AUS",2000-01-10,56.6,"D","Index","Indicative","RBA","Daily","Historical Daily Exchange Rates Of The Australian Dollar Against:","Australian Dollar Trade-weighted Index"
"6702","FXRTWI","Trade-weighted Index May 1970 = 100","AUS","AUS",2000-01-11,56.7,"D","Index","Indicative","RBA","Daily","Historical Daily Exchange Rates Of The Australian Dollar Against:","Australian Dollar Trade-weighted Index"
"6703","FXRTWI","Trade-weighted Index May 1970 = 100","AUS","AUS",2000-01-12,56.9,"D","Index","Indicative","RBA","Daily","Historical Daily Exchange Rates Of The Australian Dollar Against:","Australian Dollar Trade-weighted Index"
"6704","FXRTWI","Trade-weighted Index May 1970 = 100","AUS","AUS",2000-01-13,57.3,"D","Index","Indicative","RBA","Daily","Historical Daily Exchange Rates Of The Australian Dollar Against:","Australian Dollar Trade-weighted Index"
"6705","FXRTWI","Trade-weighted Index May 1970 = 100","AUS","AUS",2000-01-14,57.6,"D","Index","Indicative","RBA","Daily","Historical Daily Exchange Rates Of The Australian Dollar Against:","Australian Dollar Trade-weighted Index"
"6706","FXRTWI","Trade-weighted Index May 1970 = 100","AUS","AUS",2000-01-17,57.6,"D","Index","Indicative","RBA","Daily","Historical Daily Exchange Rates Of The Australian Dollar Against:","Australian Dollar Trade-weighted Index"
"6707","FXRTWI","Trade-weighted Index May 1970 = 100","AUS","AUS",2000-01-18,57.4,"D","Index","Indicative","RBA","Daily","Historical Daily Exchange Rates Of The Australian Dollar Against:","Australian Dollar Trade-weighted Index"
"6708","FXRTWI","Trade-weighted Index May 1970 = 100","AUS","AUS",2000-01-19,57.6,"D","Index","Indicative","RBA","Daily","Historical Daily Exchange Rates Of The Australian Dollar Against:","Australian Dollar Trade-weighted Index"
"6709","FXRTWI","Trade-weighted Index May 1970 = 100","AUS","AUS",2000-01-20,57.5,"D","Index","Indicative","RBA","Daily","Historical Daily Exchange Rates Of The Australian Dollar Against:","Australian Dollar Trade-weighted Index"
"6710","FXRTWI","Trade-weighted Index May 1970 = 100","AUS","AUS",2000-01-21,57.5,"D","Index","Indicative","RBA","Daily","Historical Daily Exchange Rates Of The Australian Dollar Against:","Australian Dollar Trade-weighted Index"
"6711","FXRTWI","Trade-weighted Index May 1970 = 100","AUS","AUS",2000-01-24,56.9,"D","Index","Indicative","RBA","Daily","Historical Daily Exchange Rates Of The Australian Dollar Against:","Australian Dollar Trade-weighted Index"
"6712","FXRTWI","Trade-weighted Index May 1970 = 100","AUS","AUS",2000-01-25,57,"D","Index","Indicative","RBA","Daily","Historical Daily Exchange Rates Of The Australian Dollar Against:","Australian Dollar Trade-weighted Index"
"6713","FXRTWI","Trade-weighted Index May 1970 = 100","AUS","AUS",2000-01-27,56.8,"D","Index","Indicative","RBA","Daily","Historical Daily Exchange Rates Of The Australian Dollar Against:","Australian Dollar Trade-weighted Index"
"6714","FXRTWI","Trade-weighted Index May 1970 = 100","AUS","AUS",2000-01-28,56.8,"D","Index","Indicative","RBA","Daily","Historical Daily Exchange Rates Of The Australian Dollar Against:","Australian Dollar Trade-weighted Index"
"6715","DLCACS","Credit; Total; Seasonally adjusted","AUS","AUS",2000-01-31,661.924,"M","$ billion","Seasonally Adjusted","RBA","Monthly","D2 Lending And Credit Aggregates","Credit; Total; Seasonally adjusted – Includes securitisations – For series breaks see Series Breaks"
"6716","FIRMMCRT","Cash Rate Target","AUS","AUS",2000-01-31,5,"M","Per cent","Original","RBA","Monthly","F1.1 Interest Rates And Yields - Money Market","Cash Rate Target; monthly average"
"6717","FXRTWI","Trade-weighted Index May 1970 = 100","AUS","AUS",2000-01-31,56,"D","Index","Indicative","RBA","Daily","Historical Daily Exchange Rates Of The Australian Dollar Against:","Australian Dollar Trade-weighted Index"
"6718","FXRTWI","Trade-weighted Index May 1970 = 100","AUS","AUS",2000-01-31,56,"M","Index","Indicative","RBA","Monthly","F11 Exchange Rates","Australian Dollar Trade-weighted Index"
"6719","GRCPAISDR","Commodity prices – SDR","AUS","AUS",2000-01-31,25.6751713388103,"M","Index, 2023/24=100","Original","RBA","Monthly","I2 Commodity Prices","Index of commodity prices; All items; SDR"
"6720","A2718577A","Credits, Total goods ;","AUS","AUS",2000-02-01,8600,"M","$ Millions","Seasonally Adjusted",NA,"Monthly","TABLE 1. GOODS, Summary: Seasonally adjusted and trend estimates, Current prices",NA
"6721","A2718594C","Balance on goods ;","AUS","AUS",2000-02-01,-671,"M","$ Millions","Seasonally Adjusted",NA,"Monthly","TABLE 1. GOODS, Summary: Seasonally adjusted and trend estimates, Current prices",NA
"6722","FXRTWI","Trade-weighted Index May 1970 = 100","AUS","AUS",2000-02-01,55.9,"D","Index","Indicative","RBA","Daily","Historical Daily Exchange Rates Of The Australian Dollar Against:","Australian Dollar Trade-weighted Index"
"6723","FXRTWI","Trade-weighted Index May 1970 = 100","AUS","AUS",2000-02-02,56.4,"D","Index","Indicative","RBA","Daily","Historical Daily Exchange Rates Of The Australian Dollar Against:","Australian Dollar Trade-weighted Index"
"6724","FXRTWI","Trade-weighted Index May 1970 = 100","AUS","AUS",2000-02-03,56,"D","Index","Indicative","RBA","Daily","Historical Daily Exchange Rates Of The Australian Dollar Against:","Australian Dollar Trade-weighted Index"
"6725","FXRTWI","Trade-weighted Index May 1970 = 100","AUS","AUS",2000-02-04,55.6,"D","Index","Indicative","RBA","Daily","Historical Daily Exchange Rates Of The Australian Dollar Against:","Australian Dollar Trade-weighted Index"
"6726","FXRTWI","Trade-weighted Index May 1970 = 100","AUS","AUS",2000-02-07,56.2,"D","Index","Indicative","RBA","Daily","Historical Daily Exchange Rates Of The Australian Dollar Against:","Australian Dollar Trade-weighted Index"
"6727","FXRTWI","Trade-weighted Index May 1970 = 100","AUS","AUS",2000-02-08,56.1,"D","Index","Indicative","RBA","Daily","Historical Daily Exchange Rates Of The Australian Dollar Against:","Australian Dollar Trade-weighted Index"
"6728","FXRTWI","Trade-weighted Index May 1970 = 100","AUS","AUS",2000-02-09,55.7,"D","Index","Indicative","RBA","Daily","Historical Daily Exchange Rates Of The Australian Dollar Against:","Australian Dollar Trade-weighted Index"
"6729","FXRTWI","Trade-weighted Index May 1970 = 100","AUS","AUS",2000-02-10,55.7,"D","Index","Indicative","RBA","Daily","Historical Daily Exchange Rates Of The Australian Dollar Against:","Australian Dollar Trade-weighted Index"
"6730","FXRTWI","Trade-weighted Index May 1970 = 100","AUS","AUS",2000-02-11,55.3,"D","Index","Indicative","RBA","Daily","Historical Daily Exchange Rates Of The Australian Dollar Against:","Australian Dollar Trade-weighted Index"
"6731","FXRTWI","Trade-weighted Index May 1970 = 100","AUS","AUS",2000-02-14,55.6,"D","Index","Indicative","RBA","Daily","Historical Daily Exchange Rates Of The Australian Dollar Against:","Australian Dollar Trade-weighted Index"
"6732","FXRTWI","Trade-weighted Index May 1970 = 100","AUS","AUS",2000-02-15,55.2,"D","Index","Indicative","RBA","Daily","Historical Daily Exchange Rates Of The Australian Dollar Against:","Australian Dollar Trade-weighted Index"
"6733","FXRTWI","Trade-weighted Index May 1970 = 100","AUS","AUS",2000-02-16,55.8,"D","Index","Indicative","RBA","Daily","Historical Daily Exchange Rates Of The Australian Dollar Against:","Australian Dollar Trade-weighted Index"
"6734","FXRTWI","Trade-weighted Index May 1970 = 100","AUS","AUS",2000-02-17,55.6,"D","Index","Indicative","RBA","Daily","Historical Daily Exchange Rates Of The Australian Dollar Against:","Australian Dollar Trade-weighted Index"
"6735","FXRTWI","Trade-weighted Index May 1970 = 100","AUS","AUS",2000-02-18,55.9,"D","Index","Indicative","RBA","Daily","Historical Daily Exchange Rates Of The Australian Dollar Against:","Australian Dollar Trade-weighted Index"
"6736","FXRTWI","Trade-weighted Index May 1970 = 100","AUS","AUS",2000-02-21,55.5,"D","Index","Indicative","RBA","Daily","Historical Daily Exchange Rates Of The Australian Dollar Against:","Australian Dollar Trade-weighted Index"
"6737","FXRTWI","Trade-weighted Index May 1970 = 100","AUS","AUS",2000-02-22,55.4,"D","Index","Indicative","RBA","Daily","Historical Daily Exchange Rates Of The Australian Dollar Against:","Australian Dollar Trade-weighted Index"
"6738","FXRTWI","Trade-weighted Index May 1970 = 100","AUS","AUS",2000-02-23,54.8,"D","Index","Indicative","RBA","Daily","Historical Daily Exchange Rates Of The Australian Dollar Against:","Australian Dollar Trade-weighted Index"
"6739","FXRTWI","Trade-weighted Index May 1970 = 100","AUS","AUS",2000-02-24,54.9,"D","Index","Indicative","RBA","Daily","Historical Daily Exchange Rates Of The Australian Dollar Against:","Australian Dollar Trade-weighted Index"
"6740","FXRTWI","Trade-weighted Index May 1970 = 100","AUS","AUS",2000-02-25,54.7,"D","Index","Indicative","RBA","Daily","Historical Daily Exchange Rates Of The Australian Dollar Against:","Australian Dollar Trade-weighted Index"
"6741","FXRTWI","Trade-weighted Index May 1970 = 100","AUS","AUS",2000-02-28,54.4,"D","Index","Indicative","RBA","Daily","Historical Daily Exchange Rates Of The Australian Dollar Against:","Australian Dollar Trade-weighted Index"
"6742","DLCACS","Credit; Total; Seasonally adjusted","AUS","AUS",2000-02-29,670.126,"M","$ billion","Seasonally Adjusted","RBA","Monthly","D2 Lending And Credit Aggregates","Credit; Total; Seasonally adjusted – Includes securitisations – For series breaks see Series Breaks"
"6743","FIRMMCRT","Cash Rate Target","AUS","AUS",2000-02-29,5.47619047619048,"M","Per cent","Original","RBA","Monthly","F1.1 Interest Rates And Yields - Money Market","Cash Rate Target; monthly average"
"6744","FXRTWI","Trade-weighted Index May 1970 = 100","AUS","AUS",2000-02-29,54.5,"D","Index","Indicative","RBA","Daily","Historical Daily Exchange Rates Of The Australian Dollar Against:","Australian Dollar Trade-weighted Index"
"6745","FXRTWI","Trade-weighted Index May 1970 = 100","AUS","AUS",2000-02-29,54.5,"M","Index","Indicative","RBA","Monthly","F11 Exchange Rates","Australian Dollar Trade-weighted Index"
"6746","GRCPAISDR","Commodity prices – SDR","AUS","AUS",2000-02-29,26.5865461589744,"M","Index, 2023/24=100","Original","RBA","Monthly","I2 Commodity Prices","Index of commodity prices; All items; SDR"
"6747","A2302956R","South Australia ; STATE FINAL DEMAND ;","SA","SA",2000-03-01,20139,"Q","$ Millions","Seasonally Adjusted",NA,"Quarterly","Table 25. State Final Demand, Summary Components by State: Chain volume measures",NA
"6748","A2302984X","Western Australia ; STATE FINAL DEMAND ;","WA","WA",2000-03-01,29848,"Q","$ Millions","Seasonally Adjusted",NA,"Quarterly","Table 25. State Final Demand, Summary Components by State: Chain volume measures",NA
"6749","A2303012X","Tasmania ; STATE FINAL DEMAND ;","TAS","TAS",2000-03-01,6210,"Q","$ Millions","Seasonally Adjusted",NA,"Quarterly","Table 25. State Final Demand, Summary Components by State: Chain volume measures",NA
"6750","A2303040J","Northern Territory ; STATE FINAL DEMAND ;","NT","NT",2000-03-01,4249,"Q","$ Millions","Seasonally Adjusted",NA,"Quarterly","Table 25. State Final Demand, Summary Components by State: Chain volume measures",NA
"6751","A2303068K","Australian Capital Territory ; STATE FINAL DEMAND ;","ACT","ACT",2000-03-01,8447,"Q","$ Millions","Seasonally Adjusted",NA,"Quarterly","Table 25. State Final Demand, Summary Components by State: Chain volume measures",NA
"6752","A2303111F","New South Wales ; STATE FINAL DEMAND ;","NSW","NSW",2000-03-01,104372,"Q","$ Millions","Seasonally Adjusted",NA,"Quarterly","Table 25. State Final Demand, Summary Components by State: Chain volume measures",NA
"6753","A2303139J","Victoria ; STATE FINAL DEMAND ;","VIC","VIC",2000-03-01,72744,"Q","$ Millions","Seasonally Adjusted",NA,"Quarterly","Table 25. State Final Demand, Summary Components by State: Chain volume measures",NA
"6754","A2303187A","Queensland ; STATE FINAL DEMAND ;","QLD","QLD",2000-03-01,53529,"Q","$ Millions","Seasonally Adjusted",NA,"Quarterly","Table 25. State Final Demand, Summary Components by State: Chain volume measures",NA
"6755","A2304418T","Gross domestic product: Current prices ;","AUS","AUS",2000-03-01,168315,"Q","$ Millions","Seasonally Adjusted",NA,"Quarterly","Table 1. Key National Accounts Aggregates",NA
"6756","A2325846C","Index Numbers ; All groups CPI ; Australia ;","AUS","AUS",2000-03-01,69.7,"Q","Index Numbers","Original",NA,"Quarterly","TABLES 1 and 2. CPI: All Groups, Index Numbers and Percentage Changes",NA
"6757","A2718577A","Credits, Total goods ;","AUS","AUS",2000-03-01,8667,"M","$ Millions","Seasonally Adjusted",NA,"Monthly","TABLE 1. GOODS, Summary: Seasonally adjusted and trend estimates, Current prices",NA
"6758","A2718594C","Balance on goods ;","AUS","AUS",2000-03-01,-689,"M","$ Millions","Seasonally Adjusted",NA,"Monthly","TABLE 1. GOODS, Summary: Seasonally adjusted and trend estimates, Current prices",NA
"6759","FXRTWI","Trade-weighted Index May 1970 = 100","AUS","AUS",2000-03-01,53.8,"D","Index","Indicative","RBA","Daily","Historical Daily Exchange Rates Of The Australian Dollar Against:","Australian Dollar Trade-weighted Index"
"6760","FXRTWI","Trade-weighted Index May 1970 = 100","AUS","AUS",2000-03-02,53.5,"D","Index","Indicative","RBA","Daily","Historical Daily Exchange Rates Of The Australian Dollar Against:","Australian Dollar Trade-weighted Index"
"6761","FXRTWI","Trade-weighted Index May 1970 = 100","AUS","AUS",2000-03-03,53.8,"D","Index","Indicative","RBA","Daily","Historical Daily Exchange Rates Of The Australian Dollar Against:","Australian Dollar Trade-weighted Index"
"6762","FXRTWI","Trade-weighted Index May 1970 = 100","AUS","AUS",2000-03-06,53.4,"D","Index","Indicative","RBA","Daily","Historical Daily Exchange Rates Of The Australian Dollar Against:","Australian Dollar Trade-weighted Index"
"6763","FXRTWI","Trade-weighted Index May 1970 = 100","AUS","AUS",2000-03-07,53.3,"D","Index","Indicative","RBA","Daily","Historical Daily Exchange Rates Of The Australian Dollar Against:","Australian Dollar Trade-weighted Index"
"6764","FXRTWI","Trade-weighted Index May 1970 = 100","AUS","AUS",2000-03-08,53.4,"D","Index","Indicative","RBA","Daily","Historical Daily Exchange Rates Of The Australian Dollar Against:","Australian Dollar Trade-weighted Index"
"6765","FXRTWI","Trade-weighted Index May 1970 = 100","AUS","AUS",2000-03-09,54,"D","Index","Indicative","RBA","Daily","Historical Daily Exchange Rates Of The Australian Dollar Against:","Australian Dollar Trade-weighted Index"
"6766","FXRTWI","Trade-weighted Index May 1970 = 100","AUS","AUS",2000-03-10,54.2,"D","Index","Indicative","RBA","Daily","Historical Daily Exchange Rates Of The Australian Dollar Against:","Australian Dollar Trade-weighted Index"
"6767","FXRTWI","Trade-weighted Index May 1970 = 100","AUS","AUS",2000-03-13,53.9,"D","Index","Indicative","RBA","Daily","Historical Daily Exchange Rates Of The Australian Dollar Against:","Australian Dollar Trade-weighted Index"
"6768","FXRTWI","Trade-weighted Index May 1970 = 100","AUS","AUS",2000-03-14,54.2,"D","Index","Indicative","RBA","Daily","Historical Daily Exchange Rates Of The Australian Dollar Against:","Australian Dollar Trade-weighted Index"
"6769","FXRTWI","Trade-weighted Index May 1970 = 100","AUS","AUS",2000-03-15,53.8,"D","Index","Indicative","RBA","Daily","Historical Daily Exchange Rates Of The Australian Dollar Against:","Australian Dollar Trade-weighted Index"
"6770","FXRTWI","Trade-weighted Index May 1970 = 100","AUS","AUS",2000-03-16,54,"D","Index","Indicative","RBA","Daily","Historical Daily Exchange Rates Of The Australian Dollar Against:","Australian Dollar Trade-weighted Index"
"6771","FXRTWI","Trade-weighted Index May 1970 = 100","AUS","AUS",2000-03-17,53.7,"D","Index","Indicative","RBA","Daily","Historical Daily Exchange Rates Of The Australian Dollar Against:","Australian Dollar Trade-weighted Index"
"6772","FXRTWI","Trade-weighted Index May 1970 = 100","AUS","AUS",2000-03-20,53.4,"D","Index","Indicative","RBA","Daily","Historical Daily Exchange Rates Of The Australian Dollar Against:","Australian Dollar Trade-weighted Index"
"6773","FXRTWI","Trade-weighted Index May 1970 = 100","AUS","AUS",2000-03-21,53.7,"D","Index","Indicative","RBA","Daily","Historical Daily Exchange Rates Of The Australian Dollar Against:","Australian Dollar Trade-weighted Index"
"6774","FXRTWI","Trade-weighted Index May 1970 = 100","AUS","AUS",2000-03-22,53.7,"D","Index","Indicative","RBA","Daily","Historical Daily Exchange Rates Of The Australian Dollar Against:","Australian Dollar Trade-weighted Index"
"6775","FXRTWI","Trade-weighted Index May 1970 = 100","AUS","AUS",2000-03-23,53.3,"D","Index","Indicative","RBA","Daily","Historical Daily Exchange Rates Of The Australian Dollar Against:","Australian Dollar Trade-weighted Index"
"6776","FXRTWI","Trade-weighted Index May 1970 = 100","AUS","AUS",2000-03-24,53.4,"D","Index","Indicative","RBA","Daily","Historical Daily Exchange Rates Of The Australian Dollar Against:","Australian Dollar Trade-weighted Index"
"6777","FXRTWI","Trade-weighted Index May 1970 = 100","AUS","AUS",2000-03-27,53.7,"D","Index","Indicative","RBA","Daily","Historical Daily Exchange Rates Of The Australian Dollar Against:","Australian Dollar Trade-weighted Index"
"6778","FXRTWI","Trade-weighted Index May 1970 = 100","AUS","AUS",2000-03-28,53.9,"D","Index","Indicative","RBA","Daily","Historical Daily Exchange Rates Of The Australian Dollar Against:","Australian Dollar Trade-weighted Index"
"6779","FXRTWI","Trade-weighted Index May 1970 = 100","AUS","AUS",2000-03-29,53.7,"D","Index","Indicative","RBA","Daily","Historical Daily Exchange Rates Of The Australian Dollar Against:","Australian Dollar Trade-weighted Index"
"6780","FXRTWI","Trade-weighted Index May 1970 = 100","AUS","AUS",2000-03-30,53.7,"D","Index","Indicative","RBA","Daily","Historical Daily Exchange Rates Of The Australian Dollar Against:","Australian Dollar Trade-weighted Index"
"6781","DLCACS","Credit; Total; Seasonally adjusted","AUS","AUS",2000-03-31,676.253,"M","$ billion","Seasonally Adjusted","RBA","Monthly","D2 Lending And Credit Aggregates","Credit; Total; Seasonally adjusted – Includes securitisations – For series breaks see Series Breaks"
"6782","FIRMMCRT","Cash Rate Target","AUS","AUS",2000-03-31,5.5,"M","Per cent","Original","RBA","Monthly","F1.1 Interest Rates And Yields - Money Market","Cash Rate Target; monthly average"
"6783","FXRTWI","Trade-weighted Index May 1970 = 100","AUS","AUS",2000-03-31,53.1,"D","Index","Indicative","RBA","Daily","Historical Daily Exchange Rates Of The Australian Dollar Against:","Australian Dollar Trade-weighted Index"
"6784","FXRTWI","Trade-weighted Index May 1970 = 100","AUS","AUS",2000-03-31,53.1,"M","Index","Indicative","RBA","Monthly","F11 Exchange Rates","Australian Dollar Trade-weighted Index"
"6785","GCPIOCPMTMQP","Quarterly trimmed mean inflation","AUS","AUS",2000-03-31,0.7,"Q","Per cent","Seasonally Adjusted","ABS","Quarterly","G1 Consumer Price Inflation","Consumer price index; Trimmed mean; Quarterly change (in per cent)"
"6786","GRCPAISDR","Commodity prices – SDR","AUS","AUS",2000-03-31,26.3666557453779,"M","Index, 2023/24=100","Original","RBA","Monthly","I2 Commodity Prices","Index of commodity prices; All items; SDR"
"6787","A2718577A","Credits, Total goods ;","AUS","AUS",2000-04-01,8575,"M","$ Millions","Seasonally Adjusted",NA,"Monthly","TABLE 1. GOODS, Summary: Seasonally adjusted and trend estimates, Current prices",NA
"6788","A2718594C","Balance on goods ;","AUS","AUS",2000-04-01,-342,"M","$ Millions","Seasonally Adjusted",NA,"Monthly","TABLE 1. GOODS, Summary: Seasonally adjusted and trend estimates, Current prices",NA
"6789","FXRTWI","Trade-weighted Index May 1970 = 100","AUS","AUS",2000-04-03,53.3,"D","Index","Indicative","RBA","Daily","Historical Daily Exchange Rates Of The Australian Dollar Against:","Australian Dollar Trade-weighted Index"
"6790","FXRTWI","Trade-weighted Index May 1970 = 100","AUS","AUS",2000-04-04,52.9,"D","Index","Indicative","RBA","Daily","Historical Daily Exchange Rates Of The Australian Dollar Against:","Australian Dollar Trade-weighted Index"
"6791","FXRTWI","Trade-weighted Index May 1970 = 100","AUS","AUS",2000-04-05,53.1,"D","Index","Indicative","RBA","Daily","Historical Daily Exchange Rates Of The Australian Dollar Against:","Australian Dollar Trade-weighted Index"
"6792","FXRTWI","Trade-weighted Index May 1970 = 100","AUS","AUS",2000-04-06,53.1,"D","Index","Indicative","RBA","Daily","Historical Daily Exchange Rates Of The Australian Dollar Against:","Australian Dollar Trade-weighted Index"
"6793","FXRTWI","Trade-weighted Index May 1970 = 100","AUS","AUS",2000-04-07,52.6,"D","Index","Indicative","RBA","Daily","Historical Daily Exchange Rates Of The Australian Dollar Against:","Australian Dollar Trade-weighted Index"
"6794","FXRTWI","Trade-weighted Index May 1970 = 100","AUS","AUS",2000-04-10,52.5,"D","Index","Indicative","RBA","Daily","Historical Daily Exchange Rates Of The Australian Dollar Against:","Australian Dollar Trade-weighted Index"
"6795","FXRTWI","Trade-weighted Index May 1970 = 100","AUS","AUS",2000-04-11,52.3,"D","Index","Indicative","RBA","Daily","Historical Daily Exchange Rates Of The Australian Dollar Against:","Australian Dollar Trade-weighted Index"
"6796","FXRTWI","Trade-weighted Index May 1970 = 100","AUS","AUS",2000-04-12,52.5,"D","Index","Indicative","RBA","Daily","Historical Daily Exchange Rates Of The Australian Dollar Against:","Australian Dollar Trade-weighted Index"
"6797","FXRTWI","Trade-weighted Index May 1970 = 100","AUS","AUS",2000-04-13,52.6,"D","Index","Indicative","RBA","Daily","Historical Daily Exchange Rates Of The Australian Dollar Against:","Australian Dollar Trade-weighted Index"
"6798","FXRTWI","Trade-weighted Index May 1970 = 100","AUS","AUS",2000-04-14,52.5,"D","Index","Indicative","RBA","Daily","Historical Daily Exchange Rates Of The Australian Dollar Against:","Australian Dollar Trade-weighted Index"
"6799","FXRTWI","Trade-weighted Index May 1970 = 100","AUS","AUS",2000-04-17,52.7,"D","Index","Indicative","RBA","Daily","Historical Daily Exchange Rates Of The Australian Dollar Against:","Australian Dollar Trade-weighted Index"
"6800","FXRTWI","Trade-weighted Index May 1970 = 100","AUS","AUS",2000-04-18,52.3,"D","Index","Indicative","RBA","Daily","Historical Daily Exchange Rates Of The Australian Dollar Against:","Australian Dollar Trade-weighted Index"
"6801","FXRTWI","Trade-weighted Index May 1970 = 100","AUS","AUS",2000-04-19,52.5,"D","Index","Indicative","RBA","Daily","Historical Daily Exchange Rates Of The Australian Dollar Against:","Australian Dollar Trade-weighted Index"
"6802","FXRTWI","Trade-weighted Index May 1970 = 100","AUS","AUS",2000-04-20,52.5,"D","Index","Indicative","RBA","Daily","Historical Daily Exchange Rates Of The Australian Dollar Against:","Australian Dollar Trade-weighted Index"
"6803","FXRTWI","Trade-weighted Index May 1970 = 100","AUS","AUS",2000-04-26,52.2,"D","Index","Indicative","RBA","Daily","Historical Daily Exchange Rates Of The Australian Dollar Against:","Australian Dollar Trade-weighted Index"
"6804","FXRTWI","Trade-weighted Index May 1970 = 100","AUS","AUS",2000-04-27,52.3,"D","Index","Indicative","RBA","Daily","Historical Daily Exchange Rates Of The Australian Dollar Against:","Australian Dollar Trade-weighted Index"
"6805","FXRTWI","Trade-weighted Index May 1970 = 100","AUS","AUS",2000-04-28,52.5,"D","Index","Indicative","RBA","Daily","Historical Daily Exchange Rates Of The Australian Dollar Against:","Australian Dollar Trade-weighted Index"
"6806","DLCACS","Credit; Total; Seasonally adjusted","AUS","AUS",2000-04-30,681.903,"M","$ billion","Seasonally Adjusted","RBA","Monthly","D2 Lending And Credit Aggregates","Credit; Total; Seasonally adjusted – Includes securitisations – For series breaks see Series Breaks"
"6807","FIRMMCRT","Cash Rate Target","AUS","AUS",2000-04-30,5.72058823529412,"M","Per cent","Original","RBA","Monthly","F1.1 Interest Rates And Yields - Money Market","Cash Rate Target; monthly average"
"6808","FXRTWI","Trade-weighted Index May 1970 = 100","AUS","AUS",2000-04-30,52.5,"M","Index","Indicative","RBA","Monthly","F11 Exchange Rates","Australian Dollar Trade-weighted Index"
"6809","GRCPAISDR","Commodity prices – SDR","AUS","AUS",2000-04-30,26.2489839556784,"M","Index, 2023/24=100","Original","RBA","Monthly","I2 Commodity Prices","Index of commodity prices; All items; SDR"
"6810","A2718577A","Credits, Total goods ;","AUS","AUS",2000-05-01,8979,"M","$ Millions","Seasonally Adjusted",NA,"Monthly","TABLE 1. GOODS, Summary: Seasonally adjusted and trend estimates, Current prices",NA
"6811","A2718594C","Balance on goods ;","AUS","AUS",2000-05-01,-1330,"M","$ Millions","Seasonally Adjusted",NA,"Monthly","TABLE 1. GOODS, Summary: Seasonally adjusted and trend estimates, Current prices",NA
"6812","FXRTWI","Trade-weighted Index May 1970 = 100","AUS","AUS",2000-05-01,51.8,"D","Index","Indicative","RBA","Daily","Historical Daily Exchange Rates Of The Australian Dollar Against:","Australian Dollar Trade-weighted Index"
"6813","FXRTWI","Trade-weighted Index May 1970 = 100","AUS","AUS",2000-05-02,52.2,"D","Index","Indicative","RBA","Daily","Historical Daily Exchange Rates Of The Australian Dollar Against:","Australian Dollar Trade-weighted Index"
"6814","FXRTWI","Trade-weighted Index May 1970 = 100","AUS","AUS",2000-05-03,52.7,"D","Index","Indicative","RBA","Daily","Historical Daily Exchange Rates Of The Australian Dollar Against:","Australian Dollar Trade-weighted Index"
"6815","FXRTWI","Trade-weighted Index May 1970 = 100","AUS","AUS",2000-05-04,52.8,"D","Index","Indicative","RBA","Daily","Historical Daily Exchange Rates Of The Australian Dollar Against:","Australian Dollar Trade-weighted Index"
"6816","FXRTWI","Trade-weighted Index May 1970 = 100","AUS","AUS",2000-05-05,53.1,"D","Index","Indicative","RBA","Daily","Historical Daily Exchange Rates Of The Australian Dollar Against:","Australian Dollar Trade-weighted Index"
"6817","FXRTWI","Trade-weighted Index May 1970 = 100","AUS","AUS",2000-05-08,52.6,"D","Index","Indicative","RBA","Daily","Historical Daily Exchange Rates Of The Australian Dollar Against:","Australian Dollar Trade-weighted Index"
"6818","FXRTWI","Trade-weighted Index May 1970 = 100","AUS","AUS",2000-05-09,52.2,"D","Index","Indicative","RBA","Daily","Historical Daily Exchange Rates Of The Australian Dollar Against:","Australian Dollar Trade-weighted Index"
"6819","FXRTWI","Trade-weighted Index May 1970 = 100","AUS","AUS",2000-05-10,52.3,"D","Index","Indicative","RBA","Daily","Historical Daily Exchange Rates Of The Australian Dollar Against:","Australian Dollar Trade-weighted Index"
"6820","FXRTWI","Trade-weighted Index May 1970 = 100","AUS","AUS",2000-05-11,52.1,"D","Index","Indicative","RBA","Daily","Historical Daily Exchange Rates Of The Australian Dollar Against:","Australian Dollar Trade-weighted Index"
"6821","FXRTWI","Trade-weighted Index May 1970 = 100","AUS","AUS",2000-05-12,52.2,"D","Index","Indicative","RBA","Daily","Historical Daily Exchange Rates Of The Australian Dollar Against:","Australian Dollar Trade-weighted Index"
"6822","FXRTWI","Trade-weighted Index May 1970 = 100","AUS","AUS",2000-05-15,51.9,"D","Index","Indicative","RBA","Daily","Historical Daily Exchange Rates Of The Australian Dollar Against:","Australian Dollar Trade-weighted Index"
"6823","FXRTWI","Trade-weighted Index May 1970 = 100","AUS","AUS",2000-05-16,51.9,"D","Index","Indicative","RBA","Daily","Historical Daily Exchange Rates Of The Australian Dollar Against:","Australian Dollar Trade-weighted Index"
"6824","FXRTWI","Trade-weighted Index May 1970 = 100","AUS","AUS",2000-05-17,51.5,"D","Index","Indicative","RBA","Daily","Historical Daily Exchange Rates Of The Australian Dollar Against:","Australian Dollar Trade-weighted Index"
"6825","FXRTWI","Trade-weighted Index May 1970 = 100","AUS","AUS",2000-05-18,51.6,"D","Index","Indicative","RBA","Daily","Historical Daily Exchange Rates Of The Australian Dollar Against:","Australian Dollar Trade-weighted Index"
"6826","FXRTWI","Trade-weighted Index May 1970 = 100","AUS","AUS",2000-05-19,52,"D","Index","Indicative","RBA","Daily","Historical Daily Exchange Rates Of The Australian Dollar Against:","Australian Dollar Trade-weighted Index"
"6827","FXRTWI","Trade-weighted Index May 1970 = 100","AUS","AUS",2000-05-22,51.6,"D","Index","Indicative","RBA","Daily","Historical Daily Exchange Rates Of The Australian Dollar Against:","Australian Dollar Trade-weighted Index"
"6828","FXRTWI","Trade-weighted Index May 1970 = 100","AUS","AUS",2000-05-23,52,"D","Index","Indicative","RBA","Daily","Historical Daily Exchange Rates Of The Australian Dollar Against:","Australian Dollar Trade-weighted Index"
"6829","FXRTWI","Trade-weighted Index May 1970 = 100","AUS","AUS",2000-05-24,51.5,"D","Index","Indicative","RBA","Daily","Historical Daily Exchange Rates Of The Australian Dollar Against:","Australian Dollar Trade-weighted Index"
"6830","FXRTWI","Trade-weighted Index May 1970 = 100","AUS","AUS",2000-05-25,51.8,"D","Index","Indicative","RBA","Daily","Historical Daily Exchange Rates Of The Australian Dollar Against:","Australian Dollar Trade-weighted Index"
"6831","FXRTWI","Trade-weighted Index May 1970 = 100","AUS","AUS",2000-05-26,51.4,"D","Index","Indicative","RBA","Daily","Historical Daily Exchange Rates Of The Australian Dollar Against:","Australian Dollar Trade-weighted Index"
"6832","FXRTWI","Trade-weighted Index May 1970 = 100","AUS","AUS",2000-05-29,51.6,"D","Index","Indicative","RBA","Daily","Historical Daily Exchange Rates Of The Australian Dollar Against:","Australian Dollar Trade-weighted Index"
"6833","FXRTWI","Trade-weighted Index May 1970 = 100","AUS","AUS",2000-05-30,51.8,"D","Index","Indicative","RBA","Daily","Historical Daily Exchange Rates Of The Australian Dollar Against:","Australian Dollar Trade-weighted Index"
"6834","DLCACS","Credit; Total; Seasonally adjusted","AUS","AUS",2000-05-31,689.402,"M","$ billion","Seasonally Adjusted","RBA","Monthly","D2 Lending And Credit Aggregates","Credit; Total; Seasonally adjusted – Includes securitisations – For series breaks see Series Breaks"
"6835","FIRMMCRT","Cash Rate Target","AUS","AUS",2000-05-31,5.97826086956522,"M","Per cent","Original","RBA","Monthly","F1.1 Interest Rates And Yields - Money Market","Cash Rate Target; monthly average"
"6836","FXRTWI","Trade-weighted Index May 1970 = 100","AUS","AUS",2000-05-31,51.4,"D","Index","Indicative","RBA","Daily","Historical Daily Exchange Rates Of The Australian Dollar Against:","Australian Dollar Trade-weighted Index"
"6837","FXRTWI","Trade-weighted Index May 1970 = 100","AUS","AUS",2000-05-31,51.4,"M","Index","Indicative","RBA","Monthly","F11 Exchange Rates","Australian Dollar Trade-weighted Index"
"6838","GRCPAISDR","Commodity prices – SDR","AUS","AUS",2000-05-31,27.1542082843578,"M","Index, 2023/24=100","Original","RBA","Monthly","I2 Commodity Prices","Index of commodity prices; All items; SDR"
"6839","A2302956R","South Australia ; STATE FINAL DEMAND ;","SA","SA",2000-06-01,20800,"Q","$ Millions","Seasonally Adjusted",NA,"Quarterly","Table 25. State Final Demand, Summary Components by State: Chain volume measures",NA
"6840","A2302984X","Western Australia ; STATE FINAL DEMAND ;","WA","WA",2000-06-01,30153,"Q","$ Millions","Seasonally Adjusted",NA,"Quarterly","Table 25. State Final Demand, Summary Components by State: Chain volume measures",NA
"6841","A2303012X","Tasmania ; STATE FINAL DEMAND ;","TAS","TAS",2000-06-01,6345,"Q","$ Millions","Seasonally Adjusted",NA,"Quarterly","Table 25. State Final Demand, Summary Components by State: Chain volume measures",NA
"6842","A2303040J","Northern Territory ; STATE FINAL DEMAND ;","NT","NT",2000-06-01,4291,"Q","$ Millions","Seasonally Adjusted",NA,"Quarterly","Table 25. State Final Demand, Summary Components by State: Chain volume measures",NA
"6843","A2303068K","Australian Capital Territory ; STATE FINAL DEMAND ;","ACT","ACT",2000-06-01,8473,"Q","$ Millions","Seasonally Adjusted",NA,"Quarterly","Table 25. State Final Demand, Summary Components by State: Chain volume measures",NA
"6844","A2303111F","New South Wales ; STATE FINAL DEMAND ;","NSW","NSW",2000-06-01,104974,"Q","$ Millions","Seasonally Adjusted",NA,"Quarterly","Table 25. State Final Demand, Summary Components by State: Chain volume measures",NA
"6845","A2303139J","Victoria ; STATE FINAL DEMAND ;","VIC","VIC",2000-06-01,73686,"Q","$ Millions","Seasonally Adjusted",NA,"Quarterly","Table 25. State Final Demand, Summary Components by State: Chain volume measures",NA
"6846","A2303187A","Queensland ; STATE FINAL DEMAND ;","QLD","QLD",2000-06-01,54001,"Q","$ Millions","Seasonally Adjusted",NA,"Quarterly","Table 25. State Final Demand, Summary Components by State: Chain volume measures",NA
"6847","A2304418T","Gross domestic product: Current prices ;","AUS","AUS",2000-06-01,170526,"Q","$ Millions","Seasonally Adjusted",NA,"Quarterly","Table 1. Key National Accounts Aggregates",NA
"6848","A2325846C","Index Numbers ; All groups CPI ; Australia ;","AUS","AUS",2000-06-01,70.2,"Q","Index Numbers","Original",NA,"Quarterly","TABLES 1 and 2. CPI: All Groups, Index Numbers and Percentage Changes",NA
"6849","A2336320R","New South Wales ; Gross state product: Current prices ;","NSW","NSW",2000-06-01,241898,"Annual","$ Millions","Original",NA,"Annual","Table 1. Gross State Product, Chain volume measures and current prices",NA
"6850","A2336321T","Victoria ; Gross state product: Current prices ;","VIC","VIC",2000-06-01,166634,"Annual","$ Millions","Original",NA,"Annual","Table 1. Gross State Product, Chain volume measures and current prices",NA
"6851","A2336322V","Queensland ; Gross state product: Current prices ;","QLD","QLD",2000-06-01,106233,"Annual","$ Millions","Original",NA,"Annual","Table 1. Gross State Product, Chain volume measures and current prices",NA
"6852","A2336323W","South Australia ; Gross state product: Current prices ;","SA","SA",2000-06-01,46425,"Annual","$ Millions","Original",NA,"Annual","Table 1. Gross State Product, Chain volume measures and current prices",NA
"6853","A2336324X","Western Australia ; Gross state product: Current prices ;","WA","WA",2000-06-01,69271,"Annual","$ Millions","Original",NA,"Annual","Table 1. Gross State Product, Chain volume measures and current prices",NA
"6854","A2336325A","Tasmania ; Gross state product: Current prices ;","TAS","TAS",2000-06-01,12327,"Annual","$ Millions","Original",NA,"Annual","Table 1. Gross State Product, Chain volume measures and current prices",NA
"6855","A2336326C","Northern Territory ; Gross state product: Current prices ;","NT","NT",2000-06-01,7402,"Annual","$ Millions","Original",NA,"Annual","Table 1. Gross State Product, Chain volume measures and current prices",NA
"6856","A2336327F","Australian Capital Territory ; Gross state product: Current prices ;","ACT","ACT",2000-06-01,12485,"Annual","$ Millions","Original",NA,"Annual","Table 1. Gross State Product, Chain volume measures and current prices",NA
"6857","A2718577A","Credits, Total goods ;","AUS","AUS",2000-06-01,9341,"M","$ Millions","Seasonally Adjusted",NA,"Monthly","TABLE 1. GOODS, Summary: Seasonally adjusted and trend estimates, Current prices",NA
"6858","A2718594C","Balance on goods ;","AUS","AUS",2000-06-01,-1211,"M","$ Millions","Seasonally Adjusted",NA,"Monthly","TABLE 1. GOODS, Summary: Seasonally adjusted and trend estimates, Current prices",NA
"6859","FXRTWI","Trade-weighted Index May 1970 = 100","AUS","AUS",2000-06-01,51.6,"D","Index","Indicative","RBA","Daily","Historical Daily Exchange Rates Of The Australian Dollar Against:","Australian Dollar Trade-weighted Index"
"6860","FXRTWI","Trade-weighted Index May 1970 = 100","AUS","AUS",2000-06-02,51.4,"D","Index","Indicative","RBA","Daily","Historical Daily Exchange Rates Of The Australian Dollar Against:","Australian Dollar Trade-weighted Index"
"6861","FXRTWI","Trade-weighted Index May 1970 = 100","AUS","AUS",2000-06-05,51.9,"D","Index","Indicative","RBA","Daily","Historical Daily Exchange Rates Of The Australian Dollar Against:","Australian Dollar Trade-weighted Index"
"6862","FXRTWI","Trade-weighted Index May 1970 = 100","AUS","AUS",2000-06-06,51.8,"D","Index","Indicative","RBA","Daily","Historical Daily Exchange Rates Of The Australian Dollar Against:","Australian Dollar Trade-weighted Index"
"6863","FXRTWI","Trade-weighted Index May 1970 = 100","AUS","AUS",2000-06-07,52.3,"D","Index","Indicative","RBA","Daily","Historical Daily Exchange Rates Of The Australian Dollar Against:","Australian Dollar Trade-weighted Index"
"6864","FXRTWI","Trade-weighted Index May 1970 = 100","AUS","AUS",2000-06-08,52.4,"D","Index","Indicative","RBA","Daily","Historical Daily Exchange Rates Of The Australian Dollar Against:","Australian Dollar Trade-weighted Index"
"6865","FXRTWI","Trade-weighted Index May 1970 = 100","AUS","AUS",2000-06-09,52.3,"D","Index","Indicative","RBA","Daily","Historical Daily Exchange Rates Of The Australian Dollar Against:","Australian Dollar Trade-weighted Index"
"6866","FXRTWI","Trade-weighted Index May 1970 = 100","AUS","AUS",2000-06-13,52.6,"D","Index","Indicative","RBA","Daily","Historical Daily Exchange Rates Of The Australian Dollar Against:","Australian Dollar Trade-weighted Index"
"6867","FXRTWI","Trade-weighted Index May 1970 = 100","AUS","AUS",2000-06-14,53.4,"D","Index","Indicative","RBA","Daily","Historical Daily Exchange Rates Of The Australian Dollar Against:","Australian Dollar Trade-weighted Index"
"6868","FXRTWI","Trade-weighted Index May 1970 = 100","AUS","AUS",2000-06-15,53.4,"D","Index","Indicative","RBA","Daily","Historical Daily Exchange Rates Of The Australian Dollar Against:","Australian Dollar Trade-weighted Index"
"6869","FXRTWI","Trade-weighted Index May 1970 = 100","AUS","AUS",2000-06-16,54,"D","Index","Indicative","RBA","Daily","Historical Daily Exchange Rates Of The Australian Dollar Against:","Australian Dollar Trade-weighted Index"
"6870","FXRTWI","Trade-weighted Index May 1970 = 100","AUS","AUS",2000-06-19,53.6,"D","Index","Indicative","RBA","Daily","Historical Daily Exchange Rates Of The Australian Dollar Against:","Australian Dollar Trade-weighted Index"
"6871","FXRTWI","Trade-weighted Index May 1970 = 100","AUS","AUS",2000-06-20,53.8,"D","Index","Indicative","RBA","Daily","Historical Daily Exchange Rates Of The Australian Dollar Against:","Australian Dollar Trade-weighted Index"
"6872","FXRTWI","Trade-weighted Index May 1970 = 100","AUS","AUS",2000-06-21,53.3,"D","Index","Indicative","RBA","Daily","Historical Daily Exchange Rates Of The Australian Dollar Against:","Australian Dollar Trade-weighted Index"
"6873","FXRTWI","Trade-weighted Index May 1970 = 100","AUS","AUS",2000-06-22,53.6,"D","Index","Indicative","RBA","Daily","Historical Daily Exchange Rates Of The Australian Dollar Against:","Australian Dollar Trade-weighted Index"
"6874","FXRTWI","Trade-weighted Index May 1970 = 100","AUS","AUS",2000-06-23,53,"D","Index","Indicative","RBA","Daily","Historical Daily Exchange Rates Of The Australian Dollar Against:","Australian Dollar Trade-weighted Index"
"6875","FXRTWI","Trade-weighted Index May 1970 = 100","AUS","AUS",2000-06-26,52.8,"D","Index","Indicative","RBA","Daily","Historical Daily Exchange Rates Of The Australian Dollar Against:","Australian Dollar Trade-weighted Index"
"6876","FXRTWI","Trade-weighted Index May 1970 = 100","AUS","AUS",2000-06-27,53.6,"D","Index","Indicative","RBA","Daily","Historical Daily Exchange Rates Of The Australian Dollar Against:","Australian Dollar Trade-weighted Index"
"6877","FXRTWI","Trade-weighted Index May 1970 = 100","AUS","AUS",2000-06-28,53.5,"D","Index","Indicative","RBA","Daily","Historical Daily Exchange Rates Of The Australian Dollar Against:","Australian Dollar Trade-weighted Index"
"6878","FXRTWI","Trade-weighted Index May 1970 = 100","AUS","AUS",2000-06-29,53.6,"D","Index","Indicative","RBA","Daily","Historical Daily Exchange Rates Of The Australian Dollar Against:","Australian Dollar Trade-weighted Index"
"6879","DLCACS","Credit; Total; Seasonally adjusted","AUS","AUS",2000-06-30,696.879,"M","$ billion","Seasonally Adjusted","RBA","Monthly","D2 Lending And Credit Aggregates","Credit; Total; Seasonally adjusted – Includes securitisations – For series breaks see Series Breaks"
"6880","FIRMMCRT","Cash Rate Target","AUS","AUS",2000-06-30,6,"M","Per cent","Original","RBA","Monthly","F1.1 Interest Rates And Yields - Money Market","Cash Rate Target; monthly average"
"6881","FXRTWI","Trade-weighted Index May 1970 = 100","AUS","AUS",2000-06-30,53.3,"D","Index","Indicative","RBA","Daily","Historical Daily Exchange Rates Of The Australian Dollar Against:","Australian Dollar Trade-weighted Index"
"6882","FXRTWI","Trade-weighted Index May 1970 = 100","AUS","AUS",2000-06-30,53.3,"M","Index","Indicative","RBA","Monthly","F11 Exchange Rates","Australian Dollar Trade-weighted Index"
"6883","GCPIOCPMTMQP","Quarterly trimmed mean inflation","AUS","AUS",2000-06-30,0.5,"Q","Per cent","Seasonally Adjusted","ABS","Quarterly","G1 Consumer Price Inflation","Consumer price index; Trimmed mean; Quarterly change (in per cent)"
"6884","GRCPAISDR","Commodity prices – SDR","AUS","AUS",2000-06-30,27.2587425160995,"M","Index, 2023/24=100","Original","RBA","Monthly","I2 Commodity Prices","Index of commodity prices; All items; SDR"
"6885","A2718577A","Credits, Total goods ;","AUS","AUS",2000-07-01,9363,"M","$ Millions","Seasonally Adjusted",NA,"Monthly","TABLE 1. GOODS, Summary: Seasonally adjusted and trend estimates, Current prices",NA
"6886","A2718594C","Balance on goods ;","AUS","AUS",2000-07-01,-707,"M","$ Millions","Seasonally Adjusted",NA,"Monthly","TABLE 1. GOODS, Summary: Seasonally adjusted and trend estimates, Current prices",NA
"6887","FXRTWI","Trade-weighted Index May 1970 = 100","AUS","AUS",2000-07-03,53.6,"D","Index","Indicative","RBA","Daily","Historical Daily Exchange Rates Of The Australian Dollar Against:","Australian Dollar Trade-weighted Index"
"6888","FXRTWI","Trade-weighted Index May 1970 = 100","AUS","AUS",2000-07-04,53.5,"D","Index","Indicative","RBA","Daily","Historical Daily Exchange Rates Of The Australian Dollar Against:","Australian Dollar Trade-weighted Index"
"6889","FXRTWI","Trade-weighted Index May 1970 = 100","AUS","AUS",2000-07-05,53.2,"D","Index","Indicative","RBA","Daily","Historical Daily Exchange Rates Of The Australian Dollar Against:","Australian Dollar Trade-weighted Index"
"6890","FXRTWI","Trade-weighted Index May 1970 = 100","AUS","AUS",2000-07-06,52.9,"D","Index","Indicative","RBA","Daily","Historical Daily Exchange Rates Of The Australian Dollar Against:","Australian Dollar Trade-weighted Index"
"6891","FXRTWI","Trade-weighted Index May 1970 = 100","AUS","AUS",2000-07-07,52.7,"D","Index","Indicative","RBA","Daily","Historical Daily Exchange Rates Of The Australian Dollar Against:","Australian Dollar Trade-weighted Index"
"6892","FXRTWI","Trade-weighted Index May 1970 = 100","AUS","AUS",2000-07-10,53.2,"D","Index","Indicative","RBA","Daily","Historical Daily Exchange Rates Of The Australian Dollar Against:","Australian Dollar Trade-weighted Index"
"6893","FXRTWI","Trade-weighted Index May 1970 = 100","AUS","AUS",2000-07-11,53,"D","Index","Indicative","RBA","Daily","Historical Daily Exchange Rates Of The Australian Dollar Against:","Australian Dollar Trade-weighted Index"
"6894","FXRTWI","Trade-weighted Index May 1970 = 100","AUS","AUS",2000-07-12,52.9,"D","Index","Indicative","RBA","Daily","Historical Daily Exchange Rates Of The Australian Dollar Against:","Australian Dollar Trade-weighted Index"
"6895","FXRTWI","Trade-weighted Index May 1970 = 100","AUS","AUS",2000-07-13,53.2,"D","Index","Indicative","RBA","Daily","Historical Daily Exchange Rates Of The Australian Dollar Against:","Australian Dollar Trade-weighted Index"
"6896","FXRTWI","Trade-weighted Index May 1970 = 100","AUS","AUS",2000-07-14,52.8,"D","Index","Indicative","RBA","Daily","Historical Daily Exchange Rates Of The Australian Dollar Against:","Australian Dollar Trade-weighted Index"
"6897","FXRTWI","Trade-weighted Index May 1970 = 100","AUS","AUS",2000-07-17,52.8,"D","Index","Indicative","RBA","Daily","Historical Daily Exchange Rates Of The Australian Dollar Against:","Australian Dollar Trade-weighted Index"
"6898","FXRTWI","Trade-weighted Index May 1970 = 100","AUS","AUS",2000-07-18,52.7,"D","Index","Indicative","RBA","Daily","Historical Daily Exchange Rates Of The Australian Dollar Against:","Australian Dollar Trade-weighted Index"
"6899","FXRTWI","Trade-weighted Index May 1970 = 100","AUS","AUS",2000-07-19,52.5,"D","Index","Indicative","RBA","Daily","Historical Daily Exchange Rates Of The Australian Dollar Against:","Australian Dollar Trade-weighted Index"
"6900","FXRTWI","Trade-weighted Index May 1970 = 100","AUS","AUS",2000-07-20,52.1,"D","Index","Indicative","RBA","Daily","Historical Daily Exchange Rates Of The Australian Dollar Against:","Australian Dollar Trade-weighted Index"
"6901","FXRTWI","Trade-weighted Index May 1970 = 100","AUS","AUS",2000-07-21,52.6,"D","Index","Indicative","RBA","Daily","Historical Daily Exchange Rates Of The Australian Dollar Against:","Australian Dollar Trade-weighted Index"
"6902","FXRTWI","Trade-weighted Index May 1970 = 100","AUS","AUS",2000-07-24,52.9,"D","Index","Indicative","RBA","Daily","Historical Daily Exchange Rates Of The Australian Dollar Against:","Australian Dollar Trade-weighted Index"
"6903","FXRTWI","Trade-weighted Index May 1970 = 100","AUS","AUS",2000-07-25,52.8,"D","Index","Indicative","RBA","Daily","Historical Daily Exchange Rates Of The Australian Dollar Against:","Australian Dollar Trade-weighted Index"
"6904","FXRTWI","Trade-weighted Index May 1970 = 100","AUS","AUS",2000-07-26,53,"D","Index","Indicative","RBA","Daily","Historical Daily Exchange Rates Of The Australian Dollar Against:","Australian Dollar Trade-weighted Index"
"6905","FXRTWI","Trade-weighted Index May 1970 = 100","AUS","AUS",2000-07-27,53.3,"D","Index","Indicative","RBA","Daily","Historical Daily Exchange Rates Of The Australian Dollar Against:","Australian Dollar Trade-weighted Index"
"6906","FXRTWI","Trade-weighted Index May 1970 = 100","AUS","AUS",2000-07-28,53.4,"D","Index","Indicative","RBA","Daily","Historical Daily Exchange Rates Of The Australian Dollar Against:","Australian Dollar Trade-weighted Index"
"6907","DLCACS","Credit; Total; Seasonally adjusted","AUS","AUS",2000-07-31,704.999,"M","$ billion","Seasonally Adjusted","RBA","Monthly","D2 Lending And Credit Aggregates","Credit; Total; Seasonally adjusted – Includes securitisations – For series breaks see Series Breaks"
"6908","FIRMMCRT","Cash Rate Target","AUS","AUS",2000-07-31,6,"M","Per cent","Original","RBA","Monthly","F1.1 Interest Rates And Yields - Money Market","Cash Rate Target; monthly average"
"6909","FXRTWI","Trade-weighted Index May 1970 = 100","AUS","AUS",2000-07-31,52.7,"D","Index","Indicative","RBA","Daily","Historical Daily Exchange Rates Of The Australian Dollar Against:","Australian Dollar Trade-weighted Index"
"6910","FXRTWI","Trade-weighted Index May 1970 = 100","AUS","AUS",2000-07-31,52.7,"M","Index","Indicative","RBA","Monthly","F11 Exchange Rates","Australian Dollar Trade-weighted Index"
"6911","GRCPAISDR","Commodity prices – SDR","AUS","AUS",2000-07-31,27.525747279226,"M","Index, 2023/24=100","Original","RBA","Monthly","I2 Commodity Prices","Index of commodity prices; All items; SDR"
"6912","A2718577A","Credits, Total goods ;","AUS","AUS",2000-08-01,9152,"M","$ Millions","Seasonally Adjusted",NA,"Monthly","TABLE 1. GOODS, Summary: Seasonally adjusted and trend estimates, Current prices",NA
"6913","A2718594C","Balance on goods ;","AUS","AUS",2000-08-01,-1010,"M","$ Millions","Seasonally Adjusted",NA,"Monthly","TABLE 1. GOODS, Summary: Seasonally adjusted and trend estimates, Current prices",NA
"6914","FXRTWI","Trade-weighted Index May 1970 = 100","AUS","AUS",2000-08-01,52.6,"D","Index","Indicative","RBA","Daily","Historical Daily Exchange Rates Of The Australian Dollar Against:","Australian Dollar Trade-weighted Index"
"6915","FXRTWI","Trade-weighted Index May 1970 = 100","AUS","AUS",2000-08-02,52.8,"D","Index","Indicative","RBA","Daily","Historical Daily Exchange Rates Of The Australian Dollar Against:","Australian Dollar Trade-weighted Index"
"6916","FXRTWI","Trade-weighted Index May 1970 = 100","AUS","AUS",2000-08-03,53.1,"D","Index","Indicative","RBA","Daily","Historical Daily Exchange Rates Of The Australian Dollar Against:","Australian Dollar Trade-weighted Index"
"6917","FXRTWI","Trade-weighted Index May 1970 = 100","AUS","AUS",2000-08-04,52.9,"D","Index","Indicative","RBA","Daily","Historical Daily Exchange Rates Of The Australian Dollar Against:","Australian Dollar Trade-weighted Index"
"6918","FXRTWI","Trade-weighted Index May 1970 = 100","AUS","AUS",2000-08-08,53.1,"D","Index","Indicative","RBA","Daily","Historical Daily Exchange Rates Of The Australian Dollar Against:","Australian Dollar Trade-weighted Index"
"6919","FXRTWI","Trade-weighted Index May 1970 = 100","AUS","AUS",2000-08-09,52.8,"D","Index","Indicative","RBA","Daily","Historical Daily Exchange Rates Of The Australian Dollar Against:","Australian Dollar Trade-weighted Index"
"6920","FXRTWI","Trade-weighted Index May 1970 = 100","AUS","AUS",2000-08-10,52.5,"D","Index","Indicative","RBA","Daily","Historical Daily Exchange Rates Of The Australian Dollar Against:","Australian Dollar Trade-weighted Index"
"6921","FXRTWI","Trade-weighted Index May 1970 = 100","AUS","AUS",2000-08-11,52.7,"D","Index","Indicative","RBA","Daily","Historical Daily Exchange Rates Of The Australian Dollar Against:","Australian Dollar Trade-weighted Index"
"6922","FXRTWI","Trade-weighted Index May 1970 = 100","AUS","AUS",2000-08-14,52.5,"D","Index","Indicative","RBA","Daily","Historical Daily Exchange Rates Of The Australian Dollar Against:","Australian Dollar Trade-weighted Index"
"6923","FXRTWI","Trade-weighted Index May 1970 = 100","AUS","AUS",2000-08-15,52.8,"D","Index","Indicative","RBA","Daily","Historical Daily Exchange Rates Of The Australian Dollar Against:","Australian Dollar Trade-weighted Index"
"6924","FXRTWI","Trade-weighted Index May 1970 = 100","AUS","AUS",2000-08-16,53.1,"D","Index","Indicative","RBA","Daily","Historical Daily Exchange Rates Of The Australian Dollar Against:","Australian Dollar Trade-weighted Index"
"6925","FXRTWI","Trade-weighted Index May 1970 = 100","AUS","AUS",2000-08-17,53.4,"D","Index","Indicative","RBA","Daily","Historical Daily Exchange Rates Of The Australian Dollar Against:","Australian Dollar Trade-weighted Index"
"6926","FXRTWI","Trade-weighted Index May 1970 = 100","AUS","AUS",2000-08-18,53.6,"D","Index","Indicative","RBA","Daily","Historical Daily Exchange Rates Of The Australian Dollar Against:","Australian Dollar Trade-weighted Index"
"6927","FXRTWI","Trade-weighted Index May 1970 = 100","AUS","AUS",2000-08-21,53.3,"D","Index","Indicative","RBA","Daily","Historical Daily Exchange Rates Of The Australian Dollar Against:","Australian Dollar Trade-weighted Index"
"6928","FXRTWI","Trade-weighted Index May 1970 = 100","AUS","AUS",2000-08-22,53.4,"D","Index","Indicative","RBA","Daily","Historical Daily Exchange Rates Of The Australian Dollar Against:","Australian Dollar Trade-weighted Index"
"6929","FXRTWI","Trade-weighted Index May 1970 = 100","AUS","AUS",2000-08-23,51.7,"D","Index","Indicative","RBA","Daily","Historical Daily Exchange Rates Of The Australian Dollar Against:","Australian Dollar Trade-weighted Index"
"6930","FXRTWI","Trade-weighted Index May 1970 = 100","AUS","AUS",2000-08-24,52,"D","Index","Indicative","RBA","Daily","Historical Daily Exchange Rates Of The Australian Dollar Against:","Australian Dollar Trade-weighted Index"
"6931","FXRTWI","Trade-weighted Index May 1970 = 100","AUS","AUS",2000-08-25,51.8,"D","Index","Indicative","RBA","Daily","Historical Daily Exchange Rates Of The Australian Dollar Against:","Australian Dollar Trade-weighted Index"
"6932","FXRTWI","Trade-weighted Index May 1970 = 100","AUS","AUS",2000-08-28,51.8,"D","Index","Indicative","RBA","Daily","Historical Daily Exchange Rates Of The Australian Dollar Against:","Australian Dollar Trade-weighted Index"
"6933","FXRTWI","Trade-weighted Index May 1970 = 100","AUS","AUS",2000-08-29,52.1,"D","Index","Indicative","RBA","Daily","Historical Daily Exchange Rates Of The Australian Dollar Against:","Australian Dollar Trade-weighted Index"
"6934","FXRTWI","Trade-weighted Index May 1970 = 100","AUS","AUS",2000-08-30,51.9,"D","Index","Indicative","RBA","Daily","Historical Daily Exchange Rates Of The Australian Dollar Against:","Australian Dollar Trade-weighted Index"
"6935","DLCACS","Credit; Total; Seasonally adjusted","AUS","AUS",2000-08-31,712.836,"M","$ billion","Seasonally Adjusted","RBA","Monthly","D2 Lending And Credit Aggregates","Credit; Total; Seasonally adjusted – Includes securitisations – For series breaks see Series Breaks"
"6936","FIRMMCRT","Cash Rate Target","AUS","AUS",2000-08-31,6.23913043478261,"M","Per cent","Original","RBA","Monthly","F1.1 Interest Rates And Yields - Money Market","Cash Rate Target; monthly average"
"6937","FXRTWI","Trade-weighted Index May 1970 = 100","AUS","AUS",2000-08-31,52.2,"D","Index","Indicative","RBA","Daily","Historical Daily Exchange Rates Of The Australian Dollar Against:","Australian Dollar Trade-weighted Index"
"6938","FXRTWI","Trade-weighted Index May 1970 = 100","AUS","AUS",2000-08-31,52.2,"M","Index","Indicative","RBA","Monthly","F11 Exchange Rates","Australian Dollar Trade-weighted Index"
"6939","GRCPAISDR","Commodity prices – SDR","AUS","AUS",2000-08-31,27.8614595738691,"M","Index, 2023/24=100","Original","RBA","Monthly","I2 Commodity Prices","Index of commodity prices; All items; SDR"
"6940","A2302956R","South Australia ; STATE FINAL DEMAND ;","SA","SA",2000-09-01,20405,"Q","$ Millions","Seasonally Adjusted",NA,"Quarterly","Table 25. State Final Demand, Summary Components by State: Chain volume measures",NA
"6941","A2302984X","Western Australia ; STATE FINAL DEMAND ;","WA","WA",2000-09-01,29321,"Q","$ Millions","Seasonally Adjusted",NA,"Quarterly","Table 25. State Final Demand, Summary Components by State: Chain volume measures",NA
"6942","A2303012X","Tasmania ; STATE FINAL DEMAND ;","TAS","TAS",2000-09-01,6220,"Q","$ Millions","Seasonally Adjusted",NA,"Quarterly","Table 25. State Final Demand, Summary Components by State: Chain volume measures",NA
"6943","A2303040J","Northern Territory ; STATE FINAL DEMAND ;","NT","NT",2000-09-01,4235,"Q","$ Millions","Seasonally Adjusted",NA,"Quarterly","Table 25. State Final Demand, Summary Components by State: Chain volume measures",NA
"6944","A2303068K","Australian Capital Territory ; STATE FINAL DEMAND ;","ACT","ACT",2000-09-01,8337,"Q","$ Millions","Seasonally Adjusted",NA,"Quarterly","Table 25. State Final Demand, Summary Components by State: Chain volume measures",NA
"6945","A2303111F","New South Wales ; STATE FINAL DEMAND ;","NSW","NSW",2000-09-01,104816,"Q","$ Millions","Seasonally Adjusted",NA,"Quarterly","Table 25. State Final Demand, Summary Components by State: Chain volume measures",NA
"6946","A2303139J","Victoria ; STATE FINAL DEMAND ;","VIC","VIC",2000-09-01,73117,"Q","$ Millions","Seasonally Adjusted",NA,"Quarterly","Table 25. State Final Demand, Summary Components by State: Chain volume measures",NA
"6947","A2303187A","Queensland ; STATE FINAL DEMAND ;","QLD","QLD",2000-09-01,53335,"Q","$ Millions","Seasonally Adjusted",NA,"Quarterly","Table 25. State Final Demand, Summary Components by State: Chain volume measures",NA
"6948","A2304418T","Gross domestic product: Current prices ;","AUS","AUS",2000-09-01,174723,"Q","$ Millions","Seasonally Adjusted",NA,"Quarterly","Table 1. Key National Accounts Aggregates",NA
"6949","A2325846C","Index Numbers ; All groups CPI ; Australia ;","AUS","AUS",2000-09-01,72.9,"Q","Index Numbers","Original",NA,"Quarterly","TABLES 1 and 2. CPI: All Groups, Index Numbers and Percentage Changes",NA
"6950","A2718577A","Credits, Total goods ;","AUS","AUS",2000-09-01,9536,"M","$ Millions","Seasonally Adjusted",NA,"Monthly","TABLE 1. GOODS, Summary: Seasonally adjusted and trend estimates, Current prices",NA
"6951","A2718594C","Balance on goods ;","AUS","AUS",2000-09-01,-551,"M","$ Millions","Seasonally Adjusted",NA,"Monthly","TABLE 1. GOODS, Summary: Seasonally adjusted and trend estimates, Current prices",NA
"6952","FXRTWI","Trade-weighted Index May 1970 = 100","AUS","AUS",2000-09-01,52.3,"D","Index","Indicative","RBA","Daily","Historical Daily Exchange Rates Of The Australian Dollar Against:","Australian Dollar Trade-weighted Index"
"6953","FXRTWI","Trade-weighted Index May 1970 = 100","AUS","AUS",2000-09-04,52.2,"D","Index","Indicative","RBA","Daily","Historical Daily Exchange Rates Of The Australian Dollar Against:","Australian Dollar Trade-weighted Index"
"6954","FXRTWI","Trade-weighted Index May 1970 = 100","AUS","AUS",2000-09-05,52,"D","Index","Indicative","RBA","Daily","Historical Daily Exchange Rates Of The Australian Dollar Against:","Australian Dollar Trade-weighted Index"
"6955","FXRTWI","Trade-weighted Index May 1970 = 100","AUS","AUS",2000-09-06,51.5,"D","Index","Indicative","RBA","Daily","Historical Daily Exchange Rates Of The Australian Dollar Against:","Australian Dollar Trade-weighted Index"
"6956","FXRTWI","Trade-weighted Index May 1970 = 100","AUS","AUS",2000-09-07,51.6,"D","Index","Indicative","RBA","Daily","Historical Daily Exchange Rates Of The Australian Dollar Against:","Australian Dollar Trade-weighted Index"
"6957","FXRTWI","Trade-weighted Index May 1970 = 100","AUS","AUS",2000-09-08,51,"D","Index","Indicative","RBA","Daily","Historical Daily Exchange Rates Of The Australian Dollar Against:","Australian Dollar Trade-weighted Index"
"6958","FXRTWI","Trade-weighted Index May 1970 = 100","AUS","AUS",2000-09-11,51.1,"D","Index","Indicative","RBA","Daily","Historical Daily Exchange Rates Of The Australian Dollar Against:","Australian Dollar Trade-weighted Index"
"6959","FXRTWI","Trade-weighted Index May 1970 = 100","AUS","AUS",2000-09-12,51.1,"D","Index","Indicative","RBA","Daily","Historical Daily Exchange Rates Of The Australian Dollar Against:","Australian Dollar Trade-weighted Index"
"6960","FXRTWI","Trade-weighted Index May 1970 = 100","AUS","AUS",2000-09-13,50.9,"D","Index","Indicative","RBA","Daily","Historical Daily Exchange Rates Of The Australian Dollar Against:","Australian Dollar Trade-weighted Index"
"6961","FXRTWI","Trade-weighted Index May 1970 = 100","AUS","AUS",2000-09-14,50.6,"D","Index","Indicative","RBA","Daily","Historical Daily Exchange Rates Of The Australian Dollar Against:","Australian Dollar Trade-weighted Index"
"6962","FXRTWI","Trade-weighted Index May 1970 = 100","AUS","AUS",2000-09-15,50.6,"D","Index","Indicative","RBA","Daily","Historical Daily Exchange Rates Of The Australian Dollar Against:","Australian Dollar Trade-weighted Index"
"6963","FXRTWI","Trade-weighted Index May 1970 = 100","AUS","AUS",2000-09-18,50.2,"D","Index","Indicative","RBA","Daily","Historical Daily Exchange Rates Of The Australian Dollar Against:","Australian Dollar Trade-weighted Index"
"6964","FXRTWI","Trade-weighted Index May 1970 = 100","AUS","AUS",2000-09-19,50.1,"D","Index","Indicative","RBA","Daily","Historical Daily Exchange Rates Of The Australian Dollar Against:","Australian Dollar Trade-weighted Index"
"6965","FXRTWI","Trade-weighted Index May 1970 = 100","AUS","AUS",2000-09-20,49.9,"D","Index","Indicative","RBA","Daily","Historical Daily Exchange Rates Of The Australian Dollar Against:","Australian Dollar Trade-weighted Index"
"6966","FXRTWI","Trade-weighted Index May 1970 = 100","AUS","AUS",2000-09-21,49.8,"D","Index","Indicative","RBA","Daily","Historical Daily Exchange Rates Of The Australian Dollar Against:","Australian Dollar Trade-weighted Index"
"6967","FXRTWI","Trade-weighted Index May 1970 = 100","AUS","AUS",2000-09-22,50.4,"D","Index","Indicative","RBA","Daily","Historical Daily Exchange Rates Of The Australian Dollar Against:","Australian Dollar Trade-weighted Index"
"6968","FXRTWI","Trade-weighted Index May 1970 = 100","AUS","AUS",2000-09-25,50.2,"D","Index","Indicative","RBA","Daily","Historical Daily Exchange Rates Of The Australian Dollar Against:","Australian Dollar Trade-weighted Index"
"6969","FXRTWI","Trade-weighted Index May 1970 = 100","AUS","AUS",2000-09-26,50.6,"D","Index","Indicative","RBA","Daily","Historical Daily Exchange Rates Of The Australian Dollar Against:","Australian Dollar Trade-weighted Index"
"6970","FXRTWI","Trade-weighted Index May 1970 = 100","AUS","AUS",2000-09-27,50.3,"D","Index","Indicative","RBA","Daily","Historical Daily Exchange Rates Of The Australian Dollar Against:","Australian Dollar Trade-weighted Index"
"6971","FXRTWI","Trade-weighted Index May 1970 = 100","AUS","AUS",2000-09-28,50.4,"D","Index","Indicative","RBA","Daily","Historical Daily Exchange Rates Of The Australian Dollar Against:","Australian Dollar Trade-weighted Index"
"6972","FXRTWI","Trade-weighted Index May 1970 = 100","AUS","AUS",2000-09-29,49.9,"D","Index","Indicative","RBA","Daily","Historical Daily Exchange Rates Of The Australian Dollar Against:","Australian Dollar Trade-weighted Index"
"6973","DLCACS","Credit; Total; Seasonally adjusted","AUS","AUS",2000-09-30,715.312,"M","$ billion","Seasonally Adjusted","RBA","Monthly","D2 Lending And Credit Aggregates","Credit; Total; Seasonally adjusted – Includes securitisations – For series breaks see Series Breaks"
"6974","FIRMMCRT","Cash Rate Target","AUS","AUS",2000-09-30,6.25,"M","Per cent","Original","RBA","Monthly","F1.1 Interest Rates And Yields - Money Market","Cash Rate Target; monthly average"
"6975","FXRTWI","Trade-weighted Index May 1970 = 100","AUS","AUS",2000-09-30,49.9,"M","Index","Indicative","RBA","Monthly","F11 Exchange Rates","Australian Dollar Trade-weighted Index"
"6976","GCPIOCPMTMQP","Quarterly trimmed mean inflation","AUS","AUS",2000-09-30,0.6,"Q","Per cent","Seasonally Adjusted","ABS","Quarterly","G1 Consumer Price Inflation","Consumer price index; Trimmed mean; Quarterly change (in per cent)"
"6977","GRCPAISDR","Commodity prices – SDR","AUS","AUS",2000-09-30,28.3914292857857,"M","Index, 2023/24=100","Original","RBA","Monthly","I2 Commodity Prices","Index of commodity prices; All items; SDR"
"6978","A2718577A","Credits, Total goods ;","AUS","AUS",2000-10-01,10104,"M","$ Millions","Seasonally Adjusted",NA,"Monthly","TABLE 1. GOODS, Summary: Seasonally adjusted and trend estimates, Current prices",NA
"6979","A2718594C","Balance on goods ;","AUS","AUS",2000-10-01,-387,"M","$ Millions","Seasonally Adjusted",NA,"Monthly","TABLE 1. GOODS, Summary: Seasonally adjusted and trend estimates, Current prices",NA
"6980","FXRTWI","Trade-weighted Index May 1970 = 100","AUS","AUS",2000-10-03,50.1,"D","Index","Indicative","RBA","Daily","Historical Daily Exchange Rates Of The Australian Dollar Against:","Australian Dollar Trade-weighted Index"
"6981","FXRTWI","Trade-weighted Index May 1970 = 100","AUS","AUS",2000-10-04,49.5,"D","Index","Indicative","RBA","Daily","Historical Daily Exchange Rates Of The Australian Dollar Against:","Australian Dollar Trade-weighted Index"
"6982","FXRTWI","Trade-weighted Index May 1970 = 100","AUS","AUS",2000-10-05,49.5,"D","Index","Indicative","RBA","Daily","Historical Daily Exchange Rates Of The Australian Dollar Against:","Australian Dollar Trade-weighted Index"
"6983","FXRTWI","Trade-weighted Index May 1970 = 100","AUS","AUS",2000-10-06,49.1,"D","Index","Indicative","RBA","Daily","Historical Daily Exchange Rates Of The Australian Dollar Against:","Australian Dollar Trade-weighted Index"
"6984","FXRTWI","Trade-weighted Index May 1970 = 100","AUS","AUS",2000-10-09,49.4,"D","Index","Indicative","RBA","Daily","Historical Daily Exchange Rates Of The Australian Dollar Against:","Australian Dollar Trade-weighted Index"
"6985","FXRTWI","Trade-weighted Index May 1970 = 100","AUS","AUS",2000-10-10,49,"D","Index","Indicative","RBA","Daily","Historical Daily Exchange Rates Of The Australian Dollar Against:","Australian Dollar Trade-weighted Index"
"6986","FXRTWI","Trade-weighted Index May 1970 = 100","AUS","AUS",2000-10-11,49.2,"D","Index","Indicative","RBA","Daily","Historical Daily Exchange Rates Of The Australian Dollar Against:","Australian Dollar Trade-weighted Index"
"6987","FXRTWI","Trade-weighted Index May 1970 = 100","AUS","AUS",2000-10-12,49,"D","Index","Indicative","RBA","Daily","Historical Daily Exchange Rates Of The Australian Dollar Against:","Australian Dollar Trade-weighted Index"
"6988","FXRTWI","Trade-weighted Index May 1970 = 100","AUS","AUS",2000-10-13,49,"D","Index","Indicative","RBA","Daily","Historical Daily Exchange Rates Of The Australian Dollar Against:","Australian Dollar Trade-weighted Index"
"6989","FXRTWI","Trade-weighted Index May 1970 = 100","AUS","AUS",2000-10-16,49,"D","Index","Indicative","RBA","Daily","Historical Daily Exchange Rates Of The Australian Dollar Against:","Australian Dollar Trade-weighted Index"
"6990","FXRTWI","Trade-weighted Index May 1970 = 100","AUS","AUS",2000-10-17,48.5,"D","Index","Indicative","RBA","Daily","Historical Daily Exchange Rates Of The Australian Dollar Against:","Australian Dollar Trade-weighted Index"
"6991","FXRTWI","Trade-weighted Index May 1970 = 100","AUS","AUS",2000-10-18,48.4,"D","Index","Indicative","RBA","Daily","Historical Daily Exchange Rates Of The Australian Dollar Against:","Australian Dollar Trade-weighted Index"
"6992","FXRTWI","Trade-weighted Index May 1970 = 100","AUS","AUS",2000-10-19,48.3,"D","Index","Indicative","RBA","Daily","Historical Daily Exchange Rates Of The Australian Dollar Against:","Australian Dollar Trade-weighted Index"
"6993","FXRTWI","Trade-weighted Index May 1970 = 100","AUS","AUS",2000-10-20,49.1,"D","Index","Indicative","RBA","Daily","Historical Daily Exchange Rates Of The Australian Dollar Against:","Australian Dollar Trade-weighted Index"
"6994","FXRTWI","Trade-weighted Index May 1970 = 100","AUS","AUS",2000-10-23,49.2,"D","Index","Indicative","RBA","Daily","Historical Daily Exchange Rates Of The Australian Dollar Against:","Australian Dollar Trade-weighted Index"
"6995","FXRTWI","Trade-weighted Index May 1970 = 100","AUS","AUS",2000-10-24,49.1,"D","Index","Indicative","RBA","Daily","Historical Daily Exchange Rates Of The Australian Dollar Against:","Australian Dollar Trade-weighted Index"
"6996","FXRTWI","Trade-weighted Index May 1970 = 100","AUS","AUS",2000-10-25,49.1,"D","Index","Indicative","RBA","Daily","Historical Daily Exchange Rates Of The Australian Dollar Against:","Australian Dollar Trade-weighted Index"
"6997","FXRTWI","Trade-weighted Index May 1970 = 100","AUS","AUS",2000-10-26,48.6,"D","Index","Indicative","RBA","Daily","Historical Daily Exchange Rates Of The Australian Dollar Against:","Australian Dollar Trade-weighted Index"
"6998","FXRTWI","Trade-weighted Index May 1970 = 100","AUS","AUS",2000-10-27,48.6,"D","Index","Indicative","RBA","Daily","Historical Daily Exchange Rates Of The Australian Dollar Against:","Australian Dollar Trade-weighted Index"
"6999","FXRTWI","Trade-weighted Index May 1970 = 100","AUS","AUS",2000-10-30,49,"D","Index","Indicative","RBA","Daily","Historical Daily Exchange Rates Of The Australian Dollar Against:","Australian Dollar Trade-weighted Index"
"7000","DLCACS","Credit; Total; Seasonally adjusted","AUS","AUS",2000-10-31,722.222,"M","$ billion","Seasonally Adjusted","RBA","Monthly","D2 Lending And Credit Aggregates","Credit; Total; Seasonally adjusted – Includes securitisations – For series breaks see Series Breaks"
"7001","FIRMMCRT","Cash Rate Target","AUS","AUS",2000-10-31,6.25,"M","Per cent","Original","RBA","Monthly","F1.1 Interest Rates And Yields - Money Market","Cash Rate Target; monthly average"
"7002","FXRTWI","Trade-weighted Index May 1970 = 100","AUS","AUS",2000-10-31,48.2,"D","Index","Indicative","RBA","Daily","Historical Daily Exchange Rates Of The Australian Dollar Against:","Australian Dollar Trade-weighted Index"
"7003","FXRTWI","Trade-weighted Index May 1970 = 100","AUS","AUS",2000-10-31,48.2,"M","Index","Indicative","RBA","Monthly","F11 Exchange Rates","Australian Dollar Trade-weighted Index"
"7004","GRCPAISDR","Commodity prices – SDR","AUS","AUS",2000-10-31,28.3071188109539,"M","Index, 2023/24=100","Original","RBA","Monthly","I2 Commodity Prices","Index of commodity prices; All items; SDR"
"7005","A2718577A","Credits, Total goods ;","AUS","AUS",2000-11-01,10253,"M","$ Millions","Seasonally Adjusted",NA,"Monthly","TABLE 1. GOODS, Summary: Seasonally adjusted and trend estimates, Current prices",NA
"7006","A2718594C","Balance on goods ;","AUS","AUS",2000-11-01,-291,"M","$ Millions","Seasonally Adjusted",NA,"Monthly","TABLE 1. GOODS, Summary: Seasonally adjusted and trend estimates, Current prices",NA
"7007","FXRTWI","Trade-weighted Index May 1970 = 100","AUS","AUS",2000-11-01,48.6,"D","Index","Indicative","RBA","Daily","Historical Daily Exchange Rates Of The Australian Dollar Against:","Australian Dollar Trade-weighted Index"
"7008","FXRTWI","Trade-weighted Index May 1970 = 100","AUS","AUS",2000-11-02,48.3,"D","Index","Indicative","RBA","Daily","Historical Daily Exchange Rates Of The Australian Dollar Against:","Australian Dollar Trade-weighted Index"
"7009","FXRTWI","Trade-weighted Index May 1970 = 100","AUS","AUS",2000-11-03,48.7,"D","Index","Indicative","RBA","Daily","Historical Daily Exchange Rates Of The Australian Dollar Against:","Australian Dollar Trade-weighted Index"
"7010","FXRTWI","Trade-weighted Index May 1970 = 100","AUS","AUS",2000-11-06,48.8,"D","Index","Indicative","RBA","Daily","Historical Daily Exchange Rates Of The Australian Dollar Against:","Australian Dollar Trade-weighted Index"
"7011","FXRTWI","Trade-weighted Index May 1970 = 100","AUS","AUS",2000-11-07,49,"D","Index","Indicative","RBA","Daily","Historical Daily Exchange Rates Of The Australian Dollar Against:","Australian Dollar Trade-weighted Index"
"7012","FXRTWI","Trade-weighted Index May 1970 = 100","AUS","AUS",2000-11-08,49.3,"D","Index","Indicative","RBA","Daily","Historical Daily Exchange Rates Of The Australian Dollar Against:","Australian Dollar Trade-weighted Index"
"7013","FXRTWI","Trade-weighted Index May 1970 = 100","AUS","AUS",2000-11-09,48.8,"D","Index","Indicative","RBA","Daily","Historical Daily Exchange Rates Of The Australian Dollar Against:","Australian Dollar Trade-weighted Index"
"7014","FXRTWI","Trade-weighted Index May 1970 = 100","AUS","AUS",2000-11-10,49.1,"D","Index","Indicative","RBA","Daily","Historical Daily Exchange Rates Of The Australian Dollar Against:","Australian Dollar Trade-weighted Index"
"7015","FXRTWI","Trade-weighted Index May 1970 = 100","AUS","AUS",2000-11-13,48.5,"D","Index","Indicative","RBA","Daily","Historical Daily Exchange Rates Of The Australian Dollar Against:","Australian Dollar Trade-weighted Index"
"7016","FXRTWI","Trade-weighted Index May 1970 = 100","AUS","AUS",2000-11-14,48.6,"D","Index","Indicative","RBA","Daily","Historical Daily Exchange Rates Of The Australian Dollar Against:","Australian Dollar Trade-weighted Index"
"7017","FXRTWI","Trade-weighted Index May 1970 = 100","AUS","AUS",2000-11-15,48.6,"D","Index","Indicative","RBA","Daily","Historical Daily Exchange Rates Of The Australian Dollar Against:","Australian Dollar Trade-weighted Index"
"7018","FXRTWI","Trade-weighted Index May 1970 = 100","AUS","AUS",2000-11-16,48.7,"D","Index","Indicative","RBA","Daily","Historical Daily Exchange Rates Of The Australian Dollar Against:","Australian Dollar Trade-weighted Index"
"7019","FXRTWI","Trade-weighted Index May 1970 = 100","AUS","AUS",2000-11-17,48.7,"D","Index","Indicative","RBA","Daily","Historical Daily Exchange Rates Of The Australian Dollar Against:","Australian Dollar Trade-weighted Index"
"7020","FXRTWI","Trade-weighted Index May 1970 = 100","AUS","AUS",2000-11-20,48.6,"D","Index","Indicative","RBA","Daily","Historical Daily Exchange Rates Of The Australian Dollar Against:","Australian Dollar Trade-weighted Index"
"7021","FXRTWI","Trade-weighted Index May 1970 = 100","AUS","AUS",2000-11-21,48.2,"D","Index","Indicative","RBA","Daily","Historical Daily Exchange Rates Of The Australian Dollar Against:","Australian Dollar Trade-weighted Index"
"7022","FXRTWI","Trade-weighted Index May 1970 = 100","AUS","AUS",2000-11-22,48.2,"D","Index","Indicative","RBA","Daily","Historical Daily Exchange Rates Of The Australian Dollar Against:","Australian Dollar Trade-weighted Index"
"7023","FXRTWI","Trade-weighted Index May 1970 = 100","AUS","AUS",2000-11-23,49.4,"D","Index","Indicative","RBA","Daily","Historical Daily Exchange Rates Of The Australian Dollar Against:","Australian Dollar Trade-weighted Index"
"7024","FXRTWI","Trade-weighted Index May 1970 = 100","AUS","AUS",2000-11-24,49.2,"D","Index","Indicative","RBA","Daily","Historical Daily Exchange Rates Of The Australian Dollar Against:","Australian Dollar Trade-weighted Index"
"7025","FXRTWI","Trade-weighted Index May 1970 = 100","AUS","AUS",2000-11-27,49.2,"D","Index","Indicative","RBA","Daily","Historical Daily Exchange Rates Of The Australian Dollar Against:","Australian Dollar Trade-weighted Index"
"7026","FXRTWI","Trade-weighted Index May 1970 = 100","AUS","AUS",2000-11-28,49.4,"D","Index","Indicative","RBA","Daily","Historical Daily Exchange Rates Of The Australian Dollar Against:","Australian Dollar Trade-weighted Index"
"7027","FXRTWI","Trade-weighted Index May 1970 = 100","AUS","AUS",2000-11-29,49.4,"D","Index","Indicative","RBA","Daily","Historical Daily Exchange Rates Of The Australian Dollar Against:","Australian Dollar Trade-weighted Index"
"7028","DLCACS","Credit; Total; Seasonally adjusted","AUS","AUS",2000-11-30,727.061,"M","$ billion","Seasonally Adjusted","RBA","Monthly","D2 Lending And Credit Aggregates","Credit; Total; Seasonally adjusted – Includes securitisations – For series breaks see Series Breaks"
"7029","FIRMMCRT","Cash Rate Target","AUS","AUS",2000-11-30,6.25,"M","Per cent","Original","RBA","Monthly","F1.1 Interest Rates And Yields - Money Market","Cash Rate Target; monthly average"
"7030","FXRTWI","Trade-weighted Index May 1970 = 100","AUS","AUS",2000-11-30,49.2,"D","Index","Indicative","RBA","Daily","Historical Daily Exchange Rates Of The Australian Dollar Against:","Australian Dollar Trade-weighted Index"
"7031","FXRTWI","Trade-weighted Index May 1970 = 100","AUS","AUS",2000-11-30,49.2,"M","Index","Indicative","RBA","Monthly","F11 Exchange Rates","Australian Dollar Trade-weighted Index"
"7032","GRCPAISDR","Commodity prices – SDR","AUS","AUS",2000-11-30,28.0619419486275,"M","Index, 2023/24=100","Original","RBA","Monthly","I2 Commodity Prices","Index of commodity prices; All items; SDR"
"7033","A2302956R","South Australia ; STATE FINAL DEMAND ;","SA","SA",2000-12-01,20414,"Q","$ Millions","Seasonally Adjusted",NA,"Quarterly","Table 25. State Final Demand, Summary Components by State: Chain volume measures",NA
"7034","A2302984X","Western Australia ; STATE FINAL DEMAND ;","WA","WA",2000-12-01,29032,"Q","$ Millions","Seasonally Adjusted",NA,"Quarterly","Table 25. State Final Demand, Summary Components by State: Chain volume measures",NA
"7035","A2303012X","Tasmania ; STATE FINAL DEMAND ;","TAS","TAS",2000-12-01,6216,"Q","$ Millions","Seasonally Adjusted",NA,"Quarterly","Table 25. State Final Demand, Summary Components by State: Chain volume measures",NA
"7036","A2303040J","Northern Territory ; STATE FINAL DEMAND ;","NT","NT",2000-12-01,4205,"Q","$ Millions","Seasonally Adjusted",NA,"Quarterly","Table 25. State Final Demand, Summary Components by State: Chain volume measures",NA
"7037","A2303068K","Australian Capital Territory ; STATE FINAL DEMAND ;","ACT","ACT",2000-12-01,8254,"Q","$ Millions","Seasonally Adjusted",NA,"Quarterly","Table 25. State Final Demand, Summary Components by State: Chain volume measures",NA
"7038","A2303111F","New South Wales ; STATE FINAL DEMAND ;","NSW","NSW",2000-12-01,100842,"Q","$ Millions","Seasonally Adjusted",NA,"Quarterly","Table 25. State Final Demand, Summary Components by State: Chain volume measures",NA
"7039","A2303139J","Victoria ; STATE FINAL DEMAND ;","VIC","VIC",2000-12-01,71904,"Q","$ Millions","Seasonally Adjusted",NA,"Quarterly","Table 25. State Final Demand, Summary Components by State: Chain volume measures",NA
"7040","A2303187A","Queensland ; STATE FINAL DEMAND ;","QLD","QLD",2000-12-01,52712,"Q","$ Millions","Seasonally Adjusted",NA,"Quarterly","Table 25. State Final Demand, Summary Components by State: Chain volume measures",NA
"7041","A2304418T","Gross domestic product: Current prices ;","AUS","AUS",2000-12-01,173865,"Q","$ Millions","Seasonally Adjusted",NA,"Quarterly","Table 1. Key National Accounts Aggregates",NA
"7042","A2325846C","Index Numbers ; All groups CPI ; Australia ;","AUS","AUS",2000-12-01,73.1,"Q","Index Numbers","Original",NA,"Quarterly","TABLES 1 and 2. CPI: All Groups, Index Numbers and Percentage Changes",NA
"7043","A2718577A","Credits, Total goods ;","AUS","AUS",2000-12-01,9769,"M","$ Millions","Seasonally Adjusted",NA,"Monthly","TABLE 1. GOODS, Summary: Seasonally adjusted and trend estimates, Current prices",NA
"7044","A2718594C","Balance on goods ;","AUS","AUS",2000-12-01,-240,"M","$ Millions","Seasonally Adjusted",NA,"Monthly","TABLE 1. GOODS, Summary: Seasonally adjusted and trend estimates, Current prices",NA
"7045","FXRTWI","Trade-weighted Index May 1970 = 100","AUS","AUS",2000-12-01,50.2,"D","Index","Indicative","RBA","Daily","Historical Daily Exchange Rates Of The Australian Dollar Against:","Australian Dollar Trade-weighted Index"
"7046","FXRTWI","Trade-weighted Index May 1970 = 100","AUS","AUS",2000-12-04,50.6,"D","Index","Indicative","RBA","Daily","Historical Daily Exchange Rates Of The Australian Dollar Against:","Australian Dollar Trade-weighted Index"
"7047","FXRTWI","Trade-weighted Index May 1970 = 100","AUS","AUS",2000-12-05,50.7,"D","Index","Indicative","RBA","Daily","Historical Daily Exchange Rates Of The Australian Dollar Against:","Australian Dollar Trade-weighted Index"
"7048","FXRTWI","Trade-weighted Index May 1970 = 100","AUS","AUS",2000-12-06,50.8,"D","Index","Indicative","RBA","Daily","Historical Daily Exchange Rates Of The Australian Dollar Against:","Australian Dollar Trade-weighted Index"
"7049","FXRTWI","Trade-weighted Index May 1970 = 100","AUS","AUS",2000-12-07,51.1,"D","Index","Indicative","RBA","Daily","Historical Daily Exchange Rates Of The Australian Dollar Against:","Australian Dollar Trade-weighted Index"
"7050","FXRTWI","Trade-weighted Index May 1970 = 100","AUS","AUS",2000-12-08,50.8,"D","Index","Indicative","RBA","Daily","Historical Daily Exchange Rates Of The Australian Dollar Against:","Australian Dollar Trade-weighted Index"
"7051","FXRTWI","Trade-weighted Index May 1970 = 100","AUS","AUS",2000-12-11,50.6,"D","Index","Indicative","RBA","Daily","Historical Daily Exchange Rates Of The Australian Dollar Against:","Australian Dollar Trade-weighted Index"
"7052","FXRTWI","Trade-weighted Index May 1970 = 100","AUS","AUS",2000-12-12,50.3,"D","Index","Indicative","RBA","Daily","Historical Daily Exchange Rates Of The Australian Dollar Against:","Australian Dollar Trade-weighted Index"
"7053","FXRTWI","Trade-weighted Index May 1970 = 100","AUS","AUS",2000-12-13,50.7,"D","Index","Indicative","RBA","Daily","Historical Daily Exchange Rates Of The Australian Dollar Against:","Australian Dollar Trade-weighted Index"
"7054","FXRTWI","Trade-weighted Index May 1970 = 100","AUS","AUS",2000-12-14,50.6,"D","Index","Indicative","RBA","Daily","Historical Daily Exchange Rates Of The Australian Dollar Against:","Australian Dollar Trade-weighted Index"
"7055","FXRTWI","Trade-weighted Index May 1970 = 100","AUS","AUS",2000-12-15,50.9,"D","Index","Indicative","RBA","Daily","Historical Daily Exchange Rates Of The Australian Dollar Against:","Australian Dollar Trade-weighted Index"
"7056","FXRTWI","Trade-weighted Index May 1970 = 100","AUS","AUS",2000-12-18,50.8,"D","Index","Indicative","RBA","Daily","Historical Daily Exchange Rates Of The Australian Dollar Against:","Australian Dollar Trade-weighted Index"
"7057","FXRTWI","Trade-weighted Index May 1970 = 100","AUS","AUS",2000-12-19,50.5,"D","Index","Indicative","RBA","Daily","Historical Daily Exchange Rates Of The Australian Dollar Against:","Australian Dollar Trade-weighted Index"
"7058","FXRTWI","Trade-weighted Index May 1970 = 100","AUS","AUS",2000-12-20,51,"D","Index","Indicative","RBA","Daily","Historical Daily Exchange Rates Of The Australian Dollar Against:","Australian Dollar Trade-weighted Index"
"7059","FXRTWI","Trade-weighted Index May 1970 = 100","AUS","AUS",2000-12-21,51.4,"D","Index","Indicative","RBA","Daily","Historical Daily Exchange Rates Of The Australian Dollar Against:","Australian Dollar Trade-weighted Index"
"7060","FXRTWI","Trade-weighted Index May 1970 = 100","AUS","AUS",2000-12-22,51.6,"D","Index","Indicative","RBA","Daily","Historical Daily Exchange Rates Of The Australian Dollar Against:","Australian Dollar Trade-weighted Index"
"7061","FXRTWI","Trade-weighted Index May 1970 = 100","AUS","AUS",2000-12-27,52,"D","Index","Indicative","RBA","Daily","Historical Daily Exchange Rates Of The Australian Dollar Against:","Australian Dollar Trade-weighted Index"
"7062","FXRTWI","Trade-weighted Index May 1970 = 100","AUS","AUS",2000-12-28,51.7,"D","Index","Indicative","RBA","Daily","Historical Daily Exchange Rates Of The Australian Dollar Against:","Australian Dollar Trade-weighted Index"
"7063","FXRTWI","Trade-weighted Index May 1970 = 100","AUS","AUS",2000-12-29,51.6,"D","Index","Indicative","RBA","Daily","Historical Daily Exchange Rates Of The Australian Dollar Against:","Australian Dollar Trade-weighted Index"
"7064","DLCACS","Credit; Total; Seasonally adjusted","AUS","AUS",2000-12-31,735.029,"M","$ billion","Seasonally Adjusted","RBA","Monthly","D2 Lending And Credit Aggregates","Credit; Total; Seasonally adjusted – Includes securitisations – For series breaks see Series Breaks"
"7065","FIRMMCRT","Cash Rate Target","AUS","AUS",2000-12-31,6.25,"M","Per cent","Original","RBA","Monthly","F1.1 Interest Rates And Yields - Money Market","Cash Rate Target; monthly average"
"7066","FXRTWI","Trade-weighted Index May 1970 = 100","AUS","AUS",2000-12-31,51.6,"M","Index","Indicative","RBA","Monthly","F11 Exchange Rates","Australian Dollar Trade-weighted Index"
"7067","GCPIOCPMTMQP","Quarterly trimmed mean inflation","AUS","AUS",2000-12-31,0.6,"Q","Per cent","Seasonally Adjusted","ABS","Quarterly","G1 Consumer Price Inflation","Consumer price index; Trimmed mean; Quarterly change (in per cent)"
"7068","GRCPAISDR","Commodity prices – SDR","AUS","AUS",2000-12-31,27.8589438908176,"M","Index, 2023/24=100","Original","RBA","Monthly","I2 Commodity Prices","Index of commodity prices; All items; SDR"
"7069","A2718577A","Credits, Total goods ;","AUS","AUS",2001-01-01,9578,"M","$ Millions","Seasonally Adjusted",NA,"Monthly","TABLE 1. GOODS, Summary: Seasonally adjusted and trend estimates, Current prices",NA
"7070","A2718594C","Balance on goods ;","AUS","AUS",2001-01-01,-192,"M","$ Millions","Seasonally Adjusted",NA,"Monthly","TABLE 1. GOODS, Summary: Seasonally adjusted and trend estimates, Current prices",NA
"7071","FXRTWI","Trade-weighted Index May 1970 = 100","AUS","AUS",2001-01-02,51.8,"D","Index","Indicative","RBA","Daily","Historical Daily Exchange Rates Of The Australian Dollar Against:","Australian Dollar Trade-weighted Index"
"7072","FXRTWI","Trade-weighted Index May 1970 = 100","AUS","AUS",2001-01-03,52.4,"D","Index","Indicative","RBA","Daily","Historical Daily Exchange Rates Of The Australian Dollar Against:","Australian Dollar Trade-weighted Index"
"7073","FXRTWI","Trade-weighted Index May 1970 = 100","AUS","AUS",2001-01-04,51.8,"D","Index","Indicative","RBA","Daily","Historical Daily Exchange Rates Of The Australian Dollar Against:","Australian Dollar Trade-weighted Index"
"7074","FXRTWI","Trade-weighted Index May 1970 = 100","AUS","AUS",2001-01-05,53.1,"D","Index","Indicative","RBA","Daily","Historical Daily Exchange Rates Of The Australian Dollar Against:","Australian Dollar Trade-weighted Index"
"7075","FXRTWI","Trade-weighted Index May 1970 = 100","AUS","AUS",2001-01-08,52.8,"D","Index","Indicative","RBA","Daily","Historical Daily Exchange Rates Of The Australian Dollar Against:","Australian Dollar Trade-weighted Index"
"7076","FXRTWI","Trade-weighted Index May 1970 = 100","AUS","AUS",2001-01-09,52.4,"D","Index","Indicative","RBA","Daily","Historical Daily Exchange Rates Of The Australian Dollar Against:","Australian Dollar Trade-weighted Index"
"7077","FXRTWI","Trade-weighted Index May 1970 = 100","AUS","AUS",2001-01-10,51.8,"D","Index","Indicative","RBA","Daily","Historical Daily Exchange Rates Of The Australian Dollar Against:","Australian Dollar Trade-weighted Index"
"7078","FXRTWI","Trade-weighted Index May 1970 = 100","AUS","AUS",2001-01-11,51.8,"D","Index","Indicative","RBA","Daily","Historical Daily Exchange Rates Of The Australian Dollar Against:","Australian Dollar Trade-weighted Index"
"7079","FXRTWI","Trade-weighted Index May 1970 = 100","AUS","AUS",2001-01-12,52.4,"D","Index","Indicative","RBA","Daily","Historical Daily Exchange Rates Of The Australian Dollar Against:","Australian Dollar Trade-weighted Index"
"7080","FXRTWI","Trade-weighted Index May 1970 = 100","AUS","AUS",2001-01-15,51.8,"D","Index","Indicative","RBA","Daily","Historical Daily Exchange Rates Of The Australian Dollar Against:","Australian Dollar Trade-weighted Index"
"7081","FXRTWI","Trade-weighted Index May 1970 = 100","AUS","AUS",2001-01-16,52.1,"D","Index","Indicative","RBA","Daily","Historical Daily Exchange Rates Of The Australian Dollar Against:","Australian Dollar Trade-weighted Index"
"7082","FXRTWI","Trade-weighted Index May 1970 = 100","AUS","AUS",2001-01-17,51.9,"D","Index","Indicative","RBA","Daily","Historical Daily Exchange Rates Of The Australian Dollar Against:","Australian Dollar Trade-weighted Index"
"7083","FXRTWI","Trade-weighted Index May 1970 = 100","AUS","AUS",2001-01-18,52.1,"D","Index","Indicative","RBA","Daily","Historical Daily Exchange Rates Of The Australian Dollar Against:","Australian Dollar Trade-weighted Index"
"7084","FXRTWI","Trade-weighted Index May 1970 = 100","AUS","AUS",2001-01-19,52.5,"D","Index","Indicative","RBA","Daily","Historical Daily Exchange Rates Of The Australian Dollar Against:","Australian Dollar Trade-weighted Index"
"7085","FXRTWI","Trade-weighted Index May 1970 = 100","AUS","AUS",2001-01-22,52,"D","Index","Indicative","RBA","Daily","Historical Daily Exchange Rates Of The Australian Dollar Against:","Australian Dollar Trade-weighted Index"
"7086","FXRTWI","Trade-weighted Index May 1970 = 100","AUS","AUS",2001-01-23,51.9,"D","Index","Indicative","RBA","Daily","Historical Daily Exchange Rates Of The Australian Dollar Against:","Australian Dollar Trade-weighted Index"
"7087","FXRTWI","Trade-weighted Index May 1970 = 100","AUS","AUS",2001-01-24,51.6,"D","Index","Indicative","RBA","Daily","Historical Daily Exchange Rates Of The Australian Dollar Against:","Australian Dollar Trade-weighted Index"
"7088","FXRTWI","Trade-weighted Index May 1970 = 100","AUS","AUS",2001-01-25,51.1,"D","Index","Indicative","RBA","Daily","Historical Daily Exchange Rates Of The Australian Dollar Against:","Australian Dollar Trade-weighted Index"
"7089","FXRTWI","Trade-weighted Index May 1970 = 100","AUS","AUS",2001-01-29,51,"D","Index","Indicative","RBA","Daily","Historical Daily Exchange Rates Of The Australian Dollar Against:","Australian Dollar Trade-weighted Index"
"7090","FXRTWI","Trade-weighted Index May 1970 = 100","AUS","AUS",2001-01-30,50.8,"D","Index","Indicative","RBA","Daily","Historical Daily Exchange Rates Of The Australian Dollar Against:","Australian Dollar Trade-weighted Index"
"7091","DLCACS","Credit; Total; Seasonally adjusted","AUS","AUS",2001-01-31,740.126,"M","$ billion","Seasonally Adjusted","RBA","Monthly","D2 Lending And Credit Aggregates","Credit; Total; Seasonally adjusted – Includes securitisations – For series breaks see Series Breaks"
"7092","FIRMMCRT","Cash Rate Target","AUS","AUS",2001-01-31,6.25,"M","Per cent","Original","RBA","Monthly","F1.1 Interest Rates And Yields - Money Market","Cash Rate Target; monthly average"
"7093","FXRTWI","Trade-weighted Index May 1970 = 100","AUS","AUS",2001-01-31,51.1,"D","Index","Indicative","RBA","Daily","Historical Daily Exchange Rates Of The Australian Dollar Against:","Australian Dollar Trade-weighted Index"
"7094","FXRTWI","Trade-weighted Index May 1970 = 100","AUS","AUS",2001-01-31,51.1,"M","Index","Indicative","RBA","Monthly","F11 Exchange Rates","Australian Dollar Trade-weighted Index"
"7095","GRCPAISDR","Commodity prices – SDR","AUS","AUS",2001-01-31,27.84807808728,"M","Index, 2023/24=100","Original","RBA","Monthly","I2 Commodity Prices","Index of commodity prices; All items; SDR"
"7096","A2718577A","Credits, Total goods ;","AUS","AUS",2001-02-01,10514,"M","$ Millions","Seasonally Adjusted",NA,"Monthly","TABLE 1. GOODS, Summary: Seasonally adjusted and trend estimates, Current prices",NA
"7097","A2718594C","Balance on goods ;","AUS","AUS",2001-02-01,985,"M","$ Millions","Seasonally Adjusted",NA,"Monthly","TABLE 1. GOODS, Summary: Seasonally adjusted and trend estimates, Current prices",NA
"7098","FXRTWI","Trade-weighted Index May 1970 = 100","AUS","AUS",2001-02-01,51.4,"D","Index","Indicative","RBA","Daily","Historical Daily Exchange Rates Of The Australian Dollar Against:","Australian Dollar Trade-weighted Index"
"7099","FXRTWI","Trade-weighted Index May 1970 = 100","AUS","AUS",2001-02-02,51.4,"D","Index","Indicative","RBA","Daily","Historical Daily Exchange Rates Of The Australian Dollar Against:","Australian Dollar Trade-weighted Index"
"7100","FXRTWI","Trade-weighted Index May 1970 = 100","AUS","AUS",2001-02-05,51.3,"D","Index","Indicative","RBA","Daily","Historical Daily Exchange Rates Of The Australian Dollar Against:","Australian Dollar Trade-weighted Index"
"7101","FXRTWI","Trade-weighted Index May 1970 = 100","AUS","AUS",2001-02-06,51.2,"D","Index","Indicative","RBA","Daily","Historical Daily Exchange Rates Of The Australian Dollar Against:","Australian Dollar Trade-weighted Index"
"7102","FXRTWI","Trade-weighted Index May 1970 = 100","AUS","AUS",2001-02-07,51.2,"D","Index","Indicative","RBA","Daily","Historical Daily Exchange Rates Of The Australian Dollar Against:","Australian Dollar Trade-weighted Index"
"7103","FXRTWI","Trade-weighted Index May 1970 = 100","AUS","AUS",2001-02-08,50.8,"D","Index","Indicative","RBA","Daily","Historical Daily Exchange Rates Of The Australian Dollar Against:","Australian Dollar Trade-weighted Index"
"7104","FXRTWI","Trade-weighted Index May 1970 = 100","AUS","AUS",2001-02-09,50.2,"D","Index","Indicative","RBA","Daily","Historical Daily Exchange Rates Of The Australian Dollar Against:","Australian Dollar Trade-weighted Index"
"7105","FXRTWI","Trade-weighted Index May 1970 = 100","AUS","AUS",2001-02-12,50.4,"D","Index","Indicative","RBA","Daily","Historical Daily Exchange Rates Of The Australian Dollar Against:","Australian Dollar Trade-weighted Index"
"7106","FXRTWI","Trade-weighted Index May 1970 = 100","AUS","AUS",2001-02-13,50.3,"D","Index","Indicative","RBA","Daily","Historical Daily Exchange Rates Of The Australian Dollar Against:","Australian Dollar Trade-weighted Index"
"7107","FXRTWI","Trade-weighted Index May 1970 = 100","AUS","AUS",2001-02-14,49.7,"D","Index","Indicative","RBA","Daily","Historical Daily Exchange Rates Of The Australian Dollar Against:","Australian Dollar Trade-weighted Index"
"7108","FXRTWI","Trade-weighted Index May 1970 = 100","AUS","AUS",2001-02-15,49.4,"D","Index","Indicative","RBA","Daily","Historical Daily Exchange Rates Of The Australian Dollar Against:","Australian Dollar Trade-weighted Index"
"7109","FXRTWI","Trade-weighted Index May 1970 = 100","AUS","AUS",2001-02-16,49.4,"D","Index","Indicative","RBA","Daily","Historical Daily Exchange Rates Of The Australian Dollar Against:","Australian Dollar Trade-weighted Index"
"7110","FXRTWI","Trade-weighted Index May 1970 = 100","AUS","AUS",2001-02-19,49.5,"D","Index","Indicative","RBA","Daily","Historical Daily Exchange Rates Of The Australian Dollar Against:","Australian Dollar Trade-weighted Index"
"7111","FXRTWI","Trade-weighted Index May 1970 = 100","AUS","AUS",2001-02-20,49.7,"D","Index","Indicative","RBA","Daily","Historical Daily Exchange Rates Of The Australian Dollar Against:","Australian Dollar Trade-weighted Index"
"7112","FXRTWI","Trade-weighted Index May 1970 = 100","AUS","AUS",2001-02-21,49.1,"D","Index","Indicative","RBA","Daily","Historical Daily Exchange Rates Of The Australian Dollar Against:","Australian Dollar Trade-weighted Index"
"7113","FXRTWI","Trade-weighted Index May 1970 = 100","AUS","AUS",2001-02-22,49.3,"D","Index","Indicative","RBA","Daily","Historical Daily Exchange Rates Of The Australian Dollar Against:","Australian Dollar Trade-weighted Index"
"7114","FXRTWI","Trade-weighted Index May 1970 = 100","AUS","AUS",2001-02-23,49.1,"D","Index","Indicative","RBA","Daily","Historical Daily Exchange Rates Of The Australian Dollar Against:","Australian Dollar Trade-weighted Index"
"7115","FXRTWI","Trade-weighted Index May 1970 = 100","AUS","AUS",2001-02-26,49.4,"D","Index","Indicative","RBA","Daily","Historical Daily Exchange Rates Of The Australian Dollar Against:","Australian Dollar Trade-weighted Index"
"7116","FXRTWI","Trade-weighted Index May 1970 = 100","AUS","AUS",2001-02-27,49.1,"D","Index","Indicative","RBA","Daily","Historical Daily Exchange Rates Of The Australian Dollar Against:","Australian Dollar Trade-weighted Index"
"7117","DLCACS","Credit; Total; Seasonally adjusted","AUS","AUS",2001-02-28,751.339,"M","$ billion","Seasonally Adjusted","RBA","Monthly","D2 Lending And Credit Aggregates","Credit; Total; Seasonally adjusted – Includes securitisations – For series breaks see Series Breaks"
"7118","FIRMMCRT","Cash Rate Target","AUS","AUS",2001-02-28,5.85,"M","Per cent","Original","RBA","Monthly","F1.1 Interest Rates And Yields - Money Market","Cash Rate Target; monthly average"
"7119","FXRTWI","Trade-weighted Index May 1970 = 100","AUS","AUS",2001-02-28,49.3,"D","Index","Indicative","RBA","Daily","Historical Daily Exchange Rates Of The Australian Dollar Against:","Australian Dollar Trade-weighted Index"
"7120","FXRTWI","Trade-weighted Index May 1970 = 100","AUS","AUS",2001-02-28,49.3,"M","Index","Indicative","RBA","Monthly","F11 Exchange Rates","Australian Dollar Trade-weighted Index"
"7121","GRCPAISDR","Commodity prices – SDR","AUS","AUS",2001-02-28,28.1401100746648,"M","Index, 2023/24=100","Original","RBA","Monthly","I2 Commodity Prices","Index of commodity prices; All items; SDR"
"7122","A2302956R","South Australia ; STATE FINAL DEMAND ;","SA","SA",2001-03-01,20488,"Q","$ Millions","Seasonally Adjusted",NA,"Quarterly","Table 25. State Final Demand, Summary Components by State: Chain volume measures",NA
"7123","A2302984X","Western Australia ; STATE FINAL DEMAND ;","WA","WA",2001-03-01,30636,"Q","$ Millions","Seasonally Adjusted",NA,"Quarterly","Table 25. State Final Demand, Summary Components by State: Chain volume measures",NA
"7124","A2303012X","Tasmania ; STATE FINAL DEMAND ;","TAS","TAS",2001-03-01,6313,"Q","$ Millions","Seasonally Adjusted",NA,"Quarterly","Table 25. State Final Demand, Summary Components by State: Chain volume measures",NA
"7125","A2303040J","Northern Territory ; STATE FINAL DEMAND ;","NT","NT",2001-03-01,4518,"Q","$ Millions","Seasonally Adjusted",NA,"Quarterly","Table 25. State Final Demand, Summary Components by State: Chain volume measures",NA
"7126","A2303068K","Australian Capital Territory ; STATE FINAL DEMAND ;","ACT","ACT",2001-03-01,8368,"Q","$ Millions","Seasonally Adjusted",NA,"Quarterly","Table 25. State Final Demand, Summary Components by State: Chain volume measures",NA
"7127","A2303111F","New South Wales ; STATE FINAL DEMAND ;","NSW","NSW",2001-03-01,101086,"Q","$ Millions","Seasonally Adjusted",NA,"Quarterly","Table 25. State Final Demand, Summary Components by State: Chain volume measures",NA
"7128","A2303139J","Victoria ; STATE FINAL DEMAND ;","VIC","VIC",2001-03-01,73488,"Q","$ Millions","Seasonally Adjusted",NA,"Quarterly","Table 25. State Final Demand, Summary Components by State: Chain volume measures",NA
"7129","A2303187A","Queensland ; STATE FINAL DEMAND ;","QLD","QLD",2001-03-01,52645,"Q","$ Millions","Seasonally Adjusted",NA,"Quarterly","Table 25. State Final Demand, Summary Components by State: Chain volume measures",NA
"7130","A2304418T","Gross domestic product: Current prices ;","AUS","AUS",2001-03-01,178736,"Q","$ Millions","Seasonally Adjusted",NA,"Quarterly","Table 1. Key National Accounts Aggregates",NA
"7131","A2325846C","Index Numbers ; All groups CPI ; Australia ;","AUS","AUS",2001-03-01,73.9,"Q","Index Numbers","Original",NA,"Quarterly","TABLES 1 and 2. CPI: All Groups, Index Numbers and Percentage Changes",NA
"7132","A2718577A","Credits, Total goods ;","AUS","AUS",2001-03-01,10328,"M","$ Millions","Seasonally Adjusted",NA,"Monthly","TABLE 1. GOODS, Summary: Seasonally adjusted and trend estimates, Current prices",NA
"7133","A2718594C","Balance on goods ;","AUS","AUS",2001-03-01,282,"M","$ Millions","Seasonally Adjusted",NA,"Monthly","TABLE 1. GOODS, Summary: Seasonally adjusted and trend estimates, Current prices",NA
"7134","FXRTWI","Trade-weighted Index May 1970 = 100","AUS","AUS",2001-03-01,49.5,"D","Index","Indicative","RBA","Daily","Historical Daily Exchange Rates Of The Australian Dollar Against:","Australian Dollar Trade-weighted Index"
"7135","FXRTWI","Trade-weighted Index May 1970 = 100","AUS","AUS",2001-03-02,49.4,"D","Index","Indicative","RBA","Daily","Historical Daily Exchange Rates Of The Australian Dollar Against:","Australian Dollar Trade-weighted Index"
"7136","FXRTWI","Trade-weighted Index May 1970 = 100","AUS","AUS",2001-03-05,49.5,"D","Index","Indicative","RBA","Daily","Historical Daily Exchange Rates Of The Australian Dollar Against:","Australian Dollar Trade-weighted Index"
"7137","FXRTWI","Trade-weighted Index May 1970 = 100","AUS","AUS",2001-03-06,49.1,"D","Index","Indicative","RBA","Daily","Historical Daily Exchange Rates Of The Australian Dollar Against:","Australian Dollar Trade-weighted Index"
"7138","FXRTWI","Trade-weighted Index May 1970 = 100","AUS","AUS",2001-03-07,48.3,"D","Index","Indicative","RBA","Daily","Historical Daily Exchange Rates Of The Australian Dollar Against:","Australian Dollar Trade-weighted Index"
"7139","FXRTWI","Trade-weighted Index May 1970 = 100","AUS","AUS",2001-03-08,48.1,"D","Index","Indicative","RBA","Daily","Historical Daily Exchange Rates Of The Australian Dollar Against:","Australian Dollar Trade-weighted Index"
"7140","FXRTWI","Trade-weighted Index May 1970 = 100","AUS","AUS",2001-03-09,48.3,"D","Index","Indicative","RBA","Daily","Historical Daily Exchange Rates Of The Australian Dollar Against:","Australian Dollar Trade-weighted Index"
"7141","FXRTWI","Trade-weighted Index May 1970 = 100","AUS","AUS",2001-03-12,48.2,"D","Index","Indicative","RBA","Daily","Historical Daily Exchange Rates Of The Australian Dollar Against:","Australian Dollar Trade-weighted Index"
"7142","FXRTWI","Trade-weighted Index May 1970 = 100","AUS","AUS",2001-03-13,48.1,"D","Index","Indicative","RBA","Daily","Historical Daily Exchange Rates Of The Australian Dollar Against:","Australian Dollar Trade-weighted Index"
"7143","FXRTWI","Trade-weighted Index May 1970 = 100","AUS","AUS",2001-03-14,47.7,"D","Index","Indicative","RBA","Daily","Historical Daily Exchange Rates Of The Australian Dollar Against:","Australian Dollar Trade-weighted Index"
"7144","FXRTWI","Trade-weighted Index May 1970 = 100","AUS","AUS",2001-03-15,47.2,"D","Index","Indicative","RBA","Daily","Historical Daily Exchange Rates Of The Australian Dollar Against:","Australian Dollar Trade-weighted Index"
"7145","FXRTWI","Trade-weighted Index May 1970 = 100","AUS","AUS",2001-03-16,47.3,"D","Index","Indicative","RBA","Daily","Historical Daily Exchange Rates Of The Australian Dollar Against:","Australian Dollar Trade-weighted Index"
"7146","FXRTWI","Trade-weighted Index May 1970 = 100","AUS","AUS",2001-03-19,47.8,"D","Index","Indicative","RBA","Daily","Historical Daily Exchange Rates Of The Australian Dollar Against:","Australian Dollar Trade-weighted Index"
"7147","FXRTWI","Trade-weighted Index May 1970 = 100","AUS","AUS",2001-03-20,48,"D","Index","Indicative","RBA","Daily","Historical Daily Exchange Rates Of The Australian Dollar Against:","Australian Dollar Trade-weighted Index"
"7148","FXRTWI","Trade-weighted Index May 1970 = 100","AUS","AUS",2001-03-21,48,"D","Index","Indicative","RBA","Daily","Historical Daily Exchange Rates Of The Australian Dollar Against:","Australian Dollar Trade-weighted Index"
"7149","FXRTWI","Trade-weighted Index May 1970 = 100","AUS","AUS",2001-03-22,47.4,"D","Index","Indicative","RBA","Daily","Historical Daily Exchange Rates Of The Australian Dollar Against:","Australian Dollar Trade-weighted Index"
"7150","FXRTWI","Trade-weighted Index May 1970 = 100","AUS","AUS",2001-03-23,47.6,"D","Index","Indicative","RBA","Daily","Historical Daily Exchange Rates Of The Australian Dollar Against:","Australian Dollar Trade-weighted Index"
"7151","FXRTWI","Trade-weighted Index May 1970 = 100","AUS","AUS",2001-03-26,47.4,"D","Index","Indicative","RBA","Daily","Historical Daily Exchange Rates Of The Australian Dollar Against:","Australian Dollar Trade-weighted Index"
"7152","FXRTWI","Trade-weighted Index May 1970 = 100","AUS","AUS",2001-03-27,47.9,"D","Index","Indicative","RBA","Daily","Historical Daily Exchange Rates Of The Australian Dollar Against:","Australian Dollar Trade-weighted Index"
"7153","FXRTWI","Trade-weighted Index May 1970 = 100","AUS","AUS",2001-03-28,47.9,"D","Index","Indicative","RBA","Daily","Historical Daily Exchange Rates Of The Australian Dollar Against:","Australian Dollar Trade-weighted Index"
"7154","FXRTWI","Trade-weighted Index May 1970 = 100","AUS","AUS",2001-03-29,47.5,"D","Index","Indicative","RBA","Daily","Historical Daily Exchange Rates Of The Australian Dollar Against:","Australian Dollar Trade-weighted Index"
"7155","FXRTWI","Trade-weighted Index May 1970 = 100","AUS","AUS",2001-03-30,47.4,"D","Index","Indicative","RBA","Daily","Historical Daily Exchange Rates Of The Australian Dollar Against:","Australian Dollar Trade-weighted Index"
"7156","DLCACS","Credit; Total; Seasonally adjusted","AUS","AUS",2001-03-31,755.241,"M","$ billion","Seasonally Adjusted","RBA","Monthly","D2 Lending And Credit Aggregates","Credit; Total; Seasonally adjusted – Includes securitisations – For series breaks see Series Breaks"
"7157","FIRMMCRT","Cash Rate Target","AUS","AUS",2001-03-31,5.54545454545455,"M","Per cent","Original","RBA","Monthly","F1.1 Interest Rates And Yields - Money Market","Cash Rate Target; monthly average"
"7158","FXRTWI","Trade-weighted Index May 1970 = 100","AUS","AUS",2001-03-31,47.4,"M","Index","Indicative","RBA","Monthly","F11 Exchange Rates","Australian Dollar Trade-weighted Index"
"7159","GCPIOCPMTMQP","Quarterly trimmed mean inflation","AUS","AUS",2001-03-31,1,"Q","Per cent","Seasonally Adjusted","ABS","Quarterly","G1 Consumer Price Inflation","Consumer price index; Trimmed mean; Quarterly change (in per cent)"
"7160","GRCPAISDR","Commodity prices – SDR","AUS","AUS",2001-03-31,27.8780429723436,"M","Index, 2023/24=100","Original","RBA","Monthly","I2 Commodity Prices","Index of commodity prices; All items; SDR"
"7161","A2718577A","Credits, Total goods ;","AUS","AUS",2001-04-01,10568,"M","$ Millions","Seasonally Adjusted",NA,"Monthly","TABLE 1. GOODS, Summary: Seasonally adjusted and trend estimates, Current prices",NA
"7162","A2718594C","Balance on goods ;","AUS","AUS",2001-04-01,305,"M","$ Millions","Seasonally Adjusted",NA,"Monthly","TABLE 1. GOODS, Summary: Seasonally adjusted and trend estimates, Current prices",NA
"7163","FXRTWI","Trade-weighted Index May 1970 = 100","AUS","AUS",2001-04-02,47.3,"D","Index","Indicative","RBA","Daily","Historical Daily Exchange Rates Of The Australian Dollar Against:","Australian Dollar Trade-weighted Index"
"7164","FXRTWI","Trade-weighted Index May 1970 = 100","AUS","AUS",2001-04-03,47,"D","Index","Indicative","RBA","Daily","Historical Daily Exchange Rates Of The Australian Dollar Against:","Australian Dollar Trade-weighted Index"
"7165","FXRTWI","Trade-weighted Index May 1970 = 100","AUS","AUS",2001-04-04,47.3,"D","Index","Indicative","RBA","Daily","Historical Daily Exchange Rates Of The Australian Dollar Against:","Australian Dollar Trade-weighted Index"
"7166","FXRTWI","Trade-weighted Index May 1970 = 100","AUS","AUS",2001-04-05,47.6,"D","Index","Indicative","RBA","Daily","Historical Daily Exchange Rates Of The Australian Dollar Against:","Australian Dollar Trade-weighted Index"
"7167","FXRTWI","Trade-weighted Index May 1970 = 100","AUS","AUS",2001-04-06,47.8,"D","Index","Indicative","RBA","Daily","Historical Daily Exchange Rates Of The Australian Dollar Against:","Australian Dollar Trade-weighted Index"
"7168","FXRTWI","Trade-weighted Index May 1970 = 100","AUS","AUS",2001-04-09,47.9,"D","Index","Indicative","RBA","Daily","Historical Daily Exchange Rates Of The Australian Dollar Against:","Australian Dollar Trade-weighted Index"
"7169","FXRTWI","Trade-weighted Index May 1970 = 100","AUS","AUS",2001-04-10,47.8,"D","Index","Indicative","RBA","Daily","Historical Daily Exchange Rates Of The Australian Dollar Against:","Australian Dollar Trade-weighted Index"
"7170","FXRTWI","Trade-weighted Index May 1970 = 100","AUS","AUS",2001-04-11,48.2,"D","Index","Indicative","RBA","Daily","Historical Daily Exchange Rates Of The Australian Dollar Against:","Australian Dollar Trade-weighted Index"
"7171","FXRTWI","Trade-weighted Index May 1970 = 100","AUS","AUS",2001-04-12,48.8,"D","Index","Indicative","RBA","Daily","Historical Daily Exchange Rates Of The Australian Dollar Against:","Australian Dollar Trade-weighted Index"
"7172","FXRTWI","Trade-weighted Index May 1970 = 100","AUS","AUS",2001-04-17,49.3,"D","Index","Indicative","RBA","Daily","Historical Daily Exchange Rates Of The Australian Dollar Against:","Australian Dollar Trade-weighted Index"
"7173","FXRTWI","Trade-weighted Index May 1970 = 100","AUS","AUS",2001-04-18,48.4,"D","Index","Indicative","RBA","Daily","Historical Daily Exchange Rates Of The Australian Dollar Against:","Australian Dollar Trade-weighted Index"
"7174","FXRTWI","Trade-weighted Index May 1970 = 100","AUS","AUS",2001-04-19,48.5,"D","Index","Indicative","RBA","Daily","Historical Daily Exchange Rates Of The Australian Dollar Against:","Australian Dollar Trade-weighted Index"
"7175","FXRTWI","Trade-weighted Index May 1970 = 100","AUS","AUS",2001-04-20,49.6,"D","Index","Indicative","RBA","Daily","Historical Daily Exchange Rates Of The Australian Dollar Against:","Australian Dollar Trade-weighted Index"
"7176","FXRTWI","Trade-weighted Index May 1970 = 100","AUS","AUS",2001-04-23,48.6,"D","Index","Indicative","RBA","Daily","Historical Daily Exchange Rates Of The Australian Dollar Against:","Australian Dollar Trade-weighted Index"
"7177","FXRTWI","Trade-weighted Index May 1970 = 100","AUS","AUS",2001-04-24,48.8,"D","Index","Indicative","RBA","Daily","Historical Daily Exchange Rates Of The Australian Dollar Against:","Australian Dollar Trade-weighted Index"
"7178","FXRTWI","Trade-weighted Index May 1970 = 100","AUS","AUS",2001-04-26,48.9,"D","Index","Indicative","RBA","Daily","Historical Daily Exchange Rates Of The Australian Dollar Against:","Australian Dollar Trade-weighted Index"
"7179","FXRTWI","Trade-weighted Index May 1970 = 100","AUS","AUS",2001-04-27,49.4,"D","Index","Indicative","RBA","Daily","Historical Daily Exchange Rates Of The Australian Dollar Against:","Australian Dollar Trade-weighted Index"
"7180","DLCACS","Credit; Total; Seasonally adjusted","AUS","AUS",2001-04-30,758.51,"M","$ billion","Seasonally Adjusted","RBA","Monthly","D2 Lending And Credit Aggregates","Credit; Total; Seasonally adjusted – Includes securitisations – For series breaks see Series Breaks"
"7181","FIRMMCRT","Cash Rate Target","AUS","AUS",2001-04-30,5.05555555555556,"M","Per cent","Original","RBA","Monthly","F1.1 Interest Rates And Yields - Money Market","Cash Rate Target; monthly average"
"7182","FXRTWI","Trade-weighted Index May 1970 = 100","AUS","AUS",2001-04-30,49.2,"D","Index","Indicative","RBA","Daily","Historical Daily Exchange Rates Of The Australian Dollar Against:","Australian Dollar Trade-weighted Index"
"7183","FXRTWI","Trade-weighted Index May 1970 = 100","AUS","AUS",2001-04-30,49.2,"M","Index","Indicative","RBA","Monthly","F11 Exchange Rates","Australian Dollar Trade-weighted Index"
"7184","GRCPAISDR","Commodity prices – SDR","AUS","AUS",2001-04-30,28.5273606246459,"M","Index, 2023/24=100","Original","RBA","Monthly","I2 Commodity Prices","Index of commodity prices; All items; SDR"
"7185","A2718577A","Credits, Total goods ;","AUS","AUS",2001-05-01,10542,"M","$ Millions","Seasonally Adjusted",NA,"Monthly","TABLE 1. GOODS, Summary: Seasonally adjusted and trend estimates, Current prices",NA
"7186","A2718594C","Balance on goods ;","AUS","AUS",2001-05-01,482,"M","$ Millions","Seasonally Adjusted",NA,"Monthly","TABLE 1. GOODS, Summary: Seasonally adjusted and trend estimates, Current prices",NA
"7187","FXRTWI","Trade-weighted Index May 1970 = 100","AUS","AUS",2001-05-01,49.4,"D","Index","Indicative","RBA","Daily","Historical Daily Exchange Rates Of The Australian Dollar Against:","Australian Dollar Trade-weighted Index"
"7188","FXRTWI","Trade-weighted Index May 1970 = 100","AUS","AUS",2001-05-02,49.9,"D","Index","Indicative","RBA","Daily","Historical Daily Exchange Rates Of The Australian Dollar Against:","Australian Dollar Trade-weighted Index"
"7189","FXRTWI","Trade-weighted Index May 1970 = 100","AUS","AUS",2001-05-03,49.8,"D","Index","Indicative","RBA","Daily","Historical Daily Exchange Rates Of The Australian Dollar Against:","Australian Dollar Trade-weighted Index"
"7190","FXRTWI","Trade-weighted Index May 1970 = 100","AUS","AUS",2001-05-04,49.6,"D","Index","Indicative","RBA","Daily","Historical Daily Exchange Rates Of The Australian Dollar Against:","Australian Dollar Trade-weighted Index"
"7191","FXRTWI","Trade-weighted Index May 1970 = 100","AUS","AUS",2001-05-07,49.8,"D","Index","Indicative","RBA","Daily","Historical Daily Exchange Rates Of The Australian Dollar Against:","Australian Dollar Trade-weighted Index"
"7192","FXRTWI","Trade-weighted Index May 1970 = 100","AUS","AUS",2001-05-08,49.7,"D","Index","Indicative","RBA","Daily","Historical Daily Exchange Rates Of The Australian Dollar Against:","Australian Dollar Trade-weighted Index"
"7193","FXRTWI","Trade-weighted Index May 1970 = 100","AUS","AUS",2001-05-09,50,"D","Index","Indicative","RBA","Daily","Historical Daily Exchange Rates Of The Australian Dollar Against:","Australian Dollar Trade-weighted Index"
"7194","FXRTWI","Trade-weighted Index May 1970 = 100","AUS","AUS",2001-05-10,50.3,"D","Index","Indicative","RBA","Daily","Historical Daily Exchange Rates Of The Australian Dollar Against:","Australian Dollar Trade-weighted Index"
"7195","FXRTWI","Trade-weighted Index May 1970 = 100","AUS","AUS",2001-05-11,50.5,"D","Index","Indicative","RBA","Daily","Historical Daily Exchange Rates Of The Australian Dollar Against:","Australian Dollar Trade-weighted Index"
"7196","FXRTWI","Trade-weighted Index May 1970 = 100","AUS","AUS",2001-05-14,50.1,"D","Index","Indicative","RBA","Daily","Historical Daily Exchange Rates Of The Australian Dollar Against:","Australian Dollar Trade-weighted Index"
"7197","FXRTWI","Trade-weighted Index May 1970 = 100","AUS","AUS",2001-05-15,50.2,"D","Index","Indicative","RBA","Daily","Historical Daily Exchange Rates Of The Australian Dollar Against:","Australian Dollar Trade-weighted Index"
"7198","FXRTWI","Trade-weighted Index May 1970 = 100","AUS","AUS",2001-05-16,50.3,"D","Index","Indicative","RBA","Daily","Historical Daily Exchange Rates Of The Australian Dollar Against:","Australian Dollar Trade-weighted Index"
"7199","FXRTWI","Trade-weighted Index May 1970 = 100","AUS","AUS",2001-05-17,50.6,"D","Index","Indicative","RBA","Daily","Historical Daily Exchange Rates Of The Australian Dollar Against:","Australian Dollar Trade-weighted Index"
"7200","FXRTWI","Trade-weighted Index May 1970 = 100","AUS","AUS",2001-05-18,50.8,"D","Index","Indicative","RBA","Daily","Historical Daily Exchange Rates Of The Australian Dollar Against:","Australian Dollar Trade-weighted Index"
"7201","FXRTWI","Trade-weighted Index May 1970 = 100","AUS","AUS",2001-05-21,51,"D","Index","Indicative","RBA","Daily","Historical Daily Exchange Rates Of The Australian Dollar Against:","Australian Dollar Trade-weighted Index"
"7202","FXRTWI","Trade-weighted Index May 1970 = 100","AUS","AUS",2001-05-22,50.8,"D","Index","Indicative","RBA","Daily","Historical Daily Exchange Rates Of The Australian Dollar Against:","Australian Dollar Trade-weighted Index"
"7203","FXRTWI","Trade-weighted Index May 1970 = 100","AUS","AUS",2001-05-23,50.1,"D","Index","Indicative","RBA","Daily","Historical Daily Exchange Rates Of The Australian Dollar Against:","Australian Dollar Trade-weighted Index"
"7204","FXRTWI","Trade-weighted Index May 1970 = 100","AUS","AUS",2001-05-24,49.5,"D","Index","Indicative","RBA","Daily","Historical Daily Exchange Rates Of The Australian Dollar Against:","Australian Dollar Trade-weighted Index"
"7205","FXRTWI","Trade-weighted Index May 1970 = 100","AUS","AUS",2001-05-25,50.3,"D","Index","Indicative","RBA","Daily","Historical Daily Exchange Rates Of The Australian Dollar Against:","Australian Dollar Trade-weighted Index"
"7206","FXRTWI","Trade-weighted Index May 1970 = 100","AUS","AUS",2001-05-28,50.3,"D","Index","Indicative","RBA","Daily","Historical Daily Exchange Rates Of The Australian Dollar Against:","Australian Dollar Trade-weighted Index"
"7207","FXRTWI","Trade-weighted Index May 1970 = 100","AUS","AUS",2001-05-29,50.1,"D","Index","Indicative","RBA","Daily","Historical Daily Exchange Rates Of The Australian Dollar Against:","Australian Dollar Trade-weighted Index"
"7208","FXRTWI","Trade-weighted Index May 1970 = 100","AUS","AUS",2001-05-30,50.2,"D","Index","Indicative","RBA","Daily","Historical Daily Exchange Rates Of The Australian Dollar Against:","Australian Dollar Trade-weighted Index"
"7209","DLCACS","Credit; Total; Seasonally adjusted","AUS","AUS",2001-05-31,764.88,"M","$ billion","Seasonally Adjusted","RBA","Monthly","D2 Lending And Credit Aggregates","Credit; Total; Seasonally adjusted – Includes securitisations – For series breaks see Series Breaks"
"7210","FIRMMCRT","Cash Rate Target","AUS","AUS",2001-05-31,5,"M","Per cent","Original","RBA","Monthly","F1.1 Interest Rates And Yields - Money Market","Cash Rate Target; monthly average"
"7211","FXRTWI","Trade-weighted Index May 1970 = 100","AUS","AUS",2001-05-31,49.3,"D","Index","Indicative","RBA","Daily","Historical Daily Exchange Rates Of The Australian Dollar Against:","Australian Dollar Trade-weighted Index"
"7212","FXRTWI","Trade-weighted Index May 1970 = 100","AUS","AUS",2001-05-31,49.3,"M","Index","Indicative","RBA","Monthly","F11 Exchange Rates","Australian Dollar Trade-weighted Index"
"7213","GRCPAISDR","Commodity prices – SDR","AUS","AUS",2001-05-31,29.4208843399896,"M","Index, 2023/24=100","Original","RBA","Monthly","I2 Commodity Prices","Index of commodity prices; All items; SDR"
"7214","A2302956R","South Australia ; STATE FINAL DEMAND ;","SA","SA",2001-06-01,20553,"Q","$ Millions","Seasonally Adjusted",NA,"Quarterly","Table 25. State Final Demand, Summary Components by State: Chain volume measures",NA
"7215","A2302984X","Western Australia ; STATE FINAL DEMAND ;","WA","WA",2001-06-01,29978,"Q","$ Millions","Seasonally Adjusted",NA,"Quarterly","Table 25. State Final Demand, Summary Components by State: Chain volume measures",NA
"7216","A2303012X","Tasmania ; STATE FINAL DEMAND ;","TAS","TAS",2001-06-01,6344,"Q","$ Millions","Seasonally Adjusted",NA,"Quarterly","Table 25. State Final Demand, Summary Components by State: Chain volume measures",NA
"7217","A2303040J","Northern Territory ; STATE FINAL DEMAND ;","NT","NT",2001-06-01,4633,"Q","$ Millions","Seasonally Adjusted",NA,"Quarterly","Table 25. State Final Demand, Summary Components by State: Chain volume measures",NA
"7218","A2303068K","Australian Capital Territory ; STATE FINAL DEMAND ;","ACT","ACT",2001-06-01,8504,"Q","$ Millions","Seasonally Adjusted",NA,"Quarterly","Table 25. State Final Demand, Summary Components by State: Chain volume measures",NA
"7219","A2303111F","New South Wales ; STATE FINAL DEMAND ;","NSW","NSW",2001-06-01,102007,"Q","$ Millions","Seasonally Adjusted",NA,"Quarterly","Table 25. State Final Demand, Summary Components by State: Chain volume measures",NA
"7220","A2303139J","Victoria ; STATE FINAL DEMAND ;","VIC","VIC",2001-06-01,74041,"Q","$ Millions","Seasonally Adjusted",NA,"Quarterly","Table 25. State Final Demand, Summary Components by State: Chain volume measures",NA
"7221","A2303187A","Queensland ; STATE FINAL DEMAND ;","QLD","QLD",2001-06-01,54223,"Q","$ Millions","Seasonally Adjusted",NA,"Quarterly","Table 25. State Final Demand, Summary Components by State: Chain volume measures",NA
"7222","A2304418T","Gross domestic product: Current prices ;","AUS","AUS",2001-06-01,180578,"Q","$ Millions","Seasonally Adjusted",NA,"Quarterly","Table 1. Key National Accounts Aggregates",NA
"7223","A2325846C","Index Numbers ; All groups CPI ; Australia ;","AUS","AUS",2001-06-01,74.5,"Q","Index Numbers","Original",NA,"Quarterly","TABLES 1 and 2. CPI: All Groups, Index Numbers and Percentage Changes",NA
"7224","A2336320R","New South Wales ; Gross state product: Current prices ;","NSW","NSW",2001-06-01,255462,"Annual","$ Millions","Original",NA,"Annual","Table 1. Gross State Product, Chain volume measures and current prices",NA
"7225","A2336321T","Victoria ; Gross state product: Current prices ;","VIC","VIC",2001-06-01,178046,"Annual","$ Millions","Original",NA,"Annual","Table 1. Gross State Product, Chain volume measures and current prices",NA
"7226","A2336322V","Queensland ; Gross state product: Current prices ;","QLD","QLD",2001-06-01,113798,"Annual","$ Millions","Original",NA,"Annual","Table 1. Gross State Product, Chain volume measures and current prices",NA
"7227","A2336323W","South Australia ; Gross state product: Current prices ;","SA","SA",2001-06-01,49569,"Annual","$ Millions","Original",NA,"Annual","Table 1. Gross State Product, Chain volume measures and current prices",NA
"7228","A2336324X","Western Australia ; Gross state product: Current prices ;","WA","WA",2001-06-01,75732,"Annual","$ Millions","Original",NA,"Annual","Table 1. Gross State Product, Chain volume measures and current prices",NA
"7229","A2336325A","Tasmania ; Gross state product: Current prices ;","TAS","TAS",2001-06-01,12756,"Annual","$ Millions","Original",NA,"Annual","Table 1. Gross State Product, Chain volume measures and current prices",NA
"7230","A2336326C","Northern Territory ; Gross state product: Current prices ;","NT","NT",2001-06-01,8386,"Annual","$ Millions","Original",NA,"Annual","Table 1. Gross State Product, Chain volume measures and current prices",NA
"7231","A2336327F","Australian Capital Territory ; Gross state product: Current prices ;","ACT","ACT",2001-06-01,13655,"Annual","$ Millions","Original",NA,"Annual","Table 1. Gross State Product, Chain volume measures and current prices",NA
"7232","A2718577A","Credits, Total goods ;","AUS","AUS",2001-06-01,10640,"M","$ Millions","Seasonally Adjusted",NA,"Monthly","TABLE 1. GOODS, Summary: Seasonally adjusted and trend estimates, Current prices",NA
"7233","A2718594C","Balance on goods ;","AUS","AUS",2001-06-01,614,"M","$ Millions","Seasonally Adjusted",NA,"Monthly","TABLE 1. GOODS, Summary: Seasonally adjusted and trend estimates, Current prices",NA
"7234","FXRTWI","Trade-weighted Index May 1970 = 100","AUS","AUS",2001-06-01,49,"D","Index","Indicative","RBA","Daily","Historical Daily Exchange Rates Of The Australian Dollar Against:","Australian Dollar Trade-weighted Index"
"7235","FXRTWI","Trade-weighted Index May 1970 = 100","AUS","AUS",2001-06-04,49.2,"D","Index","Indicative","RBA","Daily","Historical Daily Exchange Rates Of The Australian Dollar Against:","Australian Dollar Trade-weighted Index"
"7236","FXRTWI","Trade-weighted Index May 1970 = 100","AUS","AUS",2001-06-05,49.1,"D","Index","Indicative","RBA","Daily","Historical Daily Exchange Rates Of The Australian Dollar Against:","Australian Dollar Trade-weighted Index"
"7237","FXRTWI","Trade-weighted Index May 1970 = 100","AUS","AUS",2001-06-06,49.9,"D","Index","Indicative","RBA","Daily","Historical Daily Exchange Rates Of The Australian Dollar Against:","Australian Dollar Trade-weighted Index"
"7238","FXRTWI","Trade-weighted Index May 1970 = 100","AUS","AUS",2001-06-07,50,"D","Index","Indicative","RBA","Daily","Historical Daily Exchange Rates Of The Australian Dollar Against:","Australian Dollar Trade-weighted Index"
"7239","FXRTWI","Trade-weighted Index May 1970 = 100","AUS","AUS",2001-06-08,50.5,"D","Index","Indicative","RBA","Daily","Historical Daily Exchange Rates Of The Australian Dollar Against:","Australian Dollar Trade-weighted Index"
"7240","FXRTWI","Trade-weighted Index May 1970 = 100","AUS","AUS",2001-06-12,50.7,"D","Index","Indicative","RBA","Daily","Historical Daily Exchange Rates Of The Australian Dollar Against:","Australian Dollar Trade-weighted Index"
"7241","FXRTWI","Trade-weighted Index May 1970 = 100","AUS","AUS",2001-06-13,51.2,"D","Index","Indicative","RBA","Daily","Historical Daily Exchange Rates Of The Australian Dollar Against:","Australian Dollar Trade-weighted Index"
"7242","FXRTWI","Trade-weighted Index May 1970 = 100","AUS","AUS",2001-06-14,51.2,"D","Index","Indicative","RBA","Daily","Historical Daily Exchange Rates Of The Australian Dollar Against:","Australian Dollar Trade-weighted Index"
"7243","FXRTWI","Trade-weighted Index May 1970 = 100","AUS","AUS",2001-06-15,50.7,"D","Index","Indicative","RBA","Daily","Historical Daily Exchange Rates Of The Australian Dollar Against:","Australian Dollar Trade-weighted Index"
"7244","FXRTWI","Trade-weighted Index May 1970 = 100","AUS","AUS",2001-06-18,51.2,"D","Index","Indicative","RBA","Daily","Historical Daily Exchange Rates Of The Australian Dollar Against:","Australian Dollar Trade-weighted Index"
"7245","FXRTWI","Trade-weighted Index May 1970 = 100","AUS","AUS",2001-06-19,50.8,"D","Index","Indicative","RBA","Daily","Historical Daily Exchange Rates Of The Australian Dollar Against:","Australian Dollar Trade-weighted Index"
"7246","FXRTWI","Trade-weighted Index May 1970 = 100","AUS","AUS",2001-06-20,50.6,"D","Index","Indicative","RBA","Daily","Historical Daily Exchange Rates Of The Australian Dollar Against:","Australian Dollar Trade-weighted Index"
"7247","FXRTWI","Trade-weighted Index May 1970 = 100","AUS","AUS",2001-06-21,50.7,"D","Index","Indicative","RBA","Daily","Historical Daily Exchange Rates Of The Australian Dollar Against:","Australian Dollar Trade-weighted Index"
"7248","FXRTWI","Trade-weighted Index May 1970 = 100","AUS","AUS",2001-06-22,50.4,"D","Index","Indicative","RBA","Daily","Historical Daily Exchange Rates Of The Australian Dollar Against:","Australian Dollar Trade-weighted Index"
"7249","FXRTWI","Trade-weighted Index May 1970 = 100","AUS","AUS",2001-06-25,50.4,"D","Index","Indicative","RBA","Daily","Historical Daily Exchange Rates Of The Australian Dollar Against:","Australian Dollar Trade-weighted Index"
"7250","FXRTWI","Trade-weighted Index May 1970 = 100","AUS","AUS",2001-06-26,50.4,"D","Index","Indicative","RBA","Daily","Historical Daily Exchange Rates Of The Australian Dollar Against:","Australian Dollar Trade-weighted Index"
"7251","FXRTWI","Trade-weighted Index May 1970 = 100","AUS","AUS",2001-06-27,50.6,"D","Index","Indicative","RBA","Daily","Historical Daily Exchange Rates Of The Australian Dollar Against:","Australian Dollar Trade-weighted Index"
"7252","FXRTWI","Trade-weighted Index May 1970 = 100","AUS","AUS",2001-06-28,50.5,"D","Index","Indicative","RBA","Daily","Historical Daily Exchange Rates Of The Australian Dollar Against:","Australian Dollar Trade-weighted Index"
"7253","FXRTWI","Trade-weighted Index May 1970 = 100","AUS","AUS",2001-06-29,49.7,"D","Index","Indicative","RBA","Daily","Historical Daily Exchange Rates Of The Australian Dollar Against:","Australian Dollar Trade-weighted Index"
"7254","DLCACS","Credit; Total; Seasonally adjusted","AUS","AUS",2001-06-30,771.304,"M","$ billion","Seasonally Adjusted","RBA","Monthly","D2 Lending And Credit Aggregates","Credit; Total; Seasonally adjusted – Includes securitisations – For series breaks see Series Breaks"
"7255","FIRMMCRT","Cash Rate Target","AUS","AUS",2001-06-30,5,"M","Per cent","Original","RBA","Monthly","F1.1 Interest Rates And Yields - Money Market","Cash Rate Target; monthly average"
"7256","FXRTWI","Trade-weighted Index May 1970 = 100","AUS","AUS",2001-06-30,49.7,"M","Index","Indicative","RBA","Monthly","F11 Exchange Rates","Australian Dollar Trade-weighted Index"
"7257","GCPIOCPMTMQP","Quarterly trimmed mean inflation","AUS","AUS",2001-06-30,0.8,"Q","Per cent","Seasonally Adjusted","ABS","Quarterly","G1 Consumer Price Inflation","Consumer price index; Trimmed mean; Quarterly change (in per cent)"
"7258","GRCPAISDR","Commodity prices – SDR","AUS","AUS",2001-06-30,29.4653302421792,"M","Index, 2023/24=100","Original","RBA","Monthly","I2 Commodity Prices","Index of commodity prices; All items; SDR"
"7259","A2718577A","Credits, Total goods ;","AUS","AUS",2001-07-01,10565,"M","$ Millions","Seasonally Adjusted",NA,"Monthly","TABLE 1. GOODS, Summary: Seasonally adjusted and trend estimates, Current prices",NA
"7260","A2718594C","Balance on goods ;","AUS","AUS",2001-07-01,842,"M","$ Millions","Seasonally Adjusted",NA,"Monthly","TABLE 1. GOODS, Summary: Seasonally adjusted and trend estimates, Current prices",NA
"7261","FXRTWI","Trade-weighted Index May 1970 = 100","AUS","AUS",2001-07-02,49.8,"D","Index","Indicative","RBA","Daily","Historical Daily Exchange Rates Of The Australian Dollar Against:","Australian Dollar Trade-weighted Index"
"7262","FXRTWI","Trade-weighted Index May 1970 = 100","AUS","AUS",2001-07-03,50.2,"D","Index","Indicative","RBA","Daily","Historical Daily Exchange Rates Of The Australian Dollar Against:","Australian Dollar Trade-weighted Index"
"7263","FXRTWI","Trade-weighted Index May 1970 = 100","AUS","AUS",2001-07-04,50.7,"D","Index","Indicative","RBA","Daily","Historical Daily Exchange Rates Of The Australian Dollar Against:","Australian Dollar Trade-weighted Index"
"7264","FXRTWI","Trade-weighted Index May 1970 = 100","AUS","AUS",2001-07-05,50.7,"D","Index","Indicative","RBA","Daily","Historical Daily Exchange Rates Of The Australian Dollar Against:","Australian Dollar Trade-weighted Index"
"7265","FXRTWI","Trade-weighted Index May 1970 = 100","AUS","AUS",2001-07-06,50.3,"D","Index","Indicative","RBA","Daily","Historical Daily Exchange Rates Of The Australian Dollar Against:","Australian Dollar Trade-weighted Index"
"7266","FXRTWI","Trade-weighted Index May 1970 = 100","AUS","AUS",2001-07-09,49.8,"D","Index","Indicative","RBA","Daily","Historical Daily Exchange Rates Of The Australian Dollar Against:","Australian Dollar Trade-weighted Index"
"7267","FXRTWI","Trade-weighted Index May 1970 = 100","AUS","AUS",2001-07-10,50,"D","Index","Indicative","RBA","Daily","Historical Daily Exchange Rates Of The Australian Dollar Against:","Australian Dollar Trade-weighted Index"
"7268","FXRTWI","Trade-weighted Index May 1970 = 100","AUS","AUS",2001-07-11,50,"D","Index","Indicative","RBA","Daily","Historical Daily Exchange Rates Of The Australian Dollar Against:","Australian Dollar Trade-weighted Index"
"7269","FXRTWI","Trade-weighted Index May 1970 = 100","AUS","AUS",2001-07-12,49.5,"D","Index","Indicative","RBA","Daily","Historical Daily Exchange Rates Of The Australian Dollar Against:","Australian Dollar Trade-weighted Index"
"7270","FXRTWI","Trade-weighted Index May 1970 = 100","AUS","AUS",2001-07-13,49.5,"D","Index","Indicative","RBA","Daily","Historical Daily Exchange Rates Of The Australian Dollar Against:","Australian Dollar Trade-weighted Index"
"7271","FXRTWI","Trade-weighted Index May 1970 = 100","AUS","AUS",2001-07-16,49.9,"D","Index","Indicative","RBA","Daily","Historical Daily Exchange Rates Of The Australian Dollar Against:","Australian Dollar Trade-weighted Index"
"7272","FXRTWI","Trade-weighted Index May 1970 = 100","AUS","AUS",2001-07-17,49.8,"D","Index","Indicative","RBA","Daily","Historical Daily Exchange Rates Of The Australian Dollar Against:","Australian Dollar Trade-weighted Index"
"7273","FXRTWI","Trade-weighted Index May 1970 = 100","AUS","AUS",2001-07-18,50,"D","Index","Indicative","RBA","Daily","Historical Daily Exchange Rates Of The Australian Dollar Against:","Australian Dollar Trade-weighted Index"
"7274","FXRTWI","Trade-weighted Index May 1970 = 100","AUS","AUS",2001-07-19,50.1,"D","Index","Indicative","RBA","Daily","Historical Daily Exchange Rates Of The Australian Dollar Against:","Australian Dollar Trade-weighted Index"
"7275","FXRTWI","Trade-weighted Index May 1970 = 100","AUS","AUS",2001-07-20,49.9,"D","Index","Indicative","RBA","Daily","Historical Daily Exchange Rates Of The Australian Dollar Against:","Australian Dollar Trade-weighted Index"
"7276","FXRTWI","Trade-weighted Index May 1970 = 100","AUS","AUS",2001-07-23,49.3,"D","Index","Indicative","RBA","Daily","Historical Daily Exchange Rates Of The Australian Dollar Against:","Australian Dollar Trade-weighted Index"
"7277","FXRTWI","Trade-weighted Index May 1970 = 100","AUS","AUS",2001-07-24,49.5,"D","Index","Indicative","RBA","Daily","Historical Daily Exchange Rates Of The Australian Dollar Against:","Australian Dollar Trade-weighted Index"
"7278","FXRTWI","Trade-weighted Index May 1970 = 100","AUS","AUS",2001-07-25,49.4,"D","Index","Indicative","RBA","Daily","Historical Daily Exchange Rates Of The Australian Dollar Against:","Australian Dollar Trade-weighted Index"
"7279","FXRTWI","Trade-weighted Index May 1970 = 100","AUS","AUS",2001-07-26,49.3,"D","Index","Indicative","RBA","Daily","Historical Daily Exchange Rates Of The Australian Dollar Against:","Australian Dollar Trade-weighted Index"
"7280","FXRTWI","Trade-weighted Index May 1970 = 100","AUS","AUS",2001-07-27,49.2,"D","Index","Indicative","RBA","Daily","Historical Daily Exchange Rates Of The Australian Dollar Against:","Australian Dollar Trade-weighted Index"
"7281","FXRTWI","Trade-weighted Index May 1970 = 100","AUS","AUS",2001-07-30,49,"D","Index","Indicative","RBA","Daily","Historical Daily Exchange Rates Of The Australian Dollar Against:","Australian Dollar Trade-weighted Index"
"7282","DLCACS","Credit; Total; Seasonally adjusted","AUS","AUS",2001-07-31,772.579,"M","$ billion","Seasonally Adjusted","RBA","Monthly","D2 Lending And Credit Aggregates","Credit; Total; Seasonally adjusted – Includes securitisations – For series breaks see Series Breaks"
"7283","FIRMMCRT","Cash Rate Target","AUS","AUS",2001-07-31,5,"M","Per cent","Original","RBA","Monthly","F1.1 Interest Rates And Yields - Money Market","Cash Rate Target; monthly average"
"7284","FXRTWI","Trade-weighted Index May 1970 = 100","AUS","AUS",2001-07-31,48.8,"D","Index","Indicative","RBA","Daily","Historical Daily Exchange Rates Of The Australian Dollar Against:","Australian Dollar Trade-weighted Index"
"7285","FXRTWI","Trade-weighted Index May 1970 = 100","AUS","AUS",2001-07-31,48.8,"M","Index","Indicative","RBA","Monthly","F11 Exchange Rates","Australian Dollar Trade-weighted Index"
"7286","GRCPAISDR","Commodity prices – SDR","AUS","AUS",2001-07-31,29.1564182018231,"M","Index, 2023/24=100","Original","RBA","Monthly","I2 Commodity Prices","Index of commodity prices; All items; SDR"
"7287","A2718577A","Credits, Total goods ;","AUS","AUS",2001-08-01,10247,"M","$ Millions","Seasonally Adjusted",NA,"Monthly","TABLE 1. GOODS, Summary: Seasonally adjusted and trend estimates, Current prices",NA
"7288","A2718594C","Balance on goods ;","AUS","AUS",2001-08-01,259,"M","$ Millions","Seasonally Adjusted",NA,"Monthly","TABLE 1. GOODS, Summary: Seasonally adjusted and trend estimates, Current prices",NA
"7289","FXRTWI","Trade-weighted Index May 1970 = 100","AUS","AUS",2001-08-01,49.4,"D","Index","Indicative","RBA","Daily","Historical Daily Exchange Rates Of The Australian Dollar Against:","Australian Dollar Trade-weighted Index"
"7290","FXRTWI","Trade-weighted Index May 1970 = 100","AUS","AUS",2001-08-02,50.1,"D","Index","Indicative","RBA","Daily","Historical Daily Exchange Rates Of The Australian Dollar Against:","Australian Dollar Trade-weighted Index"
"7291","FXRTWI","Trade-weighted Index May 1970 = 100","AUS","AUS",2001-08-03,49.9,"D","Index","Indicative","RBA","Daily","Historical Daily Exchange Rates Of The Australian Dollar Against:","Australian Dollar Trade-weighted Index"
"7292","FXRTWI","Trade-weighted Index May 1970 = 100","AUS","AUS",2001-08-07,49.7,"D","Index","Indicative","RBA","Daily","Historical Daily Exchange Rates Of The Australian Dollar Against:","Australian Dollar Trade-weighted Index"
"7293","FXRTWI","Trade-weighted Index May 1970 = 100","AUS","AUS",2001-08-08,49.7,"D","Index","Indicative","RBA","Daily","Historical Daily Exchange Rates Of The Australian Dollar Against:","Australian Dollar Trade-weighted Index"
"7294","FXRTWI","Trade-weighted Index May 1970 = 100","AUS","AUS",2001-08-09,49.7,"D","Index","Indicative","RBA","Daily","Historical Daily Exchange Rates Of The Australian Dollar Against:","Australian Dollar Trade-weighted Index"
"7295","FXRTWI","Trade-weighted Index May 1970 = 100","AUS","AUS",2001-08-10,49.3,"D","Index","Indicative","RBA","Daily","Historical Daily Exchange Rates Of The Australian Dollar Against:","Australian Dollar Trade-weighted Index"
"7296","FXRTWI","Trade-weighted Index May 1970 = 100","AUS","AUS",2001-08-13,49.4,"D","Index","Indicative","RBA","Daily","Historical Daily Exchange Rates Of The Australian Dollar Against:","Australian Dollar Trade-weighted Index"
"7297","FXRTWI","Trade-weighted Index May 1970 = 100","AUS","AUS",2001-08-14,49.4,"D","Index","Indicative","RBA","Daily","Historical Daily Exchange Rates Of The Australian Dollar Against:","Australian Dollar Trade-weighted Index"
"7298","FXRTWI","Trade-weighted Index May 1970 = 100","AUS","AUS",2001-08-15,49.8,"D","Index","Indicative","RBA","Daily","Historical Daily Exchange Rates Of The Australian Dollar Against:","Australian Dollar Trade-weighted Index"
"7299","FXRTWI","Trade-weighted Index May 1970 = 100","AUS","AUS",2001-08-16,50.1,"D","Index","Indicative","RBA","Daily","Historical Daily Exchange Rates Of The Australian Dollar Against:","Australian Dollar Trade-weighted Index"
"7300","FXRTWI","Trade-weighted Index May 1970 = 100","AUS","AUS",2001-08-17,49.7,"D","Index","Indicative","RBA","Daily","Historical Daily Exchange Rates Of The Australian Dollar Against:","Australian Dollar Trade-weighted Index"
"7301","FXRTWI","Trade-weighted Index May 1970 = 100","AUS","AUS",2001-08-20,50.7,"D","Index","Indicative","RBA","Daily","Historical Daily Exchange Rates Of The Australian Dollar Against:","Australian Dollar Trade-weighted Index"
"7302","FXRTWI","Trade-weighted Index May 1970 = 100","AUS","AUS",2001-08-21,50.7,"D","Index","Indicative","RBA","Daily","Historical Daily Exchange Rates Of The Australian Dollar Against:","Australian Dollar Trade-weighted Index"
"7303","FXRTWI","Trade-weighted Index May 1970 = 100","AUS","AUS",2001-08-22,50.8,"D","Index","Indicative","RBA","Daily","Historical Daily Exchange Rates Of The Australian Dollar Against:","Australian Dollar Trade-weighted Index"
"7304","FXRTWI","Trade-weighted Index May 1970 = 100","AUS","AUS",2001-08-23,50.7,"D","Index","Indicative","RBA","Daily","Historical Daily Exchange Rates Of The Australian Dollar Against:","Australian Dollar Trade-weighted Index"
"7305","FXRTWI","Trade-weighted Index May 1970 = 100","AUS","AUS",2001-08-24,50.6,"D","Index","Indicative","RBA","Daily","Historical Daily Exchange Rates Of The Australian Dollar Against:","Australian Dollar Trade-weighted Index"
"7306","FXRTWI","Trade-weighted Index May 1970 = 100","AUS","AUS",2001-08-27,50.3,"D","Index","Indicative","RBA","Daily","Historical Daily Exchange Rates Of The Australian Dollar Against:","Australian Dollar Trade-weighted Index"
"7307","FXRTWI","Trade-weighted Index May 1970 = 100","AUS","AUS",2001-08-28,50,"D","Index","Indicative","RBA","Daily","Historical Daily Exchange Rates Of The Australian Dollar Against:","Australian Dollar Trade-weighted Index"
"7308","FXRTWI","Trade-weighted Index May 1970 = 100","AUS","AUS",2001-08-29,50.3,"D","Index","Indicative","RBA","Daily","Historical Daily Exchange Rates Of The Australian Dollar Against:","Australian Dollar Trade-weighted Index"
"7309","FXRTWI","Trade-weighted Index May 1970 = 100","AUS","AUS",2001-08-30,50.3,"D","Index","Indicative","RBA","Daily","Historical Daily Exchange Rates Of The Australian Dollar Against:","Australian Dollar Trade-weighted Index"
"7310","DLCACS","Credit; Total; Seasonally adjusted","AUS","AUS",2001-08-31,778.2,"M","$ billion","Seasonally Adjusted","RBA","Monthly","D2 Lending And Credit Aggregates","Credit; Total; Seasonally adjusted – Includes securitisations – For series breaks see Series Breaks"
"7311","FIRMMCRT","Cash Rate Target","AUS","AUS",2001-08-31,5,"M","Per cent","Original","RBA","Monthly","F1.1 Interest Rates And Yields - Money Market","Cash Rate Target; monthly average"
"7312","FXRTWI","Trade-weighted Index May 1970 = 100","AUS","AUS",2001-08-31,50.4,"D","Index","Indicative","RBA","Daily","Historical Daily Exchange Rates Of The Australian Dollar Against:","Australian Dollar Trade-weighted Index"
"7313","FXRTWI","Trade-weighted Index May 1970 = 100","AUS","AUS",2001-08-31,50.4,"M","Index","Indicative","RBA","Monthly","F11 Exchange Rates","Australian Dollar Trade-weighted Index"
"7314","GRCPAISDR","Commodity prices – SDR","AUS","AUS",2001-08-31,28.8053691297447,"M","Index, 2023/24=100","Original","RBA","Monthly","I2 Commodity Prices","Index of commodity prices; All items; SDR"
"7315","A2302956R","South Australia ; STATE FINAL DEMAND ;","SA","SA",2001-09-01,20918,"Q","$ Millions","Seasonally Adjusted",NA,"Quarterly","Table 25. State Final Demand, Summary Components by State: Chain volume measures",NA
"7316","A2302984X","Western Australia ; STATE FINAL DEMAND ;","WA","WA",2001-09-01,30654,"Q","$ Millions","Seasonally Adjusted",NA,"Quarterly","Table 25. State Final Demand, Summary Components by State: Chain volume measures",NA
"7317","A2303012X","Tasmania ; STATE FINAL DEMAND ;","TAS","TAS",2001-09-01,6514,"Q","$ Millions","Seasonally Adjusted",NA,"Quarterly","Table 25. State Final Demand, Summary Components by State: Chain volume measures",NA
"7318","A2303040J","Northern Territory ; STATE FINAL DEMAND ;","NT","NT",2001-09-01,4720,"Q","$ Millions","Seasonally Adjusted",NA,"Quarterly","Table 25. State Final Demand, Summary Components by State: Chain volume measures",NA
"7319","A2303068K","Australian Capital Territory ; STATE FINAL DEMAND ;","ACT","ACT",2001-09-01,8600,"Q","$ Millions","Seasonally Adjusted",NA,"Quarterly","Table 25. State Final Demand, Summary Components by State: Chain volume measures",NA
"7320","A2303111F","New South Wales ; STATE FINAL DEMAND ;","NSW","NSW",2001-09-01,102816,"Q","$ Millions","Seasonally Adjusted",NA,"Quarterly","Table 25. State Final Demand, Summary Components by State: Chain volume measures",NA
"7321","A2303139J","Victoria ; STATE FINAL DEMAND ;","VIC","VIC",2001-09-01,74952,"Q","$ Millions","Seasonally Adjusted",NA,"Quarterly","Table 25. State Final Demand, Summary Components by State: Chain volume measures",NA
"7322","A2303187A","Queensland ; STATE FINAL DEMAND ;","QLD","QLD",2001-09-01,54924,"Q","$ Millions","Seasonally Adjusted",NA,"Quarterly","Table 25. State Final Demand, Summary Components by State: Chain volume measures",NA
"7323","A2304418T","Gross domestic product: Current prices ;","AUS","AUS",2001-09-01,184344,"Q","$ Millions","Seasonally Adjusted",NA,"Quarterly","Table 1. Key National Accounts Aggregates",NA
"7324","A2325846C","Index Numbers ; All groups CPI ; Australia ;","AUS","AUS",2001-09-01,74.7,"Q","Index Numbers","Original",NA,"Quarterly","TABLES 1 and 2. CPI: All Groups, Index Numbers and Percentage Changes",NA
"7325","A2718577A","Credits, Total goods ;","AUS","AUS",2001-09-01,10418,"M","$ Millions","Seasonally Adjusted",NA,"Monthly","TABLE 1. GOODS, Summary: Seasonally adjusted and trend estimates, Current prices",NA
"7326","A2718594C","Balance on goods ;","AUS","AUS",2001-09-01,432,"M","$ Millions","Seasonally Adjusted",NA,"Monthly","TABLE 1. GOODS, Summary: Seasonally adjusted and trend estimates, Current prices",NA
"7327","FXRTWI","Trade-weighted Index May 1970 = 100","AUS","AUS",2001-09-03,49.9,"D","Index","Indicative","RBA","Daily","Historical Daily Exchange Rates Of The Australian Dollar Against:","Australian Dollar Trade-weighted Index"
"7328","FXRTWI","Trade-weighted Index May 1970 = 100","AUS","AUS",2001-09-04,49.8,"D","Index","Indicative","RBA","Daily","Historical Daily Exchange Rates Of The Australian Dollar Against:","Australian Dollar Trade-weighted Index"
"7329","FXRTWI","Trade-weighted Index May 1970 = 100","AUS","AUS",2001-09-05,49.4,"D","Index","Indicative","RBA","Daily","Historical Daily Exchange Rates Of The Australian Dollar Against:","Australian Dollar Trade-weighted Index"
"7330","FXRTWI","Trade-weighted Index May 1970 = 100","AUS","AUS",2001-09-06,49.7,"D","Index","Indicative","RBA","Daily","Historical Daily Exchange Rates Of The Australian Dollar Against:","Australian Dollar Trade-weighted Index"
"7331","FXRTWI","Trade-weighted Index May 1970 = 100","AUS","AUS",2001-09-07,49.4,"D","Index","Indicative","RBA","Daily","Historical Daily Exchange Rates Of The Australian Dollar Against:","Australian Dollar Trade-weighted Index"
"7332","FXRTWI","Trade-weighted Index May 1970 = 100","AUS","AUS",2001-09-10,48.9,"D","Index","Indicative","RBA","Daily","Historical Daily Exchange Rates Of The Australian Dollar Against:","Australian Dollar Trade-weighted Index"
"7333","FXRTWI","Trade-weighted Index May 1970 = 100","AUS","AUS",2001-09-11,49.2,"D","Index","Indicative","RBA","Daily","Historical Daily Exchange Rates Of The Australian Dollar Against:","Australian Dollar Trade-weighted Index"
"7334","FXRTWI","Trade-weighted Index May 1970 = 100","AUS","AUS",2001-09-12,49.3,"D","Index","Indicative","RBA","Daily","Historical Daily Exchange Rates Of The Australian Dollar Against:","Australian Dollar Trade-weighted Index"
"7335","FXRTWI","Trade-weighted Index May 1970 = 100","AUS","AUS",2001-09-13,49.1,"D","Index","Indicative","RBA","Daily","Historical Daily Exchange Rates Of The Australian Dollar Against:","Australian Dollar Trade-weighted Index"
"7336","FXRTWI","Trade-weighted Index May 1970 = 100","AUS","AUS",2001-09-14,48.9,"D","Index","Indicative","RBA","Daily","Historical Daily Exchange Rates Of The Australian Dollar Against:","Australian Dollar Trade-weighted Index"
"7337","FXRTWI","Trade-weighted Index May 1970 = 100","AUS","AUS",2001-09-17,48.5,"D","Index","Indicative","RBA","Daily","Historical Daily Exchange Rates Of The Australian Dollar Against:","Australian Dollar Trade-weighted Index"
"7338","FXRTWI","Trade-weighted Index May 1970 = 100","AUS","AUS",2001-09-18,47,"D","Index","Indicative","RBA","Daily","Historical Daily Exchange Rates Of The Australian Dollar Against:","Australian Dollar Trade-weighted Index"
"7339","FXRTWI","Trade-weighted Index May 1970 = 100","AUS","AUS",2001-09-19,46.6,"D","Index","Indicative","RBA","Daily","Historical Daily Exchange Rates Of The Australian Dollar Against:","Australian Dollar Trade-weighted Index"
"7340","FXRTWI","Trade-weighted Index May 1970 = 100","AUS","AUS",2001-09-20,46.8,"D","Index","Indicative","RBA","Daily","Historical Daily Exchange Rates Of The Australian Dollar Against:","Australian Dollar Trade-weighted Index"
"7341","FXRTWI","Trade-weighted Index May 1970 = 100","AUS","AUS",2001-09-21,46.6,"D","Index","Indicative","RBA","Daily","Historical Daily Exchange Rates Of The Australian Dollar Against:","Australian Dollar Trade-weighted Index"
"7342","FXRTWI","Trade-weighted Index May 1970 = 100","AUS","AUS",2001-09-24,46.4,"D","Index","Indicative","RBA","Daily","Historical Daily Exchange Rates Of The Australian Dollar Against:","Australian Dollar Trade-weighted Index"
"7343","FXRTWI","Trade-weighted Index May 1970 = 100","AUS","AUS",2001-09-25,46.9,"D","Index","Indicative","RBA","Daily","Historical Daily Exchange Rates Of The Australian Dollar Against:","Australian Dollar Trade-weighted Index"
"7344","FXRTWI","Trade-weighted Index May 1970 = 100","AUS","AUS",2001-09-26,46.9,"D","Index","Indicative","RBA","Daily","Historical Daily Exchange Rates Of The Australian Dollar Against:","Australian Dollar Trade-weighted Index"
"7345","FXRTWI","Trade-weighted Index May 1970 = 100","AUS","AUS",2001-09-27,46.4,"D","Index","Indicative","RBA","Daily","Historical Daily Exchange Rates Of The Australian Dollar Against:","Australian Dollar Trade-weighted Index"
"7346","FXRTWI","Trade-weighted Index May 1970 = 100","AUS","AUS",2001-09-28,47,"D","Index","Indicative","RBA","Daily","Historical Daily Exchange Rates Of The Australian Dollar Against:","Australian Dollar Trade-weighted Index"
"7347","DLCACS","Credit; Total; Seasonally adjusted","AUS","AUS",2001-09-30,786.473,"M","$ billion","Seasonally Adjusted","RBA","Monthly","D2 Lending And Credit Aggregates","Credit; Total; Seasonally adjusted – Includes securitisations – For series breaks see Series Breaks"
"7348","FIRMMCRT","Cash Rate Target","AUS","AUS",2001-09-30,4.775,"M","Per cent","Original","RBA","Monthly","F1.1 Interest Rates And Yields - Money Market","Cash Rate Target; monthly average"
"7349","FXRTWI","Trade-weighted Index May 1970 = 100","AUS","AUS",2001-09-30,47,"M","Index","Indicative","RBA","Monthly","F11 Exchange Rates","Australian Dollar Trade-weighted Index"
"7350","GCPIOCPMTMQP","Quarterly trimmed mean inflation","AUS","AUS",2001-09-30,0.7,"Q","Per cent","Seasonally Adjusted","ABS","Quarterly","G1 Consumer Price Inflation","Consumer price index; Trimmed mean; Quarterly change (in per cent)"
"7351","GRCPAISDR","Commodity prices – SDR","AUS","AUS",2001-09-30,28.6504851902202,"M","Index, 2023/24=100","Original","RBA","Monthly","I2 Commodity Prices","Index of commodity prices; All items; SDR"
"7352","A2718577A","Credits, Total goods ;","AUS","AUS",2001-10-01,10301,"M","$ Millions","Seasonally Adjusted",NA,"Monthly","TABLE 1. GOODS, Summary: Seasonally adjusted and trend estimates, Current prices",NA
"7353","A2718594C","Balance on goods ;","AUS","AUS",2001-10-01,-215,"M","$ Millions","Seasonally Adjusted",NA,"Monthly","TABLE 1. GOODS, Summary: Seasonally adjusted and trend estimates, Current prices",NA
"7354","FXRTWI","Trade-weighted Index May 1970 = 100","AUS","AUS",2001-10-02,47.4,"D","Index","Indicative","RBA","Daily","Historical Daily Exchange Rates Of The Australian Dollar Against:","Australian Dollar Trade-weighted Index"
"7355","FXRTWI","Trade-weighted Index May 1970 = 100","AUS","AUS",2001-10-03,47.7,"D","Index","Indicative","RBA","Daily","Historical Daily Exchange Rates Of The Australian Dollar Against:","Australian Dollar Trade-weighted Index"
"7356","FXRTWI","Trade-weighted Index May 1970 = 100","AUS","AUS",2001-10-04,47.8,"D","Index","Indicative","RBA","Daily","Historical Daily Exchange Rates Of The Australian Dollar Against:","Australian Dollar Trade-weighted Index"
"7357","FXRTWI","Trade-weighted Index May 1970 = 100","AUS","AUS",2001-10-05,48,"D","Index","Indicative","RBA","Daily","Historical Daily Exchange Rates Of The Australian Dollar Against:","Australian Dollar Trade-weighted Index"
"7358","FXRTWI","Trade-weighted Index May 1970 = 100","AUS","AUS",2001-10-08,48.4,"D","Index","Indicative","RBA","Daily","Historical Daily Exchange Rates Of The Australian Dollar Against:","Australian Dollar Trade-weighted Index"
"7359","FXRTWI","Trade-weighted Index May 1970 = 100","AUS","AUS",2001-10-09,48.5,"D","Index","Indicative","RBA","Daily","Historical Daily Exchange Rates Of The Australian Dollar Against:","Australian Dollar Trade-weighted Index"
"7360","FXRTWI","Trade-weighted Index May 1970 = 100","AUS","AUS",2001-10-10,48.1,"D","Index","Indicative","RBA","Daily","Historical Daily Exchange Rates Of The Australian Dollar Against:","Australian Dollar Trade-weighted Index"
"7361","FXRTWI","Trade-weighted Index May 1970 = 100","AUS","AUS",2001-10-11,47.8,"D","Index","Indicative","RBA","Daily","Historical Daily Exchange Rates Of The Australian Dollar Against:","Australian Dollar Trade-weighted Index"
"7362","FXRTWI","Trade-weighted Index May 1970 = 100","AUS","AUS",2001-10-12,48.2,"D","Index","Indicative","RBA","Daily","Historical Daily Exchange Rates Of The Australian Dollar Against:","Australian Dollar Trade-weighted Index"
"7363","FXRTWI","Trade-weighted Index May 1970 = 100","AUS","AUS",2001-10-15,49.5,"D","Index","Indicative","RBA","Daily","Historical Daily Exchange Rates Of The Australian Dollar Against:","Australian Dollar Trade-weighted Index"
"7364","FXRTWI","Trade-weighted Index May 1970 = 100","AUS","AUS",2001-10-16,49.2,"D","Index","Indicative","RBA","Daily","Historical Daily Exchange Rates Of The Australian Dollar Against:","Australian Dollar Trade-weighted Index"
"7365","FXRTWI","Trade-weighted Index May 1970 = 100","AUS","AUS",2001-10-17,49.5,"D","Index","Indicative","RBA","Daily","Historical Daily Exchange Rates Of The Australian Dollar Against:","Australian Dollar Trade-weighted Index"
"7366","FXRTWI","Trade-weighted Index May 1970 = 100","AUS","AUS",2001-10-18,48.9,"D","Index","Indicative","RBA","Daily","Historical Daily Exchange Rates Of The Australian Dollar Against:","Australian Dollar Trade-weighted Index"
"7367","FXRTWI","Trade-weighted Index May 1970 = 100","AUS","AUS",2001-10-19,48.7,"D","Index","Indicative","RBA","Daily","Historical Daily Exchange Rates Of The Australian Dollar Against:","Australian Dollar Trade-weighted Index"
"7368","FXRTWI","Trade-weighted Index May 1970 = 100","AUS","AUS",2001-10-22,49.1,"D","Index","Indicative","RBA","Daily","Historical Daily Exchange Rates Of The Australian Dollar Against:","Australian Dollar Trade-weighted Index"
"7369","FXRTWI","Trade-weighted Index May 1970 = 100","AUS","AUS",2001-10-23,49.3,"D","Index","Indicative","RBA","Daily","Historical Daily Exchange Rates Of The Australian Dollar Against:","Australian Dollar Trade-weighted Index"
"7370","FXRTWI","Trade-weighted Index May 1970 = 100","AUS","AUS",2001-10-24,49,"D","Index","Indicative","RBA","Daily","Historical Daily Exchange Rates Of The Australian Dollar Against:","Australian Dollar Trade-weighted Index"
"7371","FXRTWI","Trade-weighted Index May 1970 = 100","AUS","AUS",2001-10-25,49.2,"D","Index","Indicative","RBA","Daily","Historical Daily Exchange Rates Of The Australian Dollar Against:","Australian Dollar Trade-weighted Index"
"7372","FXRTWI","Trade-weighted Index May 1970 = 100","AUS","AUS",2001-10-26,48.7,"D","Index","Indicative","RBA","Daily","Historical Daily Exchange Rates Of The Australian Dollar Against:","Australian Dollar Trade-weighted Index"
"7373","FXRTWI","Trade-weighted Index May 1970 = 100","AUS","AUS",2001-10-29,48.5,"D","Index","Indicative","RBA","Daily","Historical Daily Exchange Rates Of The Australian Dollar Against:","Australian Dollar Trade-weighted Index"
"7374","FXRTWI","Trade-weighted Index May 1970 = 100","AUS","AUS",2001-10-30,48.8,"D","Index","Indicative","RBA","Daily","Historical Daily Exchange Rates Of The Australian Dollar Against:","Australian Dollar Trade-weighted Index"
"7375","DLCACS","Credit; Total; Seasonally adjusted","AUS","AUS",2001-10-31,792.021,"M","$ billion","Seasonally Adjusted","RBA","Monthly","D2 Lending And Credit Aggregates","Credit; Total; Seasonally adjusted – Includes securitisations – For series breaks see Series Breaks"
"7376","FIRMMCRT","Cash Rate Target","AUS","AUS",2001-10-31,4.52173913043478,"M","Per cent","Original","RBA","Monthly","F1.1 Interest Rates And Yields - Money Market","Cash Rate Target; monthly average"
"7377","FXRTWI","Trade-weighted Index May 1970 = 100","AUS","AUS",2001-10-31,48.7,"D","Index","Indicative","RBA","Daily","Historical Daily Exchange Rates Of The Australian Dollar Against:","Australian Dollar Trade-weighted Index"
"7378","FXRTWI","Trade-weighted Index May 1970 = 100","AUS","AUS",2001-10-31,48.7,"M","Index","Indicative","RBA","Monthly","F11 Exchange Rates","Australian Dollar Trade-weighted Index"
"7379","GRCPAISDR","Commodity prices – SDR","AUS","AUS",2001-10-31,27.5315519381197,"M","Index, 2023/24=100","Original","RBA","Monthly","I2 Commodity Prices","Index of commodity prices; All items; SDR"
"7380","A2718577A","Credits, Total goods ;","AUS","AUS",2001-11-01,9947,"M","$ Millions","Seasonally Adjusted",NA,"Monthly","TABLE 1. GOODS, Summary: Seasonally adjusted and trend estimates, Current prices",NA
"7381","A2718594C","Balance on goods ;","AUS","AUS",2001-11-01,-72,"M","$ Millions","Seasonally Adjusted",NA,"Monthly","TABLE 1. GOODS, Summary: Seasonally adjusted and trend estimates, Current prices",NA
"7382","FXRTWI","Trade-weighted Index May 1970 = 100","AUS","AUS",2001-11-01,48.8,"D","Index","Indicative","RBA","Daily","Historical Daily Exchange Rates Of The Australian Dollar Against:","Australian Dollar Trade-weighted Index"
"7383","FXRTWI","Trade-weighted Index May 1970 = 100","AUS","AUS",2001-11-02,49.1,"D","Index","Indicative","RBA","Daily","Historical Daily Exchange Rates Of The Australian Dollar Against:","Australian Dollar Trade-weighted Index"
"7384","FXRTWI","Trade-weighted Index May 1970 = 100","AUS","AUS",2001-11-05,49.1,"D","Index","Indicative","RBA","Daily","Historical Daily Exchange Rates Of The Australian Dollar Against:","Australian Dollar Trade-weighted Index"
"7385","FXRTWI","Trade-weighted Index May 1970 = 100","AUS","AUS",2001-11-06,49.3,"D","Index","Indicative","RBA","Daily","Historical Daily Exchange Rates Of The Australian Dollar Against:","Australian Dollar Trade-weighted Index"
"7386","FXRTWI","Trade-weighted Index May 1970 = 100","AUS","AUS",2001-11-07,49.5,"D","Index","Indicative","RBA","Daily","Historical Daily Exchange Rates Of The Australian Dollar Against:","Australian Dollar Trade-weighted Index"
"7387","FXRTWI","Trade-weighted Index May 1970 = 100","AUS","AUS",2001-11-08,49.7,"D","Index","Indicative","RBA","Daily","Historical Daily Exchange Rates Of The Australian Dollar Against:","Australian Dollar Trade-weighted Index"
"7388","FXRTWI","Trade-weighted Index May 1970 = 100","AUS","AUS",2001-11-09,49.4,"D","Index","Indicative","RBA","Daily","Historical Daily Exchange Rates Of The Australian Dollar Against:","Australian Dollar Trade-weighted Index"
"7389","FXRTWI","Trade-weighted Index May 1970 = 100","AUS","AUS",2001-11-12,49.9,"D","Index","Indicative","RBA","Daily","Historical Daily Exchange Rates Of The Australian Dollar Against:","Australian Dollar Trade-weighted Index"
"7390","FXRTWI","Trade-weighted Index May 1970 = 100","AUS","AUS",2001-11-13,50.1,"D","Index","Indicative","RBA","Daily","Historical Daily Exchange Rates Of The Australian Dollar Against:","Australian Dollar Trade-weighted Index"
"7391","FXRTWI","Trade-weighted Index May 1970 = 100","AUS","AUS",2001-11-14,50.4,"D","Index","Indicative","RBA","Daily","Historical Daily Exchange Rates Of The Australian Dollar Against:","Australian Dollar Trade-weighted Index"
"7392","FXRTWI","Trade-weighted Index May 1970 = 100","AUS","AUS",2001-11-15,50.1,"D","Index","Indicative","RBA","Daily","Historical Daily Exchange Rates Of The Australian Dollar Against:","Australian Dollar Trade-weighted Index"
"7393","FXRTWI","Trade-weighted Index May 1970 = 100","AUS","AUS",2001-11-16,50.3,"D","Index","Indicative","RBA","Daily","Historical Daily Exchange Rates Of The Australian Dollar Against:","Australian Dollar Trade-weighted Index"
"7394","FXRTWI","Trade-weighted Index May 1970 = 100","AUS","AUS",2001-11-19,50.6,"D","Index","Indicative","RBA","Daily","Historical Daily Exchange Rates Of The Australian Dollar Against:","Australian Dollar Trade-weighted Index"
"7395","FXRTWI","Trade-weighted Index May 1970 = 100","AUS","AUS",2001-11-20,50.5,"D","Index","Indicative","RBA","Daily","Historical Daily Exchange Rates Of The Australian Dollar Against:","Australian Dollar Trade-weighted Index"
"7396","FXRTWI","Trade-weighted Index May 1970 = 100","AUS","AUS",2001-11-21,50.2,"D","Index","Indicative","RBA","Daily","Historical Daily Exchange Rates Of The Australian Dollar Against:","Australian Dollar Trade-weighted Index"
"7397","FXRTWI","Trade-weighted Index May 1970 = 100","AUS","AUS",2001-11-22,50.2,"D","Index","Indicative","RBA","Daily","Historical Daily Exchange Rates Of The Australian Dollar Against:","Australian Dollar Trade-weighted Index"
"7398","FXRTWI","Trade-weighted Index May 1970 = 100","AUS","AUS",2001-11-23,50.4,"D","Index","Indicative","RBA","Daily","Historical Daily Exchange Rates Of The Australian Dollar Against:","Australian Dollar Trade-weighted Index"
"7399","FXRTWI","Trade-weighted Index May 1970 = 100","AUS","AUS",2001-11-26,50.3,"D","Index","Indicative","RBA","Daily","Historical Daily Exchange Rates Of The Australian Dollar Against:","Australian Dollar Trade-weighted Index"
"7400","FXRTWI","Trade-weighted Index May 1970 = 100","AUS","AUS",2001-11-27,50.5,"D","Index","Indicative","RBA","Daily","Historical Daily Exchange Rates Of The Australian Dollar Against:","Australian Dollar Trade-weighted Index"
"7401","FXRTWI","Trade-weighted Index May 1970 = 100","AUS","AUS",2001-11-28,50.7,"D","Index","Indicative","RBA","Daily","Historical Daily Exchange Rates Of The Australian Dollar Against:","Australian Dollar Trade-weighted Index"
"7402","FXRTWI","Trade-weighted Index May 1970 = 100","AUS","AUS",2001-11-29,50.5,"D","Index","Indicative","RBA","Daily","Historical Daily Exchange Rates Of The Australian Dollar Against:","Australian Dollar Trade-weighted Index"
"7403","DLCACS","Credit; Total; Seasonally adjusted","AUS","AUS",2001-11-30,803.131,"M","$ billion","Seasonally Adjusted","RBA","Monthly","D2 Lending And Credit Aggregates","Credit; Total; Seasonally adjusted – Includes securitisations – For series breaks see Series Breaks"
"7404","FIRMMCRT","Cash Rate Target","AUS","AUS",2001-11-30,4.5,"M","Per cent","Original","RBA","Monthly","F1.1 Interest Rates And Yields - Money Market","Cash Rate Target; monthly average"
"7405","FXRTWI","Trade-weighted Index May 1970 = 100","AUS","AUS",2001-11-30,50.4,"D","Index","Indicative","RBA","Daily","Historical Daily Exchange Rates Of The Australian Dollar Against:","Australian Dollar Trade-weighted Index"
"7406","FXRTWI","Trade-weighted Index May 1970 = 100","AUS","AUS",2001-11-30,50.4,"M","Index","Indicative","RBA","Monthly","F11 Exchange Rates","Australian Dollar Trade-weighted Index"
"7407","GRCPAISDR","Commodity prices – SDR","AUS","AUS",2001-11-30,27.8525193872359,"M","Index, 2023/24=100","Original","RBA","Monthly","I2 Commodity Prices","Index of commodity prices; All items; SDR"
"7408","A2302956R","South Australia ; STATE FINAL DEMAND ;","SA","SA",2001-12-01,21378,"Q","$ Millions","Seasonally Adjusted",NA,"Quarterly","Table 25. State Final Demand, Summary Components by State: Chain volume measures",NA
"7409","A2302984X","Western Australia ; STATE FINAL DEMAND ;","WA","WA",2001-12-01,31130,"Q","$ Millions","Seasonally Adjusted",NA,"Quarterly","Table 25. State Final Demand, Summary Components by State: Chain volume measures",NA
"7410","A2303012X","Tasmania ; STATE FINAL DEMAND ;","TAS","TAS",2001-12-01,6448,"Q","$ Millions","Seasonally Adjusted",NA,"Quarterly","Table 25. State Final Demand, Summary Components by State: Chain volume measures",NA
"7411","A2303040J","Northern Territory ; STATE FINAL DEMAND ;","NT","NT",2001-12-01,4870,"Q","$ Millions","Seasonally Adjusted",NA,"Quarterly","Table 25. State Final Demand, Summary Components by State: Chain volume measures",NA
"7412","A2303068K","Australian Capital Territory ; STATE FINAL DEMAND ;","ACT","ACT",2001-12-01,8790,"Q","$ Millions","Seasonally Adjusted",NA,"Quarterly","Table 25. State Final Demand, Summary Components by State: Chain volume measures",NA
"7413","A2303111F","New South Wales ; STATE FINAL DEMAND ;","NSW","NSW",2001-12-01,104364,"Q","$ Millions","Seasonally Adjusted",NA,"Quarterly","Table 25. State Final Demand, Summary Components by State: Chain volume measures",NA
"7414","A2303139J","Victoria ; STATE FINAL DEMAND ;","VIC","VIC",2001-12-01,76331,"Q","$ Millions","Seasonally Adjusted",NA,"Quarterly","Table 25. State Final Demand, Summary Components by State: Chain volume measures",NA
"7415","A2303187A","Queensland ; STATE FINAL DEMAND ;","QLD","QLD",2001-12-01,55009,"Q","$ Millions","Seasonally Adjusted",NA,"Quarterly","Table 25. State Final Demand, Summary Components by State: Chain volume measures",NA
"7416","A2304418T","Gross domestic product: Current prices ;","AUS","AUS",2001-12-01,186831,"Q","$ Millions","Seasonally Adjusted",NA,"Quarterly","Table 1. Key National Accounts Aggregates",NA
"7417","A2325846C","Index Numbers ; All groups CPI ; Australia ;","AUS","AUS",2001-12-01,75.4,"Q","Index Numbers","Original",NA,"Quarterly","TABLES 1 and 2. CPI: All Groups, Index Numbers and Percentage Changes",NA
"7418","A2718577A","Credits, Total goods ;","AUS","AUS",2001-12-01,9763,"M","$ Millions","Seasonally Adjusted",NA,"Monthly","TABLE 1. GOODS, Summary: Seasonally adjusted and trend estimates, Current prices",NA
"7419","A2718594C","Balance on goods ;","AUS","AUS",2001-12-01,-65,"M","$ Millions","Seasonally Adjusted",NA,"Monthly","TABLE 1. GOODS, Summary: Seasonally adjusted and trend estimates, Current prices",NA
"7420","FXRTWI","Trade-weighted Index May 1970 = 100","AUS","AUS",2001-12-03,50.5,"D","Index","Indicative","RBA","Daily","Historical Daily Exchange Rates Of The Australian Dollar Against:","Australian Dollar Trade-weighted Index"
"7421","FXRTWI","Trade-weighted Index May 1970 = 100","AUS","AUS",2001-12-04,50.1,"D","Index","Indicative","RBA","Daily","Historical Daily Exchange Rates Of The Australian Dollar Against:","Australian Dollar Trade-weighted Index"
"7422","FXRTWI","Trade-weighted Index May 1970 = 100","AUS","AUS",2001-12-05,50,"D","Index","Indicative","RBA","Daily","Historical Daily Exchange Rates Of The Australian Dollar Against:","Australian Dollar Trade-weighted Index"
"7423","FXRTWI","Trade-weighted Index May 1970 = 100","AUS","AUS",2001-12-06,50.2,"D","Index","Indicative","RBA","Daily","Historical Daily Exchange Rates Of The Australian Dollar Against:","Australian Dollar Trade-weighted Index"
"7424","FXRTWI","Trade-weighted Index May 1970 = 100","AUS","AUS",2001-12-07,50.4,"D","Index","Indicative","RBA","Daily","Historical Daily Exchange Rates Of The Australian Dollar Against:","Australian Dollar Trade-weighted Index"
"7425","FXRTWI","Trade-weighted Index May 1970 = 100","AUS","AUS",2001-12-10,50.1,"D","Index","Indicative","RBA","Daily","Historical Daily Exchange Rates Of The Australian Dollar Against:","Australian Dollar Trade-weighted Index"
"7426","FXRTWI","Trade-weighted Index May 1970 = 100","AUS","AUS",2001-12-11,50,"D","Index","Indicative","RBA","Daily","Historical Daily Exchange Rates Of The Australian Dollar Against:","Australian Dollar Trade-weighted Index"
"7427","FXRTWI","Trade-weighted Index May 1970 = 100","AUS","AUS",2001-12-12,50.3,"D","Index","Indicative","RBA","Daily","Historical Daily Exchange Rates Of The Australian Dollar Against:","Australian Dollar Trade-weighted Index"
"7428","FXRTWI","Trade-weighted Index May 1970 = 100","AUS","AUS",2001-12-13,50.4,"D","Index","Indicative","RBA","Daily","Historical Daily Exchange Rates Of The Australian Dollar Against:","Australian Dollar Trade-weighted Index"
"7429","FXRTWI","Trade-weighted Index May 1970 = 100","AUS","AUS",2001-12-14,50.4,"D","Index","Indicative","RBA","Daily","Historical Daily Exchange Rates Of The Australian Dollar Against:","Australian Dollar Trade-weighted Index"
"7430","FXRTWI","Trade-weighted Index May 1970 = 100","AUS","AUS",2001-12-17,50.4,"D","Index","Indicative","RBA","Daily","Historical Daily Exchange Rates Of The Australian Dollar Against:","Australian Dollar Trade-weighted Index"
"7431","FXRTWI","Trade-weighted Index May 1970 = 100","AUS","AUS",2001-12-18,50.4,"D","Index","Indicative","RBA","Daily","Historical Daily Exchange Rates Of The Australian Dollar Against:","Australian Dollar Trade-weighted Index"
"7432","FXRTWI","Trade-weighted Index May 1970 = 100","AUS","AUS",2001-12-19,50.1,"D","Index","Indicative","RBA","Daily","Historical Daily Exchange Rates Of The Australian Dollar Against:","Australian Dollar Trade-weighted Index"
"7433","FXRTWI","Trade-weighted Index May 1970 = 100","AUS","AUS",2001-12-20,49.8,"D","Index","Indicative","RBA","Daily","Historical Daily Exchange Rates Of The Australian Dollar Against:","Australian Dollar Trade-weighted Index"
"7434","FXRTWI","Trade-weighted Index May 1970 = 100","AUS","AUS",2001-12-21,49.6,"D","Index","Indicative","RBA","Daily","Historical Daily Exchange Rates Of The Australian Dollar Against:","Australian Dollar Trade-weighted Index"
"7435","FXRTWI","Trade-weighted Index May 1970 = 100","AUS","AUS",2001-12-24,49.9,"D","Index","Indicative","RBA","Daily","Historical Daily Exchange Rates Of The Australian Dollar Against:","Australian Dollar Trade-weighted Index"
"7436","FXRTWI","Trade-weighted Index May 1970 = 100","AUS","AUS",2001-12-27,50,"D","Index","Indicative","RBA","Daily","Historical Daily Exchange Rates Of The Australian Dollar Against:","Australian Dollar Trade-weighted Index"
"7437","FXRTWI","Trade-weighted Index May 1970 = 100","AUS","AUS",2001-12-28,50,"D","Index","Indicative","RBA","Daily","Historical Daily Exchange Rates Of The Australian Dollar Against:","Australian Dollar Trade-weighted Index"
"7438","DLCACS","Credit; Total; Seasonally adjusted","AUS","AUS",2001-12-31,807.856,"M","$ billion","Seasonally Adjusted","RBA","Monthly","D2 Lending And Credit Aggregates","Credit; Total; Seasonally adjusted – Includes securitisations – For series breaks see Series Breaks"
"7439","FIRMMCRT","Cash Rate Target","AUS","AUS",2001-12-31,4.27631578947368,"M","Per cent","Original","RBA","Monthly","F1.1 Interest Rates And Yields - Money Market","Cash Rate Target; monthly average"
"7440","FXRTWI","Trade-weighted Index May 1970 = 100","AUS","AUS",2001-12-31,50.2,"D","Index","Indicative","RBA","Daily","Historical Daily Exchange Rates Of The Australian Dollar Against:","Australian Dollar Trade-weighted Index"
"7441","FXRTWI","Trade-weighted Index May 1970 = 100","AUS","AUS",2001-12-31,50.2,"M","Index","Indicative","RBA","Monthly","F11 Exchange Rates","Australian Dollar Trade-weighted Index"
"7442","GCPIOCPMTMQP","Quarterly trimmed mean inflation","AUS","AUS",2001-12-31,0.9,"Q","Per cent","Seasonally Adjusted","ABS","Quarterly","G1 Consumer Price Inflation","Consumer price index; Trimmed mean; Quarterly change (in per cent)"
"7443","GRCPAISDR","Commodity prices – SDR","AUS","AUS",2001-12-31,27.9190111353085,"M","Index, 2023/24=100","Original","RBA","Monthly","I2 Commodity Prices","Index of commodity prices; All items; SDR"
"7444","A2718577A","Credits, Total goods ;","AUS","AUS",2002-01-01,10097,"M","$ Millions","Seasonally Adjusted",NA,"Monthly","TABLE 1. GOODS, Summary: Seasonally adjusted and trend estimates, Current prices",NA
"7445","A2718594C","Balance on goods ;","AUS","AUS",2002-01-01,-258,"M","$ Millions","Seasonally Adjusted",NA,"Monthly","TABLE 1. GOODS, Summary: Seasonally adjusted and trend estimates, Current prices",NA
"7446","FXRTWI","Trade-weighted Index May 1970 = 100","AUS","AUS",2002-01-02,50.3,"D","Index","Indicative","RBA","Daily","Historical Daily Exchange Rates Of The Australian Dollar Against:","Australian Dollar Trade-weighted Index"
"7447","FXRTWI","Trade-weighted Index May 1970 = 100","AUS","AUS",2002-01-03,50.7,"D","Index","Indicative","RBA","Daily","Historical Daily Exchange Rates Of The Australian Dollar Against:","Australian Dollar Trade-weighted Index"
"7448","FXRTWI","Trade-weighted Index May 1970 = 100","AUS","AUS",2002-01-04,50.6,"D","Index","Indicative","RBA","Daily","Historical Daily Exchange Rates Of The Australian Dollar Against:","Australian Dollar Trade-weighted Index"
"7449","FXRTWI","Trade-weighted Index May 1970 = 100","AUS","AUS",2002-01-07,50.8,"D","Index","Indicative","RBA","Daily","Historical Daily Exchange Rates Of The Australian Dollar Against:","Australian Dollar Trade-weighted Index"
"7450","FXRTWI","Trade-weighted Index May 1970 = 100","AUS","AUS",2002-01-08,50.9,"D","Index","Indicative","RBA","Daily","Historical Daily Exchange Rates Of The Australian Dollar Against:","Australian Dollar Trade-weighted Index"
"7451","FXRTWI","Trade-weighted Index May 1970 = 100","AUS","AUS",2002-01-09,51.4,"D","Index","Indicative","RBA","Daily","Historical Daily Exchange Rates Of The Australian Dollar Against:","Australian Dollar Trade-weighted Index"
"7452","FXRTWI","Trade-weighted Index May 1970 = 100","AUS","AUS",2002-01-10,51.5,"D","Index","Indicative","RBA","Daily","Historical Daily Exchange Rates Of The Australian Dollar Against:","Australian Dollar Trade-weighted Index"
"7453","FXRTWI","Trade-weighted Index May 1970 = 100","AUS","AUS",2002-01-11,51.2,"D","Index","Indicative","RBA","Daily","Historical Daily Exchange Rates Of The Australian Dollar Against:","Australian Dollar Trade-weighted Index"
"7454","FXRTWI","Trade-weighted Index May 1970 = 100","AUS","AUS",2002-01-14,50.8,"D","Index","Indicative","RBA","Daily","Historical Daily Exchange Rates Of The Australian Dollar Against:","Australian Dollar Trade-weighted Index"
"7455","FXRTWI","Trade-weighted Index May 1970 = 100","AUS","AUS",2002-01-15,50.8,"D","Index","Indicative","RBA","Daily","Historical Daily Exchange Rates Of The Australian Dollar Against:","Australian Dollar Trade-weighted Index"
"7456","FXRTWI","Trade-weighted Index May 1970 = 100","AUS","AUS",2002-01-16,50.7,"D","Index","Indicative","RBA","Daily","Historical Daily Exchange Rates Of The Australian Dollar Against:","Australian Dollar Trade-weighted Index"
"7457","FXRTWI","Trade-weighted Index May 1970 = 100","AUS","AUS",2002-01-17,50.4,"D","Index","Indicative","RBA","Daily","Historical Daily Exchange Rates Of The Australian Dollar Against:","Australian Dollar Trade-weighted Index"
"7458","FXRTWI","Trade-weighted Index May 1970 = 100","AUS","AUS",2002-01-18,50.8,"D","Index","Indicative","RBA","Daily","Historical Daily Exchange Rates Of The Australian Dollar Against:","Australian Dollar Trade-weighted Index"
"7459","FXRTWI","Trade-weighted Index May 1970 = 100","AUS","AUS",2002-01-21,50.7,"D","Index","Indicative","RBA","Daily","Historical Daily Exchange Rates Of The Australian Dollar Against:","Australian Dollar Trade-weighted Index"
"7460","FXRTWI","Trade-weighted Index May 1970 = 100","AUS","AUS",2002-01-22,51.2,"D","Index","Indicative","RBA","Daily","Historical Daily Exchange Rates Of The Australian Dollar Against:","Australian Dollar Trade-weighted Index"
"7461","FXRTWI","Trade-weighted Index May 1970 = 100","AUS","AUS",2002-01-23,51.4,"D","Index","Indicative","RBA","Daily","Historical Daily Exchange Rates Of The Australian Dollar Against:","Australian Dollar Trade-weighted Index"
"7462","FXRTWI","Trade-weighted Index May 1970 = 100","AUS","AUS",2002-01-24,51.2,"D","Index","Indicative","RBA","Daily","Historical Daily Exchange Rates Of The Australian Dollar Against:","Australian Dollar Trade-weighted Index"
"7463","FXRTWI","Trade-weighted Index May 1970 = 100","AUS","AUS",2002-01-25,51.3,"D","Index","Indicative","RBA","Daily","Historical Daily Exchange Rates Of The Australian Dollar Against:","Australian Dollar Trade-weighted Index"
"7464","FXRTWI","Trade-weighted Index May 1970 = 100","AUS","AUS",2002-01-29,50.8,"D","Index","Indicative","RBA","Daily","Historical Daily Exchange Rates Of The Australian Dollar Against:","Australian Dollar Trade-weighted Index"
"7465","FXRTWI","Trade-weighted Index May 1970 = 100","AUS","AUS",2002-01-30,50.3,"D","Index","Indicative","RBA","Daily","Historical Daily Exchange Rates Of The Australian Dollar Against:","Australian Dollar Trade-weighted Index"
"7466","DLCACS","Credit; Total; Seasonally adjusted","AUS","AUS",2002-01-31,813.821,"M","$ billion","Seasonally Adjusted","RBA","Monthly","D2 Lending And Credit Aggregates","Credit; Total; Seasonally adjusted – Includes securitisations – For series breaks see Series Breaks"
"7467","FIRMMCRT","Cash Rate Target","AUS","AUS",2002-01-31,4.25,"M","Per cent","Original","RBA","Monthly","F1.1 Interest Rates And Yields - Money Market","Cash Rate Target; monthly average"
"7468","FXRTWI","Trade-weighted Index May 1970 = 100","AUS","AUS",2002-01-31,50.2,"D","Index","Indicative","RBA","Daily","Historical Daily Exchange Rates Of The Australian Dollar Against:","Australian Dollar Trade-weighted Index"
"7469","FXRTWI","Trade-weighted Index May 1970 = 100","AUS","AUS",2002-01-31,50.2,"M","Index","Indicative","RBA","Monthly","F11 Exchange Rates","Australian Dollar Trade-weighted Index"
"7470","GRCPAISDR","Commodity prices – SDR","AUS","AUS",2002-01-31,28.4176637570863,"M","Index, 2023/24=100","Original","RBA","Monthly","I2 Commodity Prices","Index of commodity prices; All items; SDR"
"7471","A2718577A","Credits, Total goods ;","AUS","AUS",2002-02-01,10105,"M","$ Millions","Seasonally Adjusted",NA,"Monthly","TABLE 1. GOODS, Summary: Seasonally adjusted and trend estimates, Current prices",NA
"7472","A2718594C","Balance on goods ;","AUS","AUS",2002-02-01,-437,"M","$ Millions","Seasonally Adjusted",NA,"Monthly","TABLE 1. GOODS, Summary: Seasonally adjusted and trend estimates, Current prices",NA
"7473","FXRTWI","Trade-weighted Index May 1970 = 100","AUS","AUS",2002-02-01,50.3,"D","Index","Indicative","RBA","Daily","Historical Daily Exchange Rates Of The Australian Dollar Against:","Australian Dollar Trade-weighted Index"
"7474","FXRTWI","Trade-weighted Index May 1970 = 100","AUS","AUS",2002-02-04,50.4,"D","Index","Indicative","RBA","Daily","Historical Daily Exchange Rates Of The Australian Dollar Against:","Australian Dollar Trade-weighted Index"
"7475","FXRTWI","Trade-weighted Index May 1970 = 100","AUS","AUS",2002-02-05,50.5,"D","Index","Indicative","RBA","Daily","Historical Daily Exchange Rates Of The Australian Dollar Against:","Australian Dollar Trade-weighted Index"
"7476","FXRTWI","Trade-weighted Index May 1970 = 100","AUS","AUS",2002-02-06,50.4,"D","Index","Indicative","RBA","Daily","Historical Daily Exchange Rates Of The Australian Dollar Against:","Australian Dollar Trade-weighted Index"
"7477","FXRTWI","Trade-weighted Index May 1970 = 100","AUS","AUS",2002-02-07,50.4,"D","Index","Indicative","RBA","Daily","Historical Daily Exchange Rates Of The Australian Dollar Against:","Australian Dollar Trade-weighted Index"
"7478","FXRTWI","Trade-weighted Index May 1970 = 100","AUS","AUS",2002-02-08,50.5,"D","Index","Indicative","RBA","Daily","Historical Daily Exchange Rates Of The Australian Dollar Against:","Australian Dollar Trade-weighted Index"
"7479","FXRTWI","Trade-weighted Index May 1970 = 100","AUS","AUS",2002-02-11,50.7,"D","Index","Indicative","RBA","Daily","Historical Daily Exchange Rates Of The Australian Dollar Against:","Australian Dollar Trade-weighted Index"
"7480","FXRTWI","Trade-weighted Index May 1970 = 100","AUS","AUS",2002-02-12,50.5,"D","Index","Indicative","RBA","Daily","Historical Daily Exchange Rates Of The Australian Dollar Against:","Australian Dollar Trade-weighted Index"
"7481","FXRTWI","Trade-weighted Index May 1970 = 100","AUS","AUS",2002-02-13,50.2,"D","Index","Indicative","RBA","Daily","Historical Daily Exchange Rates Of The Australian Dollar Against:","Australian Dollar Trade-weighted Index"
"7482","FXRTWI","Trade-weighted Index May 1970 = 100","AUS","AUS",2002-02-14,50.7,"D","Index","Indicative","RBA","Daily","Historical Daily Exchange Rates Of The Australian Dollar Against:","Australian Dollar Trade-weighted Index"
"7483","FXRTWI","Trade-weighted Index May 1970 = 100","AUS","AUS",2002-02-15,50.8,"D","Index","Indicative","RBA","Daily","Historical Daily Exchange Rates Of The Australian Dollar Against:","Australian Dollar Trade-weighted Index"
"7484","FXRTWI","Trade-weighted Index May 1970 = 100","AUS","AUS",2002-02-18,51,"D","Index","Indicative","RBA","Daily","Historical Daily Exchange Rates Of The Australian Dollar Against:","Australian Dollar Trade-weighted Index"
"7485","FXRTWI","Trade-weighted Index May 1970 = 100","AUS","AUS",2002-02-19,51.1,"D","Index","Indicative","RBA","Daily","Historical Daily Exchange Rates Of The Australian Dollar Against:","Australian Dollar Trade-weighted Index"
"7486","FXRTWI","Trade-weighted Index May 1970 = 100","AUS","AUS",2002-02-20,51.1,"D","Index","Indicative","RBA","Daily","Historical Daily Exchange Rates Of The Australian Dollar Against:","Australian Dollar Trade-weighted Index"
"7487","FXRTWI","Trade-weighted Index May 1970 = 100","AUS","AUS",2002-02-21,50.9,"D","Index","Indicative","RBA","Daily","Historical Daily Exchange Rates Of The Australian Dollar Against:","Australian Dollar Trade-weighted Index"
"7488","FXRTWI","Trade-weighted Index May 1970 = 100","AUS","AUS",2002-02-22,50.8,"D","Index","Indicative","RBA","Daily","Historical Daily Exchange Rates Of The Australian Dollar Against:","Australian Dollar Trade-weighted Index"
"7489","FXRTWI","Trade-weighted Index May 1970 = 100","AUS","AUS",2002-02-25,50.7,"D","Index","Indicative","RBA","Daily","Historical Daily Exchange Rates Of The Australian Dollar Against:","Australian Dollar Trade-weighted Index"
"7490","FXRTWI","Trade-weighted Index May 1970 = 100","AUS","AUS",2002-02-26,50.9,"D","Index","Indicative","RBA","Daily","Historical Daily Exchange Rates Of The Australian Dollar Against:","Australian Dollar Trade-weighted Index"
"7491","FXRTWI","Trade-weighted Index May 1970 = 100","AUS","AUS",2002-02-27,50.9,"D","Index","Indicative","RBA","Daily","Historical Daily Exchange Rates Of The Australian Dollar Against:","Australian Dollar Trade-weighted Index"
"7492","DLCACS","Credit; Total; Seasonally adjusted","AUS","AUS",2002-02-28,821.332,"M","$ billion","Seasonally Adjusted","RBA","Monthly","D2 Lending And Credit Aggregates","Credit; Total; Seasonally adjusted – Includes securitisations – For series breaks see Series Breaks"
"7493","FIRMMCRT","Cash Rate Target","AUS","AUS",2002-02-28,4.25,"M","Per cent","Original","RBA","Monthly","F1.1 Interest Rates And Yields - Money Market","Cash Rate Target; monthly average"
"7494","FXRTWI","Trade-weighted Index May 1970 = 100","AUS","AUS",2002-02-28,51.1,"D","Index","Indicative","RBA","Daily","Historical Daily Exchange Rates Of The Australian Dollar Against:","Australian Dollar Trade-weighted Index"
"7495","FXRTWI","Trade-weighted Index May 1970 = 100","AUS","AUS",2002-02-28,51.1,"M","Index","Indicative","RBA","Monthly","F11 Exchange Rates","Australian Dollar Trade-weighted Index"
"7496","GRCPAISDR","Commodity prices – SDR","AUS","AUS",2002-02-28,28.5109544702939,"M","Index, 2023/24=100","Original","RBA","Monthly","I2 Commodity Prices","Index of commodity prices; All items; SDR"
"7497","A2302956R","South Australia ; STATE FINAL DEMAND ;","SA","SA",2002-03-01,21939,"Q","$ Millions","Seasonally Adjusted",NA,"Quarterly","Table 25. State Final Demand, Summary Components by State: Chain volume measures",NA
"7498","A2302984X","Western Australia ; STATE FINAL DEMAND ;","WA","WA",2002-03-01,30995,"Q","$ Millions","Seasonally Adjusted",NA,"Quarterly","Table 25. State Final Demand, Summary Components by State: Chain volume measures",NA
"7499","A2303012X","Tasmania ; STATE FINAL DEMAND ;","TAS","TAS",2002-03-01,6807,"Q","$ Millions","Seasonally Adjusted",NA,"Quarterly","Table 25. State Final Demand, Summary Components by State: Chain volume measures",NA
"7500","A2303040J","Northern Territory ; STATE FINAL DEMAND ;","NT","NT",2002-03-01,4963,"Q","$ Millions","Seasonally Adjusted",NA,"Quarterly","Table 25. State Final Demand, Summary Components by State: Chain volume measures",NA
"7501","A2303068K","Australian Capital Territory ; STATE FINAL DEMAND ;","ACT","ACT",2002-03-01,8756,"Q","$ Millions","Seasonally Adjusted",NA,"Quarterly","Table 25. State Final Demand, Summary Components by State: Chain volume measures",NA
"7502","A2303111F","New South Wales ; STATE FINAL DEMAND ;","NSW","NSW",2002-03-01,105348,"Q","$ Millions","Seasonally Adjusted",NA,"Quarterly","Table 25. State Final Demand, Summary Components by State: Chain volume measures",NA
"7503","A2303139J","Victoria ; STATE FINAL DEMAND ;","VIC","VIC",2002-03-01,77208,"Q","$ Millions","Seasonally Adjusted",NA,"Quarterly","Table 25. State Final Demand, Summary Components by State: Chain volume measures",NA
"7504","A2303187A","Queensland ; STATE FINAL DEMAND ;","QLD","QLD",2002-03-01,56737,"Q","$ Millions","Seasonally Adjusted",NA,"Quarterly","Table 25. State Final Demand, Summary Components by State: Chain volume measures",NA
"7505","A2304418T","Gross domestic product: Current prices ;","AUS","AUS",2002-03-01,190976,"Q","$ Millions","Seasonally Adjusted",NA,"Quarterly","Table 1. Key National Accounts Aggregates",NA
"7506","A2325846C","Index Numbers ; All groups CPI ; Australia ;","AUS","AUS",2002-03-01,76.1,"Q","Index Numbers","Original",NA,"Quarterly","TABLES 1 and 2. CPI: All Groups, Index Numbers and Percentage Changes",NA
"7507","A2718577A","Credits, Total goods ;","AUS","AUS",2002-03-01,10096,"M","$ Millions","Seasonally Adjusted",NA,"Monthly","TABLE 1. GOODS, Summary: Seasonally adjusted and trend estimates, Current prices",NA
"7508","A2718594C","Balance on goods ;","AUS","AUS",2002-03-01,-82,"M","$ Millions","Seasonally Adjusted",NA,"Monthly","TABLE 1. GOODS, Summary: Seasonally adjusted and trend estimates, Current prices",NA
"7509","FXRTWI","Trade-weighted Index May 1970 = 100","AUS","AUS",2002-03-01,51.2,"D","Index","Indicative","RBA","Daily","Historical Daily Exchange Rates Of The Australian Dollar Against:","Australian Dollar Trade-weighted Index"
"7510","FXRTWI","Trade-weighted Index May 1970 = 100","AUS","AUS",2002-03-04,51.3,"D","Index","Indicative","RBA","Daily","Historical Daily Exchange Rates Of The Australian Dollar Against:","Australian Dollar Trade-weighted Index"
"7511","FXRTWI","Trade-weighted Index May 1970 = 100","AUS","AUS",2002-03-05,51.2,"D","Index","Indicative","RBA","Daily","Historical Daily Exchange Rates Of The Australian Dollar Against:","Australian Dollar Trade-weighted Index"
"7512","FXRTWI","Trade-weighted Index May 1970 = 100","AUS","AUS",2002-03-06,51.1,"D","Index","Indicative","RBA","Daily","Historical Daily Exchange Rates Of The Australian Dollar Against:","Australian Dollar Trade-weighted Index"
"7513","FXRTWI","Trade-weighted Index May 1970 = 100","AUS","AUS",2002-03-07,51.2,"D","Index","Indicative","RBA","Daily","Historical Daily Exchange Rates Of The Australian Dollar Against:","Australian Dollar Trade-weighted Index"
"7514","FXRTWI","Trade-weighted Index May 1970 = 100","AUS","AUS",2002-03-08,51.1,"D","Index","Indicative","RBA","Daily","Historical Daily Exchange Rates Of The Australian Dollar Against:","Australian Dollar Trade-weighted Index"
"7515","FXRTWI","Trade-weighted Index May 1970 = 100","AUS","AUS",2002-03-11,51,"D","Index","Indicative","RBA","Daily","Historical Daily Exchange Rates Of The Australian Dollar Against:","Australian Dollar Trade-weighted Index"
"7516","FXRTWI","Trade-weighted Index May 1970 = 100","AUS","AUS",2002-03-12,51,"D","Index","Indicative","RBA","Daily","Historical Daily Exchange Rates Of The Australian Dollar Against:","Australian Dollar Trade-weighted Index"
"7517","FXRTWI","Trade-weighted Index May 1970 = 100","AUS","AUS",2002-03-13,50.9,"D","Index","Indicative","RBA","Daily","Historical Daily Exchange Rates Of The Australian Dollar Against:","Australian Dollar Trade-weighted Index"
"7518","FXRTWI","Trade-weighted Index May 1970 = 100","AUS","AUS",2002-03-14,50.9,"D","Index","Indicative","RBA","Daily","Historical Daily Exchange Rates Of The Australian Dollar Against:","Australian Dollar Trade-weighted Index"
"7519","FXRTWI","Trade-weighted Index May 1970 = 100","AUS","AUS",2002-03-15,51.2,"D","Index","Indicative","RBA","Daily","Historical Daily Exchange Rates Of The Australian Dollar Against:","Australian Dollar Trade-weighted Index"
"7520","FXRTWI","Trade-weighted Index May 1970 = 100","AUS","AUS",2002-03-18,51.4,"D","Index","Indicative","RBA","Daily","Historical Daily Exchange Rates Of The Australian Dollar Against:","Australian Dollar Trade-weighted Index"
"7521","FXRTWI","Trade-weighted Index May 1970 = 100","AUS","AUS",2002-03-19,51.4,"D","Index","Indicative","RBA","Daily","Historical Daily Exchange Rates Of The Australian Dollar Against:","Australian Dollar Trade-weighted Index"
"7522","FXRTWI","Trade-weighted Index May 1970 = 100","AUS","AUS",2002-03-20,51.8,"D","Index","Indicative","RBA","Daily","Historical Daily Exchange Rates Of The Australian Dollar Against:","Australian Dollar Trade-weighted Index"
"7523","FXRTWI","Trade-weighted Index May 1970 = 100","AUS","AUS",2002-03-21,51.9,"D","Index","Indicative","RBA","Daily","Historical Daily Exchange Rates Of The Australian Dollar Against:","Australian Dollar Trade-weighted Index"
"7524","FXRTWI","Trade-weighted Index May 1970 = 100","AUS","AUS",2002-03-22,52,"D","Index","Indicative","RBA","Daily","Historical Daily Exchange Rates Of The Australian Dollar Against:","Australian Dollar Trade-weighted Index"
"7525","FXRTWI","Trade-weighted Index May 1970 = 100","AUS","AUS",2002-03-25,52.1,"D","Index","Indicative","RBA","Daily","Historical Daily Exchange Rates Of The Australian Dollar Against:","Australian Dollar Trade-weighted Index"
"7526","FXRTWI","Trade-weighted Index May 1970 = 100","AUS","AUS",2002-03-26,52,"D","Index","Indicative","RBA","Daily","Historical Daily Exchange Rates Of The Australian Dollar Against:","Australian Dollar Trade-weighted Index"
"7527","FXRTWI","Trade-weighted Index May 1970 = 100","AUS","AUS",2002-03-27,51.8,"D","Index","Indicative","RBA","Daily","Historical Daily Exchange Rates Of The Australian Dollar Against:","Australian Dollar Trade-weighted Index"
"7528","FXRTWI","Trade-weighted Index May 1970 = 100","AUS","AUS",2002-03-28,52.2,"D","Index","Indicative","RBA","Daily","Historical Daily Exchange Rates Of The Australian Dollar Against:","Australian Dollar Trade-weighted Index"
"7529","DLCACS","Credit; Total; Seasonally adjusted","AUS","AUS",2002-03-31,829.115,"M","$ billion","Seasonally Adjusted","RBA","Monthly","D2 Lending And Credit Aggregates","Credit; Total; Seasonally adjusted – Includes securitisations – For series breaks see Series Breaks"
"7530","FIRMMCRT","Cash Rate Target","AUS","AUS",2002-03-31,4.25,"M","Per cent","Original","RBA","Monthly","F1.1 Interest Rates And Yields - Money Market","Cash Rate Target; monthly average"
"7531","FXRTWI","Trade-weighted Index May 1970 = 100","AUS","AUS",2002-03-31,52.2,"M","Index","Indicative","RBA","Monthly","F11 Exchange Rates","Australian Dollar Trade-weighted Index"
"7532","GCPIOCPMTMQP","Quarterly trimmed mean inflation","AUS","AUS",2002-03-31,0.7,"Q","Per cent","Seasonally Adjusted","ABS","Quarterly","G1 Consumer Price Inflation","Consumer price index; Trimmed mean; Quarterly change (in per cent)"
"7533","GRCPAISDR","Commodity prices – SDR","AUS","AUS",2002-03-31,29.1188033972822,"M","Index, 2023/24=100","Original","RBA","Monthly","I2 Commodity Prices","Index of commodity prices; All items; SDR"
"7534","A2718577A","Credits, Total goods ;","AUS","AUS",2002-04-01,9990,"M","$ Millions","Seasonally Adjusted",NA,"Monthly","TABLE 1. GOODS, Summary: Seasonally adjusted and trend estimates, Current prices",NA
"7535","A2718594C","Balance on goods ;","AUS","AUS",2002-04-01,-206,"M","$ Millions","Seasonally Adjusted",NA,"Monthly","TABLE 1. GOODS, Summary: Seasonally adjusted and trend estimates, Current prices",NA
"7536","FXRTWI","Trade-weighted Index May 1970 = 100","AUS","AUS",2002-04-02,52.3,"D","Index","Indicative","RBA","Daily","Historical Daily Exchange Rates Of The Australian Dollar Against:","Australian Dollar Trade-weighted Index"
"7537","FXRTWI","Trade-weighted Index May 1970 = 100","AUS","AUS",2002-04-03,52.1,"D","Index","Indicative","RBA","Daily","Historical Daily Exchange Rates Of The Australian Dollar Against:","Australian Dollar Trade-weighted Index"
"7538","FXRTWI","Trade-weighted Index May 1970 = 100","AUS","AUS",2002-04-04,52.1,"D","Index","Indicative","RBA","Daily","Historical Daily Exchange Rates Of The Australian Dollar Against:","Australian Dollar Trade-weighted Index"
"7539","FXRTWI","Trade-weighted Index May 1970 = 100","AUS","AUS",2002-04-05,52.1,"D","Index","Indicative","RBA","Daily","Historical Daily Exchange Rates Of The Australian Dollar Against:","Australian Dollar Trade-weighted Index"
"7540","FXRTWI","Trade-weighted Index May 1970 = 100","AUS","AUS",2002-04-08,51.8,"D","Index","Indicative","RBA","Daily","Historical Daily Exchange Rates Of The Australian Dollar Against:","Australian Dollar Trade-weighted Index"
"7541","FXRTWI","Trade-weighted Index May 1970 = 100","AUS","AUS",2002-04-09,51.9,"D","Index","Indicative","RBA","Daily","Historical Daily Exchange Rates Of The Australian Dollar Against:","Australian Dollar Trade-weighted Index"
"7542","FXRTWI","Trade-weighted Index May 1970 = 100","AUS","AUS",2002-04-10,51.9,"D","Index","Indicative","RBA","Daily","Historical Daily Exchange Rates Of The Australian Dollar Against:","Australian Dollar Trade-weighted Index"
"7543","FXRTWI","Trade-weighted Index May 1970 = 100","AUS","AUS",2002-04-11,52.3,"D","Index","Indicative","RBA","Daily","Historical Daily Exchange Rates Of The Australian Dollar Against:","Australian Dollar Trade-weighted Index"
"7544","FXRTWI","Trade-weighted Index May 1970 = 100","AUS","AUS",2002-04-12,52.5,"D","Index","Indicative","RBA","Daily","Historical Daily Exchange Rates Of The Australian Dollar Against:","Australian Dollar Trade-weighted Index"
"7545","FXRTWI","Trade-weighted Index May 1970 = 100","AUS","AUS",2002-04-15,52.2,"D","Index","Indicative","RBA","Daily","Historical Daily Exchange Rates Of The Australian Dollar Against:","Australian Dollar Trade-weighted Index"
"7546","FXRTWI","Trade-weighted Index May 1970 = 100","AUS","AUS",2002-04-16,52,"D","Index","Indicative","RBA","Daily","Historical Daily Exchange Rates Of The Australian Dollar Against:","Australian Dollar Trade-weighted Index"
"7547","FXRTWI","Trade-weighted Index May 1970 = 100","AUS","AUS",2002-04-17,52.2,"D","Index","Indicative","RBA","Daily","Historical Daily Exchange Rates Of The Australian Dollar Against:","Australian Dollar Trade-weighted Index"
"7548","FXRTWI","Trade-weighted Index May 1970 = 100","AUS","AUS",2002-04-18,52.4,"D","Index","Indicative","RBA","Daily","Historical Daily Exchange Rates Of The Australian Dollar Against:","Australian Dollar Trade-weighted Index"
"7549","FXRTWI","Trade-weighted Index May 1970 = 100","AUS","AUS",2002-04-19,52.5,"D","Index","Indicative","RBA","Daily","Historical Daily Exchange Rates Of The Australian Dollar Against:","Australian Dollar Trade-weighted Index"
"7550","FXRTWI","Trade-weighted Index May 1970 = 100","AUS","AUS",2002-04-22,52.6,"D","Index","Indicative","RBA","Daily","Historical Daily Exchange Rates Of The Australian Dollar Against:","Australian Dollar Trade-weighted Index"
"7551","FXRTWI","Trade-weighted Index May 1970 = 100","AUS","AUS",2002-04-23,52.5,"D","Index","Indicative","RBA","Daily","Historical Daily Exchange Rates Of The Australian Dollar Against:","Australian Dollar Trade-weighted Index"
"7552","FXRTWI","Trade-weighted Index May 1970 = 100","AUS","AUS",2002-04-24,52.4,"D","Index","Indicative","RBA","Daily","Historical Daily Exchange Rates Of The Australian Dollar Against:","Australian Dollar Trade-weighted Index"
"7553","FXRTWI","Trade-weighted Index May 1970 = 100","AUS","AUS",2002-04-26,52.7,"D","Index","Indicative","RBA","Daily","Historical Daily Exchange Rates Of The Australian Dollar Against:","Australian Dollar Trade-weighted Index"
"7554","FXRTWI","Trade-weighted Index May 1970 = 100","AUS","AUS",2002-04-29,52.5,"D","Index","Indicative","RBA","Daily","Historical Daily Exchange Rates Of The Australian Dollar Against:","Australian Dollar Trade-weighted Index"
"7555","DLCACS","Credit; Total; Seasonally adjusted","AUS","AUS",2002-04-30,852.448,"M","$ billion","Seasonally Adjusted","RBA","Monthly","D2 Lending And Credit Aggregates","Credit; Total; Seasonally adjusted – Includes securitisations – For series breaks see Series Breaks"
"7556","FIRMMCRT","Cash Rate Target","AUS","AUS",2002-04-30,4.25,"M","Per cent","Original","RBA","Monthly","F1.1 Interest Rates And Yields - Money Market","Cash Rate Target; monthly average"
"7557","FXRTWI","Trade-weighted Index May 1970 = 100","AUS","AUS",2002-04-30,52.1,"D","Index","Indicative","RBA","Daily","Historical Daily Exchange Rates Of The Australian Dollar Against:","Australian Dollar Trade-weighted Index"
"7558","FXRTWI","Trade-weighted Index May 1970 = 100","AUS","AUS",2002-04-30,52.1,"M","Index","Indicative","RBA","Monthly","F11 Exchange Rates","Australian Dollar Trade-weighted Index"
"7559","GRCPAISDR","Commodity prices – SDR","AUS","AUS",2002-04-30,29.116779252497,"M","Index, 2023/24=100","Original","RBA","Monthly","I2 Commodity Prices","Index of commodity prices; All items; SDR"
"7560","A2718577A","Credits, Total goods ;","AUS","AUS",2002-05-01,9813,"M","$ Millions","Seasonally Adjusted",NA,"Monthly","TABLE 1. GOODS, Summary: Seasonally adjusted and trend estimates, Current prices",NA
"7561","A2718594C","Balance on goods ;","AUS","AUS",2002-05-01,-823,"M","$ Millions","Seasonally Adjusted",NA,"Monthly","TABLE 1. GOODS, Summary: Seasonally adjusted and trend estimates, Current prices",NA
"7562","FXRTWI","Trade-weighted Index May 1970 = 100","AUS","AUS",2002-05-01,52.1,"D","Index","Indicative","RBA","Daily","Historical Daily Exchange Rates Of The Australian Dollar Against:","Australian Dollar Trade-weighted Index"
"7563","FXRTWI","Trade-weighted Index May 1970 = 100","AUS","AUS",2002-05-02,51.9,"D","Index","Indicative","RBA","Daily","Historical Daily Exchange Rates Of The Australian Dollar Against:","Australian Dollar Trade-weighted Index"
"7564","FXRTWI","Trade-weighted Index May 1970 = 100","AUS","AUS",2002-05-03,51.7,"D","Index","Indicative","RBA","Daily","Historical Daily Exchange Rates Of The Australian Dollar Against:","Australian Dollar Trade-weighted Index"
"7565","FXRTWI","Trade-weighted Index May 1970 = 100","AUS","AUS",2002-05-06,51.8,"D","Index","Indicative","RBA","Daily","Historical Daily Exchange Rates Of The Australian Dollar Against:","Australian Dollar Trade-weighted Index"
"7566","FXRTWI","Trade-weighted Index May 1970 = 100","AUS","AUS",2002-05-07,52.1,"D","Index","Indicative","RBA","Daily","Historical Daily Exchange Rates Of The Australian Dollar Against:","Australian Dollar Trade-weighted Index"
"7567","FXRTWI","Trade-weighted Index May 1970 = 100","AUS","AUS",2002-05-08,52.2,"D","Index","Indicative","RBA","Daily","Historical Daily Exchange Rates Of The Australian Dollar Against:","Australian Dollar Trade-weighted Index"
"7568","FXRTWI","Trade-weighted Index May 1970 = 100","AUS","AUS",2002-05-09,52.2,"D","Index","Indicative","RBA","Daily","Historical Daily Exchange Rates Of The Australian Dollar Against:","Australian Dollar Trade-weighted Index"
"7569","FXRTWI","Trade-weighted Index May 1970 = 100","AUS","AUS",2002-05-10,52.3,"D","Index","Indicative","RBA","Daily","Historical Daily Exchange Rates Of The Australian Dollar Against:","Australian Dollar Trade-weighted Index"
"7570","FXRTWI","Trade-weighted Index May 1970 = 100","AUS","AUS",2002-05-13,52.5,"D","Index","Indicative","RBA","Daily","Historical Daily Exchange Rates Of The Australian Dollar Against:","Australian Dollar Trade-weighted Index"
"7571","FXRTWI","Trade-weighted Index May 1970 = 100","AUS","AUS",2002-05-14,52.6,"D","Index","Indicative","RBA","Daily","Historical Daily Exchange Rates Of The Australian Dollar Against:","Australian Dollar Trade-weighted Index"
"7572","FXRTWI","Trade-weighted Index May 1970 = 100","AUS","AUS",2002-05-15,52.7,"D","Index","Indicative","RBA","Daily","Historical Daily Exchange Rates Of The Australian Dollar Against:","Australian Dollar Trade-weighted Index"
"7573","FXRTWI","Trade-weighted Index May 1970 = 100","AUS","AUS",2002-05-16,52.6,"D","Index","Indicative","RBA","Daily","Historical Daily Exchange Rates Of The Australian Dollar Against:","Australian Dollar Trade-weighted Index"
"7574","FXRTWI","Trade-weighted Index May 1970 = 100","AUS","AUS",2002-05-17,52.5,"D","Index","Indicative","RBA","Daily","Historical Daily Exchange Rates Of The Australian Dollar Against:","Australian Dollar Trade-weighted Index"
"7575","FXRTWI","Trade-weighted Index May 1970 = 100","AUS","AUS",2002-05-20,52.6,"D","Index","Indicative","RBA","Daily","Historical Daily Exchange Rates Of The Australian Dollar Against:","Australian Dollar Trade-weighted Index"
"7576","FXRTWI","Trade-weighted Index May 1970 = 100","AUS","AUS",2002-05-21,52.9,"D","Index","Indicative","RBA","Daily","Historical Daily Exchange Rates Of The Australian Dollar Against:","Australian Dollar Trade-weighted Index"
"7577","FXRTWI","Trade-weighted Index May 1970 = 100","AUS","AUS",2002-05-22,53,"D","Index","Indicative","RBA","Daily","Historical Daily Exchange Rates Of The Australian Dollar Against:","Australian Dollar Trade-weighted Index"
"7578","FXRTWI","Trade-weighted Index May 1970 = 100","AUS","AUS",2002-05-23,52.9,"D","Index","Indicative","RBA","Daily","Historical Daily Exchange Rates Of The Australian Dollar Against:","Australian Dollar Trade-weighted Index"
"7579","FXRTWI","Trade-weighted Index May 1970 = 100","AUS","AUS",2002-05-24,52.7,"D","Index","Indicative","RBA","Daily","Historical Daily Exchange Rates Of The Australian Dollar Against:","Australian Dollar Trade-weighted Index"
"7580","FXRTWI","Trade-weighted Index May 1970 = 100","AUS","AUS",2002-05-27,53,"D","Index","Indicative","RBA","Daily","Historical Daily Exchange Rates Of The Australian Dollar Against:","Australian Dollar Trade-weighted Index"
"7581","FXRTWI","Trade-weighted Index May 1970 = 100","AUS","AUS",2002-05-28,52.9,"D","Index","Indicative","RBA","Daily","Historical Daily Exchange Rates Of The Australian Dollar Against:","Australian Dollar Trade-weighted Index"
"7582","FXRTWI","Trade-weighted Index May 1970 = 100","AUS","AUS",2002-05-29,53.3,"D","Index","Indicative","RBA","Daily","Historical Daily Exchange Rates Of The Australian Dollar Against:","Australian Dollar Trade-weighted Index"
"7583","FXRTWI","Trade-weighted Index May 1970 = 100","AUS","AUS",2002-05-30,53.3,"D","Index","Indicative","RBA","Daily","Historical Daily Exchange Rates Of The Australian Dollar Against:","Australian Dollar Trade-weighted Index"
"7584","DLCACS","Credit; Total; Seasonally adjusted","AUS","AUS",2002-05-31,856.85,"M","$ billion","Seasonally Adjusted","RBA","Monthly","D2 Lending And Credit Aggregates","Credit; Total; Seasonally adjusted – Includes securitisations – For series breaks see Series Breaks"
"7585","FIRMMCRT","Cash Rate Target","AUS","AUS",2002-05-31,4.44565217391304,"M","Per cent","Original","RBA","Monthly","F1.1 Interest Rates And Yields - Money Market","Cash Rate Target; monthly average"
"7586","FXRTWI","Trade-weighted Index May 1970 = 100","AUS","AUS",2002-05-31,53.5,"D","Index","Indicative","RBA","Daily","Historical Daily Exchange Rates Of The Australian Dollar Against:","Australian Dollar Trade-weighted Index"
"7587","FXRTWI","Trade-weighted Index May 1970 = 100","AUS","AUS",2002-05-31,53.5,"M","Index","Indicative","RBA","Monthly","F11 Exchange Rates","Australian Dollar Trade-weighted Index"
"7588","GRCPAISDR","Commodity prices – SDR","AUS","AUS",2002-05-31,28.5411301228273,"M","Index, 2023/24=100","Original","RBA","Monthly","I2 Commodity Prices","Index of commodity prices; All items; SDR"
"7589","A2302956R","South Australia ; STATE FINAL DEMAND ;","SA","SA",2002-06-01,22343,"Q","$ Millions","Seasonally Adjusted",NA,"Quarterly","Table 25. State Final Demand, Summary Components by State: Chain volume measures",NA
"7590","A2302984X","Western Australia ; STATE FINAL DEMAND ;","WA","WA",2002-06-01,31681,"Q","$ Millions","Seasonally Adjusted",NA,"Quarterly","Table 25. State Final Demand, Summary Components by State: Chain volume measures",NA
"7591","A2303012X","Tasmania ; STATE FINAL DEMAND ;","TAS","TAS",2002-06-01,7395,"Q","$ Millions","Seasonally Adjusted",NA,"Quarterly","Table 25. State Final Demand, Summary Components by State: Chain volume measures",NA
"7592","A2303040J","Northern Territory ; STATE FINAL DEMAND ;","NT","NT",2002-06-01,5065,"Q","$ Millions","Seasonally Adjusted",NA,"Quarterly","Table 25. State Final Demand, Summary Components by State: Chain volume measures",NA
"7593","A2303068K","Australian Capital Territory ; STATE FINAL DEMAND ;","ACT","ACT",2002-06-01,9091,"Q","$ Millions","Seasonally Adjusted",NA,"Quarterly","Table 25. State Final Demand, Summary Components by State: Chain volume measures",NA
"7594","A2303111F","New South Wales ; STATE FINAL DEMAND ;","NSW","NSW",2002-06-01,107148,"Q","$ Millions","Seasonally Adjusted",NA,"Quarterly","Table 25. State Final Demand, Summary Components by State: Chain volume measures",NA
"7595","A2303139J","Victoria ; STATE FINAL DEMAND ;","VIC","VIC",2002-06-01,79616,"Q","$ Millions","Seasonally Adjusted",NA,"Quarterly","Table 25. State Final Demand, Summary Components by State: Chain volume measures",NA
"7596","A2303187A","Queensland ; STATE FINAL DEMAND ;","QLD","QLD",2002-06-01,57559,"Q","$ Millions","Seasonally Adjusted",NA,"Quarterly","Table 25. State Final Demand, Summary Components by State: Chain volume measures",NA
"7597","A2304418T","Gross domestic product: Current prices ;","AUS","AUS",2002-06-01,194273,"Q","$ Millions","Seasonally Adjusted",NA,"Quarterly","Table 1. Key National Accounts Aggregates",NA
"7598","A2325846C","Index Numbers ; All groups CPI ; Australia ;","AUS","AUS",2002-06-01,76.6,"Q","Index Numbers","Original",NA,"Quarterly","TABLES 1 and 2. CPI: All Groups, Index Numbers and Percentage Changes",NA
"7599","A2336320R","New South Wales ; Gross state product: Current prices ;","NSW","NSW",2002-06-01,267417,"Annual","$ Millions","Original",NA,"Annual","Table 1. Gross State Product, Chain volume measures and current prices",NA
"7600","A2336321T","Victoria ; Gross state product: Current prices ;","VIC","VIC",2002-06-01,191140,"Annual","$ Millions","Original",NA,"Annual","Table 1. Gross State Product, Chain volume measures and current prices",NA
"7601","A2336322V","Queensland ; Gross state product: Current prices ;","QLD","QLD",2002-06-01,125346,"Annual","$ Millions","Original",NA,"Annual","Table 1. Gross State Product, Chain volume measures and current prices",NA
"7602","A2336323W","South Australia ; Gross state product: Current prices ;","SA","SA",2002-06-01,53936,"Annual","$ Millions","Original",NA,"Annual","Table 1. Gross State Product, Chain volume measures and current prices",NA
"7603","A2336324X","Western Australia ; Gross state product: Current prices ;","WA","WA",2002-06-01,81745,"Annual","$ Millions","Original",NA,"Annual","Table 1. Gross State Product, Chain volume measures and current prices",NA
"7604","A2336325A","Tasmania ; Gross state product: Current prices ;","TAS","TAS",2002-06-01,13959,"Annual","$ Millions","Original",NA,"Annual","Table 1. Gross State Product, Chain volume measures and current prices",NA
"7605","A2336326C","Northern Territory ; Gross state product: Current prices ;","NT","NT",2002-06-01,8748,"Annual","$ Millions","Original",NA,"Annual","Table 1. Gross State Product, Chain volume measures and current prices",NA
"7606","A2336327F","Australian Capital Territory ; Gross state product: Current prices ;","ACT","ACT",2002-06-01,14154,"Annual","$ Millions","Original",NA,"Annual","Table 1. Gross State Product, Chain volume measures and current prices",NA
"7607","A2718577A","Credits, Total goods ;","AUS","AUS",2002-06-01,9782,"M","$ Millions","Seasonally Adjusted",NA,"Monthly","TABLE 1. GOODS, Summary: Seasonally adjusted and trend estimates, Current prices",NA
"7608","A2718594C","Balance on goods ;","AUS","AUS",2002-06-01,-725,"M","$ Millions","Seasonally Adjusted",NA,"Monthly","TABLE 1. GOODS, Summary: Seasonally adjusted and trend estimates, Current prices",NA
"7609","FXRTWI","Trade-weighted Index May 1970 = 100","AUS","AUS",2002-06-03,53.6,"D","Index","Indicative","RBA","Daily","Historical Daily Exchange Rates Of The Australian Dollar Against:","Australian Dollar Trade-weighted Index"
"7610","FXRTWI","Trade-weighted Index May 1970 = 100","AUS","AUS",2002-06-04,54.1,"D","Index","Indicative","RBA","Daily","Historical Daily Exchange Rates Of The Australian Dollar Against:","Australian Dollar Trade-weighted Index"
"7611","FXRTWI","Trade-weighted Index May 1970 = 100","AUS","AUS",2002-06-05,54,"D","Index","Indicative","RBA","Daily","Historical Daily Exchange Rates Of The Australian Dollar Against:","Australian Dollar Trade-weighted Index"
"7612","FXRTWI","Trade-weighted Index May 1970 = 100","AUS","AUS",2002-06-06,54.1,"D","Index","Indicative","RBA","Daily","Historical Daily Exchange Rates Of The Australian Dollar Against:","Australian Dollar Trade-weighted Index"
"7613","FXRTWI","Trade-weighted Index May 1970 = 100","AUS","AUS",2002-06-07,54.1,"D","Index","Indicative","RBA","Daily","Historical Daily Exchange Rates Of The Australian Dollar Against:","Australian Dollar Trade-weighted Index"
"7614","FXRTWI","Trade-weighted Index May 1970 = 100","AUS","AUS",2002-06-11,53.7,"D","Index","Indicative","RBA","Daily","Historical Daily Exchange Rates Of The Australian Dollar Against:","Australian Dollar Trade-weighted Index"
"7615","FXRTWI","Trade-weighted Index May 1970 = 100","AUS","AUS",2002-06-12,53.8,"D","Index","Indicative","RBA","Daily","Historical Daily Exchange Rates Of The Australian Dollar Against:","Australian Dollar Trade-weighted Index"
"7616","FXRTWI","Trade-weighted Index May 1970 = 100","AUS","AUS",2002-06-13,53.7,"D","Index","Indicative","RBA","Daily","Historical Daily Exchange Rates Of The Australian Dollar Against:","Australian Dollar Trade-weighted Index"
"7617","FXRTWI","Trade-weighted Index May 1970 = 100","AUS","AUS",2002-06-14,53.5,"D","Index","Indicative","RBA","Daily","Historical Daily Exchange Rates Of The Australian Dollar Against:","Australian Dollar Trade-weighted Index"
"7618","FXRTWI","Trade-weighted Index May 1970 = 100","AUS","AUS",2002-06-17,52.8,"D","Index","Indicative","RBA","Daily","Historical Daily Exchange Rates Of The Australian Dollar Against:","Australian Dollar Trade-weighted Index"
"7619","FXRTWI","Trade-weighted Index May 1970 = 100","AUS","AUS",2002-06-18,52.7,"D","Index","Indicative","RBA","Daily","Historical Daily Exchange Rates Of The Australian Dollar Against:","Australian Dollar Trade-weighted Index"
"7620","FXRTWI","Trade-weighted Index May 1970 = 100","AUS","AUS",2002-06-19,53.2,"D","Index","Indicative","RBA","Daily","Historical Daily Exchange Rates Of The Australian Dollar Against:","Australian Dollar Trade-weighted Index"
"7621","FXRTWI","Trade-weighted Index May 1970 = 100","AUS","AUS",2002-06-20,53.3,"D","Index","Indicative","RBA","Daily","Historical Daily Exchange Rates Of The Australian Dollar Against:","Australian Dollar Trade-weighted Index"
"7622","FXRTWI","Trade-weighted Index May 1970 = 100","AUS","AUS",2002-06-21,53.7,"D","Index","Indicative","RBA","Daily","Historical Daily Exchange Rates Of The Australian Dollar Against:","Australian Dollar Trade-weighted Index"
"7623","FXRTWI","Trade-weighted Index May 1970 = 100","AUS","AUS",2002-06-24,53.7,"D","Index","Indicative","RBA","Daily","Historical Daily Exchange Rates Of The Australian Dollar Against:","Australian Dollar Trade-weighted Index"
"7624","FXRTWI","Trade-weighted Index May 1970 = 100","AUS","AUS",2002-06-25,53.3,"D","Index","Indicative","RBA","Daily","Historical Daily Exchange Rates Of The Australian Dollar Against:","Australian Dollar Trade-weighted Index"
"7625","FXRTWI","Trade-weighted Index May 1970 = 100","AUS","AUS",2002-06-26,53.5,"D","Index","Indicative","RBA","Daily","Historical Daily Exchange Rates Of The Australian Dollar Against:","Australian Dollar Trade-weighted Index"
"7626","FXRTWI","Trade-weighted Index May 1970 = 100","AUS","AUS",2002-06-27,52.4,"D","Index","Indicative","RBA","Daily","Historical Daily Exchange Rates Of The Australian Dollar Against:","Australian Dollar Trade-weighted Index"
"7627","FXRTWI","Trade-weighted Index May 1970 = 100","AUS","AUS",2002-06-28,52.3,"D","Index","Indicative","RBA","Daily","Historical Daily Exchange Rates Of The Australian Dollar Against:","Australian Dollar Trade-weighted Index"
"7628","DLCACS","Credit; Total; Seasonally adjusted","AUS","AUS",2002-06-30,866.478,"M","$ billion","Seasonally Adjusted","RBA","Monthly","D2 Lending And Credit Aggregates","Credit; Total; Seasonally adjusted – Includes securitisations – For series breaks see Series Breaks"
"7629","FIRMMCRT","Cash Rate Target","AUS","AUS",2002-06-30,4.72368421052632,"M","Per cent","Original","RBA","Monthly","F1.1 Interest Rates And Yields - Money Market","Cash Rate Target; monthly average"
"7630","FXRTWI","Trade-weighted Index May 1970 = 100","AUS","AUS",2002-06-30,52.3,"M","Index","Indicative","RBA","Monthly","F11 Exchange Rates","Australian Dollar Trade-weighted Index"
"7631","GCPIOCPMTMQP","Quarterly trimmed mean inflation","AUS","AUS",2002-06-30,0.6,"Q","Per cent","Seasonally Adjusted","ABS","Quarterly","G1 Consumer Price Inflation","Consumer price index; Trimmed mean; Quarterly change (in per cent)"
"7632","GRCPAISDR","Commodity prices – SDR","AUS","AUS",2002-06-30,28.2477133102437,"M","Index, 2023/24=100","Original","RBA","Monthly","I2 Commodity Prices","Index of commodity prices; All items; SDR"
"7633","A2718577A","Credits, Total goods ;","AUS","AUS",2002-07-01,10095,"M","$ Millions","Seasonally Adjusted",NA,"Monthly","TABLE 1. GOODS, Summary: Seasonally adjusted and trend estimates, Current prices",NA
"7634","A2718594C","Balance on goods ;","AUS","AUS",2002-07-01,-596,"M","$ Millions","Seasonally Adjusted",NA,"Monthly","TABLE 1. GOODS, Summary: Seasonally adjusted and trend estimates, Current prices",NA
"7635","FXRTWI","Trade-weighted Index May 1970 = 100","AUS","AUS",2002-07-01,51.9,"D","Index","Indicative","RBA","Daily","Historical Daily Exchange Rates Of The Australian Dollar Against:","Australian Dollar Trade-weighted Index"
"7636","FXRTWI","Trade-weighted Index May 1970 = 100","AUS","AUS",2002-07-02,52,"D","Index","Indicative","RBA","Daily","Historical Daily Exchange Rates Of The Australian Dollar Against:","Australian Dollar Trade-weighted Index"
"7637","FXRTWI","Trade-weighted Index May 1970 = 100","AUS","AUS",2002-07-03,52.1,"D","Index","Indicative","RBA","Daily","Historical Daily Exchange Rates Of The Australian Dollar Against:","Australian Dollar Trade-weighted Index"
"7638","FXRTWI","Trade-weighted Index May 1970 = 100","AUS","AUS",2002-07-04,51.8,"D","Index","Indicative","RBA","Daily","Historical Daily Exchange Rates Of The Australian Dollar Against:","Australian Dollar Trade-weighted Index"
"7639","FXRTWI","Trade-weighted Index May 1970 = 100","AUS","AUS",2002-07-05,51.7,"D","Index","Indicative","RBA","Daily","Historical Daily Exchange Rates Of The Australian Dollar Against:","Australian Dollar Trade-weighted Index"
"7640","FXRTWI","Trade-weighted Index May 1970 = 100","AUS","AUS",2002-07-08,52.1,"D","Index","Indicative","RBA","Daily","Historical Daily Exchange Rates Of The Australian Dollar Against:","Australian Dollar Trade-weighted Index"
"7641","FXRTWI","Trade-weighted Index May 1970 = 100","AUS","AUS",2002-07-09,52.2,"D","Index","Indicative","RBA","Daily","Historical Daily Exchange Rates Of The Australian Dollar Against:","Australian Dollar Trade-weighted Index"
"7642","FXRTWI","Trade-weighted Index May 1970 = 100","AUS","AUS",2002-07-10,52.4,"D","Index","Indicative","RBA","Daily","Historical Daily Exchange Rates Of The Australian Dollar Against:","Australian Dollar Trade-weighted Index"
"7643","FXRTWI","Trade-weighted Index May 1970 = 100","AUS","AUS",2002-07-11,52,"D","Index","Indicative","RBA","Daily","Historical Daily Exchange Rates Of The Australian Dollar Against:","Australian Dollar Trade-weighted Index"
"7644","FXRTWI","Trade-weighted Index May 1970 = 100","AUS","AUS",2002-07-12,51.5,"D","Index","Indicative","RBA","Daily","Historical Daily Exchange Rates Of The Australian Dollar Against:","Australian Dollar Trade-weighted Index"
"7645","FXRTWI","Trade-weighted Index May 1970 = 100","AUS","AUS",2002-07-15,51.5,"D","Index","Indicative","RBA","Daily","Historical Daily Exchange Rates Of The Australian Dollar Against:","Australian Dollar Trade-weighted Index"
"7646","FXRTWI","Trade-weighted Index May 1970 = 100","AUS","AUS",2002-07-16,51.6,"D","Index","Indicative","RBA","Daily","Historical Daily Exchange Rates Of The Australian Dollar Against:","Australian Dollar Trade-weighted Index"
"7647","FXRTWI","Trade-weighted Index May 1970 = 100","AUS","AUS",2002-07-17,50.9,"D","Index","Indicative","RBA","Daily","Historical Daily Exchange Rates Of The Australian Dollar Against:","Australian Dollar Trade-weighted Index"
"7648","FXRTWI","Trade-weighted Index May 1970 = 100","AUS","AUS",2002-07-18,50.6,"D","Index","Indicative","RBA","Daily","Historical Daily Exchange Rates Of The Australian Dollar Against:","Australian Dollar Trade-weighted Index"
"7649","FXRTWI","Trade-weighted Index May 1970 = 100","AUS","AUS",2002-07-19,50.9,"D","Index","Indicative","RBA","Daily","Historical Daily Exchange Rates Of The Australian Dollar Against:","Australian Dollar Trade-weighted Index"
"7650","FXRTWI","Trade-weighted Index May 1970 = 100","AUS","AUS",2002-07-22,50.8,"D","Index","Indicative","RBA","Daily","Historical Daily Exchange Rates Of The Australian Dollar Against:","Australian Dollar Trade-weighted Index"
"7651","FXRTWI","Trade-weighted Index May 1970 = 100","AUS","AUS",2002-07-23,49.9,"D","Index","Indicative","RBA","Daily","Historical Daily Exchange Rates Of The Australian Dollar Against:","Australian Dollar Trade-weighted Index"
"7652","FXRTWI","Trade-weighted Index May 1970 = 100","AUS","AUS",2002-07-24,49.8,"D","Index","Indicative","RBA","Daily","Historical Daily Exchange Rates Of The Australian Dollar Against:","Australian Dollar Trade-weighted Index"
"7653","FXRTWI","Trade-weighted Index May 1970 = 100","AUS","AUS",2002-07-25,49.9,"D","Index","Indicative","RBA","Daily","Historical Daily Exchange Rates Of The Australian Dollar Against:","Australian Dollar Trade-weighted Index"
"7654","FXRTWI","Trade-weighted Index May 1970 = 100","AUS","AUS",2002-07-26,49.8,"D","Index","Indicative","RBA","Daily","Historical Daily Exchange Rates Of The Australian Dollar Against:","Australian Dollar Trade-weighted Index"
"7655","FXRTWI","Trade-weighted Index May 1970 = 100","AUS","AUS",2002-07-29,50,"D","Index","Indicative","RBA","Daily","Historical Daily Exchange Rates Of The Australian Dollar Against:","Australian Dollar Trade-weighted Index"
"7656","FXRTWI","Trade-weighted Index May 1970 = 100","AUS","AUS",2002-07-30,50.6,"D","Index","Indicative","RBA","Daily","Historical Daily Exchange Rates Of The Australian Dollar Against:","Australian Dollar Trade-weighted Index"
"7657","DLCACS","Credit; Total; Seasonally adjusted","AUS","AUS",2002-07-31,876.828,"M","$ billion","Seasonally Adjusted","RBA","Monthly","D2 Lending And Credit Aggregates","Credit; Total; Seasonally adjusted – Includes securitisations – For series breaks see Series Breaks"
"7658","FIRMMCRT","Cash Rate Target","AUS","AUS",2002-07-31,4.75,"M","Per cent","Original","RBA","Monthly","F1.1 Interest Rates And Yields - Money Market","Cash Rate Target; monthly average"
"7659","FXRTWI","Trade-weighted Index May 1970 = 100","AUS","AUS",2002-07-31,50.9,"D","Index","Indicative","RBA","Daily","Historical Daily Exchange Rates Of The Australian Dollar Against:","Australian Dollar Trade-weighted Index"
"7660","FXRTWI","Trade-weighted Index May 1970 = 100","AUS","AUS",2002-07-31,50.9,"M","Index","Indicative","RBA","Monthly","F11 Exchange Rates","Australian Dollar Trade-weighted Index"
"7661","GRCPAISDR","Commodity prices – SDR","AUS","AUS",2002-07-31,27.8615809367547,"M","Index, 2023/24=100","Original","RBA","Monthly","I2 Commodity Prices","Index of commodity prices; All items; SDR"
"7662","A2718577A","Credits, Total goods ;","AUS","AUS",2002-08-01,10048,"M","$ Millions","Seasonally Adjusted",NA,"Monthly","TABLE 1. GOODS, Summary: Seasonally adjusted and trend estimates, Current prices",NA
"7663","A2718594C","Balance on goods ;","AUS","AUS",2002-08-01,-791,"M","$ Millions","Seasonally Adjusted",NA,"Monthly","TABLE 1. GOODS, Summary: Seasonally adjusted and trend estimates, Current prices",NA
"7664","FXRTWI","Trade-weighted Index May 1970 = 100","AUS","AUS",2002-08-01,50.3,"D","Index","Indicative","RBA","Daily","Historical Daily Exchange Rates Of The Australian Dollar Against:","Australian Dollar Trade-weighted Index"
"7665","FXRTWI","Trade-weighted Index May 1970 = 100","AUS","AUS",2002-08-02,50.2,"D","Index","Indicative","RBA","Daily","Historical Daily Exchange Rates Of The Australian Dollar Against:","Australian Dollar Trade-weighted Index"
"7666","FXRTWI","Trade-weighted Index May 1970 = 100","AUS","AUS",2002-08-06,49.2,"D","Index","Indicative","RBA","Daily","Historical Daily Exchange Rates Of The Australian Dollar Against:","Australian Dollar Trade-weighted Index"
"7667","FXRTWI","Trade-weighted Index May 1970 = 100","AUS","AUS",2002-08-07,49.7,"D","Index","Indicative","RBA","Daily","Historical Daily Exchange Rates Of The Australian Dollar Against:","Australian Dollar Trade-weighted Index"
"7668","FXRTWI","Trade-weighted Index May 1970 = 100","AUS","AUS",2002-08-08,50.2,"D","Index","Indicative","RBA","Daily","Historical Daily Exchange Rates Of The Australian Dollar Against:","Australian Dollar Trade-weighted Index"
"7669","FXRTWI","Trade-weighted Index May 1970 = 100","AUS","AUS",2002-08-09,50,"D","Index","Indicative","RBA","Daily","Historical Daily Exchange Rates Of The Australian Dollar Against:","Australian Dollar Trade-weighted Index"
"7670","FXRTWI","Trade-weighted Index May 1970 = 100","AUS","AUS",2002-08-12,50.3,"D","Index","Indicative","RBA","Daily","Historical Daily Exchange Rates Of The Australian Dollar Against:","Australian Dollar Trade-weighted Index"
"7671","FXRTWI","Trade-weighted Index May 1970 = 100","AUS","AUS",2002-08-13,50.3,"D","Index","Indicative","RBA","Daily","Historical Daily Exchange Rates Of The Australian Dollar Against:","Australian Dollar Trade-weighted Index"
"7672","FXRTWI","Trade-weighted Index May 1970 = 100","AUS","AUS",2002-08-14,50.1,"D","Index","Indicative","RBA","Daily","Historical Daily Exchange Rates Of The Australian Dollar Against:","Australian Dollar Trade-weighted Index"
"7673","FXRTWI","Trade-weighted Index May 1970 = 100","AUS","AUS",2002-08-15,50.1,"D","Index","Indicative","RBA","Daily","Historical Daily Exchange Rates Of The Australian Dollar Against:","Australian Dollar Trade-weighted Index"
"7674","FXRTWI","Trade-weighted Index May 1970 = 100","AUS","AUS",2002-08-16,50.6,"D","Index","Indicative","RBA","Daily","Historical Daily Exchange Rates Of The Australian Dollar Against:","Australian Dollar Trade-weighted Index"
"7675","FXRTWI","Trade-weighted Index May 1970 = 100","AUS","AUS",2002-08-19,50.5,"D","Index","Indicative","RBA","Daily","Historical Daily Exchange Rates Of The Australian Dollar Against:","Australian Dollar Trade-weighted Index"
"7676","FXRTWI","Trade-weighted Index May 1970 = 100","AUS","AUS",2002-08-20,50.6,"D","Index","Indicative","RBA","Daily","Historical Daily Exchange Rates Of The Australian Dollar Against:","Australian Dollar Trade-weighted Index"
"7677","FXRTWI","Trade-weighted Index May 1970 = 100","AUS","AUS",2002-08-21,50.7,"D","Index","Indicative","RBA","Daily","Historical Daily Exchange Rates Of The Australian Dollar Against:","Australian Dollar Trade-weighted Index"
"7678","FXRTWI","Trade-weighted Index May 1970 = 100","AUS","AUS",2002-08-22,50.6,"D","Index","Indicative","RBA","Daily","Historical Daily Exchange Rates Of The Australian Dollar Against:","Australian Dollar Trade-weighted Index"
"7679","FXRTWI","Trade-weighted Index May 1970 = 100","AUS","AUS",2002-08-23,50.6,"D","Index","Indicative","RBA","Daily","Historical Daily Exchange Rates Of The Australian Dollar Against:","Australian Dollar Trade-weighted Index"
"7680","FXRTWI","Trade-weighted Index May 1970 = 100","AUS","AUS",2002-08-26,50.8,"D","Index","Indicative","RBA","Daily","Historical Daily Exchange Rates Of The Australian Dollar Against:","Australian Dollar Trade-weighted Index"
"7681","FXRTWI","Trade-weighted Index May 1970 = 100","AUS","AUS",2002-08-27,51.4,"D","Index","Indicative","RBA","Daily","Historical Daily Exchange Rates Of The Australian Dollar Against:","Australian Dollar Trade-weighted Index"
"7682","FXRTWI","Trade-weighted Index May 1970 = 100","AUS","AUS",2002-08-28,51.4,"D","Index","Indicative","RBA","Daily","Historical Daily Exchange Rates Of The Australian Dollar Against:","Australian Dollar Trade-weighted Index"
"7683","FXRTWI","Trade-weighted Index May 1970 = 100","AUS","AUS",2002-08-29,51.2,"D","Index","Indicative","RBA","Daily","Historical Daily Exchange Rates Of The Australian Dollar Against:","Australian Dollar Trade-weighted Index"
"7684","FXRTWI","Trade-weighted Index May 1970 = 100","AUS","AUS",2002-08-30,51.3,"D","Index","Indicative","RBA","Daily","Historical Daily Exchange Rates Of The Australian Dollar Against:","Australian Dollar Trade-weighted Index"
"7685","DLCACS","Credit; Total; Seasonally adjusted","AUS","AUS",2002-08-31,883.953,"M","$ billion","Seasonally Adjusted","RBA","Monthly","D2 Lending And Credit Aggregates","Credit; Total; Seasonally adjusted – Includes securitisations – For series breaks see Series Breaks"
"7686","FIRMMCRT","Cash Rate Target","AUS","AUS",2002-08-31,4.75,"M","Per cent","Original","RBA","Monthly","F1.1 Interest Rates And Yields - Money Market","Cash Rate Target; monthly average"
"7687","FXRTWI","Trade-weighted Index May 1970 = 100","AUS","AUS",2002-08-31,51.3,"M","Index","Indicative","RBA","Monthly","F11 Exchange Rates","Australian Dollar Trade-weighted Index"
"7688","GRCPAISDR","Commodity prices – SDR","AUS","AUS",2002-08-31,28.1366533808399,"M","Index, 2023/24=100","Original","RBA","Monthly","I2 Commodity Prices","Index of commodity prices; All items; SDR"
"7689","A2302956R","South Australia ; STATE FINAL DEMAND ;","SA","SA",2002-09-01,22481,"Q","$ Millions","Seasonally Adjusted",NA,"Quarterly","Table 25. State Final Demand, Summary Components by State: Chain volume measures",NA
"7690","A2302984X","Western Australia ; STATE FINAL DEMAND ;","WA","WA",2002-09-01,31998,"Q","$ Millions","Seasonally Adjusted",NA,"Quarterly","Table 25. State Final Demand, Summary Components by State: Chain volume measures",NA
"7691","A2303012X","Tasmania ; STATE FINAL DEMAND ;","TAS","TAS",2002-09-01,6716,"Q","$ Millions","Seasonally Adjusted",NA,"Quarterly","Table 25. State Final Demand, Summary Components by State: Chain volume measures",NA
"7692","A2303040J","Northern Territory ; STATE FINAL DEMAND ;","NT","NT",2002-09-01,5047,"Q","$ Millions","Seasonally Adjusted",NA,"Quarterly","Table 25. State Final Demand, Summary Components by State: Chain volume measures",NA
"7693","A2303068K","Australian Capital Territory ; STATE FINAL DEMAND ;","ACT","ACT",2002-09-01,9219,"Q","$ Millions","Seasonally Adjusted",NA,"Quarterly","Table 25. State Final Demand, Summary Components by State: Chain volume measures",NA
"7694","A2303111F","New South Wales ; STATE FINAL DEMAND ;","NSW","NSW",2002-09-01,108599,"Q","$ Millions","Seasonally Adjusted",NA,"Quarterly","Table 25. State Final Demand, Summary Components by State: Chain volume measures",NA
"7695","A2303139J","Victoria ; STATE FINAL DEMAND ;","VIC","VIC",2002-09-01,80715,"Q","$ Millions","Seasonally Adjusted",NA,"Quarterly","Table 25. State Final Demand, Summary Components by State: Chain volume measures",NA
"7696","A2303187A","Queensland ; STATE FINAL DEMAND ;","QLD","QLD",2002-09-01,59309,"Q","$ Millions","Seasonally Adjusted",NA,"Quarterly","Table 25. State Final Demand, Summary Components by State: Chain volume measures",NA
"7697","A2304418T","Gross domestic product: Current prices ;","AUS","AUS",2002-09-01,196939,"Q","$ Millions","Seasonally Adjusted",NA,"Quarterly","Table 1. Key National Accounts Aggregates",NA
"7698","A2325846C","Index Numbers ; All groups CPI ; Australia ;","AUS","AUS",2002-09-01,77.1,"Q","Index Numbers","Original",NA,"Quarterly","TABLES 1 and 2. CPI: All Groups, Index Numbers and Percentage Changes",NA
"7699","A2718577A","Credits, Total goods ;","AUS","AUS",2002-09-01,9734,"M","$ Millions","Seasonally Adjusted",NA,"Monthly","TABLE 1. GOODS, Summary: Seasonally adjusted and trend estimates, Current prices",NA
"7700","A2718594C","Balance on goods ;","AUS","AUS",2002-09-01,-1028,"M","$ Millions","Seasonally Adjusted",NA,"Monthly","TABLE 1. GOODS, Summary: Seasonally adjusted and trend estimates, Current prices",NA
"7701","FXRTWI","Trade-weighted Index May 1970 = 100","AUS","AUS",2002-09-02,51,"D","Index","Indicative","RBA","Daily","Historical Daily Exchange Rates Of The Australian Dollar Against:","Australian Dollar Trade-weighted Index"
"7702","FXRTWI","Trade-weighted Index May 1970 = 100","AUS","AUS",2002-09-03,50.9,"D","Index","Indicative","RBA","Daily","Historical Daily Exchange Rates Of The Australian Dollar Against:","Australian Dollar Trade-weighted Index"
"7703","FXRTWI","Trade-weighted Index May 1970 = 100","AUS","AUS",2002-09-04,50.3,"D","Index","Indicative","RBA","Daily","Historical Daily Exchange Rates Of The Australian Dollar Against:","Australian Dollar Trade-weighted Index"
"7704","FXRTWI","Trade-weighted Index May 1970 = 100","AUS","AUS",2002-09-05,50.3,"D","Index","Indicative","RBA","Daily","Historical Daily Exchange Rates Of The Australian Dollar Against:","Australian Dollar Trade-weighted Index"
"7705","FXRTWI","Trade-weighted Index May 1970 = 100","AUS","AUS",2002-09-06,50.5,"D","Index","Indicative","RBA","Daily","Historical Daily Exchange Rates Of The Australian Dollar Against:","Australian Dollar Trade-weighted Index"
"7706","FXRTWI","Trade-weighted Index May 1970 = 100","AUS","AUS",2002-09-09,50.9,"D","Index","Indicative","RBA","Daily","Historical Daily Exchange Rates Of The Australian Dollar Against:","Australian Dollar Trade-weighted Index"
"7707","FXRTWI","Trade-weighted Index May 1970 = 100","AUS","AUS",2002-09-10,51.1,"D","Index","Indicative","RBA","Daily","Historical Daily Exchange Rates Of The Australian Dollar Against:","Australian Dollar Trade-weighted Index"
"7708","FXRTWI","Trade-weighted Index May 1970 = 100","AUS","AUS",2002-09-11,51.1,"D","Index","Indicative","RBA","Daily","Historical Daily Exchange Rates Of The Australian Dollar Against:","Australian Dollar Trade-weighted Index"
"7709","FXRTWI","Trade-weighted Index May 1970 = 100","AUS","AUS",2002-09-12,51.5,"D","Index","Indicative","RBA","Daily","Historical Daily Exchange Rates Of The Australian Dollar Against:","Australian Dollar Trade-weighted Index"
"7710","FXRTWI","Trade-weighted Index May 1970 = 100","AUS","AUS",2002-09-13,51.3,"D","Index","Indicative","RBA","Daily","Historical Daily Exchange Rates Of The Australian Dollar Against:","Australian Dollar Trade-weighted Index"
"7711","FXRTWI","Trade-weighted Index May 1970 = 100","AUS","AUS",2002-09-16,51.5,"D","Index","Indicative","RBA","Daily","Historical Daily Exchange Rates Of The Australian Dollar Against:","Australian Dollar Trade-weighted Index"
"7712","FXRTWI","Trade-weighted Index May 1970 = 100","AUS","AUS",2002-09-17,51.7,"D","Index","Indicative","RBA","Daily","Historical Daily Exchange Rates Of The Australian Dollar Against:","Australian Dollar Trade-weighted Index"
"7713","FXRTWI","Trade-weighted Index May 1970 = 100","AUS","AUS",2002-09-18,51.3,"D","Index","Indicative","RBA","Daily","Historical Daily Exchange Rates Of The Australian Dollar Against:","Australian Dollar Trade-weighted Index"
"7714","FXRTWI","Trade-weighted Index May 1970 = 100","AUS","AUS",2002-09-19,51.5,"D","Index","Indicative","RBA","Daily","Historical Daily Exchange Rates Of The Australian Dollar Against:","Australian Dollar Trade-weighted Index"
"7715","FXRTWI","Trade-weighted Index May 1970 = 100","AUS","AUS",2002-09-20,51.4,"D","Index","Indicative","RBA","Daily","Historical Daily Exchange Rates Of The Australian Dollar Against:","Australian Dollar Trade-weighted Index"
"7716","FXRTWI","Trade-weighted Index May 1970 = 100","AUS","AUS",2002-09-23,51.3,"D","Index","Indicative","RBA","Daily","Historical Daily Exchange Rates Of The Australian Dollar Against:","Australian Dollar Trade-weighted Index"
"7717","FXRTWI","Trade-weighted Index May 1970 = 100","AUS","AUS",2002-09-24,51,"D","Index","Indicative","RBA","Daily","Historical Daily Exchange Rates Of The Australian Dollar Against:","Australian Dollar Trade-weighted Index"
"7718","FXRTWI","Trade-weighted Index May 1970 = 100","AUS","AUS",2002-09-25,51.2,"D","Index","Indicative","RBA","Daily","Historical Daily Exchange Rates Of The Australian Dollar Against:","Australian Dollar Trade-weighted Index"
"7719","FXRTWI","Trade-weighted Index May 1970 = 100","AUS","AUS",2002-09-26,51.1,"D","Index","Indicative","RBA","Daily","Historical Daily Exchange Rates Of The Australian Dollar Against:","Australian Dollar Trade-weighted Index"
"7720","FXRTWI","Trade-weighted Index May 1970 = 100","AUS","AUS",2002-09-27,51.1,"D","Index","Indicative","RBA","Daily","Historical Daily Exchange Rates Of The Australian Dollar Against:","Australian Dollar Trade-weighted Index"
"7721","DLCACS","Credit; Total; Seasonally adjusted","AUS","AUS",2002-09-30,896.532,"M","$ billion","Seasonally Adjusted","RBA","Monthly","D2 Lending And Credit Aggregates","Credit; Total; Seasonally adjusted – Includes securitisations – For series breaks see Series Breaks"
"7722","FIRMMCRT","Cash Rate Target","AUS","AUS",2002-09-30,4.75,"M","Per cent","Original","RBA","Monthly","F1.1 Interest Rates And Yields - Money Market","Cash Rate Target; monthly average"
"7723","FXRTWI","Trade-weighted Index May 1970 = 100","AUS","AUS",2002-09-30,50.9,"D","Index","Indicative","RBA","Daily","Historical Daily Exchange Rates Of The Australian Dollar Against:","Australian Dollar Trade-weighted Index"
"7724","FXRTWI","Trade-weighted Index May 1970 = 100","AUS","AUS",2002-09-30,50.9,"M","Index","Indicative","RBA","Monthly","F11 Exchange Rates","Australian Dollar Trade-weighted Index"
"7725","GCPIOCPMTMQP","Quarterly trimmed mean inflation","AUS","AUS",2002-09-30,0.7,"Q","Per cent","Seasonally Adjusted","ABS","Quarterly","G1 Consumer Price Inflation","Consumer price index; Trimmed mean; Quarterly change (in per cent)"
"7726","GRCPAISDR","Commodity prices – SDR","AUS","AUS",2002-09-30,28.7671814985313,"M","Index, 2023/24=100","Original","RBA","Monthly","I2 Commodity Prices","Index of commodity prices; All items; SDR"
"7727","A2718577A","Credits, Total goods ;","AUS","AUS",2002-10-01,10029,"M","$ Millions","Seasonally Adjusted",NA,"Monthly","TABLE 1. GOODS, Summary: Seasonally adjusted and trend estimates, Current prices",NA
"7728","A2718594C","Balance on goods ;","AUS","AUS",2002-10-01,-1464,"M","$ Millions","Seasonally Adjusted",NA,"Monthly","TABLE 1. GOODS, Summary: Seasonally adjusted and trend estimates, Current prices",NA
"7729","FXRTWI","Trade-weighted Index May 1970 = 100","AUS","AUS",2002-10-01,50.7,"D","Index","Indicative","RBA","Daily","Historical Daily Exchange Rates Of The Australian Dollar Against:","Australian Dollar Trade-weighted Index"
"7730","FXRTWI","Trade-weighted Index May 1970 = 100","AUS","AUS",2002-10-02,50.9,"D","Index","Indicative","RBA","Daily","Historical Daily Exchange Rates Of The Australian Dollar Against:","Australian Dollar Trade-weighted Index"
"7731","FXRTWI","Trade-weighted Index May 1970 = 100","AUS","AUS",2002-10-03,51,"D","Index","Indicative","RBA","Daily","Historical Daily Exchange Rates Of The Australian Dollar Against:","Australian Dollar Trade-weighted Index"
"7732","FXRTWI","Trade-weighted Index May 1970 = 100","AUS","AUS",2002-10-04,51.2,"D","Index","Indicative","RBA","Daily","Historical Daily Exchange Rates Of The Australian Dollar Against:","Australian Dollar Trade-weighted Index"
"7733","FXRTWI","Trade-weighted Index May 1970 = 100","AUS","AUS",2002-10-08,51.6,"D","Index","Indicative","RBA","Daily","Historical Daily Exchange Rates Of The Australian Dollar Against:","Australian Dollar Trade-weighted Index"
"7734","FXRTWI","Trade-weighted Index May 1970 = 100","AUS","AUS",2002-10-09,51.5,"D","Index","Indicative","RBA","Daily","Historical Daily Exchange Rates Of The Australian Dollar Against:","Australian Dollar Trade-weighted Index"
"7735","FXRTWI","Trade-weighted Index May 1970 = 100","AUS","AUS",2002-10-10,51.4,"D","Index","Indicative","RBA","Daily","Historical Daily Exchange Rates Of The Australian Dollar Against:","Australian Dollar Trade-weighted Index"
"7736","FXRTWI","Trade-weighted Index May 1970 = 100","AUS","AUS",2002-10-11,51.5,"D","Index","Indicative","RBA","Daily","Historical Daily Exchange Rates Of The Australian Dollar Against:","Australian Dollar Trade-weighted Index"
"7737","FXRTWI","Trade-weighted Index May 1970 = 100","AUS","AUS",2002-10-14,51.4,"D","Index","Indicative","RBA","Daily","Historical Daily Exchange Rates Of The Australian Dollar Against:","Australian Dollar Trade-weighted Index"
"7738","FXRTWI","Trade-weighted Index May 1970 = 100","AUS","AUS",2002-10-15,51.5,"D","Index","Indicative","RBA","Daily","Historical Daily Exchange Rates Of The Australian Dollar Against:","Australian Dollar Trade-weighted Index"
"7739","FXRTWI","Trade-weighted Index May 1970 = 100","AUS","AUS",2002-10-16,51.7,"D","Index","Indicative","RBA","Daily","Historical Daily Exchange Rates Of The Australian Dollar Against:","Australian Dollar Trade-weighted Index"
"7740","FXRTWI","Trade-weighted Index May 1970 = 100","AUS","AUS",2002-10-17,51.7,"D","Index","Indicative","RBA","Daily","Historical Daily Exchange Rates Of The Australian Dollar Against:","Australian Dollar Trade-weighted Index"
"7741","FXRTWI","Trade-weighted Index May 1970 = 100","AUS","AUS",2002-10-18,52,"D","Index","Indicative","RBA","Daily","Historical Daily Exchange Rates Of The Australian Dollar Against:","Australian Dollar Trade-weighted Index"
"7742","FXRTWI","Trade-weighted Index May 1970 = 100","AUS","AUS",2002-10-21,52.2,"D","Index","Indicative","RBA","Daily","Historical Daily Exchange Rates Of The Australian Dollar Against:","Australian Dollar Trade-weighted Index"
"7743","FXRTWI","Trade-weighted Index May 1970 = 100","AUS","AUS",2002-10-22,52.3,"D","Index","Indicative","RBA","Daily","Historical Daily Exchange Rates Of The Australian Dollar Against:","Australian Dollar Trade-weighted Index"
"7744","FXRTWI","Trade-weighted Index May 1970 = 100","AUS","AUS",2002-10-23,52,"D","Index","Indicative","RBA","Daily","Historical Daily Exchange Rates Of The Australian Dollar Against:","Australian Dollar Trade-weighted Index"
"7745","FXRTWI","Trade-weighted Index May 1970 = 100","AUS","AUS",2002-10-24,52.1,"D","Index","Indicative","RBA","Daily","Historical Daily Exchange Rates Of The Australian Dollar Against:","Australian Dollar Trade-weighted Index"
"7746","FXRTWI","Trade-weighted Index May 1970 = 100","AUS","AUS",2002-10-25,52.1,"D","Index","Indicative","RBA","Daily","Historical Daily Exchange Rates Of The Australian Dollar Against:","Australian Dollar Trade-weighted Index"
"7747","FXRTWI","Trade-weighted Index May 1970 = 100","AUS","AUS",2002-10-28,52.3,"D","Index","Indicative","RBA","Daily","Historical Daily Exchange Rates Of The Australian Dollar Against:","Australian Dollar Trade-weighted Index"
"7748","FXRTWI","Trade-weighted Index May 1970 = 100","AUS","AUS",2002-10-29,52.4,"D","Index","Indicative","RBA","Daily","Historical Daily Exchange Rates Of The Australian Dollar Against:","Australian Dollar Trade-weighted Index"
"7749","FXRTWI","Trade-weighted Index May 1970 = 100","AUS","AUS",2002-10-30,52.1,"D","Index","Indicative","RBA","Daily","Historical Daily Exchange Rates Of The Australian Dollar Against:","Australian Dollar Trade-weighted Index"
"7750","DLCACS","Credit; Total; Seasonally adjusted","AUS","AUS",2002-10-31,900.09,"M","$ billion","Seasonally Adjusted","RBA","Monthly","D2 Lending And Credit Aggregates","Credit; Total; Seasonally adjusted – Includes securitisations – For series breaks see Series Breaks"
"7751","FIRMMCRT","Cash Rate Target","AUS","AUS",2002-10-31,4.75,"M","Per cent","Original","RBA","Monthly","F1.1 Interest Rates And Yields - Money Market","Cash Rate Target; monthly average"
"7752","FXRTWI","Trade-weighted Index May 1970 = 100","AUS","AUS",2002-10-31,51.8,"D","Index","Indicative","RBA","Daily","Historical Daily Exchange Rates Of The Australian Dollar Against:","Australian Dollar Trade-weighted Index"
"7753","FXRTWI","Trade-weighted Index May 1970 = 100","AUS","AUS",2002-10-31,51.8,"M","Index","Indicative","RBA","Monthly","F11 Exchange Rates","Australian Dollar Trade-weighted Index"
"7754","GRCPAISDR","Commodity prices – SDR","AUS","AUS",2002-10-31,29.2785255481609,"M","Index, 2023/24=100","Original","RBA","Monthly","I2 Commodity Prices","Index of commodity prices; All items; SDR"
"7755","A2718577A","Credits, Total goods ;","AUS","AUS",2002-11-01,9843,"M","$ Millions","Seasonally Adjusted",NA,"Monthly","TABLE 1. GOODS, Summary: Seasonally adjusted and trend estimates, Current prices",NA
"7756","A2718594C","Balance on goods ;","AUS","AUS",2002-11-01,-1160,"M","$ Millions","Seasonally Adjusted",NA,"Monthly","TABLE 1. GOODS, Summary: Seasonally adjusted and trend estimates, Current prices",NA
"7757","FXRTWI","Trade-weighted Index May 1970 = 100","AUS","AUS",2002-11-01,51.9,"D","Index","Indicative","RBA","Daily","Historical Daily Exchange Rates Of The Australian Dollar Against:","Australian Dollar Trade-weighted Index"
"7758","FXRTWI","Trade-weighted Index May 1970 = 100","AUS","AUS",2002-11-04,52.3,"D","Index","Indicative","RBA","Daily","Historical Daily Exchange Rates Of The Australian Dollar Against:","Australian Dollar Trade-weighted Index"
"7759","FXRTWI","Trade-weighted Index May 1970 = 100","AUS","AUS",2002-11-05,52.3,"D","Index","Indicative","RBA","Daily","Historical Daily Exchange Rates Of The Australian Dollar Against:","Australian Dollar Trade-weighted Index"
"7760","FXRTWI","Trade-weighted Index May 1970 = 100","AUS","AUS",2002-11-06,52.3,"D","Index","Indicative","RBA","Daily","Historical Daily Exchange Rates Of The Australian Dollar Against:","Australian Dollar Trade-weighted Index"
"7761","FXRTWI","Trade-weighted Index May 1970 = 100","AUS","AUS",2002-11-07,52.5,"D","Index","Indicative","RBA","Daily","Historical Daily Exchange Rates Of The Australian Dollar Against:","Australian Dollar Trade-weighted Index"
"7762","FXRTWI","Trade-weighted Index May 1970 = 100","AUS","AUS",2002-11-08,52.5,"D","Index","Indicative","RBA","Daily","Historical Daily Exchange Rates Of The Australian Dollar Against:","Australian Dollar Trade-weighted Index"
"7763","FXRTWI","Trade-weighted Index May 1970 = 100","AUS","AUS",2002-11-11,52.2,"D","Index","Indicative","RBA","Daily","Historical Daily Exchange Rates Of The Australian Dollar Against:","Australian Dollar Trade-weighted Index"
"7764","FXRTWI","Trade-weighted Index May 1970 = 100","AUS","AUS",2002-11-12,51.8,"D","Index","Indicative","RBA","Daily","Historical Daily Exchange Rates Of The Australian Dollar Against:","Australian Dollar Trade-weighted Index"
"7765","FXRTWI","Trade-weighted Index May 1970 = 100","AUS","AUS",2002-11-13,52,"D","Index","Indicative","RBA","Daily","Historical Daily Exchange Rates Of The Australian Dollar Against:","Australian Dollar Trade-weighted Index"
"7766","FXRTWI","Trade-weighted Index May 1970 = 100","AUS","AUS",2002-11-14,51.9,"D","Index","Indicative","RBA","Daily","Historical Daily Exchange Rates Of The Australian Dollar Against:","Australian Dollar Trade-weighted Index"
"7767","FXRTWI","Trade-weighted Index May 1970 = 100","AUS","AUS",2002-11-15,52.2,"D","Index","Indicative","RBA","Daily","Historical Daily Exchange Rates Of The Australian Dollar Against:","Australian Dollar Trade-weighted Index"
"7768","FXRTWI","Trade-weighted Index May 1970 = 100","AUS","AUS",2002-11-18,52.2,"D","Index","Indicative","RBA","Daily","Historical Daily Exchange Rates Of The Australian Dollar Against:","Australian Dollar Trade-weighted Index"
"7769","FXRTWI","Trade-weighted Index May 1970 = 100","AUS","AUS",2002-11-19,52.1,"D","Index","Indicative","RBA","Daily","Historical Daily Exchange Rates Of The Australian Dollar Against:","Australian Dollar Trade-weighted Index"
"7770","FXRTWI","Trade-weighted Index May 1970 = 100","AUS","AUS",2002-11-20,51.9,"D","Index","Indicative","RBA","Daily","Historical Daily Exchange Rates Of The Australian Dollar Against:","Australian Dollar Trade-weighted Index"
"7771","FXRTWI","Trade-weighted Index May 1970 = 100","AUS","AUS",2002-11-21,52.2,"D","Index","Indicative","RBA","Daily","Historical Daily Exchange Rates Of The Australian Dollar Against:","Australian Dollar Trade-weighted Index"
"7772","FXRTWI","Trade-weighted Index May 1970 = 100","AUS","AUS",2002-11-22,52.3,"D","Index","Indicative","RBA","Daily","Historical Daily Exchange Rates Of The Australian Dollar Against:","Australian Dollar Trade-weighted Index"
"7773","FXRTWI","Trade-weighted Index May 1970 = 100","AUS","AUS",2002-11-25,52.4,"D","Index","Indicative","RBA","Daily","Historical Daily Exchange Rates Of The Australian Dollar Against:","Australian Dollar Trade-weighted Index"
"7774","FXRTWI","Trade-weighted Index May 1970 = 100","AUS","AUS",2002-11-26,52.2,"D","Index","Indicative","RBA","Daily","Historical Daily Exchange Rates Of The Australian Dollar Against:","Australian Dollar Trade-weighted Index"
"7775","FXRTWI","Trade-weighted Index May 1970 = 100","AUS","AUS",2002-11-27,52.2,"D","Index","Indicative","RBA","Daily","Historical Daily Exchange Rates Of The Australian Dollar Against:","Australian Dollar Trade-weighted Index"
"7776","FXRTWI","Trade-weighted Index May 1970 = 100","AUS","AUS",2002-11-28,52,"D","Index","Indicative","RBA","Daily","Historical Daily Exchange Rates Of The Australian Dollar Against:","Australian Dollar Trade-weighted Index"
"7777","FXRTWI","Trade-weighted Index May 1970 = 100","AUS","AUS",2002-11-29,52.2,"D","Index","Indicative","RBA","Daily","Historical Daily Exchange Rates Of The Australian Dollar Against:","Australian Dollar Trade-weighted Index"
"7778","DLCACS","Credit; Total; Seasonally adjusted","AUS","AUS",2002-11-30,901.089,"M","$ billion","Seasonally Adjusted","RBA","Monthly","D2 Lending And Credit Aggregates","Credit; Total; Seasonally adjusted – Includes securitisations – For series breaks see Series Breaks"
"7779","FIRMMCRT","Cash Rate Target","AUS","AUS",2002-11-30,4.75,"M","Per cent","Original","RBA","Monthly","F1.1 Interest Rates And Yields - Money Market","Cash Rate Target; monthly average"
"7780","FXRTWI","Trade-weighted Index May 1970 = 100","AUS","AUS",2002-11-30,52.2,"M","Index","Indicative","RBA","Monthly","F11 Exchange Rates","Australian Dollar Trade-weighted Index"
"7781","GRCPAISDR","Commodity prices – SDR","AUS","AUS",2002-11-30,29.2979947662666,"M","Index, 2023/24=100","Original","RBA","Monthly","I2 Commodity Prices","Index of commodity prices; All items; SDR"
"7782","A2302956R","South Australia ; STATE FINAL DEMAND ;","SA","SA",2002-12-01,22873,"Q","$ Millions","Seasonally Adjusted",NA,"Quarterly","Table 25. State Final Demand, Summary Components by State: Chain volume measures",NA
"7783","A2302984X","Western Australia ; STATE FINAL DEMAND ;","WA","WA",2002-12-01,33081,"Q","$ Millions","Seasonally Adjusted",NA,"Quarterly","Table 25. State Final Demand, Summary Components by State: Chain volume measures",NA
"7784","A2303012X","Tasmania ; STATE FINAL DEMAND ;","TAS","TAS",2002-12-01,6940,"Q","$ Millions","Seasonally Adjusted",NA,"Quarterly","Table 25. State Final Demand, Summary Components by State: Chain volume measures",NA
"7785","A2303040J","Northern Territory ; STATE FINAL DEMAND ;","NT","NT",2002-12-01,5153,"Q","$ Millions","Seasonally Adjusted",NA,"Quarterly","Table 25. State Final Demand, Summary Components by State: Chain volume measures",NA
"7786","A2303068K","Australian Capital Territory ; STATE FINAL DEMAND ;","ACT","ACT",2002-12-01,9561,"Q","$ Millions","Seasonally Adjusted",NA,"Quarterly","Table 25. State Final Demand, Summary Components by State: Chain volume measures",NA
"7787","A2303111F","New South Wales ; STATE FINAL DEMAND ;","NSW","NSW",2002-12-01,110015,"Q","$ Millions","Seasonally Adjusted",NA,"Quarterly","Table 25. State Final Demand, Summary Components by State: Chain volume measures",NA
"7788","A2303139J","Victoria ; STATE FINAL DEMAND ;","VIC","VIC",2002-12-01,81298,"Q","$ Millions","Seasonally Adjusted",NA,"Quarterly","Table 25. State Final Demand, Summary Components by State: Chain volume measures",NA
"7789","A2303187A","Queensland ; STATE FINAL DEMAND ;","QLD","QLD",2002-12-01,60819,"Q","$ Millions","Seasonally Adjusted",NA,"Quarterly","Table 25. State Final Demand, Summary Components by State: Chain volume measures",NA
"7790","A2304418T","Gross domestic product: Current prices ;","AUS","AUS",2002-12-01,200184,"Q","$ Millions","Seasonally Adjusted",NA,"Quarterly","Table 1. Key National Accounts Aggregates",NA
"7791","A2325846C","Index Numbers ; All groups CPI ; Australia ;","AUS","AUS",2002-12-01,77.6,"Q","Index Numbers","Original",NA,"Quarterly","TABLES 1 and 2. CPI: All Groups, Index Numbers and Percentage Changes",NA
"7792","A2718577A","Credits, Total goods ;","AUS","AUS",2002-12-01,10002,"M","$ Millions","Seasonally Adjusted",NA,"Monthly","TABLE 1. GOODS, Summary: Seasonally adjusted and trend estimates, Current prices",NA
"7793","A2718594C","Balance on goods ;","AUS","AUS",2002-12-01,-2434,"M","$ Millions","Seasonally Adjusted",NA,"Monthly","TABLE 1. GOODS, Summary: Seasonally adjusted and trend estimates, Current prices",NA
"7794","FXRTWI","Trade-weighted Index May 1970 = 100","AUS","AUS",2002-12-02,52.2,"D","Index","Indicative","RBA","Daily","Historical Daily Exchange Rates Of The Australian Dollar Against:","Australian Dollar Trade-weighted Index"
"7795","FXRTWI","Trade-weighted Index May 1970 = 100","AUS","AUS",2002-12-03,52.2,"D","Index","Indicative","RBA","Daily","Historical Daily Exchange Rates Of The Australian Dollar Against:","Australian Dollar Trade-weighted Index"
"7796","FXRTWI","Trade-weighted Index May 1970 = 100","AUS","AUS",2002-12-04,52.3,"D","Index","Indicative","RBA","Daily","Historical Daily Exchange Rates Of The Australian Dollar Against:","Australian Dollar Trade-weighted Index"
"7797","FXRTWI","Trade-weighted Index May 1970 = 100","AUS","AUS",2002-12-05,52.5,"D","Index","Indicative","RBA","Daily","Historical Daily Exchange Rates Of The Australian Dollar Against:","Australian Dollar Trade-weighted Index"
"7798","FXRTWI","Trade-weighted Index May 1970 = 100","AUS","AUS",2002-12-06,52.4,"D","Index","Indicative","RBA","Daily","Historical Daily Exchange Rates Of The Australian Dollar Against:","Australian Dollar Trade-weighted Index"
"7799","FXRTWI","Trade-weighted Index May 1970 = 100","AUS","AUS",2002-12-09,52.3,"D","Index","Indicative","RBA","Daily","Historical Daily Exchange Rates Of The Australian Dollar Against:","Australian Dollar Trade-weighted Index"
"7800","FXRTWI","Trade-weighted Index May 1970 = 100","AUS","AUS",2002-12-10,52.3,"D","Index","Indicative","RBA","Daily","Historical Daily Exchange Rates Of The Australian Dollar Against:","Australian Dollar Trade-weighted Index"
"7801","FXRTWI","Trade-weighted Index May 1970 = 100","AUS","AUS",2002-12-11,52.1,"D","Index","Indicative","RBA","Daily","Historical Daily Exchange Rates Of The Australian Dollar Against:","Australian Dollar Trade-weighted Index"
"7802","FXRTWI","Trade-weighted Index May 1970 = 100","AUS","AUS",2002-12-12,52.1,"D","Index","Indicative","RBA","Daily","Historical Daily Exchange Rates Of The Australian Dollar Against:","Australian Dollar Trade-weighted Index"
"7803","FXRTWI","Trade-weighted Index May 1970 = 100","AUS","AUS",2002-12-13,52.3,"D","Index","Indicative","RBA","Daily","Historical Daily Exchange Rates Of The Australian Dollar Against:","Australian Dollar Trade-weighted Index"
"7804","FXRTWI","Trade-weighted Index May 1970 = 100","AUS","AUS",2002-12-16,52.1,"D","Index","Indicative","RBA","Daily","Historical Daily Exchange Rates Of The Australian Dollar Against:","Australian Dollar Trade-weighted Index"
"7805","FXRTWI","Trade-weighted Index May 1970 = 100","AUS","AUS",2002-12-17,52.1,"D","Index","Indicative","RBA","Daily","Historical Daily Exchange Rates Of The Australian Dollar Against:","Australian Dollar Trade-weighted Index"
"7806","FXRTWI","Trade-weighted Index May 1970 = 100","AUS","AUS",2002-12-18,52.1,"D","Index","Indicative","RBA","Daily","Historical Daily Exchange Rates Of The Australian Dollar Against:","Australian Dollar Trade-weighted Index"
"7807","FXRTWI","Trade-weighted Index May 1970 = 100","AUS","AUS",2002-12-19,52.1,"D","Index","Indicative","RBA","Daily","Historical Daily Exchange Rates Of The Australian Dollar Against:","Australian Dollar Trade-weighted Index"
"7808","FXRTWI","Trade-weighted Index May 1970 = 100","AUS","AUS",2002-12-20,52,"D","Index","Indicative","RBA","Daily","Historical Daily Exchange Rates Of The Australian Dollar Against:","Australian Dollar Trade-weighted Index"
"7809","FXRTWI","Trade-weighted Index May 1970 = 100","AUS","AUS",2002-12-23,51.7,"D","Index","Indicative","RBA","Daily","Historical Daily Exchange Rates Of The Australian Dollar Against:","Australian Dollar Trade-weighted Index"
"7810","FXRTWI","Trade-weighted Index May 1970 = 100","AUS","AUS",2002-12-24,51.6,"D","Index","Indicative","RBA","Daily","Historical Daily Exchange Rates Of The Australian Dollar Against:","Australian Dollar Trade-weighted Index"
"7811","FXRTWI","Trade-weighted Index May 1970 = 100","AUS","AUS",2002-12-27,51.7,"D","Index","Indicative","RBA","Daily","Historical Daily Exchange Rates Of The Australian Dollar Against:","Australian Dollar Trade-weighted Index"
"7812","FXRTWI","Trade-weighted Index May 1970 = 100","AUS","AUS",2002-12-30,51.6,"D","Index","Indicative","RBA","Daily","Historical Daily Exchange Rates Of The Australian Dollar Against:","Australian Dollar Trade-weighted Index"
"7813","DLCACS","Credit; Total; Seasonally adjusted","AUS","AUS",2002-12-31,909.2,"M","$ billion","Seasonally Adjusted","RBA","Monthly","D2 Lending And Credit Aggregates","Credit; Total; Seasonally adjusted – Includes securitisations – For series breaks see Series Breaks"
"7814","FIRMMCRT","Cash Rate Target","AUS","AUS",2002-12-31,4.75,"M","Per cent","Original","RBA","Monthly","F1.1 Interest Rates And Yields - Money Market","Cash Rate Target; monthly average"
"7815","FXRTWI","Trade-weighted Index May 1970 = 100","AUS","AUS",2002-12-31,51.7,"D","Index","Indicative","RBA","Daily","Historical Daily Exchange Rates Of The Australian Dollar Against:","Australian Dollar Trade-weighted Index"
"7816","FXRTWI","Trade-weighted Index May 1970 = 100","AUS","AUS",2002-12-31,51.7,"M","Index","Indicative","RBA","Monthly","F11 Exchange Rates","Australian Dollar Trade-weighted Index"
"7817","GCPIOCPMTMQP","Quarterly trimmed mean inflation","AUS","AUS",2002-12-31,0.7,"Q","Per cent","Seasonally Adjusted","ABS","Quarterly","G1 Consumer Price Inflation","Consumer price index; Trimmed mean; Quarterly change (in per cent)"
"7818","GRCPAISDR","Commodity prices – SDR","AUS","AUS",2002-12-31,29.3839860680281,"M","Index, 2023/24=100","Original","RBA","Monthly","I2 Commodity Prices","Index of commodity prices; All items; SDR"
"7819","A2718577A","Credits, Total goods ;","AUS","AUS",2003-01-01,10377,"M","$ Millions","Seasonally Adjusted",NA,"Monthly","TABLE 1. GOODS, Summary: Seasonally adjusted and trend estimates, Current prices",NA
"7820","A2718594C","Balance on goods ;","AUS","AUS",2003-01-01,-1136,"M","$ Millions","Seasonally Adjusted",NA,"Monthly","TABLE 1. GOODS, Summary: Seasonally adjusted and trend estimates, Current prices",NA
"7821","FXRTWI","Trade-weighted Index May 1970 = 100","AUS","AUS",2003-01-02,51.4,"D","Index","Indicative","RBA","Daily","Historical Daily Exchange Rates Of The Australian Dollar Against:","Australian Dollar Trade-weighted Index"
"7822","FXRTWI","Trade-weighted Index May 1970 = 100","AUS","AUS",2003-01-03,51.6,"D","Index","Indicative","RBA","Daily","Historical Daily Exchange Rates Of The Australian Dollar Against:","Australian Dollar Trade-weighted Index"
"7823","FXRTWI","Trade-weighted Index May 1970 = 100","AUS","AUS",2003-01-06,52,"D","Index","Indicative","RBA","Daily","Historical Daily Exchange Rates Of The Australian Dollar Against:","Australian Dollar Trade-weighted Index"
"7824","FXRTWI","Trade-weighted Index May 1970 = 100","AUS","AUS",2003-01-07,52.5,"D","Index","Indicative","RBA","Daily","Historical Daily Exchange Rates Of The Australian Dollar Against:","Australian Dollar Trade-weighted Index"
"7825","FXRTWI","Trade-weighted Index May 1970 = 100","AUS","AUS",2003-01-08,52.5,"D","Index","Indicative","RBA","Daily","Historical Daily Exchange Rates Of The Australian Dollar Against:","Australian Dollar Trade-weighted Index"
"7826","FXRTWI","Trade-weighted Index May 1970 = 100","AUS","AUS",2003-01-09,52.6,"D","Index","Indicative","RBA","Daily","Historical Daily Exchange Rates Of The Australian Dollar Against:","Australian Dollar Trade-weighted Index"
"7827","FXRTWI","Trade-weighted Index May 1970 = 100","AUS","AUS",2003-01-10,52.5,"D","Index","Indicative","RBA","Daily","Historical Daily Exchange Rates Of The Australian Dollar Against:","Australian Dollar Trade-weighted Index"
"7828","FXRTWI","Trade-weighted Index May 1970 = 100","AUS","AUS",2003-01-13,53,"D","Index","Indicative","RBA","Daily","Historical Daily Exchange Rates Of The Australian Dollar Against:","Australian Dollar Trade-weighted Index"
"7829","FXRTWI","Trade-weighted Index May 1970 = 100","AUS","AUS",2003-01-14,53.3,"D","Index","Indicative","RBA","Daily","Historical Daily Exchange Rates Of The Australian Dollar Against:","Australian Dollar Trade-weighted Index"
"7830","FXRTWI","Trade-weighted Index May 1970 = 100","AUS","AUS",2003-01-15,53.3,"D","Index","Indicative","RBA","Daily","Historical Daily Exchange Rates Of The Australian Dollar Against:","Australian Dollar Trade-weighted Index"
"7831","FXRTWI","Trade-weighted Index May 1970 = 100","AUS","AUS",2003-01-16,53.3,"D","Index","Indicative","RBA","Daily","Historical Daily Exchange Rates Of The Australian Dollar Against:","Australian Dollar Trade-weighted Index"
"7832","FXRTWI","Trade-weighted Index May 1970 = 100","AUS","AUS",2003-01-17,53.4,"D","Index","Indicative","RBA","Daily","Historical Daily Exchange Rates Of The Australian Dollar Against:","Australian Dollar Trade-weighted Index"
"7833","FXRTWI","Trade-weighted Index May 1970 = 100","AUS","AUS",2003-01-20,53.5,"D","Index","Indicative","RBA","Daily","Historical Daily Exchange Rates Of The Australian Dollar Against:","Australian Dollar Trade-weighted Index"
"7834","FXRTWI","Trade-weighted Index May 1970 = 100","AUS","AUS",2003-01-21,53.4,"D","Index","Indicative","RBA","Daily","Historical Daily Exchange Rates Of The Australian Dollar Against:","Australian Dollar Trade-weighted Index"
"7835","FXRTWI","Trade-weighted Index May 1970 = 100","AUS","AUS",2003-01-22,53.4,"D","Index","Indicative","RBA","Daily","Historical Daily Exchange Rates Of The Australian Dollar Against:","Australian Dollar Trade-weighted Index"
"7836","FXRTWI","Trade-weighted Index May 1970 = 100","AUS","AUS",2003-01-23,53.2,"D","Index","Indicative","RBA","Daily","Historical Daily Exchange Rates Of The Australian Dollar Against:","Australian Dollar Trade-weighted Index"
"7837","FXRTWI","Trade-weighted Index May 1970 = 100","AUS","AUS",2003-01-24,53.6,"D","Index","Indicative","RBA","Daily","Historical Daily Exchange Rates Of The Australian Dollar Against:","Australian Dollar Trade-weighted Index"
"7838","FXRTWI","Trade-weighted Index May 1970 = 100","AUS","AUS",2003-01-28,53.3,"D","Index","Indicative","RBA","Daily","Historical Daily Exchange Rates Of The Australian Dollar Against:","Australian Dollar Trade-weighted Index"
"7839","FXRTWI","Trade-weighted Index May 1970 = 100","AUS","AUS",2003-01-29,53.1,"D","Index","Indicative","RBA","Daily","Historical Daily Exchange Rates Of The Australian Dollar Against:","Australian Dollar Trade-weighted Index"
"7840","FXRTWI","Trade-weighted Index May 1970 = 100","AUS","AUS",2003-01-30,53.1,"D","Index","Indicative","RBA","Daily","Historical Daily Exchange Rates Of The Australian Dollar Against:","Australian Dollar Trade-weighted Index"
"7841","DLCACS","Credit; Total; Seasonally adjusted","AUS","AUS",2003-01-31,918.633,"M","$ billion","Seasonally Adjusted","RBA","Monthly","D2 Lending And Credit Aggregates","Credit; Total; Seasonally adjusted – Includes securitisations – For series breaks see Series Breaks"
"7842","FIRMMCRT","Cash Rate Target","AUS","AUS",2003-01-31,4.75,"M","Per cent","Original","RBA","Monthly","F1.1 Interest Rates And Yields - Money Market","Cash Rate Target; monthly average"
"7843","FXRTWI","Trade-weighted Index May 1970 = 100","AUS","AUS",2003-01-31,53.2,"D","Index","Indicative","RBA","Daily","Historical Daily Exchange Rates Of The Australian Dollar Against:","Australian Dollar Trade-weighted Index"
"7844","FXRTWI","Trade-weighted Index May 1970 = 100","AUS","AUS",2003-01-31,53.2,"M","Index","Indicative","RBA","Monthly","F11 Exchange Rates","Australian Dollar Trade-weighted Index"
"7845","GRCPAISDR","Commodity prices – SDR","AUS","AUS",2003-01-31,29.223420795976,"M","Index, 2023/24=100","Original","RBA","Monthly","I2 Commodity Prices","Index of commodity prices; All items; SDR"
"7846","A2718577A","Credits, Total goods ;","AUS","AUS",2003-02-01,9814,"M","$ Millions","Seasonally Adjusted",NA,"Monthly","TABLE 1. GOODS, Summary: Seasonally adjusted and trend estimates, Current prices",NA
"7847","A2718594C","Balance on goods ;","AUS","AUS",2003-02-01,-1670,"M","$ Millions","Seasonally Adjusted",NA,"Monthly","TABLE 1. GOODS, Summary: Seasonally adjusted and trend estimates, Current prices",NA
"7848","FXRTWI","Trade-weighted Index May 1970 = 100","AUS","AUS",2003-02-03,53.2,"D","Index","Indicative","RBA","Daily","Historical Daily Exchange Rates Of The Australian Dollar Against:","Australian Dollar Trade-weighted Index"
"7849","FXRTWI","Trade-weighted Index May 1970 = 100","AUS","AUS",2003-02-04,53.1,"D","Index","Indicative","RBA","Daily","Historical Daily Exchange Rates Of The Australian Dollar Against:","Australian Dollar Trade-weighted Index"
"7850","FXRTWI","Trade-weighted Index May 1970 = 100","AUS","AUS",2003-02-05,53.5,"D","Index","Indicative","RBA","Daily","Historical Daily Exchange Rates Of The Australian Dollar Against:","Australian Dollar Trade-weighted Index"
"7851","FXRTWI","Trade-weighted Index May 1970 = 100","AUS","AUS",2003-02-06,53.4,"D","Index","Indicative","RBA","Daily","Historical Daily Exchange Rates Of The Australian Dollar Against:","Australian Dollar Trade-weighted Index"
"7852","FXRTWI","Trade-weighted Index May 1970 = 100","AUS","AUS",2003-02-07,53.6,"D","Index","Indicative","RBA","Daily","Historical Daily Exchange Rates Of The Australian Dollar Against:","Australian Dollar Trade-weighted Index"
"7853","FXRTWI","Trade-weighted Index May 1970 = 100","AUS","AUS",2003-02-10,53.6,"D","Index","Indicative","RBA","Daily","Historical Daily Exchange Rates Of The Australian Dollar Against:","Australian Dollar Trade-weighted Index"
"7854","FXRTWI","Trade-weighted Index May 1970 = 100","AUS","AUS",2003-02-11,53.6,"D","Index","Indicative","RBA","Daily","Historical Daily Exchange Rates Of The Australian Dollar Against:","Australian Dollar Trade-weighted Index"
"7855","FXRTWI","Trade-weighted Index May 1970 = 100","AUS","AUS",2003-02-12,53.9,"D","Index","Indicative","RBA","Daily","Historical Daily Exchange Rates Of The Australian Dollar Against:","Australian Dollar Trade-weighted Index"
"7856","FXRTWI","Trade-weighted Index May 1970 = 100","AUS","AUS",2003-02-13,53.7,"D","Index","Indicative","RBA","Daily","Historical Daily Exchange Rates Of The Australian Dollar Against:","Australian Dollar Trade-weighted Index"
"7857","FXRTWI","Trade-weighted Index May 1970 = 100","AUS","AUS",2003-02-14,54,"D","Index","Indicative","RBA","Daily","Historical Daily Exchange Rates Of The Australian Dollar Against:","Australian Dollar Trade-weighted Index"
"7858","FXRTWI","Trade-weighted Index May 1970 = 100","AUS","AUS",2003-02-17,53.8,"D","Index","Indicative","RBA","Daily","Historical Daily Exchange Rates Of The Australian Dollar Against:","Australian Dollar Trade-weighted Index"
"7859","FXRTWI","Trade-weighted Index May 1970 = 100","AUS","AUS",2003-02-18,53.6,"D","Index","Indicative","RBA","Daily","Historical Daily Exchange Rates Of The Australian Dollar Against:","Australian Dollar Trade-weighted Index"
"7860","FXRTWI","Trade-weighted Index May 1970 = 100","AUS","AUS",2003-02-19,53.6,"D","Index","Indicative","RBA","Daily","Historical Daily Exchange Rates Of The Australian Dollar Against:","Australian Dollar Trade-weighted Index"
"7861","FXRTWI","Trade-weighted Index May 1970 = 100","AUS","AUS",2003-02-20,53.9,"D","Index","Indicative","RBA","Daily","Historical Daily Exchange Rates Of The Australian Dollar Against:","Australian Dollar Trade-weighted Index"
"7862","FXRTWI","Trade-weighted Index May 1970 = 100","AUS","AUS",2003-02-21,54.1,"D","Index","Indicative","RBA","Daily","Historical Daily Exchange Rates Of The Australian Dollar Against:","Australian Dollar Trade-weighted Index"
"7863","FXRTWI","Trade-weighted Index May 1970 = 100","AUS","AUS",2003-02-24,54.2,"D","Index","Indicative","RBA","Daily","Historical Daily Exchange Rates Of The Australian Dollar Against:","Australian Dollar Trade-weighted Index"
"7864","FXRTWI","Trade-weighted Index May 1970 = 100","AUS","AUS",2003-02-25,54.7,"D","Index","Indicative","RBA","Daily","Historical Daily Exchange Rates Of The Australian Dollar Against:","Australian Dollar Trade-weighted Index"
"7865","FXRTWI","Trade-weighted Index May 1970 = 100","AUS","AUS",2003-02-26,54.6,"D","Index","Indicative","RBA","Daily","Historical Daily Exchange Rates Of The Australian Dollar Against:","Australian Dollar Trade-weighted Index"
"7866","FXRTWI","Trade-weighted Index May 1970 = 100","AUS","AUS",2003-02-27,54.7,"D","Index","Indicative","RBA","Daily","Historical Daily Exchange Rates Of The Australian Dollar Against:","Australian Dollar Trade-weighted Index"
"7867","DLCACS","Credit; Total; Seasonally adjusted","AUS","AUS",2003-02-28,926.747,"M","$ billion","Seasonally Adjusted","RBA","Monthly","D2 Lending And Credit Aggregates","Credit; Total; Seasonally adjusted – Includes securitisations – For series breaks see Series Breaks"
"7868","FIRMMCRT","Cash Rate Target","AUS","AUS",2003-02-28,4.75,"M","Per cent","Original","RBA","Monthly","F1.1 Interest Rates And Yields - Money Market","Cash Rate Target; monthly average"
"7869","FXRTWI","Trade-weighted Index May 1970 = 100","AUS","AUS",2003-02-28,54.7,"D","Index","Indicative","RBA","Daily","Historical Daily Exchange Rates Of The Australian Dollar Against:","Australian Dollar Trade-weighted Index"
"7870","FXRTWI","Trade-weighted Index May 1970 = 100","AUS","AUS",2003-02-28,54.7,"M","Index","Indicative","RBA","Monthly","F11 Exchange Rates","Australian Dollar Trade-weighted Index"
"7871","GRCPAISDR","Commodity prices – SDR","AUS","AUS",2003-02-28,29.6638995795729,"M","Index, 2023/24=100","Original","RBA","Monthly","I2 Commodity Prices","Index of commodity prices; All items; SDR"
"7872","A2302956R","South Australia ; STATE FINAL DEMAND ;","SA","SA",2003-03-01,23164,"Q","$ Millions","Seasonally Adjusted",NA,"Quarterly","Table 25. State Final Demand, Summary Components by State: Chain volume measures",NA
"7873","A2302984X","Western Australia ; STATE FINAL DEMAND ;","WA","WA",2003-03-01,33503,"Q","$ Millions","Seasonally Adjusted",NA,"Quarterly","Table 25. State Final Demand, Summary Components by State: Chain volume measures",NA
"7874","A2303012X","Tasmania ; STATE FINAL DEMAND ;","TAS","TAS",2003-03-01,6866,"Q","$ Millions","Seasonally Adjusted",NA,"Quarterly","Table 25. State Final Demand, Summary Components by State: Chain volume measures",NA
"7875","A2303040J","Northern Territory ; STATE FINAL DEMAND ;","NT","NT",2003-03-01,4902,"Q","$ Millions","Seasonally Adjusted",NA,"Quarterly","Table 25. State Final Demand, Summary Components by State: Chain volume measures",NA
"7876","A2303068K","Australian Capital Territory ; STATE FINAL DEMAND ;","ACT","ACT",2003-03-01,9822,"Q","$ Millions","Seasonally Adjusted",NA,"Quarterly","Table 25. State Final Demand, Summary Components by State: Chain volume measures",NA
"7877","A2303111F","New South Wales ; STATE FINAL DEMAND ;","NSW","NSW",2003-03-01,111408,"Q","$ Millions","Seasonally Adjusted",NA,"Quarterly","Table 25. State Final Demand, Summary Components by State: Chain volume measures",NA
"7878","A2303139J","Victoria ; STATE FINAL DEMAND ;","VIC","VIC",2003-03-01,81944,"Q","$ Millions","Seasonally Adjusted",NA,"Quarterly","Table 25. State Final Demand, Summary Components by State: Chain volume measures",NA
"7879","A2303187A","Queensland ; STATE FINAL DEMAND ;","QLD","QLD",2003-03-01,60979,"Q","$ Millions","Seasonally Adjusted",NA,"Quarterly","Table 25. State Final Demand, Summary Components by State: Chain volume measures",NA
"7880","A2304418T","Gross domestic product: Current prices ;","AUS","AUS",2003-03-01,202395,"Q","$ Millions","Seasonally Adjusted",NA,"Quarterly","Table 1. Key National Accounts Aggregates",NA
"7881","A2325846C","Index Numbers ; All groups CPI ; Australia ;","AUS","AUS",2003-03-01,78.6,"Q","Index Numbers","Original",NA,"Quarterly","TABLES 1 and 2. CPI: All Groups, Index Numbers and Percentage Changes",NA
"7882","A2718577A","Credits, Total goods ;","AUS","AUS",2003-03-01,9626,"M","$ Millions","Seasonally Adjusted",NA,"Monthly","TABLE 1. GOODS, Summary: Seasonally adjusted and trend estimates, Current prices",NA
"7883","A2718594C","Balance on goods ;","AUS","AUS",2003-03-01,-1602,"M","$ Millions","Seasonally Adjusted",NA,"Monthly","TABLE 1. GOODS, Summary: Seasonally adjusted and trend estimates, Current prices",NA
"7884","FXRTWI","Trade-weighted Index May 1970 = 100","AUS","AUS",2003-03-03,54.8,"D","Index","Indicative","RBA","Daily","Historical Daily Exchange Rates Of The Australian Dollar Against:","Australian Dollar Trade-weighted Index"
"7885","FXRTWI","Trade-weighted Index May 1970 = 100","AUS","AUS",2003-03-04,55.3,"D","Index","Indicative","RBA","Daily","Historical Daily Exchange Rates Of The Australian Dollar Against:","Australian Dollar Trade-weighted Index"
"7886","FXRTWI","Trade-weighted Index May 1970 = 100","AUS","AUS",2003-03-05,55.5,"D","Index","Indicative","RBA","Daily","Historical Daily Exchange Rates Of The Australian Dollar Against:","Australian Dollar Trade-weighted Index"
"7887","FXRTWI","Trade-weighted Index May 1970 = 100","AUS","AUS",2003-03-06,55.2,"D","Index","Indicative","RBA","Daily","Historical Daily Exchange Rates Of The Australian Dollar Against:","Australian Dollar Trade-weighted Index"
"7888","FXRTWI","Trade-weighted Index May 1970 = 100","AUS","AUS",2003-03-07,55.2,"D","Index","Indicative","RBA","Daily","Historical Daily Exchange Rates Of The Australian Dollar Against:","Australian Dollar Trade-weighted Index"
"7889","FXRTWI","Trade-weighted Index May 1970 = 100","AUS","AUS",2003-03-10,55.1,"D","Index","Indicative","RBA","Daily","Historical Daily Exchange Rates Of The Australian Dollar Against:","Australian Dollar Trade-weighted Index"
"7890","FXRTWI","Trade-weighted Index May 1970 = 100","AUS","AUS",2003-03-11,55.2,"D","Index","Indicative","RBA","Daily","Historical Daily Exchange Rates Of The Australian Dollar Against:","Australian Dollar Trade-weighted Index"
"7891","FXRTWI","Trade-weighted Index May 1970 = 100","AUS","AUS",2003-03-12,54.5,"D","Index","Indicative","RBA","Daily","Historical Daily Exchange Rates Of The Australian Dollar Against:","Australian Dollar Trade-weighted Index"
"7892","FXRTWI","Trade-weighted Index May 1970 = 100","AUS","AUS",2003-03-13,53.7,"D","Index","Indicative","RBA","Daily","Historical Daily Exchange Rates Of The Australian Dollar Against:","Australian Dollar Trade-weighted Index"
"7893","FXRTWI","Trade-weighted Index May 1970 = 100","AUS","AUS",2003-03-14,53.9,"D","Index","Indicative","RBA","Daily","Historical Daily Exchange Rates Of The Australian Dollar Against:","Australian Dollar Trade-weighted Index"
"7894","FXRTWI","Trade-weighted Index May 1970 = 100","AUS","AUS",2003-03-17,54.4,"D","Index","Indicative","RBA","Daily","Historical Daily Exchange Rates Of The Australian Dollar Against:","Australian Dollar Trade-weighted Index"
"7895","FXRTWI","Trade-weighted Index May 1970 = 100","AUS","AUS",2003-03-18,54,"D","Index","Indicative","RBA","Daily","Historical Daily Exchange Rates Of The Australian Dollar Against:","Australian Dollar Trade-weighted Index"
"7896","FXRTWI","Trade-weighted Index May 1970 = 100","AUS","AUS",2003-03-19,54,"D","Index","Indicative","RBA","Daily","Historical Daily Exchange Rates Of The Australian Dollar Against:","Australian Dollar Trade-weighted Index"
"7897","FXRTWI","Trade-weighted Index May 1970 = 100","AUS","AUS",2003-03-20,54.2,"D","Index","Indicative","RBA","Daily","Historical Daily Exchange Rates Of The Australian Dollar Against:","Australian Dollar Trade-weighted Index"
"7898","FXRTWI","Trade-weighted Index May 1970 = 100","AUS","AUS",2003-03-21,54.2,"D","Index","Indicative","RBA","Daily","Historical Daily Exchange Rates Of The Australian Dollar Against:","Australian Dollar Trade-weighted Index"
"7899","FXRTWI","Trade-weighted Index May 1970 = 100","AUS","AUS",2003-03-24,54.3,"D","Index","Indicative","RBA","Daily","Historical Daily Exchange Rates Of The Australian Dollar Against:","Australian Dollar Trade-weighted Index"
"7900","FXRTWI","Trade-weighted Index May 1970 = 100","AUS","AUS",2003-03-25,54.3,"D","Index","Indicative","RBA","Daily","Historical Daily Exchange Rates Of The Australian Dollar Against:","Australian Dollar Trade-weighted Index"
"7901","FXRTWI","Trade-weighted Index May 1970 = 100","AUS","AUS",2003-03-26,54.4,"D","Index","Indicative","RBA","Daily","Historical Daily Exchange Rates Of The Australian Dollar Against:","Australian Dollar Trade-weighted Index"
"7902","FXRTWI","Trade-weighted Index May 1970 = 100","AUS","AUS",2003-03-27,54.6,"D","Index","Indicative","RBA","Daily","Historical Daily Exchange Rates Of The Australian Dollar Against:","Australian Dollar Trade-weighted Index"
"7903","FXRTWI","Trade-weighted Index May 1970 = 100","AUS","AUS",2003-03-28,54.7,"D","Index","Indicative","RBA","Daily","Historical Daily Exchange Rates Of The Australian Dollar Against:","Australian Dollar Trade-weighted Index"
"7904","DLCACS","Credit; Total; Seasonally adjusted","AUS","AUS",2003-03-31,939.181,"M","$ billion","Seasonally Adjusted","RBA","Monthly","D2 Lending And Credit Aggregates","Credit; Total; Seasonally adjusted – Includes securitisations – For series breaks see Series Breaks"
"7905","FIRMMCRT","Cash Rate Target","AUS","AUS",2003-03-31,4.75,"M","Per cent","Original","RBA","Monthly","F1.1 Interest Rates And Yields - Money Market","Cash Rate Target; monthly average"
"7906","FXRTWI","Trade-weighted Index May 1970 = 100","AUS","AUS",2003-03-31,54.8,"D","Index","Indicative","RBA","Daily","Historical Daily Exchange Rates Of The Australian Dollar Against:","Australian Dollar Trade-weighted Index"
"7907","FXRTWI","Trade-weighted Index May 1970 = 100","AUS","AUS",2003-03-31,54.8,"M","Index","Indicative","RBA","Monthly","F11 Exchange Rates","Australian Dollar Trade-weighted Index"
"7908","GCPIOCPMTMQP","Quarterly trimmed mean inflation","AUS","AUS",2003-03-31,0.8,"Q","Per cent","Seasonally Adjusted","ABS","Quarterly","G1 Consumer Price Inflation","Consumer price index; Trimmed mean; Quarterly change (in per cent)"
"7909","GRCPAISDR","Commodity prices – SDR","AUS","AUS",2003-03-31,29.0629661557874,"M","Index, 2023/24=100","Original","RBA","Monthly","I2 Commodity Prices","Index of commodity prices; All items; SDR"
"7910","A2718577A","Credits, Total goods ;","AUS","AUS",2003-04-01,8901,"M","$ Millions","Seasonally Adjusted",NA,"Monthly","TABLE 1. GOODS, Summary: Seasonally adjusted and trend estimates, Current prices",NA
"7911","A2718594C","Balance on goods ;","AUS","AUS",2003-04-01,-2388,"M","$ Millions","Seasonally Adjusted",NA,"Monthly","TABLE 1. GOODS, Summary: Seasonally adjusted and trend estimates, Current prices",NA
"7912","FXRTWI","Trade-weighted Index May 1970 = 100","AUS","AUS",2003-04-01,54.7,"D","Index","Indicative","RBA","Daily","Historical Daily Exchange Rates Of The Australian Dollar Against:","Australian Dollar Trade-weighted Index"
"7913","FXRTWI","Trade-weighted Index May 1970 = 100","AUS","AUS",2003-04-02,54.7,"D","Index","Indicative","RBA","Daily","Historical Daily Exchange Rates Of The Australian Dollar Against:","Australian Dollar Trade-weighted Index"
"7914","FXRTWI","Trade-weighted Index May 1970 = 100","AUS","AUS",2003-04-03,54.7,"D","Index","Indicative","RBA","Daily","Historical Daily Exchange Rates Of The Australian Dollar Against:","Australian Dollar Trade-weighted Index"
"7915","FXRTWI","Trade-weighted Index May 1970 = 100","AUS","AUS",2003-04-04,54.8,"D","Index","Indicative","RBA","Daily","Historical Daily Exchange Rates Of The Australian Dollar Against:","Australian Dollar Trade-weighted Index"
"7916","FXRTWI","Trade-weighted Index May 1970 = 100","AUS","AUS",2003-04-07,54.6,"D","Index","Indicative","RBA","Daily","Historical Daily Exchange Rates Of The Australian Dollar Against:","Australian Dollar Trade-weighted Index"
"7917","FXRTWI","Trade-weighted Index May 1970 = 100","AUS","AUS",2003-04-08,54.7,"D","Index","Indicative","RBA","Daily","Historical Daily Exchange Rates Of The Australian Dollar Against:","Australian Dollar Trade-weighted Index"
"7918","FXRTWI","Trade-weighted Index May 1970 = 100","AUS","AUS",2003-04-09,55,"D","Index","Indicative","RBA","Daily","Historical Daily Exchange Rates Of The Australian Dollar Against:","Australian Dollar Trade-weighted Index"
"7919","FXRTWI","Trade-weighted Index May 1970 = 100","AUS","AUS",2003-04-10,55.1,"D","Index","Indicative","RBA","Daily","Historical Daily Exchange Rates Of The Australian Dollar Against:","Australian Dollar Trade-weighted Index"
"7920","FXRTWI","Trade-weighted Index May 1970 = 100","AUS","AUS",2003-04-11,55.1,"D","Index","Indicative","RBA","Daily","Historical Daily Exchange Rates Of The Australian Dollar Against:","Australian Dollar Trade-weighted Index"
"7921","FXRTWI","Trade-weighted Index May 1970 = 100","AUS","AUS",2003-04-14,55,"D","Index","Indicative","RBA","Daily","Historical Daily Exchange Rates Of The Australian Dollar Against:","Australian Dollar Trade-weighted Index"
"7922","FXRTWI","Trade-weighted Index May 1970 = 100","AUS","AUS",2003-04-15,54.9,"D","Index","Indicative","RBA","Daily","Historical Daily Exchange Rates Of The Australian Dollar Against:","Australian Dollar Trade-weighted Index"
"7923","FXRTWI","Trade-weighted Index May 1970 = 100","AUS","AUS",2003-04-16,55.3,"D","Index","Indicative","RBA","Daily","Historical Daily Exchange Rates Of The Australian Dollar Against:","Australian Dollar Trade-weighted Index"
"7924","FXRTWI","Trade-weighted Index May 1970 = 100","AUS","AUS",2003-04-17,55.5,"D","Index","Indicative","RBA","Daily","Historical Daily Exchange Rates Of The Australian Dollar Against:","Australian Dollar Trade-weighted Index"
"7925","FXRTWI","Trade-weighted Index May 1970 = 100","AUS","AUS",2003-04-22,55.8,"D","Index","Indicative","RBA","Daily","Historical Daily Exchange Rates Of The Australian Dollar Against:","Australian Dollar Trade-weighted Index"
"7926","FXRTWI","Trade-weighted Index May 1970 = 100","AUS","AUS",2003-04-23,56.1,"D","Index","Indicative","RBA","Daily","Historical Daily Exchange Rates Of The Australian Dollar Against:","Australian Dollar Trade-weighted Index"
"7927","FXRTWI","Trade-weighted Index May 1970 = 100","AUS","AUS",2003-04-24,56.1,"D","Index","Indicative","RBA","Daily","Historical Daily Exchange Rates Of The Australian Dollar Against:","Australian Dollar Trade-weighted Index"
"7928","FXRTWI","Trade-weighted Index May 1970 = 100","AUS","AUS",2003-04-28,55.8,"D","Index","Indicative","RBA","Daily","Historical Daily Exchange Rates Of The Australian Dollar Against:","Australian Dollar Trade-weighted Index"
"7929","FXRTWI","Trade-weighted Index May 1970 = 100","AUS","AUS",2003-04-29,56,"D","Index","Indicative","RBA","Daily","Historical Daily Exchange Rates Of The Australian Dollar Against:","Australian Dollar Trade-weighted Index"
"7930","DLCACS","Credit; Total; Seasonally adjusted","AUS","AUS",2003-04-30,941.521,"M","$ billion","Seasonally Adjusted","RBA","Monthly","D2 Lending And Credit Aggregates","Credit; Total; Seasonally adjusted – Includes securitisations – For series breaks see Series Breaks"
"7931","FIRMMCRT","Cash Rate Target","AUS","AUS",2003-04-30,4.75,"M","Per cent","Original","RBA","Monthly","F1.1 Interest Rates And Yields - Money Market","Cash Rate Target; monthly average"
"7932","FXRTWI","Trade-weighted Index May 1970 = 100","AUS","AUS",2003-04-30,56.1,"D","Index","Indicative","RBA","Daily","Historical Daily Exchange Rates Of The Australian Dollar Against:","Australian Dollar Trade-weighted Index"
"7933","FXRTWI","Trade-weighted Index May 1970 = 100","AUS","AUS",2003-04-30,56.1,"M","Index","Indicative","RBA","Monthly","F11 Exchange Rates","Australian Dollar Trade-weighted Index"
"7934","GRCPAISDR","Commodity prices – SDR","AUS","AUS",2003-04-30,28.3310311285159,"M","Index, 2023/24=100","Original","RBA","Monthly","I2 Commodity Prices","Index of commodity prices; All items; SDR"
"7935","A2718577A","Credits, Total goods ;","AUS","AUS",2003-05-01,8789,"M","$ Millions","Seasonally Adjusted",NA,"Monthly","TABLE 1. GOODS, Summary: Seasonally adjusted and trend estimates, Current prices",NA
"7936","A2718594C","Balance on goods ;","AUS","AUS",2003-05-01,-2047,"M","$ Millions","Seasonally Adjusted",NA,"Monthly","TABLE 1. GOODS, Summary: Seasonally adjusted and trend estimates, Current prices",NA
"7937","FXRTWI","Trade-weighted Index May 1970 = 100","AUS","AUS",2003-05-01,56.3,"D","Index","Indicative","RBA","Daily","Historical Daily Exchange Rates Of The Australian Dollar Against:","Australian Dollar Trade-weighted Index"
"7938","FXRTWI","Trade-weighted Index May 1970 = 100","AUS","AUS",2003-05-02,56.7,"D","Index","Indicative","RBA","Daily","Historical Daily Exchange Rates Of The Australian Dollar Against:","Australian Dollar Trade-weighted Index"
"7939","FXRTWI","Trade-weighted Index May 1970 = 100","AUS","AUS",2003-05-05,56.7,"D","Index","Indicative","RBA","Daily","Historical Daily Exchange Rates Of The Australian Dollar Against:","Australian Dollar Trade-weighted Index"
"7940","FXRTWI","Trade-weighted Index May 1970 = 100","AUS","AUS",2003-05-06,56.9,"D","Index","Indicative","RBA","Daily","Historical Daily Exchange Rates Of The Australian Dollar Against:","Australian Dollar Trade-weighted Index"
"7941","FXRTWI","Trade-weighted Index May 1970 = 100","AUS","AUS",2003-05-07,57.2,"D","Index","Indicative","RBA","Daily","Historical Daily Exchange Rates Of The Australian Dollar Against:","Australian Dollar Trade-weighted Index"
"7942","FXRTWI","Trade-weighted Index May 1970 = 100","AUS","AUS",2003-05-08,56.6,"D","Index","Indicative","RBA","Daily","Historical Daily Exchange Rates Of The Australian Dollar Against:","Australian Dollar Trade-weighted Index"
"7943","FXRTWI","Trade-weighted Index May 1970 = 100","AUS","AUS",2003-05-09,57.2,"D","Index","Indicative","RBA","Daily","Historical Daily Exchange Rates Of The Australian Dollar Against:","Australian Dollar Trade-weighted Index"
"7944","FXRTWI","Trade-weighted Index May 1970 = 100","AUS","AUS",2003-05-12,57.5,"D","Index","Indicative","RBA","Daily","Historical Daily Exchange Rates Of The Australian Dollar Against:","Australian Dollar Trade-weighted Index"
"7945","FXRTWI","Trade-weighted Index May 1970 = 100","AUS","AUS",2003-05-13,57.5,"D","Index","Indicative","RBA","Daily","Historical Daily Exchange Rates Of The Australian Dollar Against:","Australian Dollar Trade-weighted Index"
"7946","FXRTWI","Trade-weighted Index May 1970 = 100","AUS","AUS",2003-05-14,57.3,"D","Index","Indicative","RBA","Daily","Historical Daily Exchange Rates Of The Australian Dollar Against:","Australian Dollar Trade-weighted Index"
"7947","FXRTWI","Trade-weighted Index May 1970 = 100","AUS","AUS",2003-05-15,57.1,"D","Index","Indicative","RBA","Daily","Historical Daily Exchange Rates Of The Australian Dollar Against:","Australian Dollar Trade-weighted Index"
"7948","FXRTWI","Trade-weighted Index May 1970 = 100","AUS","AUS",2003-05-16,57.1,"D","Index","Indicative","RBA","Daily","Historical Daily Exchange Rates Of The Australian Dollar Against:","Australian Dollar Trade-weighted Index"
"7949","FXRTWI","Trade-weighted Index May 1970 = 100","AUS","AUS",2003-05-19,57.9,"D","Index","Indicative","RBA","Daily","Historical Daily Exchange Rates Of The Australian Dollar Against:","Australian Dollar Trade-weighted Index"
"7950","FXRTWI","Trade-weighted Index May 1970 = 100","AUS","AUS",2003-05-20,58.1,"D","Index","Indicative","RBA","Daily","Historical Daily Exchange Rates Of The Australian Dollar Against:","Australian Dollar Trade-weighted Index"
"7951","FXRTWI","Trade-weighted Index May 1970 = 100","AUS","AUS",2003-05-21,58.2,"D","Index","Indicative","RBA","Daily","Historical Daily Exchange Rates Of The Australian Dollar Against:","Australian Dollar Trade-weighted Index"
"7952","FXRTWI","Trade-weighted Index May 1970 = 100","AUS","AUS",2003-05-22,58,"D","Index","Indicative","RBA","Daily","Historical Daily Exchange Rates Of The Australian Dollar Against:","Australian Dollar Trade-weighted Index"
"7953","FXRTWI","Trade-weighted Index May 1970 = 100","AUS","AUS",2003-05-23,58.1,"D","Index","Indicative","RBA","Daily","Historical Daily Exchange Rates Of The Australian Dollar Against:","Australian Dollar Trade-weighted Index"
"7954","FXRTWI","Trade-weighted Index May 1970 = 100","AUS","AUS",2003-05-26,58.1,"D","Index","Indicative","RBA","Daily","Historical Daily Exchange Rates Of The Australian Dollar Against:","Australian Dollar Trade-weighted Index"
"7955","FXRTWI","Trade-weighted Index May 1970 = 100","AUS","AUS",2003-05-27,58.1,"D","Index","Indicative","RBA","Daily","Historical Daily Exchange Rates Of The Australian Dollar Against:","Australian Dollar Trade-weighted Index"
"7956","FXRTWI","Trade-weighted Index May 1970 = 100","AUS","AUS",2003-05-28,58,"D","Index","Indicative","RBA","Daily","Historical Daily Exchange Rates Of The Australian Dollar Against:","Australian Dollar Trade-weighted Index"
"7957","FXRTWI","Trade-weighted Index May 1970 = 100","AUS","AUS",2003-05-29,57.5,"D","Index","Indicative","RBA","Daily","Historical Daily Exchange Rates Of The Australian Dollar Against:","Australian Dollar Trade-weighted Index"
"7958","FXRTWI","Trade-weighted Index May 1970 = 100","AUS","AUS",2003-05-30,57.7,"D","Index","Indicative","RBA","Daily","Historical Daily Exchange Rates Of The Australian Dollar Against:","Australian Dollar Trade-weighted Index"
"7959","DLCACS","Credit; Total; Seasonally adjusted","AUS","AUS",2003-05-31,947.651,"M","$ billion","Seasonally Adjusted","RBA","Monthly","D2 Lending And Credit Aggregates","Credit; Total; Seasonally adjusted – Includes securitisations – For series breaks see Series Breaks"
"7960","FIRMMCRT","Cash Rate Target","AUS","AUS",2003-05-31,4.75,"M","Per cent","Original","RBA","Monthly","F1.1 Interest Rates And Yields - Money Market","Cash Rate Target; monthly average"
"7961","FXRTWI","Trade-weighted Index May 1970 = 100","AUS","AUS",2003-05-31,57.7,"M","Index","Indicative","RBA","Monthly","F11 Exchange Rates","Australian Dollar Trade-weighted Index"
"7962","GRCPAISDR","Commodity prices – SDR","AUS","AUS",2003-05-31,27.6013118184798,"M","Index, 2023/24=100","Original","RBA","Monthly","I2 Commodity Prices","Index of commodity prices; All items; SDR"
"7963","A2302956R","South Australia ; STATE FINAL DEMAND ;","SA","SA",2003-06-01,23554,"Q","$ Millions","Seasonally Adjusted",NA,"Quarterly","Table 25. State Final Demand, Summary Components by State: Chain volume measures",NA
"7964","A2302984X","Western Australia ; STATE FINAL DEMAND ;","WA","WA",2003-06-01,33930,"Q","$ Millions","Seasonally Adjusted",NA,"Quarterly","Table 25. State Final Demand, Summary Components by State: Chain volume measures",NA
"7965","A2303012X","Tasmania ; STATE FINAL DEMAND ;","TAS","TAS",2003-06-01,6910,"Q","$ Millions","Seasonally Adjusted",NA,"Quarterly","Table 25. State Final Demand, Summary Components by State: Chain volume measures",NA
"7966","A2303040J","Northern Territory ; STATE FINAL DEMAND ;","NT","NT",2003-06-01,5072,"Q","$ Millions","Seasonally Adjusted",NA,"Quarterly","Table 25. State Final Demand, Summary Components by State: Chain volume measures",NA
"7967","A2303068K","Australian Capital Territory ; STATE FINAL DEMAND ;","ACT","ACT",2003-06-01,9541,"Q","$ Millions","Seasonally Adjusted",NA,"Quarterly","Table 25. State Final Demand, Summary Components by State: Chain volume measures",NA
"7968","A2303111F","New South Wales ; STATE FINAL DEMAND ;","NSW","NSW",2003-06-01,110984,"Q","$ Millions","Seasonally Adjusted",NA,"Quarterly","Table 25. State Final Demand, Summary Components by State: Chain volume measures",NA
"7969","A2303139J","Victoria ; STATE FINAL DEMAND ;","VIC","VIC",2003-06-01,81756,"Q","$ Millions","Seasonally Adjusted",NA,"Quarterly","Table 25. State Final Demand, Summary Components by State: Chain volume measures",NA
"7970","A2303187A","Queensland ; STATE FINAL DEMAND ;","QLD","QLD",2003-06-01,60994,"Q","$ Millions","Seasonally Adjusted",NA,"Quarterly","Table 25. State Final Demand, Summary Components by State: Chain volume measures",NA
"7971","A2304418T","Gross domestic product: Current prices ;","AUS","AUS",2003-06-01,204366,"Q","$ Millions","Seasonally Adjusted",NA,"Quarterly","Table 1. Key National Accounts Aggregates",NA
"7972","A2325846C","Index Numbers ; All groups CPI ; Australia ;","AUS","AUS",2003-06-01,78.6,"Q","Index Numbers","Original",NA,"Quarterly","TABLES 1 and 2. CPI: All Groups, Index Numbers and Percentage Changes",NA
"7973","A2336320R","New South Wales ; Gross state product: Current prices ;","NSW","NSW",2003-06-01,282274,"Annual","$ Millions","Original",NA,"Annual","Table 1. Gross State Product, Chain volume measures and current prices",NA
"7974","A2336321T","Victoria ; Gross state product: Current prices ;","VIC","VIC",2003-06-01,202353,"Annual","$ Millions","Original",NA,"Annual","Table 1. Gross State Product, Chain volume measures and current prices",NA
"7975","A2336322V","Queensland ; Gross state product: Current prices ;","QLD","QLD",2003-06-01,133794,"Annual","$ Millions","Original",NA,"Annual","Table 1. Gross State Product, Chain volume measures and current prices",NA
"7976","A2336323W","South Australia ; Gross state product: Current prices ;","SA","SA",2003-06-01,57205,"Annual","$ Millions","Original",NA,"Annual","Table 1. Gross State Product, Chain volume measures and current prices",NA
"7977","A2336324X","Western Australia ; Gross state product: Current prices ;","WA","WA",2003-06-01,88313,"Annual","$ Millions","Original",NA,"Annual","Table 1. Gross State Product, Chain volume measures and current prices",NA
"7978","A2336325A","Tasmania ; Gross state product: Current prices ;","TAS","TAS",2003-06-01,14552,"Annual","$ Millions","Original",NA,"Annual","Table 1. Gross State Product, Chain volume measures and current prices",NA
"7979","A2336326C","Northern Territory ; Gross state product: Current prices ;","NT","NT",2003-06-01,9101,"Annual","$ Millions","Original",NA,"Annual","Table 1. Gross State Product, Chain volume measures and current prices",NA
"7980","A2336327F","Australian Capital Territory ; Gross state product: Current prices ;","ACT","ACT",2003-06-01,15515,"Annual","$ Millions","Original",NA,"Annual","Table 1. Gross State Product, Chain volume measures and current prices",NA
"7981","A2718577A","Credits, Total goods ;","AUS","AUS",2003-06-01,8822,"M","$ Millions","Seasonally Adjusted",NA,"Monthly","TABLE 1. GOODS, Summary: Seasonally adjusted and trend estimates, Current prices",NA
"7982","A2718594C","Balance on goods ;","AUS","AUS",2003-06-01,-2295,"M","$ Millions","Seasonally Adjusted",NA,"Monthly","TABLE 1. GOODS, Summary: Seasonally adjusted and trend estimates, Current prices",NA
"7983","FXRTWI","Trade-weighted Index May 1970 = 100","AUS","AUS",2003-06-02,57.8,"D","Index","Indicative","RBA","Daily","Historical Daily Exchange Rates Of The Australian Dollar Against:","Australian Dollar Trade-weighted Index"
"7984","FXRTWI","Trade-weighted Index May 1970 = 100","AUS","AUS",2003-06-03,58.3,"D","Index","Indicative","RBA","Daily","Historical Daily Exchange Rates Of The Australian Dollar Against:","Australian Dollar Trade-weighted Index"
"7985","FXRTWI","Trade-weighted Index May 1970 = 100","AUS","AUS",2003-06-04,58.6,"D","Index","Indicative","RBA","Daily","Historical Daily Exchange Rates Of The Australian Dollar Against:","Australian Dollar Trade-weighted Index"
"7986","FXRTWI","Trade-weighted Index May 1970 = 100","AUS","AUS",2003-06-05,58.8,"D","Index","Indicative","RBA","Daily","Historical Daily Exchange Rates Of The Australian Dollar Against:","Australian Dollar Trade-weighted Index"
"7987","FXRTWI","Trade-weighted Index May 1970 = 100","AUS","AUS",2003-06-06,58.8,"D","Index","Indicative","RBA","Daily","Historical Daily Exchange Rates Of The Australian Dollar Against:","Australian Dollar Trade-weighted Index"
"7988","FXRTWI","Trade-weighted Index May 1970 = 100","AUS","AUS",2003-06-10,58.2,"D","Index","Indicative","RBA","Daily","Historical Daily Exchange Rates Of The Australian Dollar Against:","Australian Dollar Trade-weighted Index"
"7989","FXRTWI","Trade-weighted Index May 1970 = 100","AUS","AUS",2003-06-11,58.2,"D","Index","Indicative","RBA","Daily","Historical Daily Exchange Rates Of The Australian Dollar Against:","Australian Dollar Trade-weighted Index"
"7990","FXRTWI","Trade-weighted Index May 1970 = 100","AUS","AUS",2003-06-12,58.7,"D","Index","Indicative","RBA","Daily","Historical Daily Exchange Rates Of The Australian Dollar Against:","Australian Dollar Trade-weighted Index"
"7991","FXRTWI","Trade-weighted Index May 1970 = 100","AUS","AUS",2003-06-13,58.6,"D","Index","Indicative","RBA","Daily","Historical Daily Exchange Rates Of The Australian Dollar Against:","Australian Dollar Trade-weighted Index"
"7992","FXRTWI","Trade-weighted Index May 1970 = 100","AUS","AUS",2003-06-16,58.8,"D","Index","Indicative","RBA","Daily","Historical Daily Exchange Rates Of The Australian Dollar Against:","Australian Dollar Trade-weighted Index"
"7993","FXRTWI","Trade-weighted Index May 1970 = 100","AUS","AUS",2003-06-17,59,"D","Index","Indicative","RBA","Daily","Historical Daily Exchange Rates Of The Australian Dollar Against:","Australian Dollar Trade-weighted Index"
"7994","FXRTWI","Trade-weighted Index May 1970 = 100","AUS","AUS",2003-06-18,59.1,"D","Index","Indicative","RBA","Daily","Historical Daily Exchange Rates Of The Australian Dollar Against:","Australian Dollar Trade-weighted Index"
"7995","FXRTWI","Trade-weighted Index May 1970 = 100","AUS","AUS",2003-06-19,58.9,"D","Index","Indicative","RBA","Daily","Historical Daily Exchange Rates Of The Australian Dollar Against:","Australian Dollar Trade-weighted Index"
"7996","FXRTWI","Trade-weighted Index May 1970 = 100","AUS","AUS",2003-06-20,59.2,"D","Index","Indicative","RBA","Daily","Historical Daily Exchange Rates Of The Australian Dollar Against:","Australian Dollar Trade-weighted Index"
"7997","FXRTWI","Trade-weighted Index May 1970 = 100","AUS","AUS",2003-06-23,59.1,"D","Index","Indicative","RBA","Daily","Historical Daily Exchange Rates Of The Australian Dollar Against:","Australian Dollar Trade-weighted Index"
"7998","FXRTWI","Trade-weighted Index May 1970 = 100","AUS","AUS",2003-06-24,58.8,"D","Index","Indicative","RBA","Daily","Historical Daily Exchange Rates Of The Australian Dollar Against:","Australian Dollar Trade-weighted Index"
"7999","FXRTWI","Trade-weighted Index May 1970 = 100","AUS","AUS",2003-06-25,58.8,"D","Index","Indicative","RBA","Daily","Historical Daily Exchange Rates Of The Australian Dollar Against:","Australian Dollar Trade-weighted Index"
"8000","FXRTWI","Trade-weighted Index May 1970 = 100","AUS","AUS",2003-06-26,59.2,"D","Index","Indicative","RBA","Daily","Historical Daily Exchange Rates Of The Australian Dollar Against:","Australian Dollar Trade-weighted Index"
"8001","FXRTWI","Trade-weighted Index May 1970 = 100","AUS","AUS",2003-06-27,59.2,"D","Index","Indicative","RBA","Daily","Historical Daily Exchange Rates Of The Australian Dollar Against:","Australian Dollar Trade-weighted Index"
"8002","DLCACS","Credit; Total; Seasonally adjusted","AUS","AUS",2003-06-30,959.961,"M","$ billion","Seasonally Adjusted","RBA","Monthly","D2 Lending And Credit Aggregates","Credit; Total; Seasonally adjusted – Includes securitisations – For series breaks see Series Breaks"
"8003","FIRMMCRT","Cash Rate Target","AUS","AUS",2003-06-30,4.75,"M","Per cent","Original","RBA","Monthly","F1.1 Interest Rates And Yields - Money Market","Cash Rate Target; monthly average"
"8004","FXRTWI","Trade-weighted Index May 1970 = 100","AUS","AUS",2003-06-30,59.4,"D","Index","Indicative","RBA","Daily","Historical Daily Exchange Rates Of The Australian Dollar Against:","Australian Dollar Trade-weighted Index"
"8005","FXRTWI","Trade-weighted Index May 1970 = 100","AUS","AUS",2003-06-30,59.4,"M","Index","Indicative","RBA","Monthly","F11 Exchange Rates","Australian Dollar Trade-weighted Index"
"8006","GCPIOCPMTMQP","Quarterly trimmed mean inflation","AUS","AUS",2003-06-30,0.5,"Q","Per cent","Seasonally Adjusted","ABS","Quarterly","G1 Consumer Price Inflation","Consumer price index; Trimmed mean; Quarterly change (in per cent)"
"8007","GRCPAISDR","Commodity prices – SDR","AUS","AUS",2003-06-30,27.6523611266856,"M","Index, 2023/24=100","Original","RBA","Monthly","I2 Commodity Prices","Index of commodity prices; All items; SDR"
"8008","A2718577A","Credits, Total goods ;","AUS","AUS",2003-07-01,8447,"M","$ Millions","Seasonally Adjusted",NA,"Monthly","TABLE 1. GOODS, Summary: Seasonally adjusted and trend estimates, Current prices",NA
"8009","A2718594C","Balance on goods ;","AUS","AUS",2003-07-01,-2274,"M","$ Millions","Seasonally Adjusted",NA,"Monthly","TABLE 1. GOODS, Summary: Seasonally adjusted and trend estimates, Current prices",NA
"8010","FXRTWI","Trade-weighted Index May 1970 = 100","AUS","AUS",2003-07-01,59.8,"D","Index","Indicative","RBA","Daily","Historical Daily Exchange Rates Of The Australian Dollar Against:","Australian Dollar Trade-weighted Index"
"8011","FXRTWI","Trade-weighted Index May 1970 = 100","AUS","AUS",2003-07-02,60.1,"D","Index","Indicative","RBA","Daily","Historical Daily Exchange Rates Of The Australian Dollar Against:","Australian Dollar Trade-weighted Index"
"8012","FXRTWI","Trade-weighted Index May 1970 = 100","AUS","AUS",2003-07-03,60.2,"D","Index","Indicative","RBA","Daily","Historical Daily Exchange Rates Of The Australian Dollar Against:","Australian Dollar Trade-weighted Index"
"8013","FXRTWI","Trade-weighted Index May 1970 = 100","AUS","AUS",2003-07-04,60.2,"D","Index","Indicative","RBA","Daily","Historical Daily Exchange Rates Of The Australian Dollar Against:","Australian Dollar Trade-weighted Index"
"8014","FXRTWI","Trade-weighted Index May 1970 = 100","AUS","AUS",2003-07-07,60.5,"D","Index","Indicative","RBA","Daily","Historical Daily Exchange Rates Of The Australian Dollar Against:","Australian Dollar Trade-weighted Index"
"8015","FXRTWI","Trade-weighted Index May 1970 = 100","AUS","AUS",2003-07-08,59.8,"D","Index","Indicative","RBA","Daily","Historical Daily Exchange Rates Of The Australian Dollar Against:","Australian Dollar Trade-weighted Index"
"8016","FXRTWI","Trade-weighted Index May 1970 = 100","AUS","AUS",2003-07-09,58.8,"D","Index","Indicative","RBA","Daily","Historical Daily Exchange Rates Of The Australian Dollar Against:","Australian Dollar Trade-weighted Index"
"8017","FXRTWI","Trade-weighted Index May 1970 = 100","AUS","AUS",2003-07-10,57.9,"D","Index","Indicative","RBA","Daily","Historical Daily Exchange Rates Of The Australian Dollar Against:","Australian Dollar Trade-weighted Index"
"8018","FXRTWI","Trade-weighted Index May 1970 = 100","AUS","AUS",2003-07-11,58.4,"D","Index","Indicative","RBA","Daily","Historical Daily Exchange Rates Of The Australian Dollar Against:","Australian Dollar Trade-weighted Index"
"8019","FXRTWI","Trade-weighted Index May 1970 = 100","AUS","AUS",2003-07-14,58.3,"D","Index","Indicative","RBA","Daily","Historical Daily Exchange Rates Of The Australian Dollar Against:","Australian Dollar Trade-weighted Index"
"8020","FXRTWI","Trade-weighted Index May 1970 = 100","AUS","AUS",2003-07-15,58.3,"D","Index","Indicative","RBA","Daily","Historical Daily Exchange Rates Of The Australian Dollar Against:","Australian Dollar Trade-weighted Index"
"8021","FXRTWI","Trade-weighted Index May 1970 = 100","AUS","AUS",2003-07-16,58.1,"D","Index","Indicative","RBA","Daily","Historical Daily Exchange Rates Of The Australian Dollar Against:","Australian Dollar Trade-weighted Index"
"8022","FXRTWI","Trade-weighted Index May 1970 = 100","AUS","AUS",2003-07-17,58.3,"D","Index","Indicative","RBA","Daily","Historical Daily Exchange Rates Of The Australian Dollar Against:","Australian Dollar Trade-weighted Index"
"8023","FXRTWI","Trade-weighted Index May 1970 = 100","AUS","AUS",2003-07-18,57.9,"D","Index","Indicative","RBA","Daily","Historical Daily Exchange Rates Of The Australian Dollar Against:","Australian Dollar Trade-weighted Index"
"8024","FXRTWI","Trade-weighted Index May 1970 = 100","AUS","AUS",2003-07-21,57.8,"D","Index","Indicative","RBA","Daily","Historical Daily Exchange Rates Of The Australian Dollar Against:","Australian Dollar Trade-weighted Index"
"8025","FXRTWI","Trade-weighted Index May 1970 = 100","AUS","AUS",2003-07-22,58.3,"D","Index","Indicative","RBA","Daily","Historical Daily Exchange Rates Of The Australian Dollar Against:","Australian Dollar Trade-weighted Index"
"8026","FXRTWI","Trade-weighted Index May 1970 = 100","AUS","AUS",2003-07-23,58.1,"D","Index","Indicative","RBA","Daily","Historical Daily Exchange Rates Of The Australian Dollar Against:","Australian Dollar Trade-weighted Index"
"8027","FXRTWI","Trade-weighted Index May 1970 = 100","AUS","AUS",2003-07-24,58.9,"D","Index","Indicative","RBA","Daily","Historical Daily Exchange Rates Of The Australian Dollar Against:","Australian Dollar Trade-weighted Index"
"8028","FXRTWI","Trade-weighted Index May 1970 = 100","AUS","AUS",2003-07-25,59,"D","Index","Indicative","RBA","Daily","Historical Daily Exchange Rates Of The Australian Dollar Against:","Australian Dollar Trade-weighted Index"
"8029","FXRTWI","Trade-weighted Index May 1970 = 100","AUS","AUS",2003-07-28,58.8,"D","Index","Indicative","RBA","Daily","Historical Daily Exchange Rates Of The Australian Dollar Against:","Australian Dollar Trade-weighted Index"
"8030","FXRTWI","Trade-weighted Index May 1970 = 100","AUS","AUS",2003-07-29,59,"D","Index","Indicative","RBA","Daily","Historical Daily Exchange Rates Of The Australian Dollar Against:","Australian Dollar Trade-weighted Index"
"8031","FXRTWI","Trade-weighted Index May 1970 = 100","AUS","AUS",2003-07-30,58.8,"D","Index","Indicative","RBA","Daily","Historical Daily Exchange Rates Of The Australian Dollar Against:","Australian Dollar Trade-weighted Index"
"8032","DLCACS","Credit; Total; Seasonally adjusted","AUS","AUS",2003-07-31,960.285,"M","$ billion","Seasonally Adjusted","RBA","Monthly","D2 Lending And Credit Aggregates","Credit; Total; Seasonally adjusted – Includes securitisations – For series breaks see Series Breaks"
"8033","FIRMMCRT","Cash Rate Target","AUS","AUS",2003-07-31,4.75,"M","Per cent","Original","RBA","Monthly","F1.1 Interest Rates And Yields - Money Market","Cash Rate Target; monthly average"
"8034","FXRTWI","Trade-weighted Index May 1970 = 100","AUS","AUS",2003-07-31,58.3,"D","Index","Indicative","RBA","Daily","Historical Daily Exchange Rates Of The Australian Dollar Against:","Australian Dollar Trade-weighted Index"
"8035","FXRTWI","Trade-weighted Index May 1970 = 100","AUS","AUS",2003-07-31,58.3,"M","Index","Indicative","RBA","Monthly","F11 Exchange Rates","Australian Dollar Trade-weighted Index"
"8036","GRCPAISDR","Commodity prices – SDR","AUS","AUS",2003-07-31,28.1363769153308,"M","Index, 2023/24=100","Original","RBA","Monthly","I2 Commodity Prices","Index of commodity prices; All items; SDR"
"8037","A2718577A","Credits, Total goods ;","AUS","AUS",2003-08-01,8939,"M","$ Millions","Seasonally Adjusted",NA,"Monthly","TABLE 1. GOODS, Summary: Seasonally adjusted and trend estimates, Current prices",NA
"8038","A2718594C","Balance on goods ;","AUS","AUS",2003-08-01,-1747,"M","$ Millions","Seasonally Adjusted",NA,"Monthly","TABLE 1. GOODS, Summary: Seasonally adjusted and trend estimates, Current prices",NA
"8039","FXRTWI","Trade-weighted Index May 1970 = 100","AUS","AUS",2003-08-01,57.9,"D","Index","Indicative","RBA","Daily","Historical Daily Exchange Rates Of The Australian Dollar Against:","Australian Dollar Trade-weighted Index"
"8040","FXRTWI","Trade-weighted Index May 1970 = 100","AUS","AUS",2003-08-05,57.9,"D","Index","Indicative","RBA","Daily","Historical Daily Exchange Rates Of The Australian Dollar Against:","Australian Dollar Trade-weighted Index"
"8041","FXRTWI","Trade-weighted Index May 1970 = 100","AUS","AUS",2003-08-06,58,"D","Index","Indicative","RBA","Daily","Historical Daily Exchange Rates Of The Australian Dollar Against:","Australian Dollar Trade-weighted Index"
"8042","FXRTWI","Trade-weighted Index May 1970 = 100","AUS","AUS",2003-08-07,57.7,"D","Index","Indicative","RBA","Daily","Historical Daily Exchange Rates Of The Australian Dollar Against:","Australian Dollar Trade-weighted Index"
"8043","FXRTWI","Trade-weighted Index May 1970 = 100","AUS","AUS",2003-08-08,58.1,"D","Index","Indicative","RBA","Daily","Historical Daily Exchange Rates Of The Australian Dollar Against:","Australian Dollar Trade-weighted Index"
"8044","FXRTWI","Trade-weighted Index May 1970 = 100","AUS","AUS",2003-08-11,58.3,"D","Index","Indicative","RBA","Daily","Historical Daily Exchange Rates Of The Australian Dollar Against:","Australian Dollar Trade-weighted Index"
"8045","FXRTWI","Trade-weighted Index May 1970 = 100","AUS","AUS",2003-08-12,58.6,"D","Index","Indicative","RBA","Daily","Historical Daily Exchange Rates Of The Australian Dollar Against:","Australian Dollar Trade-weighted Index"
"8046","FXRTWI","Trade-weighted Index May 1970 = 100","AUS","AUS",2003-08-13,58.3,"D","Index","Indicative","RBA","Daily","Historical Daily Exchange Rates Of The Australian Dollar Against:","Australian Dollar Trade-weighted Index"
"8047","FXRTWI","Trade-weighted Index May 1970 = 100","AUS","AUS",2003-08-14,58.7,"D","Index","Indicative","RBA","Daily","Historical Daily Exchange Rates Of The Australian Dollar Against:","Australian Dollar Trade-weighted Index"
"8048","FXRTWI","Trade-weighted Index May 1970 = 100","AUS","AUS",2003-08-15,58.6,"D","Index","Indicative","RBA","Daily","Historical Daily Exchange Rates Of The Australian Dollar Against:","Australian Dollar Trade-weighted Index"
"8049","FXRTWI","Trade-weighted Index May 1970 = 100","AUS","AUS",2003-08-18,59,"D","Index","Indicative","RBA","Daily","Historical Daily Exchange Rates Of The Australian Dollar Against:","Australian Dollar Trade-weighted Index"
"8050","FXRTWI","Trade-weighted Index May 1970 = 100","AUS","AUS",2003-08-19,58.5,"D","Index","Indicative","RBA","Daily","Historical Daily Exchange Rates Of The Australian Dollar Against:","Australian Dollar Trade-weighted Index"
"8051","FXRTWI","Trade-weighted Index May 1970 = 100","AUS","AUS",2003-08-20,58.5,"D","Index","Indicative","RBA","Daily","Historical Daily Exchange Rates Of The Australian Dollar Against:","Australian Dollar Trade-weighted Index"
"8052","FXRTWI","Trade-weighted Index May 1970 = 100","AUS","AUS",2003-08-21,58.7,"D","Index","Indicative","RBA","Daily","Historical Daily Exchange Rates Of The Australian Dollar Against:","Australian Dollar Trade-weighted Index"
"8053","FXRTWI","Trade-weighted Index May 1970 = 100","AUS","AUS",2003-08-22,58.2,"D","Index","Indicative","RBA","Daily","Historical Daily Exchange Rates Of The Australian Dollar Against:","Australian Dollar Trade-weighted Index"
"8054","FXRTWI","Trade-weighted Index May 1970 = 100","AUS","AUS",2003-08-25,58.2,"D","Index","Indicative","RBA","Daily","Historical Daily Exchange Rates Of The Australian Dollar Against:","Australian Dollar Trade-weighted Index"
"8055","FXRTWI","Trade-weighted Index May 1970 = 100","AUS","AUS",2003-08-26,57.8,"D","Index","Indicative","RBA","Daily","Historical Daily Exchange Rates Of The Australian Dollar Against:","Australian Dollar Trade-weighted Index"
"8056","FXRTWI","Trade-weighted Index May 1970 = 100","AUS","AUS",2003-08-27,57.7,"D","Index","Indicative","RBA","Daily","Historical Daily Exchange Rates Of The Australian Dollar Against:","Australian Dollar Trade-weighted Index"
"8057","FXRTWI","Trade-weighted Index May 1970 = 100","AUS","AUS",2003-08-28,57.1,"D","Index","Indicative","RBA","Daily","Historical Daily Exchange Rates Of The Australian Dollar Against:","Australian Dollar Trade-weighted Index"
"8058","FXRTWI","Trade-weighted Index May 1970 = 100","AUS","AUS",2003-08-29,57.3,"D","Index","Indicative","RBA","Daily","Historical Daily Exchange Rates Of The Australian Dollar Against:","Australian Dollar Trade-weighted Index"
"8059","DLCACS","Credit; Total; Seasonally adjusted","AUS","AUS",2003-08-31,970.333,"M","$ billion","Seasonally Adjusted","RBA","Monthly","D2 Lending And Credit Aggregates","Credit; Total; Seasonally adjusted – Includes securitisations – For series breaks see Series Breaks"
"8060","FIRMMCRT","Cash Rate Target","AUS","AUS",2003-08-31,4.75,"M","Per cent","Original","RBA","Monthly","F1.1 Interest Rates And Yields - Money Market","Cash Rate Target; monthly average"
"8061","FXRTWI","Trade-weighted Index May 1970 = 100","AUS","AUS",2003-08-31,57.3,"M","Index","Indicative","RBA","Monthly","F11 Exchange Rates","Australian Dollar Trade-weighted Index"
"8062","GRCPAISDR","Commodity prices – SDR","AUS","AUS",2003-08-31,28.9470545543731,"M","Index, 2023/24=100","Original","RBA","Monthly","I2 Commodity Prices","Index of commodity prices; All items; SDR"
"8063","A2302956R","South Australia ; STATE FINAL DEMAND ;","SA","SA",2003-09-01,23807,"Q","$ Millions","Seasonally Adjusted",NA,"Quarterly","Table 25. State Final Demand, Summary Components by State: Chain volume measures",NA
"8064","A2302984X","Western Australia ; STATE FINAL DEMAND ;","WA","WA",2003-09-01,35241,"Q","$ Millions","Seasonally Adjusted",NA,"Quarterly","Table 25. State Final Demand, Summary Components by State: Chain volume measures",NA
"8065","A2303012X","Tasmania ; STATE FINAL DEMAND ;","TAS","TAS",2003-09-01,7153,"Q","$ Millions","Seasonally Adjusted",NA,"Quarterly","Table 25. State Final Demand, Summary Components by State: Chain volume measures",NA
"8066","A2303040J","Northern Territory ; STATE FINAL DEMAND ;","NT","NT",2003-09-01,5300,"Q","$ Millions","Seasonally Adjusted",NA,"Quarterly","Table 25. State Final Demand, Summary Components by State: Chain volume measures",NA
"8067","A2303068K","Australian Capital Territory ; STATE FINAL DEMAND ;","ACT","ACT",2003-09-01,9879,"Q","$ Millions","Seasonally Adjusted",NA,"Quarterly","Table 25. State Final Demand, Summary Components by State: Chain volume measures",NA
"8068","A2303111F","New South Wales ; STATE FINAL DEMAND ;","NSW","NSW",2003-09-01,112909,"Q","$ Millions","Seasonally Adjusted",NA,"Quarterly","Table 25. State Final Demand, Summary Components by State: Chain volume measures",NA
"8069","A2303139J","Victoria ; STATE FINAL DEMAND ;","VIC","VIC",2003-09-01,83278,"Q","$ Millions","Seasonally Adjusted",NA,"Quarterly","Table 25. State Final Demand, Summary Components by State: Chain volume measures",NA
"8070","A2303187A","Queensland ; STATE FINAL DEMAND ;","QLD","QLD",2003-09-01,62011,"Q","$ Millions","Seasonally Adjusted",NA,"Quarterly","Table 25. State Final Demand, Summary Components by State: Chain volume measures",NA
"8071","A2304418T","Gross domestic product: Current prices ;","AUS","AUS",2003-09-01,209088,"Q","$ Millions","Seasonally Adjusted",NA,"Quarterly","Table 1. Key National Accounts Aggregates",NA
"8072","A2325846C","Index Numbers ; All groups CPI ; Australia ;","AUS","AUS",2003-09-01,79.1,"Q","Index Numbers","Original",NA,"Quarterly","TABLES 1 and 2. CPI: All Groups, Index Numbers and Percentage Changes",NA
"8073","A2718577A","Credits, Total goods ;","AUS","AUS",2003-09-01,8818,"M","$ Millions","Seasonally Adjusted",NA,"Monthly","TABLE 1. GOODS, Summary: Seasonally adjusted and trend estimates, Current prices",NA
"8074","A2718594C","Balance on goods ;","AUS","AUS",2003-09-01,-2187,"M","$ Millions","Seasonally Adjusted",NA,"Monthly","TABLE 1. GOODS, Summary: Seasonally adjusted and trend estimates, Current prices",NA
"8075","FXRTWI","Trade-weighted Index May 1970 = 100","AUS","AUS",2003-09-01,57.7,"D","Index","Indicative","RBA","Daily","Historical Daily Exchange Rates Of The Australian Dollar Against:","Australian Dollar Trade-weighted Index"
"8076","FXRTWI","Trade-weighted Index May 1970 = 100","AUS","AUS",2003-09-02,57.5,"D","Index","Indicative","RBA","Daily","Historical Daily Exchange Rates Of The Australian Dollar Against:","Australian Dollar Trade-weighted Index"
"8077","FXRTWI","Trade-weighted Index May 1970 = 100","AUS","AUS",2003-09-03,57.1,"D","Index","Indicative","RBA","Daily","Historical Daily Exchange Rates Of The Australian Dollar Against:","Australian Dollar Trade-weighted Index"
"8078","FXRTWI","Trade-weighted Index May 1970 = 100","AUS","AUS",2003-09-04,57.3,"D","Index","Indicative","RBA","Daily","Historical Daily Exchange Rates Of The Australian Dollar Against:","Australian Dollar Trade-weighted Index"
"8079","FXRTWI","Trade-weighted Index May 1970 = 100","AUS","AUS",2003-09-05,57.4,"D","Index","Indicative","RBA","Daily","Historical Daily Exchange Rates Of The Australian Dollar Against:","Australian Dollar Trade-weighted Index"
"8080","FXRTWI","Trade-weighted Index May 1970 = 100","AUS","AUS",2003-09-08,57.8,"D","Index","Indicative","RBA","Daily","Historical Daily Exchange Rates Of The Australian Dollar Against:","Australian Dollar Trade-weighted Index"
"8081","FXRTWI","Trade-weighted Index May 1970 = 100","AUS","AUS",2003-09-09,57.7,"D","Index","Indicative","RBA","Daily","Historical Daily Exchange Rates Of The Australian Dollar Against:","Australian Dollar Trade-weighted Index"
"8082","FXRTWI","Trade-weighted Index May 1970 = 100","AUS","AUS",2003-09-10,58.4,"D","Index","Indicative","RBA","Daily","Historical Daily Exchange Rates Of The Australian Dollar Against:","Australian Dollar Trade-weighted Index"
"8083","FXRTWI","Trade-weighted Index May 1970 = 100","AUS","AUS",2003-09-11,58.5,"D","Index","Indicative","RBA","Daily","Historical Daily Exchange Rates Of The Australian Dollar Against:","Australian Dollar Trade-weighted Index"
"8084","FXRTWI","Trade-weighted Index May 1970 = 100","AUS","AUS",2003-09-12,58.6,"D","Index","Indicative","RBA","Daily","Historical Daily Exchange Rates Of The Australian Dollar Against:","Australian Dollar Trade-weighted Index"
"8085","FXRTWI","Trade-weighted Index May 1970 = 100","AUS","AUS",2003-09-15,58.8,"D","Index","Indicative","RBA","Daily","Historical Daily Exchange Rates Of The Australian Dollar Against:","Australian Dollar Trade-weighted Index"
"8086","FXRTWI","Trade-weighted Index May 1970 = 100","AUS","AUS",2003-09-16,59,"D","Index","Indicative","RBA","Daily","Historical Daily Exchange Rates Of The Australian Dollar Against:","Australian Dollar Trade-weighted Index"
"8087","FXRTWI","Trade-weighted Index May 1970 = 100","AUS","AUS",2003-09-17,58.6,"D","Index","Indicative","RBA","Daily","Historical Daily Exchange Rates Of The Australian Dollar Against:","Australian Dollar Trade-weighted Index"
"8088","FXRTWI","Trade-weighted Index May 1970 = 100","AUS","AUS",2003-09-18,58.8,"D","Index","Indicative","RBA","Daily","Historical Daily Exchange Rates Of The Australian Dollar Against:","Australian Dollar Trade-weighted Index"
"8089","FXRTWI","Trade-weighted Index May 1970 = 100","AUS","AUS",2003-09-19,59.1,"D","Index","Indicative","RBA","Daily","Historical Daily Exchange Rates Of The Australian Dollar Against:","Australian Dollar Trade-weighted Index"
"8090","FXRTWI","Trade-weighted Index May 1970 = 100","AUS","AUS",2003-09-22,59.4,"D","Index","Indicative","RBA","Daily","Historical Daily Exchange Rates Of The Australian Dollar Against:","Australian Dollar Trade-weighted Index"
"8091","FXRTWI","Trade-weighted Index May 1970 = 100","AUS","AUS",2003-09-23,59.2,"D","Index","Indicative","RBA","Daily","Historical Daily Exchange Rates Of The Australian Dollar Against:","Australian Dollar Trade-weighted Index"
"8092","FXRTWI","Trade-weighted Index May 1970 = 100","AUS","AUS",2003-09-24,59,"D","Index","Indicative","RBA","Daily","Historical Daily Exchange Rates Of The Australian Dollar Against:","Australian Dollar Trade-weighted Index"
"8093","FXRTWI","Trade-weighted Index May 1970 = 100","AUS","AUS",2003-09-25,59.3,"D","Index","Indicative","RBA","Daily","Historical Daily Exchange Rates Of The Australian Dollar Against:","Australian Dollar Trade-weighted Index"
"8094","FXRTWI","Trade-weighted Index May 1970 = 100","AUS","AUS",2003-09-26,59.4,"D","Index","Indicative","RBA","Daily","Historical Daily Exchange Rates Of The Australian Dollar Against:","Australian Dollar Trade-weighted Index"
"8095","FXRTWI","Trade-weighted Index May 1970 = 100","AUS","AUS",2003-09-29,58.6,"D","Index","Indicative","RBA","Daily","Historical Daily Exchange Rates Of The Australian Dollar Against:","Australian Dollar Trade-weighted Index"
"8096","DLCACS","Credit; Total; Seasonally adjusted","AUS","AUS",2003-09-30,982.294,"M","$ billion","Seasonally Adjusted","RBA","Monthly","D2 Lending And Credit Aggregates","Credit; Total; Seasonally adjusted – Includes securitisations – For series breaks see Series Breaks"
"8097","FIRMMCRT","Cash Rate Target","AUS","AUS",2003-09-30,4.75,"M","Per cent","Original","RBA","Monthly","F1.1 Interest Rates And Yields - Money Market","Cash Rate Target; monthly average"
"8098","FXRTWI","Trade-weighted Index May 1970 = 100","AUS","AUS",2003-09-30,59.1,"D","Index","Indicative","RBA","Daily","Historical Daily Exchange Rates Of The Australian Dollar Against:","Australian Dollar Trade-weighted Index"
"8099","FXRTWI","Trade-weighted Index May 1970 = 100","AUS","AUS",2003-09-30,59.1,"M","Index","Indicative","RBA","Monthly","F11 Exchange Rates","Australian Dollar Trade-weighted Index"
"8100","GCPIOCPMTMQP","Quarterly trimmed mean inflation","AUS","AUS",2003-09-30,0.7,"Q","Per cent","Seasonally Adjusted","ABS","Quarterly","G1 Consumer Price Inflation","Consumer price index; Trimmed mean; Quarterly change (in per cent)"
"8101","GRCPAISDR","Commodity prices – SDR","AUS","AUS",2003-09-30,29.1023303473105,"M","Index, 2023/24=100","Original","RBA","Monthly","I2 Commodity Prices","Index of commodity prices; All items; SDR"
"8102","A2718577A","Credits, Total goods ;","AUS","AUS",2003-10-01,8672,"M","$ Millions","Seasonally Adjusted",NA,"Monthly","TABLE 1. GOODS, Summary: Seasonally adjusted and trend estimates, Current prices",NA
"8103","A2718594C","Balance on goods ;","AUS","AUS",2003-10-01,-2290,"M","$ Millions","Seasonally Adjusted",NA,"Monthly","TABLE 1. GOODS, Summary: Seasonally adjusted and trend estimates, Current prices",NA
"8104","FXRTWI","Trade-weighted Index May 1970 = 100","AUS","AUS",2003-10-01,59.4,"D","Index","Indicative","RBA","Daily","Historical Daily Exchange Rates Of The Australian Dollar Against:","Australian Dollar Trade-weighted Index"
"8105","FXRTWI","Trade-weighted Index May 1970 = 100","AUS","AUS",2003-10-02,59.4,"D","Index","Indicative","RBA","Daily","Historical Daily Exchange Rates Of The Australian Dollar Against:","Australian Dollar Trade-weighted Index"
"8106","FXRTWI","Trade-weighted Index May 1970 = 100","AUS","AUS",2003-10-03,59.4,"D","Index","Indicative","RBA","Daily","Historical Daily Exchange Rates Of The Australian Dollar Against:","Australian Dollar Trade-weighted Index"
"8107","FXRTWI","Trade-weighted Index May 1970 = 100","AUS","AUS",2003-10-07,59.5,"D","Index","Indicative","RBA","Daily","Historical Daily Exchange Rates Of The Australian Dollar Against:","Australian Dollar Trade-weighted Index"
"8108","FXRTWI","Trade-weighted Index May 1970 = 100","AUS","AUS",2003-10-08,59.7,"D","Index","Indicative","RBA","Daily","Historical Daily Exchange Rates Of The Australian Dollar Against:","Australian Dollar Trade-weighted Index"
"8109","FXRTWI","Trade-weighted Index May 1970 = 100","AUS","AUS",2003-10-09,59.8,"D","Index","Indicative","RBA","Daily","Historical Daily Exchange Rates Of The Australian Dollar Against:","Australian Dollar Trade-weighted Index"
"8110","FXRTWI","Trade-weighted Index May 1970 = 100","AUS","AUS",2003-10-10,59.6,"D","Index","Indicative","RBA","Daily","Historical Daily Exchange Rates Of The Australian Dollar Against:","Australian Dollar Trade-weighted Index"
"8111","FXRTWI","Trade-weighted Index May 1970 = 100","AUS","AUS",2003-10-13,59.6,"D","Index","Indicative","RBA","Daily","Historical Daily Exchange Rates Of The Australian Dollar Against:","Australian Dollar Trade-weighted Index"
"8112","FXRTWI","Trade-weighted Index May 1970 = 100","AUS","AUS",2003-10-14,59.4,"D","Index","Indicative","RBA","Daily","Historical Daily Exchange Rates Of The Australian Dollar Against:","Australian Dollar Trade-weighted Index"
"8113","FXRTWI","Trade-weighted Index May 1970 = 100","AUS","AUS",2003-10-15,59.8,"D","Index","Indicative","RBA","Daily","Historical Daily Exchange Rates Of The Australian Dollar Against:","Australian Dollar Trade-weighted Index"
"8114","FXRTWI","Trade-weighted Index May 1970 = 100","AUS","AUS",2003-10-16,59.8,"D","Index","Indicative","RBA","Daily","Historical Daily Exchange Rates Of The Australian Dollar Against:","Australian Dollar Trade-weighted Index"
"8115","FXRTWI","Trade-weighted Index May 1970 = 100","AUS","AUS",2003-10-17,60,"D","Index","Indicative","RBA","Daily","Historical Daily Exchange Rates Of The Australian Dollar Against:","Australian Dollar Trade-weighted Index"
"8116","FXRTWI","Trade-weighted Index May 1970 = 100","AUS","AUS",2003-10-20,60.2,"D","Index","Indicative","RBA","Daily","Historical Daily Exchange Rates Of The Australian Dollar Against:","Australian Dollar Trade-weighted Index"
"8117","FXRTWI","Trade-weighted Index May 1970 = 100","AUS","AUS",2003-10-21,60.3,"D","Index","Indicative","RBA","Daily","Historical Daily Exchange Rates Of The Australian Dollar Against:","Australian Dollar Trade-weighted Index"
"8118","FXRTWI","Trade-weighted Index May 1970 = 100","AUS","AUS",2003-10-22,60.7,"D","Index","Indicative","RBA","Daily","Historical Daily Exchange Rates Of The Australian Dollar Against:","Australian Dollar Trade-weighted Index"
"8119","FXRTWI","Trade-weighted Index May 1970 = 100","AUS","AUS",2003-10-23,60.8,"D","Index","Indicative","RBA","Daily","Historical Daily Exchange Rates Of The Australian Dollar Against:","Australian Dollar Trade-weighted Index"
"8120","FXRTWI","Trade-weighted Index May 1970 = 100","AUS","AUS",2003-10-24,60.7,"D","Index","Indicative","RBA","Daily","Historical Daily Exchange Rates Of The Australian Dollar Against:","Australian Dollar Trade-weighted Index"
"8121","FXRTWI","Trade-weighted Index May 1970 = 100","AUS","AUS",2003-10-27,60.7,"D","Index","Indicative","RBA","Daily","Historical Daily Exchange Rates Of The Australian Dollar Against:","Australian Dollar Trade-weighted Index"
"8122","FXRTWI","Trade-weighted Index May 1970 = 100","AUS","AUS",2003-10-28,60.9,"D","Index","Indicative","RBA","Daily","Historical Daily Exchange Rates Of The Australian Dollar Against:","Australian Dollar Trade-weighted Index"
"8123","FXRTWI","Trade-weighted Index May 1970 = 100","AUS","AUS",2003-10-29,61,"D","Index","Indicative","RBA","Daily","Historical Daily Exchange Rates Of The Australian Dollar Against:","Australian Dollar Trade-weighted Index"
"8124","FXRTWI","Trade-weighted Index May 1970 = 100","AUS","AUS",2003-10-30,60.9,"D","Index","Indicative","RBA","Daily","Historical Daily Exchange Rates Of The Australian Dollar Against:","Australian Dollar Trade-weighted Index"
"8125","DLCACS","Credit; Total; Seasonally adjusted","AUS","AUS",2003-10-31,994.747,"M","$ billion","Seasonally Adjusted","RBA","Monthly","D2 Lending And Credit Aggregates","Credit; Total; Seasonally adjusted – Includes securitisations – For series breaks see Series Breaks"
"8126","FIRMMCRT","Cash Rate Target","AUS","AUS",2003-10-31,4.75,"M","Per cent","Original","RBA","Monthly","F1.1 Interest Rates And Yields - Money Market","Cash Rate Target; monthly average"
"8127","FXRTWI","Trade-weighted Index May 1970 = 100","AUS","AUS",2003-10-31,61,"D","Index","Indicative","RBA","Daily","Historical Daily Exchange Rates Of The Australian Dollar Against:","Australian Dollar Trade-weighted Index"
"8128","FXRTWI","Trade-weighted Index May 1970 = 100","AUS","AUS",2003-10-31,61,"M","Index","Indicative","RBA","Monthly","F11 Exchange Rates","Australian Dollar Trade-weighted Index"
"8129","GRCPAISDR","Commodity prices – SDR","AUS","AUS",2003-10-31,29.2222119956555,"M","Index, 2023/24=100","Original","RBA","Monthly","I2 Commodity Prices","Index of commodity prices; All items; SDR"
"8130","A2718577A","Credits, Total goods ;","AUS","AUS",2003-11-01,8677,"M","$ Millions","Seasonally Adjusted",NA,"Monthly","TABLE 1. GOODS, Summary: Seasonally adjusted and trend estimates, Current prices",NA
"8131","A2718594C","Balance on goods ;","AUS","AUS",2003-11-01,-1707,"M","$ Millions","Seasonally Adjusted",NA,"Monthly","TABLE 1. GOODS, Summary: Seasonally adjusted and trend estimates, Current prices",NA
"8132","FXRTWI","Trade-weighted Index May 1970 = 100","AUS","AUS",2003-11-03,61.5,"D","Index","Indicative","RBA","Daily","Historical Daily Exchange Rates Of The Australian Dollar Against:","Australian Dollar Trade-weighted Index"
"8133","FXRTWI","Trade-weighted Index May 1970 = 100","AUS","AUS",2003-11-04,60.8,"D","Index","Indicative","RBA","Daily","Historical Daily Exchange Rates Of The Australian Dollar Against:","Australian Dollar Trade-weighted Index"
"8134","FXRTWI","Trade-weighted Index May 1970 = 100","AUS","AUS",2003-11-05,61.7,"D","Index","Indicative","RBA","Daily","Historical Daily Exchange Rates Of The Australian Dollar Against:","Australian Dollar Trade-weighted Index"
"8135","FXRTWI","Trade-weighted Index May 1970 = 100","AUS","AUS",2003-11-06,61.9,"D","Index","Indicative","RBA","Daily","Historical Daily Exchange Rates Of The Australian Dollar Against:","Australian Dollar Trade-weighted Index"
"8136","FXRTWI","Trade-weighted Index May 1970 = 100","AUS","AUS",2003-11-07,61.6,"D","Index","Indicative","RBA","Daily","Historical Daily Exchange Rates Of The Australian Dollar Against:","Australian Dollar Trade-weighted Index"
"8137","FXRTWI","Trade-weighted Index May 1970 = 100","AUS","AUS",2003-11-10,61.8,"D","Index","Indicative","RBA","Daily","Historical Daily Exchange Rates Of The Australian Dollar Against:","Australian Dollar Trade-weighted Index"
"8138","FXRTWI","Trade-weighted Index May 1970 = 100","AUS","AUS",2003-11-11,62,"D","Index","Indicative","RBA","Daily","Historical Daily Exchange Rates Of The Australian Dollar Against:","Australian Dollar Trade-weighted Index"
"8139","FXRTWI","Trade-weighted Index May 1970 = 100","AUS","AUS",2003-11-12,61.9,"D","Index","Indicative","RBA","Daily","Historical Daily Exchange Rates Of The Australian Dollar Against:","Australian Dollar Trade-weighted Index"
"8140","FXRTWI","Trade-weighted Index May 1970 = 100","AUS","AUS",2003-11-13,62.1,"D","Index","Indicative","RBA","Daily","Historical Daily Exchange Rates Of The Australian Dollar Against:","Australian Dollar Trade-weighted Index"
"8141","FXRTWI","Trade-weighted Index May 1970 = 100","AUS","AUS",2003-11-14,62.1,"D","Index","Indicative","RBA","Daily","Historical Daily Exchange Rates Of The Australian Dollar Against:","Australian Dollar Trade-weighted Index"
"8142","FXRTWI","Trade-weighted Index May 1970 = 100","AUS","AUS",2003-11-17,61.6,"D","Index","Indicative","RBA","Daily","Historical Daily Exchange Rates Of The Australian Dollar Against:","Australian Dollar Trade-weighted Index"
"8143","FXRTWI","Trade-weighted Index May 1970 = 100","AUS","AUS",2003-11-18,61.7,"D","Index","Indicative","RBA","Daily","Historical Daily Exchange Rates Of The Australian Dollar Against:","Australian Dollar Trade-weighted Index"
"8144","FXRTWI","Trade-weighted Index May 1970 = 100","AUS","AUS",2003-11-19,62,"D","Index","Indicative","RBA","Daily","Historical Daily Exchange Rates Of The Australian Dollar Against:","Australian Dollar Trade-weighted Index"
"8145","FXRTWI","Trade-weighted Index May 1970 = 100","AUS","AUS",2003-11-20,62.1,"D","Index","Indicative","RBA","Daily","Historical Daily Exchange Rates Of The Australian Dollar Against:","Australian Dollar Trade-weighted Index"
"8146","FXRTWI","Trade-weighted Index May 1970 = 100","AUS","AUS",2003-11-21,62.1,"D","Index","Indicative","RBA","Daily","Historical Daily Exchange Rates Of The Australian Dollar Against:","Australian Dollar Trade-weighted Index"
"8147","FXRTWI","Trade-weighted Index May 1970 = 100","AUS","AUS",2003-11-24,62.2,"D","Index","Indicative","RBA","Daily","Historical Daily Exchange Rates Of The Australian Dollar Against:","Australian Dollar Trade-weighted Index"
"8148","FXRTWI","Trade-weighted Index May 1970 = 100","AUS","AUS",2003-11-25,62.2,"D","Index","Indicative","RBA","Daily","Historical Daily Exchange Rates Of The Australian Dollar Against:","Australian Dollar Trade-weighted Index"
"8149","FXRTWI","Trade-weighted Index May 1970 = 100","AUS","AUS",2003-11-26,62,"D","Index","Indicative","RBA","Daily","Historical Daily Exchange Rates Of The Australian Dollar Against:","Australian Dollar Trade-weighted Index"
"8150","FXRTWI","Trade-weighted Index May 1970 = 100","AUS","AUS",2003-11-27,62.3,"D","Index","Indicative","RBA","Daily","Historical Daily Exchange Rates Of The Australian Dollar Against:","Australian Dollar Trade-weighted Index"
"8151","FXRTWI","Trade-weighted Index May 1970 = 100","AUS","AUS",2003-11-28,62.1,"D","Index","Indicative","RBA","Daily","Historical Daily Exchange Rates Of The Australian Dollar Against:","Australian Dollar Trade-weighted Index"
"8152","DLCACS","Credit; Total; Seasonally adjusted","AUS","AUS",2003-11-30,1006.714,"M","$ billion","Seasonally Adjusted","RBA","Monthly","D2 Lending And Credit Aggregates","Credit; Total; Seasonally adjusted – Includes securitisations – For series breaks see Series Breaks"
"8153","FIRMMCRT","Cash Rate Target","AUS","AUS",2003-11-30,4.975,"M","Per cent","Original","RBA","Monthly","F1.1 Interest Rates And Yields - Money Market","Cash Rate Target; monthly average"
"8154","FXRTWI","Trade-weighted Index May 1970 = 100","AUS","AUS",2003-11-30,62.1,"M","Index","Indicative","RBA","Monthly","F11 Exchange Rates","Australian Dollar Trade-weighted Index"
"8155","GRCPAISDR","Commodity prices – SDR","AUS","AUS",2003-11-30,29.7945227575727,"M","Index, 2023/24=100","Original","RBA","Monthly","I2 Commodity Prices","Index of commodity prices; All items; SDR"
"8156","A2302956R","South Australia ; STATE FINAL DEMAND ;","SA","SA",2003-12-01,23987,"Q","$ Millions","Seasonally Adjusted",NA,"Quarterly","Table 25. State Final Demand, Summary Components by State: Chain volume measures",NA
"8157","A2302984X","Western Australia ; STATE FINAL DEMAND ;","WA","WA",2003-12-01,35859,"Q","$ Millions","Seasonally Adjusted",NA,"Quarterly","Table 25. State Final Demand, Summary Components by State: Chain volume measures",NA
"8158","A2303012X","Tasmania ; STATE FINAL DEMAND ;","TAS","TAS",2003-12-01,7344,"Q","$ Millions","Seasonally Adjusted",NA,"Quarterly","Table 25. State Final Demand, Summary Components by State: Chain volume measures",NA
"8159","A2303040J","Northern Territory ; STATE FINAL DEMAND ;","NT","NT",2003-12-01,5413,"Q","$ Millions","Seasonally Adjusted",NA,"Quarterly","Table 25. State Final Demand, Summary Components by State: Chain volume measures",NA
"8160","A2303068K","Australian Capital Territory ; STATE FINAL DEMAND ;","ACT","ACT",2003-12-01,9846,"Q","$ Millions","Seasonally Adjusted",NA,"Quarterly","Table 25. State Final Demand, Summary Components by State: Chain volume measures",NA
"8161","A2303111F","New South Wales ; STATE FINAL DEMAND ;","NSW","NSW",2003-12-01,115744,"Q","$ Millions","Seasonally Adjusted",NA,"Quarterly","Table 25. State Final Demand, Summary Components by State: Chain volume measures",NA
"8162","A2303139J","Victoria ; STATE FINAL DEMAND ;","VIC","VIC",2003-12-01,84580,"Q","$ Millions","Seasonally Adjusted",NA,"Quarterly","Table 25. State Final Demand, Summary Components by State: Chain volume measures",NA
"8163","A2303187A","Queensland ; STATE FINAL DEMAND ;","QLD","QLD",2003-12-01,66288,"Q","$ Millions","Seasonally Adjusted",NA,"Quarterly","Table 25. State Final Demand, Summary Components by State: Chain volume measures",NA
"8164","A2304418T","Gross domestic product: Current prices ;","AUS","AUS",2003-12-01,214338,"Q","$ Millions","Seasonally Adjusted",NA,"Quarterly","Table 1. Key National Accounts Aggregates",NA
"8165","A2325846C","Index Numbers ; All groups CPI ; Australia ;","AUS","AUS",2003-12-01,79.5,"Q","Index Numbers","Original",NA,"Quarterly","TABLES 1 and 2. CPI: All Groups, Index Numbers and Percentage Changes",NA
"8166","A2718577A","Credits, Total goods ;","AUS","AUS",2003-12-01,8814,"M","$ Millions","Seasonally Adjusted",NA,"Monthly","TABLE 1. GOODS, Summary: Seasonally adjusted and trend estimates, Current prices",NA
"8167","A2718594C","Balance on goods ;","AUS","AUS",2003-12-01,-2199,"M","$ Millions","Seasonally Adjusted",NA,"Monthly","TABLE 1. GOODS, Summary: Seasonally adjusted and trend estimates, Current prices",NA
"8168","FXRTWI","Trade-weighted Index May 1970 = 100","AUS","AUS",2003-12-01,62.3,"D","Index","Indicative","RBA","Daily","Historical Daily Exchange Rates Of The Australian Dollar Against:","Australian Dollar Trade-weighted Index"
"8169","FXRTWI","Trade-weighted Index May 1970 = 100","AUS","AUS",2003-12-02,62.7,"D","Index","Indicative","RBA","Daily","Historical Daily Exchange Rates Of The Australian Dollar Against:","Australian Dollar Trade-weighted Index"
"8170","FXRTWI","Trade-weighted Index May 1970 = 100","AUS","AUS",2003-12-03,62.7,"D","Index","Indicative","RBA","Daily","Historical Daily Exchange Rates Of The Australian Dollar Against:","Australian Dollar Trade-weighted Index"
"8171","FXRTWI","Trade-weighted Index May 1970 = 100","AUS","AUS",2003-12-04,62.9,"D","Index","Indicative","RBA","Daily","Historical Daily Exchange Rates Of The Australian Dollar Against:","Australian Dollar Trade-weighted Index"
"8172","FXRTWI","Trade-weighted Index May 1970 = 100","AUS","AUS",2003-12-05,62.9,"D","Index","Indicative","RBA","Daily","Historical Daily Exchange Rates Of The Australian Dollar Against:","Australian Dollar Trade-weighted Index"
"8173","FXRTWI","Trade-weighted Index May 1970 = 100","AUS","AUS",2003-12-08,63,"D","Index","Indicative","RBA","Daily","Historical Daily Exchange Rates Of The Australian Dollar Against:","Australian Dollar Trade-weighted Index"
"8174","FXRTWI","Trade-weighted Index May 1970 = 100","AUS","AUS",2003-12-09,63,"D","Index","Indicative","RBA","Daily","Historical Daily Exchange Rates Of The Australian Dollar Against:","Australian Dollar Trade-weighted Index"
"8175","FXRTWI","Trade-weighted Index May 1970 = 100","AUS","AUS",2003-12-10,63.1,"D","Index","Indicative","RBA","Daily","Historical Daily Exchange Rates Of The Australian Dollar Against:","Australian Dollar Trade-weighted Index"
"8176","FXRTWI","Trade-weighted Index May 1970 = 100","AUS","AUS",2003-12-11,62.9,"D","Index","Indicative","RBA","Daily","Historical Daily Exchange Rates Of The Australian Dollar Against:","Australian Dollar Trade-weighted Index"
"8177","FXRTWI","Trade-weighted Index May 1970 = 100","AUS","AUS",2003-12-12,63.2,"D","Index","Indicative","RBA","Daily","Historical Daily Exchange Rates Of The Australian Dollar Against:","Australian Dollar Trade-weighted Index"
"8178","FXRTWI","Trade-weighted Index May 1970 = 100","AUS","AUS",2003-12-15,63.1,"D","Index","Indicative","RBA","Daily","Historical Daily Exchange Rates Of The Australian Dollar Against:","Australian Dollar Trade-weighted Index"
"8179","FXRTWI","Trade-weighted Index May 1970 = 100","AUS","AUS",2003-12-16,63.3,"D","Index","Indicative","RBA","Daily","Historical Daily Exchange Rates Of The Australian Dollar Against:","Australian Dollar Trade-weighted Index"
"8180","FXRTWI","Trade-weighted Index May 1970 = 100","AUS","AUS",2003-12-17,63.2,"D","Index","Indicative","RBA","Daily","Historical Daily Exchange Rates Of The Australian Dollar Against:","Australian Dollar Trade-weighted Index"
"8181","FXRTWI","Trade-weighted Index May 1970 = 100","AUS","AUS",2003-12-18,63,"D","Index","Indicative","RBA","Daily","Historical Daily Exchange Rates Of The Australian Dollar Against:","Australian Dollar Trade-weighted Index"
"8182","FXRTWI","Trade-weighted Index May 1970 = 100","AUS","AUS",2003-12-19,62.9,"D","Index","Indicative","RBA","Daily","Historical Daily Exchange Rates Of The Australian Dollar Against:","Australian Dollar Trade-weighted Index"
"8183","FXRTWI","Trade-weighted Index May 1970 = 100","AUS","AUS",2003-12-22,62.6,"D","Index","Indicative","RBA","Daily","Historical Daily Exchange Rates Of The Australian Dollar Against:","Australian Dollar Trade-weighted Index"
"8184","FXRTWI","Trade-weighted Index May 1970 = 100","AUS","AUS",2003-12-23,62.7,"D","Index","Indicative","RBA","Daily","Historical Daily Exchange Rates Of The Australian Dollar Against:","Australian Dollar Trade-weighted Index"
"8185","FXRTWI","Trade-weighted Index May 1970 = 100","AUS","AUS",2003-12-24,63,"D","Index","Indicative","RBA","Daily","Historical Daily Exchange Rates Of The Australian Dollar Against:","Australian Dollar Trade-weighted Index"
"8186","FXRTWI","Trade-weighted Index May 1970 = 100","AUS","AUS",2003-12-29,63.1,"D","Index","Indicative","RBA","Daily","Historical Daily Exchange Rates Of The Australian Dollar Against:","Australian Dollar Trade-weighted Index"
"8187","FXRTWI","Trade-weighted Index May 1970 = 100","AUS","AUS",2003-12-30,63.2,"D","Index","Indicative","RBA","Daily","Historical Daily Exchange Rates Of The Australian Dollar Against:","Australian Dollar Trade-weighted Index"
"8188","DLCACS","Credit; Total; Seasonally adjusted","AUS","AUS",2003-12-31,1019.404,"M","$ billion","Seasonally Adjusted","RBA","Monthly","D2 Lending And Credit Aggregates","Credit; Total; Seasonally adjusted – Includes securitisations – For series breaks see Series Breaks"
"8189","FIRMMCRT","Cash Rate Target","AUS","AUS",2003-12-31,5.22619047619048,"M","Per cent","Original","RBA","Monthly","F1.1 Interest Rates And Yields - Money Market","Cash Rate Target; monthly average"
"8190","FXRTWI","Trade-weighted Index May 1970 = 100","AUS","AUS",2003-12-31,63.5,"D","Index","Indicative","RBA","Daily","Historical Daily Exchange Rates Of The Australian Dollar Against:","Australian Dollar Trade-weighted Index"
"8191","FXRTWI","Trade-weighted Index May 1970 = 100","AUS","AUS",2003-12-31,63.5,"M","Index","Indicative","RBA","Monthly","F11 Exchange Rates","Australian Dollar Trade-weighted Index"
"8192","GCPIOCPMTMQP","Quarterly trimmed mean inflation","AUS","AUS",2003-12-31,0.7,"Q","Per cent","Seasonally Adjusted","ABS","Quarterly","G1 Consumer Price Inflation","Consumer price index; Trimmed mean; Quarterly change (in per cent)"
"8193","GRCPAISDR","Commodity prices – SDR","AUS","AUS",2003-12-31,29.7494310043658,"M","Index, 2023/24=100","Original","RBA","Monthly","I2 Commodity Prices","Index of commodity prices; All items; SDR"
"8194","A2718577A","Credits, Total goods ;","AUS","AUS",2004-01-01,9098,"M","$ Millions","Seasonally Adjusted",NA,"Monthly","TABLE 1. GOODS, Summary: Seasonally adjusted and trend estimates, Current prices",NA
"8195","A2718594C","Balance on goods ;","AUS","AUS",2004-01-01,-1851,"M","$ Millions","Seasonally Adjusted",NA,"Monthly","TABLE 1. GOODS, Summary: Seasonally adjusted and trend estimates, Current prices",NA
"8196","FXRTWI","Trade-weighted Index May 1970 = 100","AUS","AUS",2004-01-02,63.7,"D","Index","Indicative","RBA","Daily","Historical Daily Exchange Rates Of The Australian Dollar Against:","Australian Dollar Trade-weighted Index"
"8197","FXRTWI","Trade-weighted Index May 1970 = 100","AUS","AUS",2004-01-05,64.4,"D","Index","Indicative","RBA","Daily","Historical Daily Exchange Rates Of The Australian Dollar Against:","Australian Dollar Trade-weighted Index"
"8198","FXRTWI","Trade-weighted Index May 1970 = 100","AUS","AUS",2004-01-06,64.5,"D","Index","Indicative","RBA","Daily","Historical Daily Exchange Rates Of The Australian Dollar Against:","Australian Dollar Trade-weighted Index"
"8199","FXRTWI","Trade-weighted Index May 1970 = 100","AUS","AUS",2004-01-07,64.5,"D","Index","Indicative","RBA","Daily","Historical Daily Exchange Rates Of The Australian Dollar Against:","Australian Dollar Trade-weighted Index"
"8200","FXRTWI","Trade-weighted Index May 1970 = 100","AUS","AUS",2004-01-08,64.6,"D","Index","Indicative","RBA","Daily","Historical Daily Exchange Rates Of The Australian Dollar Against:","Australian Dollar Trade-weighted Index"
"8201","FXRTWI","Trade-weighted Index May 1970 = 100","AUS","AUS",2004-01-09,65,"D","Index","Indicative","RBA","Daily","Historical Daily Exchange Rates Of The Australian Dollar Against:","Australian Dollar Trade-weighted Index"
"8202","FXRTWI","Trade-weighted Index May 1970 = 100","AUS","AUS",2004-01-12,65.2,"D","Index","Indicative","RBA","Daily","Historical Daily Exchange Rates Of The Australian Dollar Against:","Australian Dollar Trade-weighted Index"
"8203","FXRTWI","Trade-weighted Index May 1970 = 100","AUS","AUS",2004-01-13,65.3,"D","Index","Indicative","RBA","Daily","Historical Daily Exchange Rates Of The Australian Dollar Against:","Australian Dollar Trade-weighted Index"
"8204","FXRTWI","Trade-weighted Index May 1970 = 100","AUS","AUS",2004-01-14,65.1,"D","Index","Indicative","RBA","Daily","Historical Daily Exchange Rates Of The Australian Dollar Against:","Australian Dollar Trade-weighted Index"
"8205","FXRTWI","Trade-weighted Index May 1970 = 100","AUS","AUS",2004-01-15,65.1,"D","Index","Indicative","RBA","Daily","Historical Daily Exchange Rates Of The Australian Dollar Against:","Australian Dollar Trade-weighted Index"
"8206","FXRTWI","Trade-weighted Index May 1970 = 100","AUS","AUS",2004-01-16,65,"D","Index","Indicative","RBA","Daily","Historical Daily Exchange Rates Of The Australian Dollar Against:","Australian Dollar Trade-weighted Index"
"8207","FXRTWI","Trade-weighted Index May 1970 = 100","AUS","AUS",2004-01-19,64.2,"D","Index","Indicative","RBA","Daily","Historical Daily Exchange Rates Of The Australian Dollar Against:","Australian Dollar Trade-weighted Index"
"8208","FXRTWI","Trade-weighted Index May 1970 = 100","AUS","AUS",2004-01-20,64.3,"D","Index","Indicative","RBA","Daily","Historical Daily Exchange Rates Of The Australian Dollar Against:","Australian Dollar Trade-weighted Index"
"8209","FXRTWI","Trade-weighted Index May 1970 = 100","AUS","AUS",2004-01-21,65,"D","Index","Indicative","RBA","Daily","Historical Daily Exchange Rates Of The Australian Dollar Against:","Australian Dollar Trade-weighted Index"
"8210","FXRTWI","Trade-weighted Index May 1970 = 100","AUS","AUS",2004-01-22,65.1,"D","Index","Indicative","RBA","Daily","Historical Daily Exchange Rates Of The Australian Dollar Against:","Australian Dollar Trade-weighted Index"
"8211","FXRTWI","Trade-weighted Index May 1970 = 100","AUS","AUS",2004-01-23,65.3,"D","Index","Indicative","RBA","Daily","Historical Daily Exchange Rates Of The Australian Dollar Against:","Australian Dollar Trade-weighted Index"
"8212","FXRTWI","Trade-weighted Index May 1970 = 100","AUS","AUS",2004-01-27,65,"D","Index","Indicative","RBA","Daily","Historical Daily Exchange Rates Of The Australian Dollar Against:","Australian Dollar Trade-weighted Index"
"8213","FXRTWI","Trade-weighted Index May 1970 = 100","AUS","AUS",2004-01-28,65.4,"D","Index","Indicative","RBA","Daily","Historical Daily Exchange Rates Of The Australian Dollar Against:","Australian Dollar Trade-weighted Index"
"8214","FXRTWI","Trade-weighted Index May 1970 = 100","AUS","AUS",2004-01-29,65.1,"D","Index","Indicative","RBA","Daily","Historical Daily Exchange Rates Of The Australian Dollar Against:","Australian Dollar Trade-weighted Index"
"8215","FXRTWI","Trade-weighted Index May 1970 = 100","AUS","AUS",2004-01-30,64.5,"D","Index","Indicative","RBA","Daily","Historical Daily Exchange Rates Of The Australian Dollar Against:","Australian Dollar Trade-weighted Index"
"8216","DLCACS","Credit; Total; Seasonally adjusted","AUS","AUS",2004-01-31,1030.528,"M","$ billion","Seasonally Adjusted","RBA","Monthly","D2 Lending And Credit Aggregates","Credit; Total; Seasonally adjusted – Includes securitisations – For series breaks see Series Breaks"
"8217","FIRMMCRT","Cash Rate Target","AUS","AUS",2004-01-31,5.25,"M","Per cent","Original","RBA","Monthly","F1.1 Interest Rates And Yields - Money Market","Cash Rate Target; monthly average"
"8218","FXRTWI","Trade-weighted Index May 1970 = 100","AUS","AUS",2004-01-31,64.5,"M","Index","Indicative","RBA","Monthly","F11 Exchange Rates","Australian Dollar Trade-weighted Index"
"8219","GRCPAISDR","Commodity prices – SDR","AUS","AUS",2004-01-31,30.4999592055049,"M","Index, 2023/24=100","Original","RBA","Monthly","I2 Commodity Prices","Index of commodity prices; All items; SDR"
"8220","A2718577A","Credits, Total goods ;","AUS","AUS",2004-02-01,8738,"M","$ Millions","Seasonally Adjusted",NA,"Monthly","TABLE 1. GOODS, Summary: Seasonally adjusted and trend estimates, Current prices",NA
"8221","A2718594C","Balance on goods ;","AUS","AUS",2004-02-01,-1887,"M","$ Millions","Seasonally Adjusted",NA,"Monthly","TABLE 1. GOODS, Summary: Seasonally adjusted and trend estimates, Current prices",NA
"8222","FXRTWI","Trade-weighted Index May 1970 = 100","AUS","AUS",2004-02-02,64.2,"D","Index","Indicative","RBA","Daily","Historical Daily Exchange Rates Of The Australian Dollar Against:","Australian Dollar Trade-weighted Index"
"8223","FXRTWI","Trade-weighted Index May 1970 = 100","AUS","AUS",2004-02-03,64,"D","Index","Indicative","RBA","Daily","Historical Daily Exchange Rates Of The Australian Dollar Against:","Australian Dollar Trade-weighted Index"
"8224","FXRTWI","Trade-weighted Index May 1970 = 100","AUS","AUS",2004-02-04,64.2,"D","Index","Indicative","RBA","Daily","Historical Daily Exchange Rates Of The Australian Dollar Against:","Australian Dollar Trade-weighted Index"
"8225","FXRTWI","Trade-weighted Index May 1970 = 100","AUS","AUS",2004-02-05,64,"D","Index","Indicative","RBA","Daily","Historical Daily Exchange Rates Of The Australian Dollar Against:","Australian Dollar Trade-weighted Index"
"8226","FXRTWI","Trade-weighted Index May 1970 = 100","AUS","AUS",2004-02-06,64.2,"D","Index","Indicative","RBA","Daily","Historical Daily Exchange Rates Of The Australian Dollar Against:","Australian Dollar Trade-weighted Index"
"8227","FXRTWI","Trade-weighted Index May 1970 = 100","AUS","AUS",2004-02-09,64.9,"D","Index","Indicative","RBA","Daily","Historical Daily Exchange Rates Of The Australian Dollar Against:","Australian Dollar Trade-weighted Index"
"8228","FXRTWI","Trade-weighted Index May 1970 = 100","AUS","AUS",2004-02-10,65.1,"D","Index","Indicative","RBA","Daily","Historical Daily Exchange Rates Of The Australian Dollar Against:","Australian Dollar Trade-weighted Index"
"8229","FXRTWI","Trade-weighted Index May 1970 = 100","AUS","AUS",2004-02-11,65.1,"D","Index","Indicative","RBA","Daily","Historical Daily Exchange Rates Of The Australian Dollar Against:","Australian Dollar Trade-weighted Index"
"8230","FXRTWI","Trade-weighted Index May 1970 = 100","AUS","AUS",2004-02-12,65.6,"D","Index","Indicative","RBA","Daily","Historical Daily Exchange Rates Of The Australian Dollar Against:","Australian Dollar Trade-weighted Index"
"8231","FXRTWI","Trade-weighted Index May 1970 = 100","AUS","AUS",2004-02-13,65.9,"D","Index","Indicative","RBA","Daily","Historical Daily Exchange Rates Of The Australian Dollar Against:","Australian Dollar Trade-weighted Index"
"8232","FXRTWI","Trade-weighted Index May 1970 = 100","AUS","AUS",2004-02-16,65.9,"D","Index","Indicative","RBA","Daily","Historical Daily Exchange Rates Of The Australian Dollar Against:","Australian Dollar Trade-weighted Index"
"8233","FXRTWI","Trade-weighted Index May 1970 = 100","AUS","AUS",2004-02-17,66.1,"D","Index","Indicative","RBA","Daily","Historical Daily Exchange Rates Of The Australian Dollar Against:","Australian Dollar Trade-weighted Index"
"8234","FXRTWI","Trade-weighted Index May 1970 = 100","AUS","AUS",2004-02-18,66.3,"D","Index","Indicative","RBA","Daily","Historical Daily Exchange Rates Of The Australian Dollar Against:","Australian Dollar Trade-weighted Index"
"8235","FXRTWI","Trade-weighted Index May 1970 = 100","AUS","AUS",2004-02-19,66.3,"D","Index","Indicative","RBA","Daily","Historical Daily Exchange Rates Of The Australian Dollar Against:","Australian Dollar Trade-weighted Index"
"8236","FXRTWI","Trade-weighted Index May 1970 = 100","AUS","AUS",2004-02-20,66,"D","Index","Indicative","RBA","Daily","Historical Daily Exchange Rates Of The Australian Dollar Against:","Australian Dollar Trade-weighted Index"
"8237","FXRTWI","Trade-weighted Index May 1970 = 100","AUS","AUS",2004-02-23,65.3,"D","Index","Indicative","RBA","Daily","Historical Daily Exchange Rates Of The Australian Dollar Against:","Australian Dollar Trade-weighted Index"
"8238","FXRTWI","Trade-weighted Index May 1970 = 100","AUS","AUS",2004-02-24,65.2,"D","Index","Indicative","RBA","Daily","Historical Daily Exchange Rates Of The Australian Dollar Against:","Australian Dollar Trade-weighted Index"
"8239","FXRTWI","Trade-weighted Index May 1970 = 100","AUS","AUS",2004-02-25,65.5,"D","Index","Indicative","RBA","Daily","Historical Daily Exchange Rates Of The Australian Dollar Against:","Australian Dollar Trade-weighted Index"
"8240","FXRTWI","Trade-weighted Index May 1970 = 100","AUS","AUS",2004-02-26,65.2,"D","Index","Indicative","RBA","Daily","Historical Daily Exchange Rates Of The Australian Dollar Against:","Australian Dollar Trade-weighted Index"
"8241","FXRTWI","Trade-weighted Index May 1970 = 100","AUS","AUS",2004-02-27,65.2,"D","Index","Indicative","RBA","Daily","Historical Daily Exchange Rates Of The Australian Dollar Against:","Australian Dollar Trade-weighted Index"
"8242","DLCACS","Credit; Total; Seasonally adjusted","AUS","AUS",2004-02-29,1037.613,"M","$ billion","Seasonally Adjusted","RBA","Monthly","D2 Lending And Credit Aggregates","Credit; Total; Seasonally adjusted – Includes securitisations – For series breaks see Series Breaks"
"8243","FIRMMCRT","Cash Rate Target","AUS","AUS",2004-02-29,5.25,"M","Per cent","Original","RBA","Monthly","F1.1 Interest Rates And Yields - Money Market","Cash Rate Target; monthly average"
"8244","FXRTWI","Trade-weighted Index May 1970 = 100","AUS","AUS",2004-02-29,65.2,"M","Index","Indicative","RBA","Monthly","F11 Exchange Rates","Australian Dollar Trade-weighted Index"
"8245","GRCPAISDR","Commodity prices – SDR","AUS","AUS",2004-02-29,30.6555622938566,"M","Index, 2023/24=100","Original","RBA","Monthly","I2 Commodity Prices","Index of commodity prices; All items; SDR"
"8246","A2302956R","South Australia ; STATE FINAL DEMAND ;","SA","SA",2004-03-01,24355,"Q","$ Millions","Seasonally Adjusted",NA,"Quarterly","Table 25. State Final Demand, Summary Components by State: Chain volume measures",NA
"8247","A2302984X","Western Australia ; STATE FINAL DEMAND ;","WA","WA",2004-03-01,36411,"Q","$ Millions","Seasonally Adjusted",NA,"Quarterly","Table 25. State Final Demand, Summary Components by State: Chain volume measures",NA
"8248","A2303012X","Tasmania ; STATE FINAL DEMAND ;","TAS","TAS",2004-03-01,7592,"Q","$ Millions","Seasonally Adjusted",NA,"Quarterly","Table 25. State Final Demand, Summary Components by State: Chain volume measures",NA
"8249","A2303040J","Northern Territory ; STATE FINAL DEMAND ;","NT","NT",2004-03-01,5345,"Q","$ Millions","Seasonally Adjusted",NA,"Quarterly","Table 25. State Final Demand, Summary Components by State: Chain volume measures",NA
"8250","A2303068K","Australian Capital Territory ; STATE FINAL DEMAND ;","ACT","ACT",2004-03-01,9865,"Q","$ Millions","Seasonally Adjusted",NA,"Quarterly","Table 25. State Final Demand, Summary Components by State: Chain volume measures",NA
"8251","A2303111F","New South Wales ; STATE FINAL DEMAND ;","NSW","NSW",2004-03-01,117552,"Q","$ Millions","Seasonally Adjusted",NA,"Quarterly","Table 25. State Final Demand, Summary Components by State: Chain volume measures",NA
"8252","A2303139J","Victoria ; STATE FINAL DEMAND ;","VIC","VIC",2004-03-01,86760,"Q","$ Millions","Seasonally Adjusted",NA,"Quarterly","Table 25. State Final Demand, Summary Components by State: Chain volume measures",NA
"8253","A2303187A","Queensland ; STATE FINAL DEMAND ;","QLD","QLD",2004-03-01,65827,"Q","$ Millions","Seasonally Adjusted",NA,"Quarterly","Table 25. State Final Demand, Summary Components by State: Chain volume measures",NA
"8254","A2304418T","Gross domestic product: Current prices ;","AUS","AUS",2004-03-01,218489,"Q","$ Millions","Seasonally Adjusted",NA,"Quarterly","Table 1. Key National Accounts Aggregates",NA
"8255","A2325846C","Index Numbers ; All groups CPI ; Australia ;","AUS","AUS",2004-03-01,80.2,"Q","Index Numbers","Original",NA,"Quarterly","TABLES 1 and 2. CPI: All Groups, Index Numbers and Percentage Changes",NA
"8256","A2718577A","Credits, Total goods ;","AUS","AUS",2004-03-01,8944,"M","$ Millions","Seasonally Adjusted",NA,"Monthly","TABLE 1. GOODS, Summary: Seasonally adjusted and trend estimates, Current prices",NA
"8257","A2718594C","Balance on goods ;","AUS","AUS",2004-03-01,-2242,"M","$ Millions","Seasonally Adjusted",NA,"Monthly","TABLE 1. GOODS, Summary: Seasonally adjusted and trend estimates, Current prices",NA
"8258","FXRTWI","Trade-weighted Index May 1970 = 100","AUS","AUS",2004-03-01,65.4,"D","Index","Indicative","RBA","Daily","Historical Daily Exchange Rates Of The Australian Dollar Against:","Australian Dollar Trade-weighted Index"
"8259","FXRTWI","Trade-weighted Index May 1970 = 100","AUS","AUS",2004-03-02,65.3,"D","Index","Indicative","RBA","Daily","Historical Daily Exchange Rates Of The Australian Dollar Against:","Australian Dollar Trade-weighted Index"
"8260","FXRTWI","Trade-weighted Index May 1970 = 100","AUS","AUS",2004-03-03,64.1,"D","Index","Indicative","RBA","Daily","Historical Daily Exchange Rates Of The Australian Dollar Against:","Australian Dollar Trade-weighted Index"
"8261","FXRTWI","Trade-weighted Index May 1970 = 100","AUS","AUS",2004-03-04,64.1,"D","Index","Indicative","RBA","Daily","Historical Daily Exchange Rates Of The Australian Dollar Against:","Australian Dollar Trade-weighted Index"
"8262","FXRTWI","Trade-weighted Index May 1970 = 100","AUS","AUS",2004-03-05,64.1,"D","Index","Indicative","RBA","Daily","Historical Daily Exchange Rates Of The Australian Dollar Against:","Australian Dollar Trade-weighted Index"
"8263","FXRTWI","Trade-weighted Index May 1970 = 100","AUS","AUS",2004-03-08,64.5,"D","Index","Indicative","RBA","Daily","Historical Daily Exchange Rates Of The Australian Dollar Against:","Australian Dollar Trade-weighted Index"
"8264","FXRTWI","Trade-weighted Index May 1970 = 100","AUS","AUS",2004-03-09,64.8,"D","Index","Indicative","RBA","Daily","Historical Daily Exchange Rates Of The Australian Dollar Against:","Australian Dollar Trade-weighted Index"
"8265","FXRTWI","Trade-weighted Index May 1970 = 100","AUS","AUS",2004-03-10,64.4,"D","Index","Indicative","RBA","Daily","Historical Daily Exchange Rates Of The Australian Dollar Against:","Australian Dollar Trade-weighted Index"
"8266","FXRTWI","Trade-weighted Index May 1970 = 100","AUS","AUS",2004-03-11,63.4,"D","Index","Indicative","RBA","Daily","Historical Daily Exchange Rates Of The Australian Dollar Against:","Australian Dollar Trade-weighted Index"
"8267","FXRTWI","Trade-weighted Index May 1970 = 100","AUS","AUS",2004-03-12,62.3,"D","Index","Indicative","RBA","Daily","Historical Daily Exchange Rates Of The Australian Dollar Against:","Australian Dollar Trade-weighted Index"
"8268","FXRTWI","Trade-weighted Index May 1970 = 100","AUS","AUS",2004-03-15,62.8,"D","Index","Indicative","RBA","Daily","Historical Daily Exchange Rates Of The Australian Dollar Against:","Australian Dollar Trade-weighted Index"
"8269","FXRTWI","Trade-weighted Index May 1970 = 100","AUS","AUS",2004-03-16,62.9,"D","Index","Indicative","RBA","Daily","Historical Daily Exchange Rates Of The Australian Dollar Against:","Australian Dollar Trade-weighted Index"
"8270","FXRTWI","Trade-weighted Index May 1970 = 100","AUS","AUS",2004-03-17,63.1,"D","Index","Indicative","RBA","Daily","Historical Daily Exchange Rates Of The Australian Dollar Against:","Australian Dollar Trade-weighted Index"
"8271","FXRTWI","Trade-weighted Index May 1970 = 100","AUS","AUS",2004-03-18,63.1,"D","Index","Indicative","RBA","Daily","Historical Daily Exchange Rates Of The Australian Dollar Against:","Australian Dollar Trade-weighted Index"
"8272","FXRTWI","Trade-weighted Index May 1970 = 100","AUS","AUS",2004-03-19,63.3,"D","Index","Indicative","RBA","Daily","Historical Daily Exchange Rates Of The Australian Dollar Against:","Australian Dollar Trade-weighted Index"
"8273","FXRTWI","Trade-weighted Index May 1970 = 100","AUS","AUS",2004-03-22,63.1,"D","Index","Indicative","RBA","Daily","Historical Daily Exchange Rates Of The Australian Dollar Against:","Australian Dollar Trade-weighted Index"
"8274","FXRTWI","Trade-weighted Index May 1970 = 100","AUS","AUS",2004-03-23,63.6,"D","Index","Indicative","RBA","Daily","Historical Daily Exchange Rates Of The Australian Dollar Against:","Australian Dollar Trade-weighted Index"
"8275","FXRTWI","Trade-weighted Index May 1970 = 100","AUS","AUS",2004-03-24,63.5,"D","Index","Indicative","RBA","Daily","Historical Daily Exchange Rates Of The Australian Dollar Against:","Australian Dollar Trade-weighted Index"
"8276","FXRTWI","Trade-weighted Index May 1970 = 100","AUS","AUS",2004-03-25,63,"D","Index","Indicative","RBA","Daily","Historical Daily Exchange Rates Of The Australian Dollar Against:","Australian Dollar Trade-weighted Index"
"8277","FXRTWI","Trade-weighted Index May 1970 = 100","AUS","AUS",2004-03-26,62.8,"D","Index","Indicative","RBA","Daily","Historical Daily Exchange Rates Of The Australian Dollar Against:","Australian Dollar Trade-weighted Index"
"8278","FXRTWI","Trade-weighted Index May 1970 = 100","AUS","AUS",2004-03-29,63.1,"D","Index","Indicative","RBA","Daily","Historical Daily Exchange Rates Of The Australian Dollar Against:","Australian Dollar Trade-weighted Index"
"8279","FXRTWI","Trade-weighted Index May 1970 = 100","AUS","AUS",2004-03-30,63.4,"D","Index","Indicative","RBA","Daily","Historical Daily Exchange Rates Of The Australian Dollar Against:","Australian Dollar Trade-weighted Index"
"8280","DLCACS","Credit; Total; Seasonally adjusted","AUS","AUS",2004-03-31,1050.987,"M","$ billion","Seasonally Adjusted","RBA","Monthly","D2 Lending And Credit Aggregates","Credit; Total; Seasonally adjusted – Includes securitisations – For series breaks see Series Breaks"
"8281","FIRMMCRT","Cash Rate Target","AUS","AUS",2004-03-31,5.25,"M","Per cent","Original","RBA","Monthly","F1.1 Interest Rates And Yields - Money Market","Cash Rate Target; monthly average"
"8282","FXRTWI","Trade-weighted Index May 1970 = 100","AUS","AUS",2004-03-31,63.8,"D","Index","Indicative","RBA","Daily","Historical Daily Exchange Rates Of The Australian Dollar Against:","Australian Dollar Trade-weighted Index"
"8283","FXRTWI","Trade-weighted Index May 1970 = 100","AUS","AUS",2004-03-31,63.8,"M","Index","Indicative","RBA","Monthly","F11 Exchange Rates","Australian Dollar Trade-weighted Index"
"8284","GCPIOCPMTMQP","Quarterly trimmed mean inflation","AUS","AUS",2004-03-31,0.7,"Q","Per cent","Seasonally Adjusted","ABS","Quarterly","G1 Consumer Price Inflation","Consumer price index; Trimmed mean; Quarterly change (in per cent)"
"8285","GRCPAISDR","Commodity prices – SDR","AUS","AUS",2004-03-31,31.7251176879764,"M","Index, 2023/24=100","Original","RBA","Monthly","I2 Commodity Prices","Index of commodity prices; All items; SDR"
"8286","A2718577A","Credits, Total goods ;","AUS","AUS",2004-04-01,9609,"M","$ Millions","Seasonally Adjusted",NA,"Monthly","TABLE 1. GOODS, Summary: Seasonally adjusted and trend estimates, Current prices",NA
"8287","A2718594C","Balance on goods ;","AUS","AUS",2004-04-01,-1665,"M","$ Millions","Seasonally Adjusted",NA,"Monthly","TABLE 1. GOODS, Summary: Seasonally adjusted and trend estimates, Current prices",NA
"8288","FXRTWI","Trade-weighted Index May 1970 = 100","AUS","AUS",2004-04-01,64,"D","Index","Indicative","RBA","Daily","Historical Daily Exchange Rates Of The Australian Dollar Against:","Australian Dollar Trade-weighted Index"
"8289","FXRTWI","Trade-weighted Index May 1970 = 100","AUS","AUS",2004-04-02,64.1,"D","Index","Indicative","RBA","Daily","Historical Daily Exchange Rates Of The Australian Dollar Against:","Australian Dollar Trade-weighted Index"
"8290","FXRTWI","Trade-weighted Index May 1970 = 100","AUS","AUS",2004-04-05,63.9,"D","Index","Indicative","RBA","Daily","Historical Daily Exchange Rates Of The Australian Dollar Against:","Australian Dollar Trade-weighted Index"
"8291","FXRTWI","Trade-weighted Index May 1970 = 100","AUS","AUS",2004-04-06,63.8,"D","Index","Indicative","RBA","Daily","Historical Daily Exchange Rates Of The Australian Dollar Against:","Australian Dollar Trade-weighted Index"
"8292","FXRTWI","Trade-weighted Index May 1970 = 100","AUS","AUS",2004-04-07,64.1,"D","Index","Indicative","RBA","Daily","Historical Daily Exchange Rates Of The Australian Dollar Against:","Australian Dollar Trade-weighted Index"
"8293","FXRTWI","Trade-weighted Index May 1970 = 100","AUS","AUS",2004-04-08,64.5,"D","Index","Indicative","RBA","Daily","Historical Daily Exchange Rates Of The Australian Dollar Against:","Australian Dollar Trade-weighted Index"
"8294","FXRTWI","Trade-weighted Index May 1970 = 100","AUS","AUS",2004-04-13,64.6,"D","Index","Indicative","RBA","Daily","Historical Daily Exchange Rates Of The Australian Dollar Against:","Australian Dollar Trade-weighted Index"
"8295","FXRTWI","Trade-weighted Index May 1970 = 100","AUS","AUS",2004-04-14,63.2,"D","Index","Indicative","RBA","Daily","Historical Daily Exchange Rates Of The Australian Dollar Against:","Australian Dollar Trade-weighted Index"
"8296","FXRTWI","Trade-weighted Index May 1970 = 100","AUS","AUS",2004-04-15,62.9,"D","Index","Indicative","RBA","Daily","Historical Daily Exchange Rates Of The Australian Dollar Against:","Australian Dollar Trade-weighted Index"
"8297","FXRTWI","Trade-weighted Index May 1970 = 100","AUS","AUS",2004-04-16,63.3,"D","Index","Indicative","RBA","Daily","Historical Daily Exchange Rates Of The Australian Dollar Against:","Australian Dollar Trade-weighted Index"
"8298","FXRTWI","Trade-weighted Index May 1970 = 100","AUS","AUS",2004-04-19,63.6,"D","Index","Indicative","RBA","Daily","Historical Daily Exchange Rates Of The Australian Dollar Against:","Australian Dollar Trade-weighted Index"
"8299","FXRTWI","Trade-weighted Index May 1970 = 100","AUS","AUS",2004-04-20,63.2,"D","Index","Indicative","RBA","Daily","Historical Daily Exchange Rates Of The Australian Dollar Against:","Australian Dollar Trade-weighted Index"
"8300","FXRTWI","Trade-weighted Index May 1970 = 100","AUS","AUS",2004-04-21,62.6,"D","Index","Indicative","RBA","Daily","Historical Daily Exchange Rates Of The Australian Dollar Against:","Australian Dollar Trade-weighted Index"
"8301","FXRTWI","Trade-weighted Index May 1970 = 100","AUS","AUS",2004-04-22,62.6,"D","Index","Indicative","RBA","Daily","Historical Daily Exchange Rates Of The Australian Dollar Against:","Australian Dollar Trade-weighted Index"
"8302","FXRTWI","Trade-weighted Index May 1970 = 100","AUS","AUS",2004-04-23,63,"D","Index","Indicative","RBA","Daily","Historical Daily Exchange Rates Of The Australian Dollar Against:","Australian Dollar Trade-weighted Index"
"8303","FXRTWI","Trade-weighted Index May 1970 = 100","AUS","AUS",2004-04-27,62.8,"D","Index","Indicative","RBA","Daily","Historical Daily Exchange Rates Of The Australian Dollar Against:","Australian Dollar Trade-weighted Index"
"8304","FXRTWI","Trade-weighted Index May 1970 = 100","AUS","AUS",2004-04-28,62.7,"D","Index","Indicative","RBA","Daily","Historical Daily Exchange Rates Of The Australian Dollar Against:","Australian Dollar Trade-weighted Index"
"8305","FXRTWI","Trade-weighted Index May 1970 = 100","AUS","AUS",2004-04-29,61.9,"D","Index","Indicative","RBA","Daily","Historical Daily Exchange Rates Of The Australian Dollar Against:","Australian Dollar Trade-weighted Index"
"8306","DLCACS","Credit; Total; Seasonally adjusted","AUS","AUS",2004-04-30,1062.773,"M","$ billion","Seasonally Adjusted","RBA","Monthly","D2 Lending And Credit Aggregates","Credit; Total; Seasonally adjusted – Includes securitisations – For series breaks see Series Breaks"
"8307","FIRMMCRT","Cash Rate Target","AUS","AUS",2004-04-30,5.25,"M","Per cent","Original","RBA","Monthly","F1.1 Interest Rates And Yields - Money Market","Cash Rate Target; monthly average"
"8308","FXRTWI","Trade-weighted Index May 1970 = 100","AUS","AUS",2004-04-30,62.1,"D","Index","Indicative","RBA","Daily","Historical Daily Exchange Rates Of The Australian Dollar Against:","Australian Dollar Trade-weighted Index"
"8309","FXRTWI","Trade-weighted Index May 1970 = 100","AUS","AUS",2004-04-30,62.1,"M","Index","Indicative","RBA","Monthly","F11 Exchange Rates","Australian Dollar Trade-weighted Index"
"8310","GRCPAISDR","Commodity prices – SDR","AUS","AUS",2004-04-30,32.5844752651541,"M","Index, 2023/24=100","Original","RBA","Monthly","I2 Commodity Prices","Index of commodity prices; All items; SDR"
"8311","A2718577A","Credits, Total goods ;","AUS","AUS",2004-05-01,9825,"M","$ Millions","Seasonally Adjusted",NA,"Monthly","TABLE 1. GOODS, Summary: Seasonally adjusted and trend estimates, Current prices",NA
"8312","A2718594C","Balance on goods ;","AUS","AUS",2004-05-01,-1917,"M","$ Millions","Seasonally Adjusted",NA,"Monthly","TABLE 1. GOODS, Summary: Seasonally adjusted and trend estimates, Current prices",NA
"8313","FXRTWI","Trade-weighted Index May 1970 = 100","AUS","AUS",2004-05-03,62,"D","Index","Indicative","RBA","Daily","Historical Daily Exchange Rates Of The Australian Dollar Against:","Australian Dollar Trade-weighted Index"
"8314","FXRTWI","Trade-weighted Index May 1970 = 100","AUS","AUS",2004-05-04,62.1,"D","Index","Indicative","RBA","Daily","Historical Daily Exchange Rates Of The Australian Dollar Against:","Australian Dollar Trade-weighted Index"
"8315","FXRTWI","Trade-weighted Index May 1970 = 100","AUS","AUS",2004-05-05,62.6,"D","Index","Indicative","RBA","Daily","Historical Daily Exchange Rates Of The Australian Dollar Against:","Australian Dollar Trade-weighted Index"
"8316","FXRTWI","Trade-weighted Index May 1970 = 100","AUS","AUS",2004-05-06,62.5,"D","Index","Indicative","RBA","Daily","Historical Daily Exchange Rates Of The Australian Dollar Against:","Australian Dollar Trade-weighted Index"
"8317","FXRTWI","Trade-weighted Index May 1970 = 100","AUS","AUS",2004-05-07,61.7,"D","Index","Indicative","RBA","Daily","Historical Daily Exchange Rates Of The Australian Dollar Against:","Australian Dollar Trade-weighted Index"
"8318","FXRTWI","Trade-weighted Index May 1970 = 100","AUS","AUS",2004-05-10,60.6,"D","Index","Indicative","RBA","Daily","Historical Daily Exchange Rates Of The Australian Dollar Against:","Australian Dollar Trade-weighted Index"
"8319","FXRTWI","Trade-weighted Index May 1970 = 100","AUS","AUS",2004-05-11,60.6,"D","Index","Indicative","RBA","Daily","Historical Daily Exchange Rates Of The Australian Dollar Against:","Australian Dollar Trade-weighted Index"
"8320","FXRTWI","Trade-weighted Index May 1970 = 100","AUS","AUS",2004-05-12,60.8,"D","Index","Indicative","RBA","Daily","Historical Daily Exchange Rates Of The Australian Dollar Against:","Australian Dollar Trade-weighted Index"
"8321","FXRTWI","Trade-weighted Index May 1970 = 100","AUS","AUS",2004-05-13,60.2,"D","Index","Indicative","RBA","Daily","Historical Daily Exchange Rates Of The Australian Dollar Against:","Australian Dollar Trade-weighted Index"
"8322","FXRTWI","Trade-weighted Index May 1970 = 100","AUS","AUS",2004-05-14,60.1,"D","Index","Indicative","RBA","Daily","Historical Daily Exchange Rates Of The Australian Dollar Against:","Australian Dollar Trade-weighted Index"
"8323","FXRTWI","Trade-weighted Index May 1970 = 100","AUS","AUS",2004-05-17,60.3,"D","Index","Indicative","RBA","Daily","Historical Daily Exchange Rates Of The Australian Dollar Against:","Australian Dollar Trade-weighted Index"
"8324","FXRTWI","Trade-weighted Index May 1970 = 100","AUS","AUS",2004-05-18,59.5,"D","Index","Indicative","RBA","Daily","Historical Daily Exchange Rates Of The Australian Dollar Against:","Australian Dollar Trade-weighted Index"
"8325","FXRTWI","Trade-weighted Index May 1970 = 100","AUS","AUS",2004-05-19,60.4,"D","Index","Indicative","RBA","Daily","Historical Daily Exchange Rates Of The Australian Dollar Against:","Australian Dollar Trade-weighted Index"
"8326","FXRTWI","Trade-weighted Index May 1970 = 100","AUS","AUS",2004-05-20,60.1,"D","Index","Indicative","RBA","Daily","Historical Daily Exchange Rates Of The Australian Dollar Against:","Australian Dollar Trade-weighted Index"
"8327","FXRTWI","Trade-weighted Index May 1970 = 100","AUS","AUS",2004-05-21,60.6,"D","Index","Indicative","RBA","Daily","Historical Daily Exchange Rates Of The Australian Dollar Against:","Australian Dollar Trade-weighted Index"
"8328","FXRTWI","Trade-weighted Index May 1970 = 100","AUS","AUS",2004-05-24,60.3,"D","Index","Indicative","RBA","Daily","Historical Daily Exchange Rates Of The Australian Dollar Against:","Australian Dollar Trade-weighted Index"
"8329","FXRTWI","Trade-weighted Index May 1970 = 100","AUS","AUS",2004-05-25,60.6,"D","Index","Indicative","RBA","Daily","Historical Daily Exchange Rates Of The Australian Dollar Against:","Australian Dollar Trade-weighted Index"
"8330","FXRTWI","Trade-weighted Index May 1970 = 100","AUS","AUS",2004-05-26,61.1,"D","Index","Indicative","RBA","Daily","Historical Daily Exchange Rates Of The Australian Dollar Against:","Australian Dollar Trade-weighted Index"
"8331","FXRTWI","Trade-weighted Index May 1970 = 100","AUS","AUS",2004-05-27,61.2,"D","Index","Indicative","RBA","Daily","Historical Daily Exchange Rates Of The Australian Dollar Against:","Australian Dollar Trade-weighted Index"
"8332","FXRTWI","Trade-weighted Index May 1970 = 100","AUS","AUS",2004-05-28,61.5,"D","Index","Indicative","RBA","Daily","Historical Daily Exchange Rates Of The Australian Dollar Against:","Australian Dollar Trade-weighted Index"
"8333","DLCACS","Credit; Total; Seasonally adjusted","AUS","AUS",2004-05-31,1073.546,"M","$ billion","Seasonally Adjusted","RBA","Monthly","D2 Lending And Credit Aggregates","Credit; Total; Seasonally adjusted – Includes securitisations – For series breaks see Series Breaks"
"8334","FIRMMCRT","Cash Rate Target","AUS","AUS",2004-05-31,5.25,"M","Per cent","Original","RBA","Monthly","F1.1 Interest Rates And Yields - Money Market","Cash Rate Target; monthly average"
"8335","FXRTWI","Trade-weighted Index May 1970 = 100","AUS","AUS",2004-05-31,61.1,"D","Index","Indicative","RBA","Daily","Historical Daily Exchange Rates Of The Australian Dollar Against:","Australian Dollar Trade-weighted Index"
"8336","FXRTWI","Trade-weighted Index May 1970 = 100","AUS","AUS",2004-05-31,61.1,"M","Index","Indicative","RBA","Monthly","F11 Exchange Rates","Australian Dollar Trade-weighted Index"
"8337","GRCPAISDR","Commodity prices – SDR","AUS","AUS",2004-05-31,33.6061318861207,"M","Index, 2023/24=100","Original","RBA","Monthly","I2 Commodity Prices","Index of commodity prices; All items; SDR"
"8338","A2302956R","South Australia ; STATE FINAL DEMAND ;","SA","SA",2004-06-01,24498,"Q","$ Millions","Seasonally Adjusted",NA,"Quarterly","Table 25. State Final Demand, Summary Components by State: Chain volume measures",NA
"8339","A2302984X","Western Australia ; STATE FINAL DEMAND ;","WA","WA",2004-06-01,36624,"Q","$ Millions","Seasonally Adjusted",NA,"Quarterly","Table 25. State Final Demand, Summary Components by State: Chain volume measures",NA
"8340","A2303012X","Tasmania ; STATE FINAL DEMAND ;","TAS","TAS",2004-06-01,7687,"Q","$ Millions","Seasonally Adjusted",NA,"Quarterly","Table 25. State Final Demand, Summary Components by State: Chain volume measures",NA
"8341","A2303040J","Northern Territory ; STATE FINAL DEMAND ;","NT","NT",2004-06-01,5166,"Q","$ Millions","Seasonally Adjusted",NA,"Quarterly","Table 25. State Final Demand, Summary Components by State: Chain volume measures",NA
"8342","A2303068K","Australian Capital Territory ; STATE FINAL DEMAND ;","ACT","ACT",2004-06-01,10286,"Q","$ Millions","Seasonally Adjusted",NA,"Quarterly","Table 25. State Final Demand, Summary Components by State: Chain volume measures",NA
"8343","A2303111F","New South Wales ; STATE FINAL DEMAND ;","NSW","NSW",2004-06-01,117243,"Q","$ Millions","Seasonally Adjusted",NA,"Quarterly","Table 25. State Final Demand, Summary Components by State: Chain volume measures",NA
"8344","A2303139J","Victoria ; STATE FINAL DEMAND ;","VIC","VIC",2004-06-01,86192,"Q","$ Millions","Seasonally Adjusted",NA,"Quarterly","Table 25. State Final Demand, Summary Components by State: Chain volume measures",NA
"8345","A2303187A","Queensland ; STATE FINAL DEMAND ;","QLD","QLD",2004-06-01,68283,"Q","$ Millions","Seasonally Adjusted",NA,"Quarterly","Table 25. State Final Demand, Summary Components by State: Chain volume measures",NA
"8346","A2304418T","Gross domestic product: Current prices ;","AUS","AUS",2004-06-01,221901,"Q","$ Millions","Seasonally Adjusted",NA,"Quarterly","Table 1. Key National Accounts Aggregates",NA
"8347","A2325846C","Index Numbers ; All groups CPI ; Australia ;","AUS","AUS",2004-06-01,80.6,"Q","Index Numbers","Original",NA,"Quarterly","TABLES 1 and 2. CPI: All Groups, Index Numbers and Percentage Changes",NA
"8348","A2336320R","New South Wales ; Gross state product: Current prices ;","NSW","NSW",2004-06-01,301813,"Annual","$ Millions","Original",NA,"Annual","Table 1. Gross State Product, Chain volume measures and current prices",NA
"8349","A2336321T","Victoria ; Gross state product: Current prices ;","VIC","VIC",2004-06-01,217104,"Annual","$ Millions","Original",NA,"Annual","Table 1. Gross State Product, Chain volume measures and current prices",NA
"8350","A2336322V","Queensland ; Gross state product: Current prices ;","QLD","QLD",2004-06-01,147337,"Annual","$ Millions","Original",NA,"Annual","Table 1. Gross State Product, Chain volume measures and current prices",NA
"8351","A2336323W","South Australia ; Gross state product: Current prices ;","SA","SA",2004-06-01,60338,"Annual","$ Millions","Original",NA,"Annual","Table 1. Gross State Product, Chain volume measures and current prices",NA
"8352","A2336324X","Western Australia ; Gross state product: Current prices ;","WA","WA",2004-06-01,95837,"Annual","$ Millions","Original",NA,"Annual","Table 1. Gross State Product, Chain volume measures and current prices",NA
"8353","A2336325A","Tasmania ; Gross state product: Current prices ;","TAS","TAS",2004-06-01,15712,"Annual","$ Millions","Original",NA,"Annual","Table 1. Gross State Product, Chain volume measures and current prices",NA
"8354","A2336326C","Northern Territory ; Gross state product: Current prices ;","NT","NT",2004-06-01,9432,"Annual","$ Millions","Original",NA,"Annual","Table 1. Gross State Product, Chain volume measures and current prices",NA
"8355","A2336327F","Australian Capital Territory ; Gross state product: Current prices ;","ACT","ACT",2004-06-01,16515,"Annual","$ Millions","Original",NA,"Annual","Table 1. Gross State Product, Chain volume measures and current prices",NA
"8356","A2718577A","Credits, Total goods ;","AUS","AUS",2004-06-01,10512,"M","$ Millions","Seasonally Adjusted",NA,"Monthly","TABLE 1. GOODS, Summary: Seasonally adjusted and trend estimates, Current prices",NA
"8357","A2718594C","Balance on goods ;","AUS","AUS",2004-06-01,-2137,"M","$ Millions","Seasonally Adjusted",NA,"Monthly","TABLE 1. GOODS, Summary: Seasonally adjusted and trend estimates, Current prices",NA
"8358","FXRTWI","Trade-weighted Index May 1970 = 100","AUS","AUS",2004-06-01,61.3,"D","Index","Indicative","RBA","Daily","Historical Daily Exchange Rates Of The Australian Dollar Against:","Australian Dollar Trade-weighted Index"
"8359","FXRTWI","Trade-weighted Index May 1970 = 100","AUS","AUS",2004-06-02,60.7,"D","Index","Indicative","RBA","Daily","Historical Daily Exchange Rates Of The Australian Dollar Against:","Australian Dollar Trade-weighted Index"
"8360","FXRTWI","Trade-weighted Index May 1970 = 100","AUS","AUS",2004-06-03,59.5,"D","Index","Indicative","RBA","Daily","Historical Daily Exchange Rates Of The Australian Dollar Against:","Australian Dollar Trade-weighted Index"
"8361","FXRTWI","Trade-weighted Index May 1970 = 100","AUS","AUS",2004-06-04,59.3,"D","Index","Indicative","RBA","Daily","Historical Daily Exchange Rates Of The Australian Dollar Against:","Australian Dollar Trade-weighted Index"
"8362","FXRTWI","Trade-weighted Index May 1970 = 100","AUS","AUS",2004-06-07,59.9,"D","Index","Indicative","RBA","Daily","Historical Daily Exchange Rates Of The Australian Dollar Against:","Australian Dollar Trade-weighted Index"
"8363","FXRTWI","Trade-weighted Index May 1970 = 100","AUS","AUS",2004-06-08,60.1,"D","Index","Indicative","RBA","Daily","Historical Daily Exchange Rates Of The Australian Dollar Against:","Australian Dollar Trade-weighted Index"
"8364","FXRTWI","Trade-weighted Index May 1970 = 100","AUS","AUS",2004-06-09,59.6,"D","Index","Indicative","RBA","Daily","Historical Daily Exchange Rates Of The Australian Dollar Against:","Australian Dollar Trade-weighted Index"
"8365","FXRTWI","Trade-weighted Index May 1970 = 100","AUS","AUS",2004-06-10,59.3,"D","Index","Indicative","RBA","Daily","Historical Daily Exchange Rates Of The Australian Dollar Against:","Australian Dollar Trade-weighted Index"
"8366","FXRTWI","Trade-weighted Index May 1970 = 100","AUS","AUS",2004-06-11,59.6,"D","Index","Indicative","RBA","Daily","Historical Daily Exchange Rates Of The Australian Dollar Against:","Australian Dollar Trade-weighted Index"
"8367","FXRTWI","Trade-weighted Index May 1970 = 100","AUS","AUS",2004-06-15,59,"D","Index","Indicative","RBA","Daily","Historical Daily Exchange Rates Of The Australian Dollar Against:","Australian Dollar Trade-weighted Index"
"8368","FXRTWI","Trade-weighted Index May 1970 = 100","AUS","AUS",2004-06-16,59.5,"D","Index","Indicative","RBA","Daily","Historical Daily Exchange Rates Of The Australian Dollar Against:","Australian Dollar Trade-weighted Index"
"8369","FXRTWI","Trade-weighted Index May 1970 = 100","AUS","AUS",2004-06-17,58.8,"D","Index","Indicative","RBA","Daily","Historical Daily Exchange Rates Of The Australian Dollar Against:","Australian Dollar Trade-weighted Index"
"8370","FXRTWI","Trade-weighted Index May 1970 = 100","AUS","AUS",2004-06-18,58.7,"D","Index","Indicative","RBA","Daily","Historical Daily Exchange Rates Of The Australian Dollar Against:","Australian Dollar Trade-weighted Index"
"8371","FXRTWI","Trade-weighted Index May 1970 = 100","AUS","AUS",2004-06-21,58.9,"D","Index","Indicative","RBA","Daily","Historical Daily Exchange Rates Of The Australian Dollar Against:","Australian Dollar Trade-weighted Index"
"8372","FXRTWI","Trade-weighted Index May 1970 = 100","AUS","AUS",2004-06-22,58.8,"D","Index","Indicative","RBA","Daily","Historical Daily Exchange Rates Of The Australian Dollar Against:","Australian Dollar Trade-weighted Index"
"8373","FXRTWI","Trade-weighted Index May 1970 = 100","AUS","AUS",2004-06-23,59.1,"D","Index","Indicative","RBA","Daily","Historical Daily Exchange Rates Of The Australian Dollar Against:","Australian Dollar Trade-weighted Index"
"8374","FXRTWI","Trade-weighted Index May 1970 = 100","AUS","AUS",2004-06-24,59.1,"D","Index","Indicative","RBA","Daily","Historical Daily Exchange Rates Of The Australian Dollar Against:","Australian Dollar Trade-weighted Index"
"8375","FXRTWI","Trade-weighted Index May 1970 = 100","AUS","AUS",2004-06-25,59.7,"D","Index","Indicative","RBA","Daily","Historical Daily Exchange Rates Of The Australian Dollar Against:","Australian Dollar Trade-weighted Index"
"8376","FXRTWI","Trade-weighted Index May 1970 = 100","AUS","AUS",2004-06-28,59.5,"D","Index","Indicative","RBA","Daily","Historical Daily Exchange Rates Of The Australian Dollar Against:","Australian Dollar Trade-weighted Index"
"8377","FXRTWI","Trade-weighted Index May 1970 = 100","AUS","AUS",2004-06-29,59.8,"D","Index","Indicative","RBA","Daily","Historical Daily Exchange Rates Of The Australian Dollar Against:","Australian Dollar Trade-weighted Index"
"8378","DLCACS","Credit; Total; Seasonally adjusted","AUS","AUS",2004-06-30,1087.043,"M","$ billion","Seasonally Adjusted","RBA","Monthly","D2 Lending And Credit Aggregates","Credit; Total; Seasonally adjusted – Includes securitisations – For series breaks see Series Breaks"
"8379","FIRMMCRT","Cash Rate Target","AUS","AUS",2004-06-30,5.25,"M","Per cent","Original","RBA","Monthly","F1.1 Interest Rates And Yields - Money Market","Cash Rate Target; monthly average"
"8380","FXRTWI","Trade-weighted Index May 1970 = 100","AUS","AUS",2004-06-30,59.1,"D","Index","Indicative","RBA","Daily","Historical Daily Exchange Rates Of The Australian Dollar Against:","Australian Dollar Trade-weighted Index"
"8381","FXRTWI","Trade-weighted Index May 1970 = 100","AUS","AUS",2004-06-30,59.1,"M","Index","Indicative","RBA","Monthly","F11 Exchange Rates","Australian Dollar Trade-weighted Index"
"8382","GCPIOCPMTMQP","Quarterly trimmed mean inflation","AUS","AUS",2004-06-30,0.6,"Q","Per cent","Seasonally Adjusted","ABS","Quarterly","G1 Consumer Price Inflation","Consumer price index; Trimmed mean; Quarterly change (in per cent)"
"8383","GRCPAISDR","Commodity prices – SDR","AUS","AUS",2004-06-30,33.1638923598408,"M","Index, 2023/24=100","Original","RBA","Monthly","I2 Commodity Prices","Index of commodity prices; All items; SDR"
"8384","A2718577A","Credits, Total goods ;","AUS","AUS",2004-07-01,10028,"M","$ Millions","Seasonally Adjusted",NA,"Monthly","TABLE 1. GOODS, Summary: Seasonally adjusted and trend estimates, Current prices",NA
"8385","A2718594C","Balance on goods ;","AUS","AUS",2004-07-01,-2453,"M","$ Millions","Seasonally Adjusted",NA,"Monthly","TABLE 1. GOODS, Summary: Seasonally adjusted and trend estimates, Current prices",NA
"8386","FXRTWI","Trade-weighted Index May 1970 = 100","AUS","AUS",2004-07-01,59.7,"D","Index","Indicative","RBA","Daily","Historical Daily Exchange Rates Of The Australian Dollar Against:","Australian Dollar Trade-weighted Index"
"8387","FXRTWI","Trade-weighted Index May 1970 = 100","AUS","AUS",2004-07-02,60.2,"D","Index","Indicative","RBA","Daily","Historical Daily Exchange Rates Of The Australian Dollar Against:","Australian Dollar Trade-weighted Index"
"8388","FXRTWI","Trade-weighted Index May 1970 = 100","AUS","AUS",2004-07-05,60.7,"D","Index","Indicative","RBA","Daily","Historical Daily Exchange Rates Of The Australian Dollar Against:","Australian Dollar Trade-weighted Index"
"8389","FXRTWI","Trade-weighted Index May 1970 = 100","AUS","AUS",2004-07-06,61.1,"D","Index","Indicative","RBA","Daily","Historical Daily Exchange Rates Of The Australian Dollar Against:","Australian Dollar Trade-weighted Index"
"8390","FXRTWI","Trade-weighted Index May 1970 = 100","AUS","AUS",2004-07-07,61.1,"D","Index","Indicative","RBA","Daily","Historical Daily Exchange Rates Of The Australian Dollar Against:","Australian Dollar Trade-weighted Index"
"8391","FXRTWI","Trade-weighted Index May 1970 = 100","AUS","AUS",2004-07-08,61.2,"D","Index","Indicative","RBA","Daily","Historical Daily Exchange Rates Of The Australian Dollar Against:","Australian Dollar Trade-weighted Index"
"8392","FXRTWI","Trade-weighted Index May 1970 = 100","AUS","AUS",2004-07-09,61.3,"D","Index","Indicative","RBA","Daily","Historical Daily Exchange Rates Of The Australian Dollar Against:","Australian Dollar Trade-weighted Index"
"8393","FXRTWI","Trade-weighted Index May 1970 = 100","AUS","AUS",2004-07-12,61.3,"D","Index","Indicative","RBA","Daily","Historical Daily Exchange Rates Of The Australian Dollar Against:","Australian Dollar Trade-weighted Index"
"8394","FXRTWI","Trade-weighted Index May 1970 = 100","AUS","AUS",2004-07-13,61.5,"D","Index","Indicative","RBA","Daily","Historical Daily Exchange Rates Of The Australian Dollar Against:","Australian Dollar Trade-weighted Index"
"8395","FXRTWI","Trade-weighted Index May 1970 = 100","AUS","AUS",2004-07-14,61.6,"D","Index","Indicative","RBA","Daily","Historical Daily Exchange Rates Of The Australian Dollar Against:","Australian Dollar Trade-weighted Index"
"8396","FXRTWI","Trade-weighted Index May 1970 = 100","AUS","AUS",2004-07-15,61.6,"D","Index","Indicative","RBA","Daily","Historical Daily Exchange Rates Of The Australian Dollar Against:","Australian Dollar Trade-weighted Index"
"8397","FXRTWI","Trade-weighted Index May 1970 = 100","AUS","AUS",2004-07-16,61.5,"D","Index","Indicative","RBA","Daily","Historical Daily Exchange Rates Of The Australian Dollar Against:","Australian Dollar Trade-weighted Index"
"8398","FXRTWI","Trade-weighted Index May 1970 = 100","AUS","AUS",2004-07-19,62.1,"D","Index","Indicative","RBA","Daily","Historical Daily Exchange Rates Of The Australian Dollar Against:","Australian Dollar Trade-weighted Index"
"8399","FXRTWI","Trade-weighted Index May 1970 = 100","AUS","AUS",2004-07-20,62,"D","Index","Indicative","RBA","Daily","Historical Daily Exchange Rates Of The Australian Dollar Against:","Australian Dollar Trade-weighted Index"
"8400","FXRTWI","Trade-weighted Index May 1970 = 100","AUS","AUS",2004-07-21,61.7,"D","Index","Indicative","RBA","Daily","Historical Daily Exchange Rates Of The Australian Dollar Against:","Australian Dollar Trade-weighted Index"
"8401","FXRTWI","Trade-weighted Index May 1970 = 100","AUS","AUS",2004-07-22,61,"D","Index","Indicative","RBA","Daily","Historical Daily Exchange Rates Of The Australian Dollar Against:","Australian Dollar Trade-weighted Index"
"8402","FXRTWI","Trade-weighted Index May 1970 = 100","AUS","AUS",2004-07-23,60.9,"D","Index","Indicative","RBA","Daily","Historical Daily Exchange Rates Of The Australian Dollar Against:","Australian Dollar Trade-weighted Index"
"8403","FXRTWI","Trade-weighted Index May 1970 = 100","AUS","AUS",2004-07-26,60.9,"D","Index","Indicative","RBA","Daily","Historical Daily Exchange Rates Of The Australian Dollar Against:","Australian Dollar Trade-weighted Index"
"8404","FXRTWI","Trade-weighted Index May 1970 = 100","AUS","AUS",2004-07-27,61,"D","Index","Indicative","RBA","Daily","Historical Daily Exchange Rates Of The Australian Dollar Against:","Australian Dollar Trade-weighted Index"
"8405","FXRTWI","Trade-weighted Index May 1970 = 100","AUS","AUS",2004-07-28,60.4,"D","Index","Indicative","RBA","Daily","Historical Daily Exchange Rates Of The Australian Dollar Against:","Australian Dollar Trade-weighted Index"
"8406","FXRTWI","Trade-weighted Index May 1970 = 100","AUS","AUS",2004-07-29,60.2,"D","Index","Indicative","RBA","Daily","Historical Daily Exchange Rates Of The Australian Dollar Against:","Australian Dollar Trade-weighted Index"
"8407","FXRTWI","Trade-weighted Index May 1970 = 100","AUS","AUS",2004-07-30,60.2,"D","Index","Indicative","RBA","Daily","Historical Daily Exchange Rates Of The Australian Dollar Against:","Australian Dollar Trade-weighted Index"
"8408","DLCACS","Credit; Total; Seasonally adjusted","AUS","AUS",2004-07-31,1100.345,"M","$ billion","Seasonally Adjusted","RBA","Monthly","D2 Lending And Credit Aggregates","Credit; Total; Seasonally adjusted – Includes securitisations – For series breaks see Series Breaks"
"8409","FIRMMCRT","Cash Rate Target","AUS","AUS",2004-07-31,5.25,"M","Per cent","Original","RBA","Monthly","F1.1 Interest Rates And Yields - Money Market","Cash Rate Target; monthly average"
"8410","FXRTWI","Trade-weighted Index May 1970 = 100","AUS","AUS",2004-07-31,60.2,"M","Index","Indicative","RBA","Monthly","F11 Exchange Rates","Australian Dollar Trade-weighted Index"
"8411","GRCPAISDR","Commodity prices – SDR","AUS","AUS",2004-07-31,33.6586607329297,"M","Index, 2023/24=100","Original","RBA","Monthly","I2 Commodity Prices","Index of commodity prices; All items; SDR"
"8412","A2718577A","Credits, Total goods ;","AUS","AUS",2004-08-01,10268,"M","$ Millions","Seasonally Adjusted",NA,"Monthly","TABLE 1. GOODS, Summary: Seasonally adjusted and trend estimates, Current prices",NA
"8413","A2718594C","Balance on goods ;","AUS","AUS",2004-08-01,-1778,"M","$ Millions","Seasonally Adjusted",NA,"Monthly","TABLE 1. GOODS, Summary: Seasonally adjusted and trend estimates, Current prices",NA
"8414","FXRTWI","Trade-weighted Index May 1970 = 100","AUS","AUS",2004-08-03,60.3,"D","Index","Indicative","RBA","Daily","Historical Daily Exchange Rates Of The Australian Dollar Against:","Australian Dollar Trade-weighted Index"
"8415","FXRTWI","Trade-weighted Index May 1970 = 100","AUS","AUS",2004-08-04,60.4,"D","Index","Indicative","RBA","Daily","Historical Daily Exchange Rates Of The Australian Dollar Against:","Australian Dollar Trade-weighted Index"
"8416","FXRTWI","Trade-weighted Index May 1970 = 100","AUS","AUS",2004-08-05,60.6,"D","Index","Indicative","RBA","Daily","Historical Daily Exchange Rates Of The Australian Dollar Against:","Australian Dollar Trade-weighted Index"
"8417","FXRTWI","Trade-weighted Index May 1970 = 100","AUS","AUS",2004-08-06,60.5,"D","Index","Indicative","RBA","Daily","Historical Daily Exchange Rates Of The Australian Dollar Against:","Australian Dollar Trade-weighted Index"
"8418","FXRTWI","Trade-weighted Index May 1970 = 100","AUS","AUS",2004-08-09,61.1,"D","Index","Indicative","RBA","Daily","Historical Daily Exchange Rates Of The Australian Dollar Against:","Australian Dollar Trade-weighted Index"
"8419","FXRTWI","Trade-weighted Index May 1970 = 100","AUS","AUS",2004-08-10,61.1,"D","Index","Indicative","RBA","Daily","Historical Daily Exchange Rates Of The Australian Dollar Against:","Australian Dollar Trade-weighted Index"
"8420","FXRTWI","Trade-weighted Index May 1970 = 100","AUS","AUS",2004-08-11,61.1,"D","Index","Indicative","RBA","Daily","Historical Daily Exchange Rates Of The Australian Dollar Against:","Australian Dollar Trade-weighted Index"
"8421","FXRTWI","Trade-weighted Index May 1970 = 100","AUS","AUS",2004-08-12,61.1,"D","Index","Indicative","RBA","Daily","Historical Daily Exchange Rates Of The Australian Dollar Against:","Australian Dollar Trade-weighted Index"
"8422","FXRTWI","Trade-weighted Index May 1970 = 100","AUS","AUS",2004-08-13,60.7,"D","Index","Indicative","RBA","Daily","Historical Daily Exchange Rates Of The Australian Dollar Against:","Australian Dollar Trade-weighted Index"
"8423","FXRTWI","Trade-weighted Index May 1970 = 100","AUS","AUS",2004-08-16,61.2,"D","Index","Indicative","RBA","Daily","Historical Daily Exchange Rates Of The Australian Dollar Against:","Australian Dollar Trade-weighted Index"
"8424","FXRTWI","Trade-weighted Index May 1970 = 100","AUS","AUS",2004-08-17,61.3,"D","Index","Indicative","RBA","Daily","Historical Daily Exchange Rates Of The Australian Dollar Against:","Australian Dollar Trade-weighted Index"
"8425","FXRTWI","Trade-weighted Index May 1970 = 100","AUS","AUS",2004-08-18,61.1,"D","Index","Indicative","RBA","Daily","Historical Daily Exchange Rates Of The Australian Dollar Against:","Australian Dollar Trade-weighted Index"
"8426","FXRTWI","Trade-weighted Index May 1970 = 100","AUS","AUS",2004-08-19,60.9,"D","Index","Indicative","RBA","Daily","Historical Daily Exchange Rates Of The Australian Dollar Against:","Australian Dollar Trade-weighted Index"
"8427","FXRTWI","Trade-weighted Index May 1970 = 100","AUS","AUS",2004-08-20,61.7,"D","Index","Indicative","RBA","Daily","Historical Daily Exchange Rates Of The Australian Dollar Against:","Australian Dollar Trade-weighted Index"
"8428","FXRTWI","Trade-weighted Index May 1970 = 100","AUS","AUS",2004-08-23,61.5,"D","Index","Indicative","RBA","Daily","Historical Daily Exchange Rates Of The Australian Dollar Against:","Australian Dollar Trade-weighted Index"
"8429","FXRTWI","Trade-weighted Index May 1970 = 100","AUS","AUS",2004-08-24,61,"D","Index","Indicative","RBA","Daily","Historical Daily Exchange Rates Of The Australian Dollar Against:","Australian Dollar Trade-weighted Index"
"8430","FXRTWI","Trade-weighted Index May 1970 = 100","AUS","AUS",2004-08-25,60.6,"D","Index","Indicative","RBA","Daily","Historical Daily Exchange Rates Of The Australian Dollar Against:","Australian Dollar Trade-weighted Index"
"8431","FXRTWI","Trade-weighted Index May 1970 = 100","AUS","AUS",2004-08-26,60.5,"D","Index","Indicative","RBA","Daily","Historical Daily Exchange Rates Of The Australian Dollar Against:","Australian Dollar Trade-weighted Index"
"8432","FXRTWI","Trade-weighted Index May 1970 = 100","AUS","AUS",2004-08-27,60.5,"D","Index","Indicative","RBA","Daily","Historical Daily Exchange Rates Of The Australian Dollar Against:","Australian Dollar Trade-weighted Index"
"8433","FXRTWI","Trade-weighted Index May 1970 = 100","AUS","AUS",2004-08-30,59.9,"D","Index","Indicative","RBA","Daily","Historical Daily Exchange Rates Of The Australian Dollar Against:","Australian Dollar Trade-weighted Index"
"8434","DLCACS","Credit; Total; Seasonally adjusted","AUS","AUS",2004-08-31,1112.453,"M","$ billion","Seasonally Adjusted","RBA","Monthly","D2 Lending And Credit Aggregates","Credit; Total; Seasonally adjusted – Includes securitisations – For series breaks see Series Breaks"
"8435","FIRMMCRT","Cash Rate Target","AUS","AUS",2004-08-31,5.25,"M","Per cent","Original","RBA","Monthly","F1.1 Interest Rates And Yields - Money Market","Cash Rate Target; monthly average"
"8436","FXRTWI","Trade-weighted Index May 1970 = 100","AUS","AUS",2004-08-31,60.1,"D","Index","Indicative","RBA","Daily","Historical Daily Exchange Rates Of The Australian Dollar Against:","Australian Dollar Trade-weighted Index"
"8437","FXRTWI","Trade-weighted Index May 1970 = 100","AUS","AUS",2004-08-31,60.1,"M","Index","Indicative","RBA","Monthly","F11 Exchange Rates","Australian Dollar Trade-weighted Index"
"8438","GRCPAISDR","Commodity prices – SDR","AUS","AUS",2004-08-31,34.576144590286,"M","Index, 2023/24=100","Original","RBA","Monthly","I2 Commodity Prices","Index of commodity prices; All items; SDR"
"8439","A2302956R","South Australia ; STATE FINAL DEMAND ;","SA","SA",2004-09-01,24912,"Q","$ Millions","Seasonally Adjusted",NA,"Quarterly","Table 25. State Final Demand, Summary Components by State: Chain volume measures",NA
"8440","A2302984X","Western Australia ; STATE FINAL DEMAND ;","WA","WA",2004-09-01,37235,"Q","$ Millions","Seasonally Adjusted",NA,"Quarterly","Table 25. State Final Demand, Summary Components by State: Chain volume measures",NA
"8441","A2303012X","Tasmania ; STATE FINAL DEMAND ;","TAS","TAS",2004-09-01,7773,"Q","$ Millions","Seasonally Adjusted",NA,"Quarterly","Table 25. State Final Demand, Summary Components by State: Chain volume measures",NA
"8442","A2303040J","Northern Territory ; STATE FINAL DEMAND ;","NT","NT",2004-09-01,5084,"Q","$ Millions","Seasonally Adjusted",NA,"Quarterly","Table 25. State Final Demand, Summary Components by State: Chain volume measures",NA
"8443","A2303068K","Australian Capital Territory ; STATE FINAL DEMAND ;","ACT","ACT",2004-09-01,10362,"Q","$ Millions","Seasonally Adjusted",NA,"Quarterly","Table 25. State Final Demand, Summary Components by State: Chain volume measures",NA
"8444","A2303111F","New South Wales ; STATE FINAL DEMAND ;","NSW","NSW",2004-09-01,117813,"Q","$ Millions","Seasonally Adjusted",NA,"Quarterly","Table 25. State Final Demand, Summary Components by State: Chain volume measures",NA
"8445","A2303139J","Victoria ; STATE FINAL DEMAND ;","VIC","VIC",2004-09-01,87132,"Q","$ Millions","Seasonally Adjusted",NA,"Quarterly","Table 25. State Final Demand, Summary Components by State: Chain volume measures",NA
"8446","A2303187A","Queensland ; STATE FINAL DEMAND ;","QLD","QLD",2004-09-01,68608,"Q","$ Millions","Seasonally Adjusted",NA,"Quarterly","Table 25. State Final Demand, Summary Components by State: Chain volume measures",NA
"8447","A2304418T","Gross domestic product: Current prices ;","AUS","AUS",2004-09-01,225003,"Q","$ Millions","Seasonally Adjusted",NA,"Quarterly","Table 1. Key National Accounts Aggregates",NA
"8448","A2325846C","Index Numbers ; All groups CPI ; Australia ;","AUS","AUS",2004-09-01,80.9,"Q","Index Numbers","Original",NA,"Quarterly","TABLES 1 and 2. CPI: All Groups, Index Numbers and Percentage Changes",NA
"8449","A2718577A","Credits, Total goods ;","AUS","AUS",2004-09-01,10406,"M","$ Millions","Seasonally Adjusted",NA,"Monthly","TABLE 1. GOODS, Summary: Seasonally adjusted and trend estimates, Current prices",NA
"8450","A2718594C","Balance on goods ;","AUS","AUS",2004-09-01,-2081,"M","$ Millions","Seasonally Adjusted",NA,"Monthly","TABLE 1. GOODS, Summary: Seasonally adjusted and trend estimates, Current prices",NA
"8451","FXRTWI","Trade-weighted Index May 1970 = 100","AUS","AUS",2004-09-01,60.3,"D","Index","Indicative","RBA","Daily","Historical Daily Exchange Rates Of The Australian Dollar Against:","Australian Dollar Trade-weighted Index"
"8452","FXRTWI","Trade-weighted Index May 1970 = 100","AUS","AUS",2004-09-02,59.9,"D","Index","Indicative","RBA","Daily","Historical Daily Exchange Rates Of The Australian Dollar Against:","Australian Dollar Trade-weighted Index"
"8453","FXRTWI","Trade-weighted Index May 1970 = 100","AUS","AUS",2004-09-03,59.7,"D","Index","Indicative","RBA","Daily","Historical Daily Exchange Rates Of The Australian Dollar Against:","Australian Dollar Trade-weighted Index"
"8454","FXRTWI","Trade-weighted Index May 1970 = 100","AUS","AUS",2004-09-06,59.4,"D","Index","Indicative","RBA","Daily","Historical Daily Exchange Rates Of The Australian Dollar Against:","Australian Dollar Trade-weighted Index"
"8455","FXRTWI","Trade-weighted Index May 1970 = 100","AUS","AUS",2004-09-07,59.5,"D","Index","Indicative","RBA","Daily","Historical Daily Exchange Rates Of The Australian Dollar Against:","Australian Dollar Trade-weighted Index"
"8456","FXRTWI","Trade-weighted Index May 1970 = 100","AUS","AUS",2004-09-08,59.2,"D","Index","Indicative","RBA","Daily","Historical Daily Exchange Rates Of The Australian Dollar Against:","Australian Dollar Trade-weighted Index"
"8457","FXRTWI","Trade-weighted Index May 1970 = 100","AUS","AUS",2004-09-09,59.3,"D","Index","Indicative","RBA","Daily","Historical Daily Exchange Rates Of The Australian Dollar Against:","Australian Dollar Trade-weighted Index"
"8458","FXRTWI","Trade-weighted Index May 1970 = 100","AUS","AUS",2004-09-10,58.9,"D","Index","Indicative","RBA","Daily","Historical Daily Exchange Rates Of The Australian Dollar Against:","Australian Dollar Trade-weighted Index"
"8459","FXRTWI","Trade-weighted Index May 1970 = 100","AUS","AUS",2004-09-13,59.5,"D","Index","Indicative","RBA","Daily","Historical Daily Exchange Rates Of The Australian Dollar Against:","Australian Dollar Trade-weighted Index"
"8460","FXRTWI","Trade-weighted Index May 1970 = 100","AUS","AUS",2004-09-14,59.7,"D","Index","Indicative","RBA","Daily","Historical Daily Exchange Rates Of The Australian Dollar Against:","Australian Dollar Trade-weighted Index"
"8461","FXRTWI","Trade-weighted Index May 1970 = 100","AUS","AUS",2004-09-15,59.6,"D","Index","Indicative","RBA","Daily","Historical Daily Exchange Rates Of The Australian Dollar Against:","Australian Dollar Trade-weighted Index"
"8462","FXRTWI","Trade-weighted Index May 1970 = 100","AUS","AUS",2004-09-16,59.4,"D","Index","Indicative","RBA","Daily","Historical Daily Exchange Rates Of The Australian Dollar Against:","Australian Dollar Trade-weighted Index"
"8463","FXRTWI","Trade-weighted Index May 1970 = 100","AUS","AUS",2004-09-17,59.6,"D","Index","Indicative","RBA","Daily","Historical Daily Exchange Rates Of The Australian Dollar Against:","Australian Dollar Trade-weighted Index"
"8464","FXRTWI","Trade-weighted Index May 1970 = 100","AUS","AUS",2004-09-20,59.7,"D","Index","Indicative","RBA","Daily","Historical Daily Exchange Rates Of The Australian Dollar Against:","Australian Dollar Trade-weighted Index"
"8465","FXRTWI","Trade-weighted Index May 1970 = 100","AUS","AUS",2004-09-21,59.8,"D","Index","Indicative","RBA","Daily","Historical Daily Exchange Rates Of The Australian Dollar Against:","Australian Dollar Trade-weighted Index"
"8466","FXRTWI","Trade-weighted Index May 1970 = 100","AUS","AUS",2004-09-22,60,"D","Index","Indicative","RBA","Daily","Historical Daily Exchange Rates Of The Australian Dollar Against:","Australian Dollar Trade-weighted Index"
"8467","FXRTWI","Trade-weighted Index May 1970 = 100","AUS","AUS",2004-09-23,60.5,"D","Index","Indicative","RBA","Daily","Historical Daily Exchange Rates Of The Australian Dollar Against:","Australian Dollar Trade-weighted Index"
"8468","FXRTWI","Trade-weighted Index May 1970 = 100","AUS","AUS",2004-09-24,60.8,"D","Index","Indicative","RBA","Daily","Historical Daily Exchange Rates Of The Australian Dollar Against:","Australian Dollar Trade-weighted Index"
"8469","FXRTWI","Trade-weighted Index May 1970 = 100","AUS","AUS",2004-09-27,60.7,"D","Index","Indicative","RBA","Daily","Historical Daily Exchange Rates Of The Australian Dollar Against:","Australian Dollar Trade-weighted Index"
"8470","FXRTWI","Trade-weighted Index May 1970 = 100","AUS","AUS",2004-09-28,61,"D","Index","Indicative","RBA","Daily","Historical Daily Exchange Rates Of The Australian Dollar Against:","Australian Dollar Trade-weighted Index"
"8471","FXRTWI","Trade-weighted Index May 1970 = 100","AUS","AUS",2004-09-29,61.1,"D","Index","Indicative","RBA","Daily","Historical Daily Exchange Rates Of The Australian Dollar Against:","Australian Dollar Trade-weighted Index"
"8472","DLCACS","Credit; Total; Seasonally adjusted","AUS","AUS",2004-09-30,1121.885,"M","$ billion","Seasonally Adjusted","RBA","Monthly","D2 Lending And Credit Aggregates","Credit; Total; Seasonally adjusted – Includes securitisations – For series breaks see Series Breaks"
"8473","FIRMMCRT","Cash Rate Target","AUS","AUS",2004-09-30,5.25,"M","Per cent","Original","RBA","Monthly","F1.1 Interest Rates And Yields - Money Market","Cash Rate Target; monthly average"
"8474","FXRTWI","Trade-weighted Index May 1970 = 100","AUS","AUS",2004-09-30,61,"D","Index","Indicative","RBA","Daily","Historical Daily Exchange Rates Of The Australian Dollar Against:","Australian Dollar Trade-weighted Index"
"8475","FXRTWI","Trade-weighted Index May 1970 = 100","AUS","AUS",2004-09-30,61,"M","Index","Indicative","RBA","Monthly","F11 Exchange Rates","Australian Dollar Trade-weighted Index"
"8476","GCPIOCPMTMQP","Quarterly trimmed mean inflation","AUS","AUS",2004-09-30,0.6,"Q","Per cent","Seasonally Adjusted","ABS","Quarterly","G1 Consumer Price Inflation","Consumer price index; Trimmed mean; Quarterly change (in per cent)"
"8477","GRCPAISDR","Commodity prices – SDR","AUS","AUS",2004-09-30,34.8910442005557,"M","Index, 2023/24=100","Original","RBA","Monthly","I2 Commodity Prices","Index of commodity prices; All items; SDR"
"8478","A2718577A","Credits, Total goods ;","AUS","AUS",2004-10-01,10357,"M","$ Millions","Seasonally Adjusted",NA,"Monthly","TABLE 1. GOODS, Summary: Seasonally adjusted and trend estimates, Current prices",NA
"8479","A2718594C","Balance on goods ;","AUS","AUS",2004-10-01,-2148,"M","$ Millions","Seasonally Adjusted",NA,"Monthly","TABLE 1. GOODS, Summary: Seasonally adjusted and trend estimates, Current prices",NA
"8480","FXRTWI","Trade-weighted Index May 1970 = 100","AUS","AUS",2004-10-01,61.7,"D","Index","Indicative","RBA","Daily","Historical Daily Exchange Rates Of The Australian Dollar Against:","Australian Dollar Trade-weighted Index"
"8481","FXRTWI","Trade-weighted Index May 1970 = 100","AUS","AUS",2004-10-05,61.6,"D","Index","Indicative","RBA","Daily","Historical Daily Exchange Rates Of The Australian Dollar Against:","Australian Dollar Trade-weighted Index"
"8482","FXRTWI","Trade-weighted Index May 1970 = 100","AUS","AUS",2004-10-06,61.8,"D","Index","Indicative","RBA","Daily","Historical Daily Exchange Rates Of The Australian Dollar Against:","Australian Dollar Trade-weighted Index"
"8483","FXRTWI","Trade-weighted Index May 1970 = 100","AUS","AUS",2004-10-07,61.8,"D","Index","Indicative","RBA","Daily","Historical Daily Exchange Rates Of The Australian Dollar Against:","Australian Dollar Trade-weighted Index"
"8484","FXRTWI","Trade-weighted Index May 1970 = 100","AUS","AUS",2004-10-08,62,"D","Index","Indicative","RBA","Daily","Historical Daily Exchange Rates Of The Australian Dollar Against:","Australian Dollar Trade-weighted Index"
"8485","FXRTWI","Trade-weighted Index May 1970 = 100","AUS","AUS",2004-10-11,62.3,"D","Index","Indicative","RBA","Daily","Historical Daily Exchange Rates Of The Australian Dollar Against:","Australian Dollar Trade-weighted Index"
"8486","FXRTWI","Trade-weighted Index May 1970 = 100","AUS","AUS",2004-10-12,62.2,"D","Index","Indicative","RBA","Daily","Historical Daily Exchange Rates Of The Australian Dollar Against:","Australian Dollar Trade-weighted Index"
"8487","FXRTWI","Trade-weighted Index May 1970 = 100","AUS","AUS",2004-10-13,62,"D","Index","Indicative","RBA","Daily","Historical Daily Exchange Rates Of The Australian Dollar Against:","Australian Dollar Trade-weighted Index"
"8488","FXRTWI","Trade-weighted Index May 1970 = 100","AUS","AUS",2004-10-14,61.6,"D","Index","Indicative","RBA","Daily","Historical Daily Exchange Rates Of The Australian Dollar Against:","Australian Dollar Trade-weighted Index"
"8489","FXRTWI","Trade-weighted Index May 1970 = 100","AUS","AUS",2004-10-15,62,"D","Index","Indicative","RBA","Daily","Historical Daily Exchange Rates Of The Australian Dollar Against:","Australian Dollar Trade-weighted Index"
"8490","FXRTWI","Trade-weighted Index May 1970 = 100","AUS","AUS",2004-10-18,61.9,"D","Index","Indicative","RBA","Daily","Historical Daily Exchange Rates Of The Australian Dollar Against:","Australian Dollar Trade-weighted Index"
"8491","FXRTWI","Trade-weighted Index May 1970 = 100","AUS","AUS",2004-10-19,61.4,"D","Index","Indicative","RBA","Daily","Historical Daily Exchange Rates Of The Australian Dollar Against:","Australian Dollar Trade-weighted Index"
"8492","FXRTWI","Trade-weighted Index May 1970 = 100","AUS","AUS",2004-10-20,61.5,"D","Index","Indicative","RBA","Daily","Historical Daily Exchange Rates Of The Australian Dollar Against:","Australian Dollar Trade-weighted Index"
"8493","FXRTWI","Trade-weighted Index May 1970 = 100","AUS","AUS",2004-10-21,62.1,"D","Index","Indicative","RBA","Daily","Historical Daily Exchange Rates Of The Australian Dollar Against:","Australian Dollar Trade-weighted Index"
"8494","FXRTWI","Trade-weighted Index May 1970 = 100","AUS","AUS",2004-10-22,62,"D","Index","Indicative","RBA","Daily","Historical Daily Exchange Rates Of The Australian Dollar Against:","Australian Dollar Trade-weighted Index"
"8495","FXRTWI","Trade-weighted Index May 1970 = 100","AUS","AUS",2004-10-25,62.4,"D","Index","Indicative","RBA","Daily","Historical Daily Exchange Rates Of The Australian Dollar Against:","Australian Dollar Trade-weighted Index"
"8496","FXRTWI","Trade-weighted Index May 1970 = 100","AUS","AUS",2004-10-26,62.6,"D","Index","Indicative","RBA","Daily","Historical Daily Exchange Rates Of The Australian Dollar Against:","Australian Dollar Trade-weighted Index"
"8497","FXRTWI","Trade-weighted Index May 1970 = 100","AUS","AUS",2004-10-27,62.5,"D","Index","Indicative","RBA","Daily","Historical Daily Exchange Rates Of The Australian Dollar Against:","Australian Dollar Trade-weighted Index"
"8498","FXRTWI","Trade-weighted Index May 1970 = 100","AUS","AUS",2004-10-28,62.7,"D","Index","Indicative","RBA","Daily","Historical Daily Exchange Rates Of The Australian Dollar Against:","Australian Dollar Trade-weighted Index"
"8499","FXRTWI","Trade-weighted Index May 1970 = 100","AUS","AUS",2004-10-29,62.5,"D","Index","Indicative","RBA","Daily","Historical Daily Exchange Rates Of The Australian Dollar Against:","Australian Dollar Trade-weighted Index"
"8500","DLCACS","Credit; Total; Seasonally adjusted","AUS","AUS",2004-10-31,1136.573,"M","$ billion","Seasonally Adjusted","RBA","Monthly","D2 Lending And Credit Aggregates","Credit; Total; Seasonally adjusted – Includes securitisations – For series breaks see Series Breaks"
"8501","FIRMMCRT","Cash Rate Target","AUS","AUS",2004-10-31,5.25,"M","Per cent","Original","RBA","Monthly","F1.1 Interest Rates And Yields - Money Market","Cash Rate Target; monthly average"
"8502","FXRTWI","Trade-weighted Index May 1970 = 100","AUS","AUS",2004-10-31,62.5,"M","Index","Indicative","RBA","Monthly","F11 Exchange Rates","Australian Dollar Trade-weighted Index"
"8503","GRCPAISDR","Commodity prices – SDR","AUS","AUS",2004-10-31,35.6528489643478,"M","Index, 2023/24=100","Original","RBA","Monthly","I2 Commodity Prices","Index of commodity prices; All items; SDR"
"8504","A2718577A","Credits, Total goods ;","AUS","AUS",2004-11-01,10202,"M","$ Millions","Seasonally Adjusted",NA,"Monthly","TABLE 1. GOODS, Summary: Seasonally adjusted and trend estimates, Current prices",NA
"8505","A2718594C","Balance on goods ;","AUS","AUS",2004-11-01,-2450,"M","$ Millions","Seasonally Adjusted",NA,"Monthly","TABLE 1. GOODS, Summary: Seasonally adjusted and trend estimates, Current prices",NA
"8506","FXRTWI","Trade-weighted Index May 1970 = 100","AUS","AUS",2004-11-01,62.5,"D","Index","Indicative","RBA","Daily","Historical Daily Exchange Rates Of The Australian Dollar Against:","Australian Dollar Trade-weighted Index"
"8507","FXRTWI","Trade-weighted Index May 1970 = 100","AUS","AUS",2004-11-02,62.4,"D","Index","Indicative","RBA","Daily","Historical Daily Exchange Rates Of The Australian Dollar Against:","Australian Dollar Trade-weighted Index"
"8508","FXRTWI","Trade-weighted Index May 1970 = 100","AUS","AUS",2004-11-03,62.5,"D","Index","Indicative","RBA","Daily","Historical Daily Exchange Rates Of The Australian Dollar Against:","Australian Dollar Trade-weighted Index"
"8509","FXRTWI","Trade-weighted Index May 1970 = 100","AUS","AUS",2004-11-04,63.2,"D","Index","Indicative","RBA","Daily","Historical Daily Exchange Rates Of The Australian Dollar Against:","Australian Dollar Trade-weighted Index"
"8510","FXRTWI","Trade-weighted Index May 1970 = 100","AUS","AUS",2004-11-05,63.1,"D","Index","Indicative","RBA","Daily","Historical Daily Exchange Rates Of The Australian Dollar Against:","Australian Dollar Trade-weighted Index"
"8511","FXRTWI","Trade-weighted Index May 1970 = 100","AUS","AUS",2004-11-08,63.2,"D","Index","Indicative","RBA","Daily","Historical Daily Exchange Rates Of The Australian Dollar Against:","Australian Dollar Trade-weighted Index"
"8512","FXRTWI","Trade-weighted Index May 1970 = 100","AUS","AUS",2004-11-09,62.9,"D","Index","Indicative","RBA","Daily","Historical Daily Exchange Rates Of The Australian Dollar Against:","Australian Dollar Trade-weighted Index"
"8513","FXRTWI","Trade-weighted Index May 1970 = 100","AUS","AUS",2004-11-10,63.3,"D","Index","Indicative","RBA","Daily","Historical Daily Exchange Rates Of The Australian Dollar Against:","Australian Dollar Trade-weighted Index"
"8514","FXRTWI","Trade-weighted Index May 1970 = 100","AUS","AUS",2004-11-11,63.4,"D","Index","Indicative","RBA","Daily","Historical Daily Exchange Rates Of The Australian Dollar Against:","Australian Dollar Trade-weighted Index"
"8515","FXRTWI","Trade-weighted Index May 1970 = 100","AUS","AUS",2004-11-12,63.7,"D","Index","Indicative","RBA","Daily","Historical Daily Exchange Rates Of The Australian Dollar Against:","Australian Dollar Trade-weighted Index"
"8516","FXRTWI","Trade-weighted Index May 1970 = 100","AUS","AUS",2004-11-15,63.8,"D","Index","Indicative","RBA","Daily","Historical Daily Exchange Rates Of The Australian Dollar Against:","Australian Dollar Trade-weighted Index"
"8517","FXRTWI","Trade-weighted Index May 1970 = 100","AUS","AUS",2004-11-16,63.9,"D","Index","Indicative","RBA","Daily","Historical Daily Exchange Rates Of The Australian Dollar Against:","Australian Dollar Trade-weighted Index"
"8518","FXRTWI","Trade-weighted Index May 1970 = 100","AUS","AUS",2004-11-17,64.1,"D","Index","Indicative","RBA","Daily","Historical Daily Exchange Rates Of The Australian Dollar Against:","Australian Dollar Trade-weighted Index"
"8519","FXRTWI","Trade-weighted Index May 1970 = 100","AUS","AUS",2004-11-18,64.4,"D","Index","Indicative","RBA","Daily","Historical Daily Exchange Rates Of The Australian Dollar Against:","Australian Dollar Trade-weighted Index"
"8520","FXRTWI","Trade-weighted Index May 1970 = 100","AUS","AUS",2004-11-19,64.1,"D","Index","Indicative","RBA","Daily","Historical Daily Exchange Rates Of The Australian Dollar Against:","Australian Dollar Trade-weighted Index"
"8521","FXRTWI","Trade-weighted Index May 1970 = 100","AUS","AUS",2004-11-22,64.3,"D","Index","Indicative","RBA","Daily","Historical Daily Exchange Rates Of The Australian Dollar Against:","Australian Dollar Trade-weighted Index"
"8522","FXRTWI","Trade-weighted Index May 1970 = 100","AUS","AUS",2004-11-23,64.2,"D","Index","Indicative","RBA","Daily","Historical Daily Exchange Rates Of The Australian Dollar Against:","Australian Dollar Trade-weighted Index"
"8523","FXRTWI","Trade-weighted Index May 1970 = 100","AUS","AUS",2004-11-24,64.6,"D","Index","Indicative","RBA","Daily","Historical Daily Exchange Rates Of The Australian Dollar Against:","Australian Dollar Trade-weighted Index"
"8524","FXRTWI","Trade-weighted Index May 1970 = 100","AUS","AUS",2004-11-25,64.4,"D","Index","Indicative","RBA","Daily","Historical Daily Exchange Rates Of The Australian Dollar Against:","Australian Dollar Trade-weighted Index"
"8525","FXRTWI","Trade-weighted Index May 1970 = 100","AUS","AUS",2004-11-26,64.8,"D","Index","Indicative","RBA","Daily","Historical Daily Exchange Rates Of The Australian Dollar Against:","Australian Dollar Trade-weighted Index"
"8526","FXRTWI","Trade-weighted Index May 1970 = 100","AUS","AUS",2004-11-29,64.3,"D","Index","Indicative","RBA","Daily","Historical Daily Exchange Rates Of The Australian Dollar Against:","Australian Dollar Trade-weighted Index"
"8527","DLCACS","Credit; Total; Seasonally adjusted","AUS","AUS",2004-11-30,1148.005,"M","$ billion","Seasonally Adjusted","RBA","Monthly","D2 Lending And Credit Aggregates","Credit; Total; Seasonally adjusted – Includes securitisations – For series breaks see Series Breaks"
"8528","FIRMMCRT","Cash Rate Target","AUS","AUS",2004-11-30,5.25,"M","Per cent","Original","RBA","Monthly","F1.1 Interest Rates And Yields - Money Market","Cash Rate Target; monthly average"
"8529","FXRTWI","Trade-weighted Index May 1970 = 100","AUS","AUS",2004-11-30,63.6,"D","Index","Indicative","RBA","Daily","Historical Daily Exchange Rates Of The Australian Dollar Against:","Australian Dollar Trade-weighted Index"
"8530","FXRTWI","Trade-weighted Index May 1970 = 100","AUS","AUS",2004-11-30,63.6,"M","Index","Indicative","RBA","Monthly","F11 Exchange Rates","Australian Dollar Trade-weighted Index"
"8531","GRCPAISDR","Commodity prices – SDR","AUS","AUS",2004-11-30,34.9880716933603,"M","Index, 2023/24=100","Original","RBA","Monthly","I2 Commodity Prices","Index of commodity prices; All items; SDR"
"8532","A2302956R","South Australia ; STATE FINAL DEMAND ;","SA","SA",2004-12-01,25293,"Q","$ Millions","Seasonally Adjusted",NA,"Quarterly","Table 25. State Final Demand, Summary Components by State: Chain volume measures",NA
"8533","A2302984X","Western Australia ; STATE FINAL DEMAND ;","WA","WA",2004-12-01,37727,"Q","$ Millions","Seasonally Adjusted",NA,"Quarterly","Table 25. State Final Demand, Summary Components by State: Chain volume measures",NA
"8534","A2303012X","Tasmania ; STATE FINAL DEMAND ;","TAS","TAS",2004-12-01,8049,"Q","$ Millions","Seasonally Adjusted",NA,"Quarterly","Table 25. State Final Demand, Summary Components by State: Chain volume measures",NA
"8535","A2303040J","Northern Territory ; STATE FINAL DEMAND ;","NT","NT",2004-12-01,5369,"Q","$ Millions","Seasonally Adjusted",NA,"Quarterly","Table 25. State Final Demand, Summary Components by State: Chain volume measures",NA
"8536","A2303068K","Australian Capital Territory ; STATE FINAL DEMAND ;","ACT","ACT",2004-12-01,10356,"Q","$ Millions","Seasonally Adjusted",NA,"Quarterly","Table 25. State Final Demand, Summary Components by State: Chain volume measures",NA
"8537","A2303111F","New South Wales ; STATE FINAL DEMAND ;","NSW","NSW",2004-12-01,120244,"Q","$ Millions","Seasonally Adjusted",NA,"Quarterly","Table 25. State Final Demand, Summary Components by State: Chain volume measures",NA
"8538","A2303139J","Victoria ; STATE FINAL DEMAND ;","VIC","VIC",2004-12-01,88783,"Q","$ Millions","Seasonally Adjusted",NA,"Quarterly","Table 25. State Final Demand, Summary Components by State: Chain volume measures",NA
"8539","A2303187A","Queensland ; STATE FINAL DEMAND ;","QLD","QLD",2004-12-01,69213,"Q","$ Millions","Seasonally Adjusted",NA,"Quarterly","Table 25. State Final Demand, Summary Components by State: Chain volume measures",NA
"8540","A2304418T","Gross domestic product: Current prices ;","AUS","AUS",2004-12-01,228935,"Q","$ Millions","Seasonally Adjusted",NA,"Quarterly","Table 1. Key National Accounts Aggregates",NA
"8541","A2325846C","Index Numbers ; All groups CPI ; Australia ;","AUS","AUS",2004-12-01,81.5,"Q","Index Numbers","Original",NA,"Quarterly","TABLES 1 and 2. CPI: All Groups, Index Numbers and Percentage Changes",NA
"8542","A2718577A","Credits, Total goods ;","AUS","AUS",2004-12-01,10191,"M","$ Millions","Seasonally Adjusted",NA,"Monthly","TABLE 1. GOODS, Summary: Seasonally adjusted and trend estimates, Current prices",NA
"8543","A2718594C","Balance on goods ;","AUS","AUS",2004-12-01,-2359,"M","$ Millions","Seasonally Adjusted",NA,"Monthly","TABLE 1. GOODS, Summary: Seasonally adjusted and trend estimates, Current prices",NA
"8544","FXRTWI","Trade-weighted Index May 1970 = 100","AUS","AUS",2004-12-01,63.4,"D","Index","Indicative","RBA","Daily","Historical Daily Exchange Rates Of The Australian Dollar Against:","Australian Dollar Trade-weighted Index"
"8545","FXRTWI","Trade-weighted Index May 1970 = 100","AUS","AUS",2004-12-02,63.5,"D","Index","Indicative","RBA","Daily","Historical Daily Exchange Rates Of The Australian Dollar Against:","Australian Dollar Trade-weighted Index"
"8546","FXRTWI","Trade-weighted Index May 1970 = 100","AUS","AUS",2004-12-03,63.3,"D","Index","Indicative","RBA","Daily","Historical Daily Exchange Rates Of The Australian Dollar Against:","Australian Dollar Trade-weighted Index"
"8547","FXRTWI","Trade-weighted Index May 1970 = 100","AUS","AUS",2004-12-06,63.4,"D","Index","Indicative","RBA","Daily","Historical Daily Exchange Rates Of The Australian Dollar Against:","Australian Dollar Trade-weighted Index"
"8548","FXRTWI","Trade-weighted Index May 1970 = 100","AUS","AUS",2004-12-07,63.2,"D","Index","Indicative","RBA","Daily","Historical Daily Exchange Rates Of The Australian Dollar Against:","Australian Dollar Trade-weighted Index"
"8549","FXRTWI","Trade-weighted Index May 1970 = 100","AUS","AUS",2004-12-08,62.6,"D","Index","Indicative","RBA","Daily","Historical Daily Exchange Rates Of The Australian Dollar Against:","Australian Dollar Trade-weighted Index"
"8550","FXRTWI","Trade-weighted Index May 1970 = 100","AUS","AUS",2004-12-09,62.1,"D","Index","Indicative","RBA","Daily","Historical Daily Exchange Rates Of The Australian Dollar Against:","Australian Dollar Trade-weighted Index"
"8551","FXRTWI","Trade-weighted Index May 1970 = 100","AUS","AUS",2004-12-10,61.8,"D","Index","Indicative","RBA","Daily","Historical Daily Exchange Rates Of The Australian Dollar Against:","Australian Dollar Trade-weighted Index"
"8552","FXRTWI","Trade-weighted Index May 1970 = 100","AUS","AUS",2004-12-13,61.9,"D","Index","Indicative","RBA","Daily","Historical Daily Exchange Rates Of The Australian Dollar Against:","Australian Dollar Trade-weighted Index"
"8553","FXRTWI","Trade-weighted Index May 1970 = 100","AUS","AUS",2004-12-14,62.4,"D","Index","Indicative","RBA","Daily","Historical Daily Exchange Rates Of The Australian Dollar Against:","Australian Dollar Trade-weighted Index"
"8554","FXRTWI","Trade-weighted Index May 1970 = 100","AUS","AUS",2004-12-15,62.2,"D","Index","Indicative","RBA","Daily","Historical Daily Exchange Rates Of The Australian Dollar Against:","Australian Dollar Trade-weighted Index"
"8555","FXRTWI","Trade-weighted Index May 1970 = 100","AUS","AUS",2004-12-16,62.6,"D","Index","Indicative","RBA","Daily","Historical Daily Exchange Rates Of The Australian Dollar Against:","Australian Dollar Trade-weighted Index"
"8556","FXRTWI","Trade-weighted Index May 1970 = 100","AUS","AUS",2004-12-17,62.5,"D","Index","Indicative","RBA","Daily","Historical Daily Exchange Rates Of The Australian Dollar Against:","Australian Dollar Trade-weighted Index"
"8557","FXRTWI","Trade-weighted Index May 1970 = 100","AUS","AUS",2004-12-20,62.5,"D","Index","Indicative","RBA","Daily","Historical Daily Exchange Rates Of The Australian Dollar Against:","Australian Dollar Trade-weighted Index"
"8558","FXRTWI","Trade-weighted Index May 1970 = 100","AUS","AUS",2004-12-21,62.7,"D","Index","Indicative","RBA","Daily","Historical Daily Exchange Rates Of The Australian Dollar Against:","Australian Dollar Trade-weighted Index"
"8559","FXRTWI","Trade-weighted Index May 1970 = 100","AUS","AUS",2004-12-22,62.5,"D","Index","Indicative","RBA","Daily","Historical Daily Exchange Rates Of The Australian Dollar Against:","Australian Dollar Trade-weighted Index"
"8560","FXRTWI","Trade-weighted Index May 1970 = 100","AUS","AUS",2004-12-23,62.6,"D","Index","Indicative","RBA","Daily","Historical Daily Exchange Rates Of The Australian Dollar Against:","Australian Dollar Trade-weighted Index"
"8561","FXRTWI","Trade-weighted Index May 1970 = 100","AUS","AUS",2004-12-24,62.6,"D","Index","Indicative","RBA","Daily","Historical Daily Exchange Rates Of The Australian Dollar Against:","Australian Dollar Trade-weighted Index"
"8562","FXRTWI","Trade-weighted Index May 1970 = 100","AUS","AUS",2004-12-29,63.4,"D","Index","Indicative","RBA","Daily","Historical Daily Exchange Rates Of The Australian Dollar Against:","Australian Dollar Trade-weighted Index"
"8563","FXRTWI","Trade-weighted Index May 1970 = 100","AUS","AUS",2004-12-30,63.1,"D","Index","Indicative","RBA","Daily","Historical Daily Exchange Rates Of The Australian Dollar Against:","Australian Dollar Trade-weighted Index"
"8564","DLCACS","Credit; Total; Seasonally adjusted","AUS","AUS",2004-12-31,1162.541,"M","$ billion","Seasonally Adjusted","RBA","Monthly","D2 Lending And Credit Aggregates","Credit; Total; Seasonally adjusted – Includes securitisations – For series breaks see Series Breaks"
"8565","FIRMMCRT","Cash Rate Target","AUS","AUS",2004-12-31,5.25,"M","Per cent","Original","RBA","Monthly","F1.1 Interest Rates And Yields - Money Market","Cash Rate Target; monthly average"
"8566","FXRTWI","Trade-weighted Index May 1970 = 100","AUS","AUS",2004-12-31,63.2,"D","Index","Indicative","RBA","Daily","Historical Daily Exchange Rates Of The Australian Dollar Against:","Australian Dollar Trade-weighted Index"
"8567","FXRTWI","Trade-weighted Index May 1970 = 100","AUS","AUS",2004-12-31,63.2,"M","Index","Indicative","RBA","Monthly","F11 Exchange Rates","Australian Dollar Trade-weighted Index"
"8568","GCPIOCPMTMQP","Quarterly trimmed mean inflation","AUS","AUS",2004-12-31,0.8,"Q","Per cent","Seasonally Adjusted","ABS","Quarterly","G1 Consumer Price Inflation","Consumer price index; Trimmed mean; Quarterly change (in per cent)"
"8569","GRCPAISDR","Commodity prices – SDR","AUS","AUS",2004-12-31,33.9733314554589,"M","Index, 2023/24=100","Original","RBA","Monthly","I2 Commodity Prices","Index of commodity prices; All items; SDR"
"8570","A2718577A","Credits, Total goods ;","AUS","AUS",2005-01-01,10585,"M","$ Millions","Seasonally Adjusted",NA,"Monthly","TABLE 1. GOODS, Summary: Seasonally adjusted and trend estimates, Current prices",NA
"8571","A2718594C","Balance on goods ;","AUS","AUS",2005-01-01,-1898,"M","$ Millions","Seasonally Adjusted",NA,"Monthly","TABLE 1. GOODS, Summary: Seasonally adjusted and trend estimates, Current prices",NA
"8572","FXRTWI","Trade-weighted Index May 1970 = 100","AUS","AUS",2005-01-04,63.4,"D","Index","Indicative","RBA","Daily","Historical Daily Exchange Rates Of The Australian Dollar Against:","Australian Dollar Trade-weighted Index"
"8573","FXRTWI","Trade-weighted Index May 1970 = 100","AUS","AUS",2005-01-05,62.8,"D","Index","Indicative","RBA","Daily","Historical Daily Exchange Rates Of The Australian Dollar Against:","Australian Dollar Trade-weighted Index"
"8574","FXRTWI","Trade-weighted Index May 1970 = 100","AUS","AUS",2005-01-06,62.7,"D","Index","Indicative","RBA","Daily","Historical Daily Exchange Rates Of The Australian Dollar Against:","Australian Dollar Trade-weighted Index"
"8575","FXRTWI","Trade-weighted Index May 1970 = 100","AUS","AUS",2005-01-07,62.7,"D","Index","Indicative","RBA","Daily","Historical Daily Exchange Rates Of The Australian Dollar Against:","Australian Dollar Trade-weighted Index"
"8576","FXRTWI","Trade-weighted Index May 1970 = 100","AUS","AUS",2005-01-10,62.5,"D","Index","Indicative","RBA","Daily","Historical Daily Exchange Rates Of The Australian Dollar Against:","Australian Dollar Trade-weighted Index"
"8577","FXRTWI","Trade-weighted Index May 1970 = 100","AUS","AUS",2005-01-11,62.5,"D","Index","Indicative","RBA","Daily","Historical Daily Exchange Rates Of The Australian Dollar Against:","Australian Dollar Trade-weighted Index"
"8578","FXRTWI","Trade-weighted Index May 1970 = 100","AUS","AUS",2005-01-12,62.4,"D","Index","Indicative","RBA","Daily","Historical Daily Exchange Rates Of The Australian Dollar Against:","Australian Dollar Trade-weighted Index"
"8579","FXRTWI","Trade-weighted Index May 1970 = 100","AUS","AUS",2005-01-13,62.6,"D","Index","Indicative","RBA","Daily","Historical Daily Exchange Rates Of The Australian Dollar Against:","Australian Dollar Trade-weighted Index"
"8580","FXRTWI","Trade-weighted Index May 1970 = 100","AUS","AUS",2005-01-14,62.2,"D","Index","Indicative","RBA","Daily","Historical Daily Exchange Rates Of The Australian Dollar Against:","Australian Dollar Trade-weighted Index"
"8581","FXRTWI","Trade-weighted Index May 1970 = 100","AUS","AUS",2005-01-17,62.3,"D","Index","Indicative","RBA","Daily","Historical Daily Exchange Rates Of The Australian Dollar Against:","Australian Dollar Trade-weighted Index"
"8582","FXRTWI","Trade-weighted Index May 1970 = 100","AUS","AUS",2005-01-18,61.8,"D","Index","Indicative","RBA","Daily","Historical Daily Exchange Rates Of The Australian Dollar Against:","Australian Dollar Trade-weighted Index"
"8583","FXRTWI","Trade-weighted Index May 1970 = 100","AUS","AUS",2005-01-19,62.1,"D","Index","Indicative","RBA","Daily","Historical Daily Exchange Rates Of The Australian Dollar Against:","Australian Dollar Trade-weighted Index"
"8584","FXRTWI","Trade-weighted Index May 1970 = 100","AUS","AUS",2005-01-20,62.4,"D","Index","Indicative","RBA","Daily","Historical Daily Exchange Rates Of The Australian Dollar Against:","Australian Dollar Trade-weighted Index"
"8585","FXRTWI","Trade-weighted Index May 1970 = 100","AUS","AUS",2005-01-21,62.3,"D","Index","Indicative","RBA","Daily","Historical Daily Exchange Rates Of The Australian Dollar Against:","Australian Dollar Trade-weighted Index"
"8586","FXRTWI","Trade-weighted Index May 1970 = 100","AUS","AUS",2005-01-24,63,"D","Index","Indicative","RBA","Daily","Historical Daily Exchange Rates Of The Australian Dollar Against:","Australian Dollar Trade-weighted Index"
"8587","FXRTWI","Trade-weighted Index May 1970 = 100","AUS","AUS",2005-01-25,63,"D","Index","Indicative","RBA","Daily","Historical Daily Exchange Rates Of The Australian Dollar Against:","Australian Dollar Trade-weighted Index"
"8588","FXRTWI","Trade-weighted Index May 1970 = 100","AUS","AUS",2005-01-27,63.5,"D","Index","Indicative","RBA","Daily","Historical Daily Exchange Rates Of The Australian Dollar Against:","Australian Dollar Trade-weighted Index"
"8589","FXRTWI","Trade-weighted Index May 1970 = 100","AUS","AUS",2005-01-28,63.5,"D","Index","Indicative","RBA","Daily","Historical Daily Exchange Rates Of The Australian Dollar Against:","Australian Dollar Trade-weighted Index"
"8590","DLCACS","Credit; Total; Seasonally adjusted","AUS","AUS",2005-01-31,1182.164,"M","$ billion","Seasonally Adjusted","RBA","Monthly","D2 Lending And Credit Aggregates","Credit; Total; Seasonally adjusted – Includes securitisations – For series breaks see Series Breaks"
"8591","FIRMMCRT","Cash Rate Target","AUS","AUS",2005-01-31,5.25,"M","Per cent","Original","RBA","Monthly","F1.1 Interest Rates And Yields - Money Market","Cash Rate Target; monthly average"
"8592","FXRTWI","Trade-weighted Index May 1970 = 100","AUS","AUS",2005-01-31,63.5,"D","Index","Indicative","RBA","Daily","Historical Daily Exchange Rates Of The Australian Dollar Against:","Australian Dollar Trade-weighted Index"
"8593","FXRTWI","Trade-weighted Index May 1970 = 100","AUS","AUS",2005-01-31,63.5,"M","Index","Indicative","RBA","Monthly","F11 Exchange Rates","Australian Dollar Trade-weighted Index"
"8594","GRCPAISDR","Commodity prices – SDR","AUS","AUS",2005-01-31,35.0921403626256,"M","Index, 2023/24=100","Original","RBA","Monthly","I2 Commodity Prices","Index of commodity prices; All items; SDR"
"8595","A2718577A","Credits, Total goods ;","AUS","AUS",2005-02-01,10328,"M","$ Millions","Seasonally Adjusted",NA,"Monthly","TABLE 1. GOODS, Summary: Seasonally adjusted and trend estimates, Current prices",NA
"8596","A2718594C","Balance on goods ;","AUS","AUS",2005-02-01,-2219,"M","$ Millions","Seasonally Adjusted",NA,"Monthly","TABLE 1. GOODS, Summary: Seasonally adjusted and trend estimates, Current prices",NA
"8597","FXRTWI","Trade-weighted Index May 1970 = 100","AUS","AUS",2005-02-01,63.4,"D","Index","Indicative","RBA","Daily","Historical Daily Exchange Rates Of The Australian Dollar Against:","Australian Dollar Trade-weighted Index"
"8598","FXRTWI","Trade-weighted Index May 1970 = 100","AUS","AUS",2005-02-02,63.5,"D","Index","Indicative","RBA","Daily","Historical Daily Exchange Rates Of The Australian Dollar Against:","Australian Dollar Trade-weighted Index"
"8599","FXRTWI","Trade-weighted Index May 1970 = 100","AUS","AUS",2005-02-03,63.6,"D","Index","Indicative","RBA","Daily","Historical Daily Exchange Rates Of The Australian Dollar Against:","Australian Dollar Trade-weighted Index"
"8600","FXRTWI","Trade-weighted Index May 1970 = 100","AUS","AUS",2005-02-04,63.2,"D","Index","Indicative","RBA","Daily","Historical Daily Exchange Rates Of The Australian Dollar Against:","Australian Dollar Trade-weighted Index"
"8601","FXRTWI","Trade-weighted Index May 1970 = 100","AUS","AUS",2005-02-07,63.6,"D","Index","Indicative","RBA","Daily","Historical Daily Exchange Rates Of The Australian Dollar Against:","Australian Dollar Trade-weighted Index"
"8602","FXRTWI","Trade-weighted Index May 1970 = 100","AUS","AUS",2005-02-08,63.4,"D","Index","Indicative","RBA","Daily","Historical Daily Exchange Rates Of The Australian Dollar Against:","Australian Dollar Trade-weighted Index"
"8603","FXRTWI","Trade-weighted Index May 1970 = 100","AUS","AUS",2005-02-09,63.2,"D","Index","Indicative","RBA","Daily","Historical Daily Exchange Rates Of The Australian Dollar Against:","Australian Dollar Trade-weighted Index"
"8604","FXRTWI","Trade-weighted Index May 1970 = 100","AUS","AUS",2005-02-10,64.2,"D","Index","Indicative","RBA","Daily","Historical Daily Exchange Rates Of The Australian Dollar Against:","Australian Dollar Trade-weighted Index"
"8605","FXRTWI","Trade-weighted Index May 1970 = 100","AUS","AUS",2005-02-11,64.5,"D","Index","Indicative","RBA","Daily","Historical Daily Exchange Rates Of The Australian Dollar Against:","Australian Dollar Trade-weighted Index"
"8606","FXRTWI","Trade-weighted Index May 1970 = 100","AUS","AUS",2005-02-14,64.6,"D","Index","Indicative","RBA","Daily","Historical Daily Exchange Rates Of The Australian Dollar Against:","Australian Dollar Trade-weighted Index"
"8607","FXRTWI","Trade-weighted Index May 1970 = 100","AUS","AUS",2005-02-15,64.5,"D","Index","Indicative","RBA","Daily","Historical Daily Exchange Rates Of The Australian Dollar Against:","Australian Dollar Trade-weighted Index"
"8608","FXRTWI","Trade-weighted Index May 1970 = 100","AUS","AUS",2005-02-16,64.6,"D","Index","Indicative","RBA","Daily","Historical Daily Exchange Rates Of The Australian Dollar Against:","Australian Dollar Trade-weighted Index"
"8609","FXRTWI","Trade-weighted Index May 1970 = 100","AUS","AUS",2005-02-17,64.5,"D","Index","Indicative","RBA","Daily","Historical Daily Exchange Rates Of The Australian Dollar Against:","Australian Dollar Trade-weighted Index"
"8610","FXRTWI","Trade-weighted Index May 1970 = 100","AUS","AUS",2005-02-18,64.4,"D","Index","Indicative","RBA","Daily","Historical Daily Exchange Rates Of The Australian Dollar Against:","Australian Dollar Trade-weighted Index"
"8611","FXRTWI","Trade-weighted Index May 1970 = 100","AUS","AUS",2005-02-21,64.7,"D","Index","Indicative","RBA","Daily","Historical Daily Exchange Rates Of The Australian Dollar Against:","Australian Dollar Trade-weighted Index"
"8612","FXRTWI","Trade-weighted Index May 1970 = 100","AUS","AUS",2005-02-22,64.6,"D","Index","Indicative","RBA","Daily","Historical Daily Exchange Rates Of The Australian Dollar Against:","Australian Dollar Trade-weighted Index"
"8613","FXRTWI","Trade-weighted Index May 1970 = 100","AUS","AUS",2005-02-23,64.6,"D","Index","Indicative","RBA","Daily","Historical Daily Exchange Rates Of The Australian Dollar Against:","Australian Dollar Trade-weighted Index"
"8614","FXRTWI","Trade-weighted Index May 1970 = 100","AUS","AUS",2005-02-24,64.3,"D","Index","Indicative","RBA","Daily","Historical Daily Exchange Rates Of The Australian Dollar Against:","Australian Dollar Trade-weighted Index"
"8615","FXRTWI","Trade-weighted Index May 1970 = 100","AUS","AUS",2005-02-25,64.2,"D","Index","Indicative","RBA","Daily","Historical Daily Exchange Rates Of The Australian Dollar Against:","Australian Dollar Trade-weighted Index"
"8616","DLCACS","Credit; Total; Seasonally adjusted","AUS","AUS",2005-02-28,1189.509,"M","$ billion","Seasonally Adjusted","RBA","Monthly","D2 Lending And Credit Aggregates","Credit; Total; Seasonally adjusted – Includes securitisations – For series breaks see Series Breaks"
"8617","FIRMMCRT","Cash Rate Target","AUS","AUS",2005-02-28,5.25,"M","Per cent","Original","RBA","Monthly","F1.1 Interest Rates And Yields - Money Market","Cash Rate Target; monthly average"
"8618","FXRTWI","Trade-weighted Index May 1970 = 100","AUS","AUS",2005-02-28,64.4,"D","Index","Indicative","RBA","Daily","Historical Daily Exchange Rates Of The Australian Dollar Against:","Australian Dollar Trade-weighted Index"
"8619","FXRTWI","Trade-weighted Index May 1970 = 100","AUS","AUS",2005-02-28,64.4,"M","Index","Indicative","RBA","Monthly","F11 Exchange Rates","Australian Dollar Trade-weighted Index"
"8620","GRCPAISDR","Commodity prices – SDR","AUS","AUS",2005-02-28,35.886141244466,"M","Index, 2023/24=100","Original","RBA","Monthly","I2 Commodity Prices","Index of commodity prices; All items; SDR"
"8621","A2302956R","South Australia ; STATE FINAL DEMAND ;","SA","SA",2005-03-01,25296,"Q","$ Millions","Seasonally Adjusted",NA,"Quarterly","Table 25. State Final Demand, Summary Components by State: Chain volume measures",NA
"8622","A2302984X","Western Australia ; STATE FINAL DEMAND ;","WA","WA",2005-03-01,38829,"Q","$ Millions","Seasonally Adjusted",NA,"Quarterly","Table 25. State Final Demand, Summary Components by State: Chain volume measures",NA
"8623","A2303012X","Tasmania ; STATE FINAL DEMAND ;","TAS","TAS",2005-03-01,7894,"Q","$ Millions","Seasonally Adjusted",NA,"Quarterly","Table 25. State Final Demand, Summary Components by State: Chain volume measures",NA
"8624","A2303040J","Northern Territory ; STATE FINAL DEMAND ;","NT","NT",2005-03-01,5505,"Q","$ Millions","Seasonally Adjusted",NA,"Quarterly","Table 25. State Final Demand, Summary Components by State: Chain volume measures",NA
"8625","A2303068K","Australian Capital Territory ; STATE FINAL DEMAND ;","ACT","ACT",2005-03-01,10444,"Q","$ Millions","Seasonally Adjusted",NA,"Quarterly","Table 25. State Final Demand, Summary Components by State: Chain volume measures",NA
"8626","A2303111F","New South Wales ; STATE FINAL DEMAND ;","NSW","NSW",2005-03-01,119303,"Q","$ Millions","Seasonally Adjusted",NA,"Quarterly","Table 25. State Final Demand, Summary Components by State: Chain volume measures",NA
"8627","A2303139J","Victoria ; STATE FINAL DEMAND ;","VIC","VIC",2005-03-01,88402,"Q","$ Millions","Seasonally Adjusted",NA,"Quarterly","Table 25. State Final Demand, Summary Components by State: Chain volume measures",NA
"8628","A2303187A","Queensland ; STATE FINAL DEMAND ;","QLD","QLD",2005-03-01,68890,"Q","$ Millions","Seasonally Adjusted",NA,"Quarterly","Table 25. State Final Demand, Summary Components by State: Chain volume measures",NA
"8629","A2304418T","Gross domestic product: Current prices ;","AUS","AUS",2005-03-01,233252,"Q","$ Millions","Seasonally Adjusted",NA,"Quarterly","Table 1. Key National Accounts Aggregates",NA
"8630","A2325846C","Index Numbers ; All groups CPI ; Australia ;","AUS","AUS",2005-03-01,82.1,"Q","Index Numbers","Original",NA,"Quarterly","TABLES 1 and 2. CPI: All Groups, Index Numbers and Percentage Changes",NA
"8631","A2718577A","Credits, Total goods ;","AUS","AUS",2005-03-01,10312,"M","$ Millions","Seasonally Adjusted",NA,"Monthly","TABLE 1. GOODS, Summary: Seasonally adjusted and trend estimates, Current prices",NA
"8632","A2718594C","Balance on goods ;","AUS","AUS",2005-03-01,-2393,"M","$ Millions","Seasonally Adjusted",NA,"Monthly","TABLE 1. GOODS, Summary: Seasonally adjusted and trend estimates, Current prices",NA
"8633","FXRTWI","Trade-weighted Index May 1970 = 100","AUS","AUS",2005-03-01,64.2,"D","Index","Indicative","RBA","Daily","Historical Daily Exchange Rates Of The Australian Dollar Against:","Australian Dollar Trade-weighted Index"
"8634","FXRTWI","Trade-weighted Index May 1970 = 100","AUS","AUS",2005-03-02,63.9,"D","Index","Indicative","RBA","Daily","Historical Daily Exchange Rates Of The Australian Dollar Against:","Australian Dollar Trade-weighted Index"
"8635","FXRTWI","Trade-weighted Index May 1970 = 100","AUS","AUS",2005-03-03,63.9,"D","Index","Indicative","RBA","Daily","Historical Daily Exchange Rates Of The Australian Dollar Against:","Australian Dollar Trade-weighted Index"
"8636","FXRTWI","Trade-weighted Index May 1970 = 100","AUS","AUS",2005-03-04,64,"D","Index","Indicative","RBA","Daily","Historical Daily Exchange Rates Of The Australian Dollar Against:","Australian Dollar Trade-weighted Index"
"8637","FXRTWI","Trade-weighted Index May 1970 = 100","AUS","AUS",2005-03-07,64.4,"D","Index","Indicative","RBA","Daily","Historical Daily Exchange Rates Of The Australian Dollar Against:","Australian Dollar Trade-weighted Index"
"8638","FXRTWI","Trade-weighted Index May 1970 = 100","AUS","AUS",2005-03-08,64.6,"D","Index","Indicative","RBA","Daily","Historical Daily Exchange Rates Of The Australian Dollar Against:","Australian Dollar Trade-weighted Index"
"8639","FXRTWI","Trade-weighted Index May 1970 = 100","AUS","AUS",2005-03-09,64.8,"D","Index","Indicative","RBA","Daily","Historical Daily Exchange Rates Of The Australian Dollar Against:","Australian Dollar Trade-weighted Index"
"8640","FXRTWI","Trade-weighted Index May 1970 = 100","AUS","AUS",2005-03-10,64.5,"D","Index","Indicative","RBA","Daily","Historical Daily Exchange Rates Of The Australian Dollar Against:","Australian Dollar Trade-weighted Index"
"8641","FXRTWI","Trade-weighted Index May 1970 = 100","AUS","AUS",2005-03-11,64.1,"D","Index","Indicative","RBA","Daily","Historical Daily Exchange Rates Of The Australian Dollar Against:","Australian Dollar Trade-weighted Index"
"8642","FXRTWI","Trade-weighted Index May 1970 = 100","AUS","AUS",2005-03-14,64.3,"D","Index","Indicative","RBA","Daily","Historical Daily Exchange Rates Of The Australian Dollar Against:","Australian Dollar Trade-weighted Index"
"8643","FXRTWI","Trade-weighted Index May 1970 = 100","AUS","AUS",2005-03-15,64.2,"D","Index","Indicative","RBA","Daily","Historical Daily Exchange Rates Of The Australian Dollar Against:","Australian Dollar Trade-weighted Index"
"8644","FXRTWI","Trade-weighted Index May 1970 = 100","AUS","AUS",2005-03-16,64.3,"D","Index","Indicative","RBA","Daily","Historical Daily Exchange Rates Of The Australian Dollar Against:","Australian Dollar Trade-weighted Index"
"8645","FXRTWI","Trade-weighted Index May 1970 = 100","AUS","AUS",2005-03-17,64.4,"D","Index","Indicative","RBA","Daily","Historical Daily Exchange Rates Of The Australian Dollar Against:","Australian Dollar Trade-weighted Index"
"8646","FXRTWI","Trade-weighted Index May 1970 = 100","AUS","AUS",2005-03-18,64.5,"D","Index","Indicative","RBA","Daily","Historical Daily Exchange Rates Of The Australian Dollar Against:","Australian Dollar Trade-weighted Index"
"8647","FXRTWI","Trade-weighted Index May 1970 = 100","AUS","AUS",2005-03-21,64.5,"D","Index","Indicative","RBA","Daily","Historical Daily Exchange Rates Of The Australian Dollar Against:","Australian Dollar Trade-weighted Index"
"8648","FXRTWI","Trade-weighted Index May 1970 = 100","AUS","AUS",2005-03-22,64.2,"D","Index","Indicative","RBA","Daily","Historical Daily Exchange Rates Of The Australian Dollar Against:","Australian Dollar Trade-weighted Index"
"8649","FXRTWI","Trade-weighted Index May 1970 = 100","AUS","AUS",2005-03-23,64,"D","Index","Indicative","RBA","Daily","Historical Daily Exchange Rates Of The Australian Dollar Against:","Australian Dollar Trade-weighted Index"
"8650","FXRTWI","Trade-weighted Index May 1970 = 100","AUS","AUS",2005-03-24,63.7,"D","Index","Indicative","RBA","Daily","Historical Daily Exchange Rates Of The Australian Dollar Against:","Australian Dollar Trade-weighted Index"
"8651","FXRTWI","Trade-weighted Index May 1970 = 100","AUS","AUS",2005-03-29,63.8,"D","Index","Indicative","RBA","Daily","Historical Daily Exchange Rates Of The Australian Dollar Against:","Australian Dollar Trade-weighted Index"
"8652","FXRTWI","Trade-weighted Index May 1970 = 100","AUS","AUS",2005-03-30,63.9,"D","Index","Indicative","RBA","Daily","Historical Daily Exchange Rates Of The Australian Dollar Against:","Australian Dollar Trade-weighted Index"
"8653","DLCACS","Credit; Total; Seasonally adjusted","AUS","AUS",2005-03-31,1194.574,"M","$ billion","Seasonally Adjusted","RBA","Monthly","D2 Lending And Credit Aggregates","Credit; Total; Seasonally adjusted – Includes securitisations – For series breaks see Series Breaks"
"8654","FIRMMCRT","Cash Rate Target","AUS","AUS",2005-03-31,5.48809523809524,"M","Per cent","Original","RBA","Monthly","F1.1 Interest Rates And Yields - Money Market","Cash Rate Target; monthly average"
"8655","FXRTWI","Trade-weighted Index May 1970 = 100","AUS","AUS",2005-03-31,63.8,"D","Index","Indicative","RBA","Daily","Historical Daily Exchange Rates Of The Australian Dollar Against:","Australian Dollar Trade-weighted Index"
"8656","FXRTWI","Trade-weighted Index May 1970 = 100","AUS","AUS",2005-03-31,63.8,"M","Index","Indicative","RBA","Monthly","F11 Exchange Rates","Australian Dollar Trade-weighted Index"
"8657","GCPIOCPMTMQP","Quarterly trimmed mean inflation","AUS","AUS",2005-03-31,0.6,"Q","Per cent","Seasonally Adjusted","ABS","Quarterly","G1 Consumer Price Inflation","Consumer price index; Trimmed mean; Quarterly change (in per cent)"
"8658","GRCPAISDR","Commodity prices – SDR","AUS","AUS",2005-03-31,36.9909276041362,"M","Index, 2023/24=100","Original","RBA","Monthly","I2 Commodity Prices","Index of commodity prices; All items; SDR"
"8659","A2718577A","Credits, Total goods ;","AUS","AUS",2005-04-01,11938,"M","$ Millions","Seasonally Adjusted",NA,"Monthly","TABLE 1. GOODS, Summary: Seasonally adjusted and trend estimates, Current prices",NA
"8660","A2718594C","Balance on goods ;","AUS","AUS",2005-04-01,-956,"M","$ Millions","Seasonally Adjusted",NA,"Monthly","TABLE 1. GOODS, Summary: Seasonally adjusted and trend estimates, Current prices",NA
"8661","FXRTWI","Trade-weighted Index May 1970 = 100","AUS","AUS",2005-04-01,63.8,"D","Index","Indicative","RBA","Daily","Historical Daily Exchange Rates Of The Australian Dollar Against:","Australian Dollar Trade-weighted Index"
"8662","FXRTWI","Trade-weighted Index May 1970 = 100","AUS","AUS",2005-04-04,63.8,"D","Index","Indicative","RBA","Daily","Historical Daily Exchange Rates Of The Australian Dollar Against:","Australian Dollar Trade-weighted Index"
"8663","FXRTWI","Trade-weighted Index May 1970 = 100","AUS","AUS",2005-04-05,63.5,"D","Index","Indicative","RBA","Daily","Historical Daily Exchange Rates Of The Australian Dollar Against:","Australian Dollar Trade-weighted Index"
"8664","FXRTWI","Trade-weighted Index May 1970 = 100","AUS","AUS",2005-04-06,63.3,"D","Index","Indicative","RBA","Daily","Historical Daily Exchange Rates Of The Australian Dollar Against:","Australian Dollar Trade-weighted Index"
"8665","FXRTWI","Trade-weighted Index May 1970 = 100","AUS","AUS",2005-04-07,63.6,"D","Index","Indicative","RBA","Daily","Historical Daily Exchange Rates Of The Australian Dollar Against:","Australian Dollar Trade-weighted Index"
"8666","FXRTWI","Trade-weighted Index May 1970 = 100","AUS","AUS",2005-04-08,63.6,"D","Index","Indicative","RBA","Daily","Historical Daily Exchange Rates Of The Australian Dollar Against:","Australian Dollar Trade-weighted Index"
"8667","FXRTWI","Trade-weighted Index May 1970 = 100","AUS","AUS",2005-04-11,63.9,"D","Index","Indicative","RBA","Daily","Historical Daily Exchange Rates Of The Australian Dollar Against:","Australian Dollar Trade-weighted Index"
"8668","FXRTWI","Trade-weighted Index May 1970 = 100","AUS","AUS",2005-04-12,64,"D","Index","Indicative","RBA","Daily","Historical Daily Exchange Rates Of The Australian Dollar Against:","Australian Dollar Trade-weighted Index"
"8669","FXRTWI","Trade-weighted Index May 1970 = 100","AUS","AUS",2005-04-13,64.2,"D","Index","Indicative","RBA","Daily","Historical Daily Exchange Rates Of The Australian Dollar Against:","Australian Dollar Trade-weighted Index"
"8670","FXRTWI","Trade-weighted Index May 1970 = 100","AUS","AUS",2005-04-14,64,"D","Index","Indicative","RBA","Daily","Historical Daily Exchange Rates Of The Australian Dollar Against:","Australian Dollar Trade-weighted Index"
"8671","FXRTWI","Trade-weighted Index May 1970 = 100","AUS","AUS",2005-04-15,63.7,"D","Index","Indicative","RBA","Daily","Historical Daily Exchange Rates Of The Australian Dollar Against:","Australian Dollar Trade-weighted Index"
"8672","FXRTWI","Trade-weighted Index May 1970 = 100","AUS","AUS",2005-04-18,63.4,"D","Index","Indicative","RBA","Daily","Historical Daily Exchange Rates Of The Australian Dollar Against:","Australian Dollar Trade-weighted Index"
"8673","FXRTWI","Trade-weighted Index May 1970 = 100","AUS","AUS",2005-04-19,63.3,"D","Index","Indicative","RBA","Daily","Historical Daily Exchange Rates Of The Australian Dollar Against:","Australian Dollar Trade-weighted Index"
"8674","FXRTWI","Trade-weighted Index May 1970 = 100","AUS","AUS",2005-04-20,63.6,"D","Index","Indicative","RBA","Daily","Historical Daily Exchange Rates Of The Australian Dollar Against:","Australian Dollar Trade-weighted Index"
"8675","FXRTWI","Trade-weighted Index May 1970 = 100","AUS","AUS",2005-04-21,63.8,"D","Index","Indicative","RBA","Daily","Historical Daily Exchange Rates Of The Australian Dollar Against:","Australian Dollar Trade-weighted Index"
"8676","FXRTWI","Trade-weighted Index May 1970 = 100","AUS","AUS",2005-04-22,64,"D","Index","Indicative","RBA","Daily","Historical Daily Exchange Rates Of The Australian Dollar Against:","Australian Dollar Trade-weighted Index"
"8677","FXRTWI","Trade-weighted Index May 1970 = 100","AUS","AUS",2005-04-26,64.1,"D","Index","Indicative","RBA","Daily","Historical Daily Exchange Rates Of The Australian Dollar Against:","Australian Dollar Trade-weighted Index"
"8678","FXRTWI","Trade-weighted Index May 1970 = 100","AUS","AUS",2005-04-27,63.9,"D","Index","Indicative","RBA","Daily","Historical Daily Exchange Rates Of The Australian Dollar Against:","Australian Dollar Trade-weighted Index"
"8679","FXRTWI","Trade-weighted Index May 1970 = 100","AUS","AUS",2005-04-28,63.9,"D","Index","Indicative","RBA","Daily","Historical Daily Exchange Rates Of The Australian Dollar Against:","Australian Dollar Trade-weighted Index"
"8680","FXRTWI","Trade-weighted Index May 1970 = 100","AUS","AUS",2005-04-29,64.1,"D","Index","Indicative","RBA","Daily","Historical Daily Exchange Rates Of The Australian Dollar Against:","Australian Dollar Trade-weighted Index"
"8681","DLCACS","Credit; Total; Seasonally adjusted","AUS","AUS",2005-04-30,1209.316,"M","$ billion","Seasonally Adjusted","RBA","Monthly","D2 Lending And Credit Aggregates","Credit; Total; Seasonally adjusted – Includes securitisations – For series breaks see Series Breaks"
"8682","FIRMMCRT","Cash Rate Target","AUS","AUS",2005-04-30,5.5,"M","Per cent","Original","RBA","Monthly","F1.1 Interest Rates And Yields - Money Market","Cash Rate Target; monthly average"
"8683","FXRTWI","Trade-weighted Index May 1970 = 100","AUS","AUS",2005-04-30,64.1,"M","Index","Indicative","RBA","Monthly","F11 Exchange Rates","Australian Dollar Trade-weighted Index"
"8684","GRCPAISDR","Commodity prices – SDR","AUS","AUS",2005-04-30,40.9251422399348,"M","Index, 2023/24=100","Original","RBA","Monthly","I2 Commodity Prices","Index of commodity prices; All items; SDR"
"8685","A2718577A","Credits, Total goods ;","AUS","AUS",2005-05-01,11924,"M","$ Millions","Seasonally Adjusted",NA,"Monthly","TABLE 1. GOODS, Summary: Seasonally adjusted and trend estimates, Current prices",NA
"8686","A2718594C","Balance on goods ;","AUS","AUS",2005-05-01,-1312,"M","$ Millions","Seasonally Adjusted",NA,"Monthly","TABLE 1. GOODS, Summary: Seasonally adjusted and trend estimates, Current prices",NA
"8687","FXRTWI","Trade-weighted Index May 1970 = 100","AUS","AUS",2005-05-02,64.1,"D","Index","Indicative","RBA","Daily","Historical Daily Exchange Rates Of The Australian Dollar Against:","Australian Dollar Trade-weighted Index"
"8688","FXRTWI","Trade-weighted Index May 1970 = 100","AUS","AUS",2005-05-03,63.9,"D","Index","Indicative","RBA","Daily","Historical Daily Exchange Rates Of The Australian Dollar Against:","Australian Dollar Trade-weighted Index"
"8689","FXRTWI","Trade-weighted Index May 1970 = 100","AUS","AUS",2005-05-04,63.7,"D","Index","Indicative","RBA","Daily","Historical Daily Exchange Rates Of The Australian Dollar Against:","Australian Dollar Trade-weighted Index"
"8690","FXRTWI","Trade-weighted Index May 1970 = 100","AUS","AUS",2005-05-05,63.8,"D","Index","Indicative","RBA","Daily","Historical Daily Exchange Rates Of The Australian Dollar Against:","Australian Dollar Trade-weighted Index"
"8691","FXRTWI","Trade-weighted Index May 1970 = 100","AUS","AUS",2005-05-06,63.8,"D","Index","Indicative","RBA","Daily","Historical Daily Exchange Rates Of The Australian Dollar Against:","Australian Dollar Trade-weighted Index"
"8692","FXRTWI","Trade-weighted Index May 1970 = 100","AUS","AUS",2005-05-09,63.6,"D","Index","Indicative","RBA","Daily","Historical Daily Exchange Rates Of The Australian Dollar Against:","Australian Dollar Trade-weighted Index"
"8693","FXRTWI","Trade-weighted Index May 1970 = 100","AUS","AUS",2005-05-10,63.6,"D","Index","Indicative","RBA","Daily","Historical Daily Exchange Rates Of The Australian Dollar Against:","Australian Dollar Trade-weighted Index"
"8694","FXRTWI","Trade-weighted Index May 1970 = 100","AUS","AUS",2005-05-11,63.8,"D","Index","Indicative","RBA","Daily","Historical Daily Exchange Rates Of The Australian Dollar Against:","Australian Dollar Trade-weighted Index"
"8695","FXRTWI","Trade-weighted Index May 1970 = 100","AUS","AUS",2005-05-12,63.7,"D","Index","Indicative","RBA","Daily","Historical Daily Exchange Rates Of The Australian Dollar Against:","Australian Dollar Trade-weighted Index"
"8696","FXRTWI","Trade-weighted Index May 1970 = 100","AUS","AUS",2005-05-13,63.3,"D","Index","Indicative","RBA","Daily","Historical Daily Exchange Rates Of The Australian Dollar Against:","Australian Dollar Trade-weighted Index"
"8697","FXRTWI","Trade-weighted Index May 1970 = 100","AUS","AUS",2005-05-16,62.8,"D","Index","Indicative","RBA","Daily","Historical Daily Exchange Rates Of The Australian Dollar Against:","Australian Dollar Trade-weighted Index"
"8698","FXRTWI","Trade-weighted Index May 1970 = 100","AUS","AUS",2005-05-17,62.9,"D","Index","Indicative","RBA","Daily","Historical Daily Exchange Rates Of The Australian Dollar Against:","Australian Dollar Trade-weighted Index"
"8699","FXRTWI","Trade-weighted Index May 1970 = 100","AUS","AUS",2005-05-18,62.9,"D","Index","Indicative","RBA","Daily","Historical Daily Exchange Rates Of The Australian Dollar Against:","Australian Dollar Trade-weighted Index"
"8700","FXRTWI","Trade-weighted Index May 1970 = 100","AUS","AUS",2005-05-19,63,"D","Index","Indicative","RBA","Daily","Historical Daily Exchange Rates Of The Australian Dollar Against:","Australian Dollar Trade-weighted Index"
"8701","FXRTWI","Trade-weighted Index May 1970 = 100","AUS","AUS",2005-05-20,63,"D","Index","Indicative","RBA","Daily","Historical Daily Exchange Rates Of The Australian Dollar Against:","Australian Dollar Trade-weighted Index"
"8702","FXRTWI","Trade-weighted Index May 1970 = 100","AUS","AUS",2005-05-23,63,"D","Index","Indicative","RBA","Daily","Historical Daily Exchange Rates Of The Australian Dollar Against:","Australian Dollar Trade-weighted Index"
"8703","FXRTWI","Trade-weighted Index May 1970 = 100","AUS","AUS",2005-05-24,63.2,"D","Index","Indicative","RBA","Daily","Historical Daily Exchange Rates Of The Australian Dollar Against:","Australian Dollar Trade-weighted Index"
"8704","FXRTWI","Trade-weighted Index May 1970 = 100","AUS","AUS",2005-05-25,63.2,"D","Index","Indicative","RBA","Daily","Historical Daily Exchange Rates Of The Australian Dollar Against:","Australian Dollar Trade-weighted Index"
"8705","FXRTWI","Trade-weighted Index May 1970 = 100","AUS","AUS",2005-05-26,63.4,"D","Index","Indicative","RBA","Daily","Historical Daily Exchange Rates Of The Australian Dollar Against:","Australian Dollar Trade-weighted Index"
"8706","FXRTWI","Trade-weighted Index May 1970 = 100","AUS","AUS",2005-05-27,63.3,"D","Index","Indicative","RBA","Daily","Historical Daily Exchange Rates Of The Australian Dollar Against:","Australian Dollar Trade-weighted Index"
"8707","FXRTWI","Trade-weighted Index May 1970 = 100","AUS","AUS",2005-05-30,63.4,"D","Index","Indicative","RBA","Daily","Historical Daily Exchange Rates Of The Australian Dollar Against:","Australian Dollar Trade-weighted Index"
"8708","DLCACS","Credit; Total; Seasonally adjusted","AUS","AUS",2005-05-31,1222.233,"M","$ billion","Seasonally Adjusted","RBA","Monthly","D2 Lending And Credit Aggregates","Credit; Total; Seasonally adjusted – Includes securitisations – For series breaks see Series Breaks"
"8709","FIRMMCRT","Cash Rate Target","AUS","AUS",2005-05-31,5.5,"M","Per cent","Original","RBA","Monthly","F1.1 Interest Rates And Yields - Money Market","Cash Rate Target; monthly average"
"8710","FXRTWI","Trade-weighted Index May 1970 = 100","AUS","AUS",2005-05-31,63.2,"D","Index","Indicative","RBA","Daily","Historical Daily Exchange Rates Of The Australian Dollar Against:","Australian Dollar Trade-weighted Index"
"8711","FXRTWI","Trade-weighted Index May 1970 = 100","AUS","AUS",2005-05-31,63.2,"M","Index","Indicative","RBA","Monthly","F11 Exchange Rates","Australian Dollar Trade-weighted Index"
"8712","GRCPAISDR","Commodity prices – SDR","AUS","AUS",2005-05-31,40.7185822916085,"M","Index, 2023/24=100","Original","RBA","Monthly","I2 Commodity Prices","Index of commodity prices; All items; SDR"
"8713","A2302956R","South Australia ; STATE FINAL DEMAND ;","SA","SA",2005-06-01,25666,"Q","$ Millions","Seasonally Adjusted",NA,"Quarterly","Table 25. State Final Demand, Summary Components by State: Chain volume measures",NA
"8714","A2302984X","Western Australia ; STATE FINAL DEMAND ;","WA","WA",2005-06-01,38983,"Q","$ Millions","Seasonally Adjusted",NA,"Quarterly","Table 25. State Final Demand, Summary Components by State: Chain volume measures",NA
"8715","A2303012X","Tasmania ; STATE FINAL DEMAND ;","TAS","TAS",2005-06-01,8012,"Q","$ Millions","Seasonally Adjusted",NA,"Quarterly","Table 25. State Final Demand, Summary Components by State: Chain volume measures",NA
"8716","A2303040J","Northern Territory ; STATE FINAL DEMAND ;","NT","NT",2005-06-01,5902,"Q","$ Millions","Seasonally Adjusted",NA,"Quarterly","Table 25. State Final Demand, Summary Components by State: Chain volume measures",NA
"8717","A2303068K","Australian Capital Territory ; STATE FINAL DEMAND ;","ACT","ACT",2005-06-01,10186,"Q","$ Millions","Seasonally Adjusted",NA,"Quarterly","Table 25. State Final Demand, Summary Components by State: Chain volume measures",NA
"8718","A2303111F","New South Wales ; STATE FINAL DEMAND ;","NSW","NSW",2005-06-01,121952,"Q","$ Millions","Seasonally Adjusted",NA,"Quarterly","Table 25. State Final Demand, Summary Components by State: Chain volume measures",NA
"8719","A2303139J","Victoria ; STATE FINAL DEMAND ;","VIC","VIC",2005-06-01,91378,"Q","$ Millions","Seasonally Adjusted",NA,"Quarterly","Table 25. State Final Demand, Summary Components by State: Chain volume measures",NA
"8720","A2303187A","Queensland ; STATE FINAL DEMAND ;","QLD","QLD",2005-06-01,71667,"Q","$ Millions","Seasonally Adjusted",NA,"Quarterly","Table 25. State Final Demand, Summary Components by State: Chain volume measures",NA
"8721","A2304418T","Gross domestic product: Current prices ;","AUS","AUS",2005-06-01,238164,"Q","$ Millions","Seasonally Adjusted",NA,"Quarterly","Table 1. Key National Accounts Aggregates",NA
"8722","A2325846C","Index Numbers ; All groups CPI ; Australia ;","AUS","AUS",2005-06-01,82.6,"Q","Index Numbers","Original",NA,"Quarterly","TABLES 1 and 2. CPI: All Groups, Index Numbers and Percentage Changes",NA
"8723","A2336320R","New South Wales ; Gross state product: Current prices ;","NSW","NSW",2005-06-01,316803,"Annual","$ Millions","Original",NA,"Annual","Table 1. Gross State Product, Chain volume measures and current prices",NA
"8724","A2336321T","Victoria ; Gross state product: Current prices ;","VIC","VIC",2005-06-01,231849,"Annual","$ Millions","Original",NA,"Annual","Table 1. Gross State Product, Chain volume measures and current prices",NA
"8725","A2336322V","Queensland ; Gross state product: Current prices ;","QLD","QLD",2005-06-01,163198,"Annual","$ Millions","Original",NA,"Annual","Table 1. Gross State Product, Chain volume measures and current prices",NA
"8726","A2336323W","South Australia ; Gross state product: Current prices ;","SA","SA",2005-06-01,62911,"Annual","$ Millions","Original",NA,"Annual","Table 1. Gross State Product, Chain volume measures and current prices",NA
"8727","A2336324X","Western Australia ; Gross state product: Current prices ;","WA","WA",2005-06-01,105976,"Annual","$ Millions","Original",NA,"Annual","Table 1. Gross State Product, Chain volume measures and current prices",NA
"8728","A2336325A","Tasmania ; Gross state product: Current prices ;","TAS","TAS",2005-06-01,16560,"Annual","$ Millions","Original",NA,"Annual","Table 1. Gross State Product, Chain volume measures and current prices",NA
"8729","A2336326C","Northern Territory ; Gross state product: Current prices ;","NT","NT",2005-06-01,10640,"Annual","$ Millions","Original",NA,"Annual","Table 1. Gross State Product, Chain volume measures and current prices",NA
"8730","A2336327F","Australian Capital Territory ; Gross state product: Current prices ;","ACT","ACT",2005-06-01,17505,"Annual","$ Millions","Original",NA,"Annual","Table 1. Gross State Product, Chain volume measures and current prices",NA
"8731","A2718577A","Credits, Total goods ;","AUS","AUS",2005-06-01,11587,"M","$ Millions","Seasonally Adjusted",NA,"Monthly","TABLE 1. GOODS, Summary: Seasonally adjusted and trend estimates, Current prices",NA
"8732","A2718594C","Balance on goods ;","AUS","AUS",2005-06-01,-1587,"M","$ Millions","Seasonally Adjusted",NA,"Monthly","TABLE 1. GOODS, Summary: Seasonally adjusted and trend estimates, Current prices",NA
"8733","FXRTWI","Trade-weighted Index May 1970 = 100","AUS","AUS",2005-06-01,63.3,"D","Index","Indicative","RBA","Daily","Historical Daily Exchange Rates Of The Australian Dollar Against:","Australian Dollar Trade-weighted Index"
"8734","FXRTWI","Trade-weighted Index May 1970 = 100","AUS","AUS",2005-06-02,63.1,"D","Index","Indicative","RBA","Daily","Historical Daily Exchange Rates Of The Australian Dollar Against:","Australian Dollar Trade-weighted Index"
"8735","FXRTWI","Trade-weighted Index May 1970 = 100","AUS","AUS",2005-06-03,63.3,"D","Index","Indicative","RBA","Daily","Historical Daily Exchange Rates Of The Australian Dollar Against:","Australian Dollar Trade-weighted Index"
"8736","FXRTWI","Trade-weighted Index May 1970 = 100","AUS","AUS",2005-06-06,63.5,"D","Index","Indicative","RBA","Daily","Historical Daily Exchange Rates Of The Australian Dollar Against:","Australian Dollar Trade-weighted Index"
"8737","FXRTWI","Trade-weighted Index May 1970 = 100","AUS","AUS",2005-06-07,64,"D","Index","Indicative","RBA","Daily","Historical Daily Exchange Rates Of The Australian Dollar Against:","Australian Dollar Trade-weighted Index"
"8738","FXRTWI","Trade-weighted Index May 1970 = 100","AUS","AUS",2005-06-08,64,"D","Index","Indicative","RBA","Daily","Historical Daily Exchange Rates Of The Australian Dollar Against:","Australian Dollar Trade-weighted Index"
"8739","FXRTWI","Trade-weighted Index May 1970 = 100","AUS","AUS",2005-06-09,64.1,"D","Index","Indicative","RBA","Daily","Historical Daily Exchange Rates Of The Australian Dollar Against:","Australian Dollar Trade-weighted Index"
"8740","FXRTWI","Trade-weighted Index May 1970 = 100","AUS","AUS",2005-06-10,64,"D","Index","Indicative","RBA","Daily","Historical Daily Exchange Rates Of The Australian Dollar Against:","Australian Dollar Trade-weighted Index"
"8741","FXRTWI","Trade-weighted Index May 1970 = 100","AUS","AUS",2005-06-14,64.3,"D","Index","Indicative","RBA","Daily","Historical Daily Exchange Rates Of The Australian Dollar Against:","Australian Dollar Trade-weighted Index"
"8742","FXRTWI","Trade-weighted Index May 1970 = 100","AUS","AUS",2005-06-15,64.3,"D","Index","Indicative","RBA","Daily","Historical Daily Exchange Rates Of The Australian Dollar Against:","Australian Dollar Trade-weighted Index"
"8743","FXRTWI","Trade-weighted Index May 1970 = 100","AUS","AUS",2005-06-16,64.6,"D","Index","Indicative","RBA","Daily","Historical Daily Exchange Rates Of The Australian Dollar Against:","Australian Dollar Trade-weighted Index"
"8744","FXRTWI","Trade-weighted Index May 1970 = 100","AUS","AUS",2005-06-17,64.9,"D","Index","Indicative","RBA","Daily","Historical Daily Exchange Rates Of The Australian Dollar Against:","Australian Dollar Trade-weighted Index"
"8745","FXRTWI","Trade-weighted Index May 1970 = 100","AUS","AUS",2005-06-20,65.2,"D","Index","Indicative","RBA","Daily","Historical Daily Exchange Rates Of The Australian Dollar Against:","Australian Dollar Trade-weighted Index"
"8746","FXRTWI","Trade-weighted Index May 1970 = 100","AUS","AUS",2005-06-21,65.2,"D","Index","Indicative","RBA","Daily","Historical Daily Exchange Rates Of The Australian Dollar Against:","Australian Dollar Trade-weighted Index"
"8747","FXRTWI","Trade-weighted Index May 1970 = 100","AUS","AUS",2005-06-22,65.3,"D","Index","Indicative","RBA","Daily","Historical Daily Exchange Rates Of The Australian Dollar Against:","Australian Dollar Trade-weighted Index"
"8748","FXRTWI","Trade-weighted Index May 1970 = 100","AUS","AUS",2005-06-23,65.3,"D","Index","Indicative","RBA","Daily","Historical Daily Exchange Rates Of The Australian Dollar Against:","Australian Dollar Trade-weighted Index"
"8749","FXRTWI","Trade-weighted Index May 1970 = 100","AUS","AUS",2005-06-24,65,"D","Index","Indicative","RBA","Daily","Historical Daily Exchange Rates Of The Australian Dollar Against:","Australian Dollar Trade-weighted Index"
"8750","FXRTWI","Trade-weighted Index May 1970 = 100","AUS","AUS",2005-06-27,64.7,"D","Index","Indicative","RBA","Daily","Historical Daily Exchange Rates Of The Australian Dollar Against:","Australian Dollar Trade-weighted Index"
"8751","FXRTWI","Trade-weighted Index May 1970 = 100","AUS","AUS",2005-06-28,64.6,"D","Index","Indicative","RBA","Daily","Historical Daily Exchange Rates Of The Australian Dollar Against:","Australian Dollar Trade-weighted Index"
"8752","FXRTWI","Trade-weighted Index May 1970 = 100","AUS","AUS",2005-06-29,64.4,"D","Index","Indicative","RBA","Daily","Historical Daily Exchange Rates Of The Australian Dollar Against:","Australian Dollar Trade-weighted Index"
"8753","DLCACS","Credit; Total; Seasonally adjusted","AUS","AUS",2005-06-30,1233.259,"M","$ billion","Seasonally Adjusted","RBA","Monthly","D2 Lending And Credit Aggregates","Credit; Total; Seasonally adjusted – Includes securitisations – For series breaks see Series Breaks"
"8754","FIRMMCRT","Cash Rate Target","AUS","AUS",2005-06-30,5.5,"M","Per cent","Original","RBA","Monthly","F1.1 Interest Rates And Yields - Money Market","Cash Rate Target; monthly average"
"8755","FXRTWI","Trade-weighted Index May 1970 = 100","AUS","AUS",2005-06-30,64.5,"D","Index","Indicative","RBA","Daily","Historical Daily Exchange Rates Of The Australian Dollar Against:","Australian Dollar Trade-weighted Index"
"8756","FXRTWI","Trade-weighted Index May 1970 = 100","AUS","AUS",2005-06-30,64.5,"M","Index","Indicative","RBA","Monthly","F11 Exchange Rates","Australian Dollar Trade-weighted Index"
"8757","GCPIOCPMTMQP","Quarterly trimmed mean inflation","AUS","AUS",2005-06-30,0.6,"Q","Per cent","Seasonally Adjusted","ABS","Quarterly","G1 Consumer Price Inflation","Consumer price index; Trimmed mean; Quarterly change (in per cent)"
"8758","GRCPAISDR","Commodity prices – SDR","AUS","AUS",2005-06-30,42.7819294039691,"M","Index, 2023/24=100","Original","RBA","Monthly","I2 Commodity Prices","Index of commodity prices; All items; SDR"
"8759","A2718577A","Credits, Total goods ;","AUS","AUS",2005-07-01,12125,"M","$ Millions","Seasonally Adjusted",NA,"Monthly","TABLE 1. GOODS, Summary: Seasonally adjusted and trend estimates, Current prices",NA
"8760","A2718594C","Balance on goods ;","AUS","AUS",2005-07-01,-1150,"M","$ Millions","Seasonally Adjusted",NA,"Monthly","TABLE 1. GOODS, Summary: Seasonally adjusted and trend estimates, Current prices",NA
"8761","FXRTWI","Trade-weighted Index May 1970 = 100","AUS","AUS",2005-07-01,64.3,"D","Index","Indicative","RBA","Daily","Historical Daily Exchange Rates Of The Australian Dollar Against:","Australian Dollar Trade-weighted Index"
"8762","FXRTWI","Trade-weighted Index May 1970 = 100","AUS","AUS",2005-07-04,63.9,"D","Index","Indicative","RBA","Daily","Historical Daily Exchange Rates Of The Australian Dollar Against:","Australian Dollar Trade-weighted Index"
"8763","FXRTWI","Trade-weighted Index May 1970 = 100","AUS","AUS",2005-07-05,64,"D","Index","Indicative","RBA","Daily","Historical Daily Exchange Rates Of The Australian Dollar Against:","Australian Dollar Trade-weighted Index"
"8764","FXRTWI","Trade-weighted Index May 1970 = 100","AUS","AUS",2005-07-06,63.4,"D","Index","Indicative","RBA","Daily","Historical Daily Exchange Rates Of The Australian Dollar Against:","Australian Dollar Trade-weighted Index"
"8765","FXRTWI","Trade-weighted Index May 1970 = 100","AUS","AUS",2005-07-07,63.3,"D","Index","Indicative","RBA","Daily","Historical Daily Exchange Rates Of The Australian Dollar Against:","Australian Dollar Trade-weighted Index"
"8766","FXRTWI","Trade-weighted Index May 1970 = 100","AUS","AUS",2005-07-08,63.2,"D","Index","Indicative","RBA","Daily","Historical Daily Exchange Rates Of The Australian Dollar Against:","Australian Dollar Trade-weighted Index"
"8767","FXRTWI","Trade-weighted Index May 1970 = 100","AUS","AUS",2005-07-11,63.4,"D","Index","Indicative","RBA","Daily","Historical Daily Exchange Rates Of The Australian Dollar Against:","Australian Dollar Trade-weighted Index"
"8768","FXRTWI","Trade-weighted Index May 1970 = 100","AUS","AUS",2005-07-12,63.7,"D","Index","Indicative","RBA","Daily","Historical Daily Exchange Rates Of The Australian Dollar Against:","Australian Dollar Trade-weighted Index"
"8769","FXRTWI","Trade-weighted Index May 1970 = 100","AUS","AUS",2005-07-13,64,"D","Index","Indicative","RBA","Daily","Historical Daily Exchange Rates Of The Australian Dollar Against:","Australian Dollar Trade-weighted Index"
"8770","FXRTWI","Trade-weighted Index May 1970 = 100","AUS","AUS",2005-07-14,63.9,"D","Index","Indicative","RBA","Daily","Historical Daily Exchange Rates Of The Australian Dollar Against:","Australian Dollar Trade-weighted Index"
"8771","FXRTWI","Trade-weighted Index May 1970 = 100","AUS","AUS",2005-07-15,64,"D","Index","Indicative","RBA","Daily","Historical Daily Exchange Rates Of The Australian Dollar Against:","Australian Dollar Trade-weighted Index"
"8772","FXRTWI","Trade-weighted Index May 1970 = 100","AUS","AUS",2005-07-18,63.8,"D","Index","Indicative","RBA","Daily","Historical Daily Exchange Rates Of The Australian Dollar Against:","Australian Dollar Trade-weighted Index"
"8773","FXRTWI","Trade-weighted Index May 1970 = 100","AUS","AUS",2005-07-19,64.1,"D","Index","Indicative","RBA","Daily","Historical Daily Exchange Rates Of The Australian Dollar Against:","Australian Dollar Trade-weighted Index"
"8774","FXRTWI","Trade-weighted Index May 1970 = 100","AUS","AUS",2005-07-20,64.2,"D","Index","Indicative","RBA","Daily","Historical Daily Exchange Rates Of The Australian Dollar Against:","Australian Dollar Trade-weighted Index"
"8775","FXRTWI","Trade-weighted Index May 1970 = 100","AUS","AUS",2005-07-21,64.6,"D","Index","Indicative","RBA","Daily","Historical Daily Exchange Rates Of The Australian Dollar Against:","Australian Dollar Trade-weighted Index"
"8776","FXRTWI","Trade-weighted Index May 1970 = 100","AUS","AUS",2005-07-22,64.6,"D","Index","Indicative","RBA","Daily","Historical Daily Exchange Rates Of The Australian Dollar Against:","Australian Dollar Trade-weighted Index"
"8777","FXRTWI","Trade-weighted Index May 1970 = 100","AUS","AUS",2005-07-25,64.6,"D","Index","Indicative","RBA","Daily","Historical Daily Exchange Rates Of The Australian Dollar Against:","Australian Dollar Trade-weighted Index"
"8778","FXRTWI","Trade-weighted Index May 1970 = 100","AUS","AUS",2005-07-26,64.5,"D","Index","Indicative","RBA","Daily","Historical Daily Exchange Rates Of The Australian Dollar Against:","Australian Dollar Trade-weighted Index"
"8779","FXRTWI","Trade-weighted Index May 1970 = 100","AUS","AUS",2005-07-27,64.2,"D","Index","Indicative","RBA","Daily","Historical Daily Exchange Rates Of The Australian Dollar Against:","Australian Dollar Trade-weighted Index"
"8780","FXRTWI","Trade-weighted Index May 1970 = 100","AUS","AUS",2005-07-28,64.1,"D","Index","Indicative","RBA","Daily","Historical Daily Exchange Rates Of The Australian Dollar Against:","Australian Dollar Trade-weighted Index"
"8781","FXRTWI","Trade-weighted Index May 1970 = 100","AUS","AUS",2005-07-29,64.3,"D","Index","Indicative","RBA","Daily","Historical Daily Exchange Rates Of The Australian Dollar Against:","Australian Dollar Trade-weighted Index"
"8782","DLCACS","Credit; Total; Seasonally adjusted","AUS","AUS",2005-07-31,1245.062,"M","$ billion","Seasonally Adjusted","RBA","Monthly","D2 Lending And Credit Aggregates","Credit; Total; Seasonally adjusted – Includes securitisations – For series breaks see Series Breaks"
"8783","FIRMMCRT","Cash Rate Target","AUS","AUS",2005-07-31,5.5,"M","Per cent","Original","RBA","Monthly","F1.1 Interest Rates And Yields - Money Market","Cash Rate Target; monthly average"
"8784","FXRTWI","Trade-weighted Index May 1970 = 100","AUS","AUS",2005-07-31,64.3,"M","Index","Indicative","RBA","Monthly","F11 Exchange Rates","Australian Dollar Trade-weighted Index"
"8785","GRCPAISDR","Commodity prices – SDR","AUS","AUS",2005-07-31,44.3266959238115,"M","Index, 2023/24=100","Original","RBA","Monthly","I2 Commodity Prices","Index of commodity prices; All items; SDR"
"8786","A2718577A","Credits, Total goods ;","AUS","AUS",2005-08-01,11717,"M","$ Millions","Seasonally Adjusted",NA,"Monthly","TABLE 1. GOODS, Summary: Seasonally adjusted and trend estimates, Current prices",NA
"8787","A2718594C","Balance on goods ;","AUS","AUS",2005-08-01,-1617,"M","$ Millions","Seasonally Adjusted",NA,"Monthly","TABLE 1. GOODS, Summary: Seasonally adjusted and trend estimates, Current prices",NA
"8788","FXRTWI","Trade-weighted Index May 1970 = 100","AUS","AUS",2005-08-02,64.5,"D","Index","Indicative","RBA","Daily","Historical Daily Exchange Rates Of The Australian Dollar Against:","Australian Dollar Trade-weighted Index"
"8789","FXRTWI","Trade-weighted Index May 1970 = 100","AUS","AUS",2005-08-03,64.5,"D","Index","Indicative","RBA","Daily","Historical Daily Exchange Rates Of The Australian Dollar Against:","Australian Dollar Trade-weighted Index"
"8790","FXRTWI","Trade-weighted Index May 1970 = 100","AUS","AUS",2005-08-04,64.8,"D","Index","Indicative","RBA","Daily","Historical Daily Exchange Rates Of The Australian Dollar Against:","Australian Dollar Trade-weighted Index"
"8791","FXRTWI","Trade-weighted Index May 1970 = 100","AUS","AUS",2005-08-05,64.7,"D","Index","Indicative","RBA","Daily","Historical Daily Exchange Rates Of The Australian Dollar Against:","Australian Dollar Trade-weighted Index"
"8792","FXRTWI","Trade-weighted Index May 1970 = 100","AUS","AUS",2005-08-08,64.4,"D","Index","Indicative","RBA","Daily","Historical Daily Exchange Rates Of The Australian Dollar Against:","Australian Dollar Trade-weighted Index"
"8793","FXRTWI","Trade-weighted Index May 1970 = 100","AUS","AUS",2005-08-09,64.3,"D","Index","Indicative","RBA","Daily","Historical Daily Exchange Rates Of The Australian Dollar Against:","Australian Dollar Trade-weighted Index"
"8794","FXRTWI","Trade-weighted Index May 1970 = 100","AUS","AUS",2005-08-10,64.1,"D","Index","Indicative","RBA","Daily","Historical Daily Exchange Rates Of The Australian Dollar Against:","Australian Dollar Trade-weighted Index"
"8795","FXRTWI","Trade-weighted Index May 1970 = 100","AUS","AUS",2005-08-11,64.5,"D","Index","Indicative","RBA","Daily","Historical Daily Exchange Rates Of The Australian Dollar Against:","Australian Dollar Trade-weighted Index"
"8796","FXRTWI","Trade-weighted Index May 1970 = 100","AUS","AUS",2005-08-12,64.6,"D","Index","Indicative","RBA","Daily","Historical Daily Exchange Rates Of The Australian Dollar Against:","Australian Dollar Trade-weighted Index"
"8797","FXRTWI","Trade-weighted Index May 1970 = 100","AUS","AUS",2005-08-15,64.5,"D","Index","Indicative","RBA","Daily","Historical Daily Exchange Rates Of The Australian Dollar Against:","Australian Dollar Trade-weighted Index"
"8798","FXRTWI","Trade-weighted Index May 1970 = 100","AUS","AUS",2005-08-16,64.2,"D","Index","Indicative","RBA","Daily","Historical Daily Exchange Rates Of The Australian Dollar Against:","Australian Dollar Trade-weighted Index"
"8799","FXRTWI","Trade-weighted Index May 1970 = 100","AUS","AUS",2005-08-17,64.1,"D","Index","Indicative","RBA","Daily","Historical Daily Exchange Rates Of The Australian Dollar Against:","Australian Dollar Trade-weighted Index"
"8800","FXRTWI","Trade-weighted Index May 1970 = 100","AUS","AUS",2005-08-18,63.9,"D","Index","Indicative","RBA","Daily","Historical Daily Exchange Rates Of The Australian Dollar Against:","Australian Dollar Trade-weighted Index"
"8801","FXRTWI","Trade-weighted Index May 1970 = 100","AUS","AUS",2005-08-19,63.4,"D","Index","Indicative","RBA","Daily","Historical Daily Exchange Rates Of The Australian Dollar Against:","Australian Dollar Trade-weighted Index"
"8802","FXRTWI","Trade-weighted Index May 1970 = 100","AUS","AUS",2005-08-22,63.4,"D","Index","Indicative","RBA","Daily","Historical Daily Exchange Rates Of The Australian Dollar Against:","Australian Dollar Trade-weighted Index"
"8803","FXRTWI","Trade-weighted Index May 1970 = 100","AUS","AUS",2005-08-23,63.6,"D","Index","Indicative","RBA","Daily","Historical Daily Exchange Rates Of The Australian Dollar Against:","Australian Dollar Trade-weighted Index"
"8804","FXRTWI","Trade-weighted Index May 1970 = 100","AUS","AUS",2005-08-24,63.5,"D","Index","Indicative","RBA","Daily","Historical Daily Exchange Rates Of The Australian Dollar Against:","Australian Dollar Trade-weighted Index"
"8805","FXRTWI","Trade-weighted Index May 1970 = 100","AUS","AUS",2005-08-25,63.7,"D","Index","Indicative","RBA","Daily","Historical Daily Exchange Rates Of The Australian Dollar Against:","Australian Dollar Trade-weighted Index"
"8806","FXRTWI","Trade-weighted Index May 1970 = 100","AUS","AUS",2005-08-26,63.8,"D","Index","Indicative","RBA","Daily","Historical Daily Exchange Rates Of The Australian Dollar Against:","Australian Dollar Trade-weighted Index"
"8807","FXRTWI","Trade-weighted Index May 1970 = 100","AUS","AUS",2005-08-29,63.7,"D","Index","Indicative","RBA","Daily","Historical Daily Exchange Rates Of The Australian Dollar Against:","Australian Dollar Trade-weighted Index"
"8808","FXRTWI","Trade-weighted Index May 1970 = 100","AUS","AUS",2005-08-30,63.4,"D","Index","Indicative","RBA","Daily","Historical Daily Exchange Rates Of The Australian Dollar Against:","Australian Dollar Trade-weighted Index"
"8809","DLCACS","Credit; Total; Seasonally adjusted","AUS","AUS",2005-08-31,1260.514,"M","$ billion","Seasonally Adjusted","RBA","Monthly","D2 Lending And Credit Aggregates","Credit; Total; Seasonally adjusted – Includes securitisations – For series breaks see Series Breaks"
"8810","FIRMMCRT","Cash Rate Target","AUS","AUS",2005-08-31,5.5,"M","Per cent","Original","RBA","Monthly","F1.1 Interest Rates And Yields - Money Market","Cash Rate Target; monthly average"
"8811","FXRTWI","Trade-weighted Index May 1970 = 100","AUS","AUS",2005-08-31,63.3,"D","Index","Indicative","RBA","Daily","Historical Daily Exchange Rates Of The Australian Dollar Against:","Australian Dollar Trade-weighted Index"
"8812","FXRTWI","Trade-weighted Index May 1970 = 100","AUS","AUS",2005-08-31,63.3,"M","Index","Indicative","RBA","Monthly","F11 Exchange Rates","Australian Dollar Trade-weighted Index"
"8813","GRCPAISDR","Commodity prices – SDR","AUS","AUS",2005-08-31,45.1051975652927,"M","Index, 2023/24=100","Original","RBA","Monthly","I2 Commodity Prices","Index of commodity prices; All items; SDR"
"8814","A2302956R","South Australia ; STATE FINAL DEMAND ;","SA","SA",2005-09-01,25515,"Q","$ Millions","Seasonally Adjusted",NA,"Quarterly","Table 25. State Final Demand, Summary Components by State: Chain volume measures",NA
"8815","A2302984X","Western Australia ; STATE FINAL DEMAND ;","WA","WA",2005-09-01,40765,"Q","$ Millions","Seasonally Adjusted",NA,"Quarterly","Table 25. State Final Demand, Summary Components by State: Chain volume measures",NA
"8816","A2303012X","Tasmania ; STATE FINAL DEMAND ;","TAS","TAS",2005-09-01,8288,"Q","$ Millions","Seasonally Adjusted",NA,"Quarterly","Table 25. State Final Demand, Summary Components by State: Chain volume measures",NA
"8817","A2303040J","Northern Territory ; STATE FINAL DEMAND ;","NT","NT",2005-09-01,5718,"Q","$ Millions","Seasonally Adjusted",NA,"Quarterly","Table 25. State Final Demand, Summary Components by State: Chain volume measures",NA
"8818","A2303068K","Australian Capital Territory ; STATE FINAL DEMAND ;","ACT","ACT",2005-09-01,10639,"Q","$ Millions","Seasonally Adjusted",NA,"Quarterly","Table 25. State Final Demand, Summary Components by State: Chain volume measures",NA
"8819","A2303111F","New South Wales ; STATE FINAL DEMAND ;","NSW","NSW",2005-09-01,121817,"Q","$ Millions","Seasonally Adjusted",NA,"Quarterly","Table 25. State Final Demand, Summary Components by State: Chain volume measures",NA
"8820","A2303139J","Victoria ; STATE FINAL DEMAND ;","VIC","VIC",2005-09-01,91583,"Q","$ Millions","Seasonally Adjusted",NA,"Quarterly","Table 25. State Final Demand, Summary Components by State: Chain volume measures",NA
"8821","A2303187A","Queensland ; STATE FINAL DEMAND ;","QLD","QLD",2005-09-01,72627,"Q","$ Millions","Seasonally Adjusted",NA,"Quarterly","Table 25. State Final Demand, Summary Components by State: Chain volume measures",NA
"8822","A2304418T","Gross domestic product: Current prices ;","AUS","AUS",2005-09-01,243698,"Q","$ Millions","Seasonally Adjusted",NA,"Quarterly","Table 1. Key National Accounts Aggregates",NA
"8823","A2325846C","Index Numbers ; All groups CPI ; Australia ;","AUS","AUS",2005-09-01,83.4,"Q","Index Numbers","Original",NA,"Quarterly","TABLES 1 and 2. CPI: All Groups, Index Numbers and Percentage Changes",NA
"8824","A2718577A","Credits, Total goods ;","AUS","AUS",2005-09-01,11658,"M","$ Millions","Seasonally Adjusted",NA,"Monthly","TABLE 1. GOODS, Summary: Seasonally adjusted and trend estimates, Current prices",NA
"8825","A2718594C","Balance on goods ;","AUS","AUS",2005-09-01,-1689,"M","$ Millions","Seasonally Adjusted",NA,"Monthly","TABLE 1. GOODS, Summary: Seasonally adjusted and trend estimates, Current prices",NA
"8826","FXRTWI","Trade-weighted Index May 1970 = 100","AUS","AUS",2005-09-01,63.7,"D","Index","Indicative","RBA","Daily","Historical Daily Exchange Rates Of The Australian Dollar Against:","Australian Dollar Trade-weighted Index"
"8827","FXRTWI","Trade-weighted Index May 1970 = 100","AUS","AUS",2005-09-02,64,"D","Index","Indicative","RBA","Daily","Historical Daily Exchange Rates Of The Australian Dollar Against:","Australian Dollar Trade-weighted Index"
"8828","FXRTWI","Trade-weighted Index May 1970 = 100","AUS","AUS",2005-09-05,64.2,"D","Index","Indicative","RBA","Daily","Historical Daily Exchange Rates Of The Australian Dollar Against:","Australian Dollar Trade-weighted Index"
"8829","FXRTWI","Trade-weighted Index May 1970 = 100","AUS","AUS",2005-09-06,64.1,"D","Index","Indicative","RBA","Daily","Historical Daily Exchange Rates Of The Australian Dollar Against:","Australian Dollar Trade-weighted Index"
"8830","FXRTWI","Trade-weighted Index May 1970 = 100","AUS","AUS",2005-09-07,64.3,"D","Index","Indicative","RBA","Daily","Historical Daily Exchange Rates Of The Australian Dollar Against:","Australian Dollar Trade-weighted Index"
"8831","FXRTWI","Trade-weighted Index May 1970 = 100","AUS","AUS",2005-09-08,64.6,"D","Index","Indicative","RBA","Daily","Historical Daily Exchange Rates Of The Australian Dollar Against:","Australian Dollar Trade-weighted Index"
"8832","FXRTWI","Trade-weighted Index May 1970 = 100","AUS","AUS",2005-09-09,64.7,"D","Index","Indicative","RBA","Daily","Historical Daily Exchange Rates Of The Australian Dollar Against:","Australian Dollar Trade-weighted Index"
"8833","FXRTWI","Trade-weighted Index May 1970 = 100","AUS","AUS",2005-09-12,64.8,"D","Index","Indicative","RBA","Daily","Historical Daily Exchange Rates Of The Australian Dollar Against:","Australian Dollar Trade-weighted Index"
"8834","FXRTWI","Trade-weighted Index May 1970 = 100","AUS","AUS",2005-09-13,64.8,"D","Index","Indicative","RBA","Daily","Historical Daily Exchange Rates Of The Australian Dollar Against:","Australian Dollar Trade-weighted Index"
"8835","FXRTWI","Trade-weighted Index May 1970 = 100","AUS","AUS",2005-09-14,64.7,"D","Index","Indicative","RBA","Daily","Historical Daily Exchange Rates Of The Australian Dollar Against:","Australian Dollar Trade-weighted Index"
"8836","FXRTWI","Trade-weighted Index May 1970 = 100","AUS","AUS",2005-09-15,64.7,"D","Index","Indicative","RBA","Daily","Historical Daily Exchange Rates Of The Australian Dollar Against:","Australian Dollar Trade-weighted Index"
"8837","FXRTWI","Trade-weighted Index May 1970 = 100","AUS","AUS",2005-09-16,64.7,"D","Index","Indicative","RBA","Daily","Historical Daily Exchange Rates Of The Australian Dollar Against:","Australian Dollar Trade-weighted Index"
"8838","FXRTWI","Trade-weighted Index May 1970 = 100","AUS","AUS",2005-09-19,64.5,"D","Index","Indicative","RBA","Daily","Historical Daily Exchange Rates Of The Australian Dollar Against:","Australian Dollar Trade-weighted Index"
"8839","FXRTWI","Trade-weighted Index May 1970 = 100","AUS","AUS",2005-09-20,64.9,"D","Index","Indicative","RBA","Daily","Historical Daily Exchange Rates Of The Australian Dollar Against:","Australian Dollar Trade-weighted Index"
"8840","FXRTWI","Trade-weighted Index May 1970 = 100","AUS","AUS",2005-09-21,65,"D","Index","Indicative","RBA","Daily","Historical Daily Exchange Rates Of The Australian Dollar Against:","Australian Dollar Trade-weighted Index"
"8841","FXRTWI","Trade-weighted Index May 1970 = 100","AUS","AUS",2005-09-22,64.9,"D","Index","Indicative","RBA","Daily","Historical Daily Exchange Rates Of The Australian Dollar Against:","Australian Dollar Trade-weighted Index"
"8842","FXRTWI","Trade-weighted Index May 1970 = 100","AUS","AUS",2005-09-23,64.3,"D","Index","Indicative","RBA","Daily","Historical Daily Exchange Rates Of The Australian Dollar Against:","Australian Dollar Trade-weighted Index"
"8843","FXRTWI","Trade-weighted Index May 1970 = 100","AUS","AUS",2005-09-26,64.4,"D","Index","Indicative","RBA","Daily","Historical Daily Exchange Rates Of The Australian Dollar Against:","Australian Dollar Trade-weighted Index"
"8844","FXRTWI","Trade-weighted Index May 1970 = 100","AUS","AUS",2005-09-27,64.2,"D","Index","Indicative","RBA","Daily","Historical Daily Exchange Rates Of The Australian Dollar Against:","Australian Dollar Trade-weighted Index"
"8845","FXRTWI","Trade-weighted Index May 1970 = 100","AUS","AUS",2005-09-28,64.5,"D","Index","Indicative","RBA","Daily","Historical Daily Exchange Rates Of The Australian Dollar Against:","Australian Dollar Trade-weighted Index"
"8846","FXRTWI","Trade-weighted Index May 1970 = 100","AUS","AUS",2005-09-29,64.6,"D","Index","Indicative","RBA","Daily","Historical Daily Exchange Rates Of The Australian Dollar Against:","Australian Dollar Trade-weighted Index"
"8847","DLCACS","Credit; Total; Seasonally adjusted","AUS","AUS",2005-09-30,1273.336,"M","$ billion","Seasonally Adjusted","RBA","Monthly","D2 Lending And Credit Aggregates","Credit; Total; Seasonally adjusted – Includes securitisations – For series breaks see Series Breaks"
"8848","FIRMMCRT","Cash Rate Target","AUS","AUS",2005-09-30,5.5,"M","Per cent","Original","RBA","Monthly","F1.1 Interest Rates And Yields - Money Market","Cash Rate Target; monthly average"
"8849","FXRTWI","Trade-weighted Index May 1970 = 100","AUS","AUS",2005-09-30,64.7,"D","Index","Indicative","RBA","Daily","Historical Daily Exchange Rates Of The Australian Dollar Against:","Australian Dollar Trade-weighted Index"
"8850","FXRTWI","Trade-weighted Index May 1970 = 100","AUS","AUS",2005-09-30,64.7,"M","Index","Indicative","RBA","Monthly","F11 Exchange Rates","Australian Dollar Trade-weighted Index"
"8851","GCPIOCPMTMQP","Quarterly trimmed mean inflation","AUS","AUS",2005-09-30,0.6,"Q","Per cent","Seasonally Adjusted","ABS","Quarterly","G1 Consumer Price Inflation","Consumer price index; Trimmed mean; Quarterly change (in per cent)"
"8852","GRCPAISDR","Commodity prices – SDR","AUS","AUS",2005-09-30,45.6853974507512,"M","Index, 2023/24=100","Original","RBA","Monthly","I2 Commodity Prices","Index of commodity prices; All items; SDR"
"8853","A2718577A","Credits, Total goods ;","AUS","AUS",2005-10-01,12149,"M","$ Millions","Seasonally Adjusted",NA,"Monthly","TABLE 1. GOODS, Summary: Seasonally adjusted and trend estimates, Current prices",NA
"8854","A2718594C","Balance on goods ;","AUS","AUS",2005-10-01,-1387,"M","$ Millions","Seasonally Adjusted",NA,"Monthly","TABLE 1. GOODS, Summary: Seasonally adjusted and trend estimates, Current prices",NA
"8855","FXRTWI","Trade-weighted Index May 1970 = 100","AUS","AUS",2005-10-04,65.1,"D","Index","Indicative","RBA","Daily","Historical Daily Exchange Rates Of The Australian Dollar Against:","Australian Dollar Trade-weighted Index"
"8856","FXRTWI","Trade-weighted Index May 1970 = 100","AUS","AUS",2005-10-05,64.8,"D","Index","Indicative","RBA","Daily","Historical Daily Exchange Rates Of The Australian Dollar Against:","Australian Dollar Trade-weighted Index"
"8857","FXRTWI","Trade-weighted Index May 1970 = 100","AUS","AUS",2005-10-06,64.4,"D","Index","Indicative","RBA","Daily","Historical Daily Exchange Rates Of The Australian Dollar Against:","Australian Dollar Trade-weighted Index"
"8858","FXRTWI","Trade-weighted Index May 1970 = 100","AUS","AUS",2005-10-07,64.5,"D","Index","Indicative","RBA","Daily","Historical Daily Exchange Rates Of The Australian Dollar Against:","Australian Dollar Trade-weighted Index"
"8859","FXRTWI","Trade-weighted Index May 1970 = 100","AUS","AUS",2005-10-10,64.4,"D","Index","Indicative","RBA","Daily","Historical Daily Exchange Rates Of The Australian Dollar Against:","Australian Dollar Trade-weighted Index"
"8860","FXRTWI","Trade-weighted Index May 1970 = 100","AUS","AUS",2005-10-11,64.5,"D","Index","Indicative","RBA","Daily","Historical Daily Exchange Rates Of The Australian Dollar Against:","Australian Dollar Trade-weighted Index"
"8861","FXRTWI","Trade-weighted Index May 1970 = 100","AUS","AUS",2005-10-12,64.2,"D","Index","Indicative","RBA","Daily","Historical Daily Exchange Rates Of The Australian Dollar Against:","Australian Dollar Trade-weighted Index"
"8862","FXRTWI","Trade-weighted Index May 1970 = 100","AUS","AUS",2005-10-13,64.2,"D","Index","Indicative","RBA","Daily","Historical Daily Exchange Rates Of The Australian Dollar Against:","Australian Dollar Trade-weighted Index"
"8863","FXRTWI","Trade-weighted Index May 1970 = 100","AUS","AUS",2005-10-14,64.1,"D","Index","Indicative","RBA","Daily","Historical Daily Exchange Rates Of The Australian Dollar Against:","Australian Dollar Trade-weighted Index"
"8864","FXRTWI","Trade-weighted Index May 1970 = 100","AUS","AUS",2005-10-17,64.1,"D","Index","Indicative","RBA","Daily","Historical Daily Exchange Rates Of The Australian Dollar Against:","Australian Dollar Trade-weighted Index"
"8865","FXRTWI","Trade-weighted Index May 1970 = 100","AUS","AUS",2005-10-18,63.9,"D","Index","Indicative","RBA","Daily","Historical Daily Exchange Rates Of The Australian Dollar Against:","Australian Dollar Trade-weighted Index"
"8866","FXRTWI","Trade-weighted Index May 1970 = 100","AUS","AUS",2005-10-19,64,"D","Index","Indicative","RBA","Daily","Historical Daily Exchange Rates Of The Australian Dollar Against:","Australian Dollar Trade-weighted Index"
"8867","FXRTWI","Trade-weighted Index May 1970 = 100","AUS","AUS",2005-10-20,64.1,"D","Index","Indicative","RBA","Daily","Historical Daily Exchange Rates Of The Australian Dollar Against:","Australian Dollar Trade-weighted Index"
"8868","FXRTWI","Trade-weighted Index May 1970 = 100","AUS","AUS",2005-10-21,64.1,"D","Index","Indicative","RBA","Daily","Historical Daily Exchange Rates Of The Australian Dollar Against:","Australian Dollar Trade-weighted Index"
"8869","FXRTWI","Trade-weighted Index May 1970 = 100","AUS","AUS",2005-10-24,64.1,"D","Index","Indicative","RBA","Daily","Historical Daily Exchange Rates Of The Australian Dollar Against:","Australian Dollar Trade-weighted Index"
"8870","FXRTWI","Trade-weighted Index May 1970 = 100","AUS","AUS",2005-10-25,64.2,"D","Index","Indicative","RBA","Daily","Historical Daily Exchange Rates Of The Australian Dollar Against:","Australian Dollar Trade-weighted Index"
"8871","FXRTWI","Trade-weighted Index May 1970 = 100","AUS","AUS",2005-10-26,64.4,"D","Index","Indicative","RBA","Daily","Historical Daily Exchange Rates Of The Australian Dollar Against:","Australian Dollar Trade-weighted Index"
"8872","FXRTWI","Trade-weighted Index May 1970 = 100","AUS","AUS",2005-10-27,64.5,"D","Index","Indicative","RBA","Daily","Historical Daily Exchange Rates Of The Australian Dollar Against:","Australian Dollar Trade-weighted Index"
"8873","FXRTWI","Trade-weighted Index May 1970 = 100","AUS","AUS",2005-10-28,64.4,"D","Index","Indicative","RBA","Daily","Historical Daily Exchange Rates Of The Australian Dollar Against:","Australian Dollar Trade-weighted Index"
"8874","DLCACS","Credit; Total; Seasonally adjusted","AUS","AUS",2005-10-31,1287.403,"M","$ billion","Seasonally Adjusted","RBA","Monthly","D2 Lending And Credit Aggregates","Credit; Total; Seasonally adjusted – Includes securitisations – For series breaks see Series Breaks"
"8875","FIRMMCRT","Cash Rate Target","AUS","AUS",2005-10-31,5.5,"M","Per cent","Original","RBA","Monthly","F1.1 Interest Rates And Yields - Money Market","Cash Rate Target; monthly average"
"8876","FXRTWI","Trade-weighted Index May 1970 = 100","AUS","AUS",2005-10-31,63.9,"D","Index","Indicative","RBA","Daily","Historical Daily Exchange Rates Of The Australian Dollar Against:","Australian Dollar Trade-weighted Index"
"8877","FXRTWI","Trade-weighted Index May 1970 = 100","AUS","AUS",2005-10-31,63.9,"M","Index","Indicative","RBA","Monthly","F11 Exchange Rates","Australian Dollar Trade-weighted Index"
"8878","GRCPAISDR","Commodity prices – SDR","AUS","AUS",2005-10-31,46.5290346951698,"M","Index, 2023/24=100","Original","RBA","Monthly","I2 Commodity Prices","Index of commodity prices; All items; SDR"
"8879","A2718577A","Credits, Total goods ;","AUS","AUS",2005-11-01,12313,"M","$ Millions","Seasonally Adjusted",NA,"Monthly","TABLE 1. GOODS, Summary: Seasonally adjusted and trend estimates, Current prices",NA
"8880","A2718594C","Balance on goods ;","AUS","AUS",2005-11-01,-2054,"M","$ Millions","Seasonally Adjusted",NA,"Monthly","TABLE 1. GOODS, Summary: Seasonally adjusted and trend estimates, Current prices",NA
"8881","FXRTWI","Trade-weighted Index May 1970 = 100","AUS","AUS",2005-11-01,63.9,"D","Index","Indicative","RBA","Daily","Historical Daily Exchange Rates Of The Australian Dollar Against:","Australian Dollar Trade-weighted Index"
"8882","FXRTWI","Trade-weighted Index May 1970 = 100","AUS","AUS",2005-11-02,63.6,"D","Index","Indicative","RBA","Daily","Historical Daily Exchange Rates Of The Australian Dollar Against:","Australian Dollar Trade-weighted Index"
"8883","FXRTWI","Trade-weighted Index May 1970 = 100","AUS","AUS",2005-11-03,63.4,"D","Index","Indicative","RBA","Daily","Historical Daily Exchange Rates Of The Australian Dollar Against:","Australian Dollar Trade-weighted Index"
"8884","FXRTWI","Trade-weighted Index May 1970 = 100","AUS","AUS",2005-11-04,63.4,"D","Index","Indicative","RBA","Daily","Historical Daily Exchange Rates Of The Australian Dollar Against:","Australian Dollar Trade-weighted Index"
"8885","FXRTWI","Trade-weighted Index May 1970 = 100","AUS","AUS",2005-11-07,63.1,"D","Index","Indicative","RBA","Daily","Historical Daily Exchange Rates Of The Australian Dollar Against:","Australian Dollar Trade-weighted Index"
"8886","FXRTWI","Trade-weighted Index May 1970 = 100","AUS","AUS",2005-11-08,63,"D","Index","Indicative","RBA","Daily","Historical Daily Exchange Rates Of The Australian Dollar Against:","Australian Dollar Trade-weighted Index"
"8887","FXRTWI","Trade-weighted Index May 1970 = 100","AUS","AUS",2005-11-09,63.3,"D","Index","Indicative","RBA","Daily","Historical Daily Exchange Rates Of The Australian Dollar Against:","Australian Dollar Trade-weighted Index"
"8888","FXRTWI","Trade-weighted Index May 1970 = 100","AUS","AUS",2005-11-10,63.2,"D","Index","Indicative","RBA","Daily","Historical Daily Exchange Rates Of The Australian Dollar Against:","Australian Dollar Trade-weighted Index"
"8889","FXRTWI","Trade-weighted Index May 1970 = 100","AUS","AUS",2005-11-11,63.1,"D","Index","Indicative","RBA","Daily","Historical Daily Exchange Rates Of The Australian Dollar Against:","Australian Dollar Trade-weighted Index"
"8890","FXRTWI","Trade-weighted Index May 1970 = 100","AUS","AUS",2005-11-14,63.2,"D","Index","Indicative","RBA","Daily","Historical Daily Exchange Rates Of The Australian Dollar Against:","Australian Dollar Trade-weighted Index"
"8891","FXRTWI","Trade-weighted Index May 1970 = 100","AUS","AUS",2005-11-15,62.9,"D","Index","Indicative","RBA","Daily","Historical Daily Exchange Rates Of The Australian Dollar Against:","Australian Dollar Trade-weighted Index"
"8892","FXRTWI","Trade-weighted Index May 1970 = 100","AUS","AUS",2005-11-16,63.1,"D","Index","Indicative","RBA","Daily","Historical Daily Exchange Rates Of The Australian Dollar Against:","Australian Dollar Trade-weighted Index"
"8893","FXRTWI","Trade-weighted Index May 1970 = 100","AUS","AUS",2005-11-17,63.2,"D","Index","Indicative","RBA","Daily","Historical Daily Exchange Rates Of The Australian Dollar Against:","Australian Dollar Trade-weighted Index"
"8894","FXRTWI","Trade-weighted Index May 1970 = 100","AUS","AUS",2005-11-18,63.3,"D","Index","Indicative","RBA","Daily","Historical Daily Exchange Rates Of The Australian Dollar Against:","Australian Dollar Trade-weighted Index"
"8895","FXRTWI","Trade-weighted Index May 1970 = 100","AUS","AUS",2005-11-21,63.3,"D","Index","Indicative","RBA","Daily","Historical Daily Exchange Rates Of The Australian Dollar Against:","Australian Dollar Trade-weighted Index"
"8896","FXRTWI","Trade-weighted Index May 1970 = 100","AUS","AUS",2005-11-22,63.4,"D","Index","Indicative","RBA","Daily","Historical Daily Exchange Rates Of The Australian Dollar Against:","Australian Dollar Trade-weighted Index"
"8897","FXRTWI","Trade-weighted Index May 1970 = 100","AUS","AUS",2005-11-23,63.5,"D","Index","Indicative","RBA","Daily","Historical Daily Exchange Rates Of The Australian Dollar Against:","Australian Dollar Trade-weighted Index"
"8898","FXRTWI","Trade-weighted Index May 1970 = 100","AUS","AUS",2005-11-24,63.6,"D","Index","Indicative","RBA","Daily","Historical Daily Exchange Rates Of The Australian Dollar Against:","Australian Dollar Trade-weighted Index"
"8899","FXRTWI","Trade-weighted Index May 1970 = 100","AUS","AUS",2005-11-25,63.5,"D","Index","Indicative","RBA","Daily","Historical Daily Exchange Rates Of The Australian Dollar Against:","Australian Dollar Trade-weighted Index"
"8900","FXRTWI","Trade-weighted Index May 1970 = 100","AUS","AUS",2005-11-28,63.4,"D","Index","Indicative","RBA","Daily","Historical Daily Exchange Rates Of The Australian Dollar Against:","Australian Dollar Trade-weighted Index"
"8901","FXRTWI","Trade-weighted Index May 1970 = 100","AUS","AUS",2005-11-29,63.7,"D","Index","Indicative","RBA","Daily","Historical Daily Exchange Rates Of The Australian Dollar Against:","Australian Dollar Trade-weighted Index"
"8902","DLCACS","Credit; Total; Seasonally adjusted","AUS","AUS",2005-11-30,1301.36,"M","$ billion","Seasonally Adjusted","RBA","Monthly","D2 Lending And Credit Aggregates","Credit; Total; Seasonally adjusted – Includes securitisations – For series breaks see Series Breaks"
"8903","FIRMMCRT","Cash Rate Target","AUS","AUS",2005-11-30,5.5,"M","Per cent","Original","RBA","Monthly","F1.1 Interest Rates And Yields - Money Market","Cash Rate Target; monthly average"
"8904","FXRTWI","Trade-weighted Index May 1970 = 100","AUS","AUS",2005-11-30,63.7,"D","Index","Indicative","RBA","Daily","Historical Daily Exchange Rates Of The Australian Dollar Against:","Australian Dollar Trade-weighted Index"
"8905","FXRTWI","Trade-weighted Index May 1970 = 100","AUS","AUS",2005-11-30,63.7,"M","Index","Indicative","RBA","Monthly","F11 Exchange Rates","Australian Dollar Trade-weighted Index"
"8906","GRCPAISDR","Commodity prices – SDR","AUS","AUS",2005-11-30,46.9590050711231,"M","Index, 2023/24=100","Original","RBA","Monthly","I2 Commodity Prices","Index of commodity prices; All items; SDR"
"8907","A2302956R","South Australia ; STATE FINAL DEMAND ;","SA","SA",2005-12-01,25561,"Q","$ Millions","Seasonally Adjusted",NA,"Quarterly","Table 25. State Final Demand, Summary Components by State: Chain volume measures",NA
"8908","A2302984X","Western Australia ; STATE FINAL DEMAND ;","WA","WA",2005-12-01,42382,"Q","$ Millions","Seasonally Adjusted",NA,"Quarterly","Table 25. State Final Demand, Summary Components by State: Chain volume measures",NA
"8909","A2303012X","Tasmania ; STATE FINAL DEMAND ;","TAS","TAS",2005-12-01,8303,"Q","$ Millions","Seasonally Adjusted",NA,"Quarterly","Table 25. State Final Demand, Summary Components by State: Chain volume measures",NA
"8910","A2303040J","Northern Territory ; STATE FINAL DEMAND ;","NT","NT",2005-12-01,5832,"Q","$ Millions","Seasonally Adjusted",NA,"Quarterly","Table 25. State Final Demand, Summary Components by State: Chain volume measures",NA
"8911","A2303068K","Australian Capital Territory ; STATE FINAL DEMAND ;","ACT","ACT",2005-12-01,10896,"Q","$ Millions","Seasonally Adjusted",NA,"Quarterly","Table 25. State Final Demand, Summary Components by State: Chain volume measures",NA
"8912","A2303111F","New South Wales ; STATE FINAL DEMAND ;","NSW","NSW",2005-12-01,122022,"Q","$ Millions","Seasonally Adjusted",NA,"Quarterly","Table 25. State Final Demand, Summary Components by State: Chain volume measures",NA
"8913","A2303139J","Victoria ; STATE FINAL DEMAND ;","VIC","VIC",2005-12-01,92552,"Q","$ Millions","Seasonally Adjusted",NA,"Quarterly","Table 25. State Final Demand, Summary Components by State: Chain volume measures",NA
"8914","A2303187A","Queensland ; STATE FINAL DEMAND ;","QLD","QLD",2005-12-01,73398,"Q","$ Millions","Seasonally Adjusted",NA,"Quarterly","Table 25. State Final Demand, Summary Components by State: Chain volume measures",NA
"8915","A2304418T","Gross domestic product: Current prices ;","AUS","AUS",2005-12-01,249096,"Q","$ Millions","Seasonally Adjusted",NA,"Quarterly","Table 1. Key National Accounts Aggregates",NA
"8916","A2325846C","Index Numbers ; All groups CPI ; Australia ;","AUS","AUS",2005-12-01,83.8,"Q","Index Numbers","Original",NA,"Quarterly","TABLES 1 and 2. CPI: All Groups, Index Numbers and Percentage Changes",NA
"8917","A2718577A","Credits, Total goods ;","AUS","AUS",2005-12-01,13423,"M","$ Millions","Seasonally Adjusted",NA,"Monthly","TABLE 1. GOODS, Summary: Seasonally adjusted and trend estimates, Current prices",NA
"8918","A2718594C","Balance on goods ;","AUS","AUS",2005-12-01,-658,"M","$ Millions","Seasonally Adjusted",NA,"Monthly","TABLE 1. GOODS, Summary: Seasonally adjusted and trend estimates, Current prices",NA
"8919","FXRTWI","Trade-weighted Index May 1970 = 100","AUS","AUS",2005-12-01,63.6,"D","Index","Indicative","RBA","Daily","Historical Daily Exchange Rates Of The Australian Dollar Against:","Australian Dollar Trade-weighted Index"
"8920","FXRTWI","Trade-weighted Index May 1970 = 100","AUS","AUS",2005-12-02,64.1,"D","Index","Indicative","RBA","Daily","Historical Daily Exchange Rates Of The Australian Dollar Against:","Australian Dollar Trade-weighted Index"
"8921","FXRTWI","Trade-weighted Index May 1970 = 100","AUS","AUS",2005-12-05,64.4,"D","Index","Indicative","RBA","Daily","Historical Daily Exchange Rates Of The Australian Dollar Against:","Australian Dollar Trade-weighted Index"
"8922","FXRTWI","Trade-weighted Index May 1970 = 100","AUS","AUS",2005-12-06,64.7,"D","Index","Indicative","RBA","Daily","Historical Daily Exchange Rates Of The Australian Dollar Against:","Australian Dollar Trade-weighted Index"
"8923","FXRTWI","Trade-weighted Index May 1970 = 100","AUS","AUS",2005-12-07,64.5,"D","Index","Indicative","RBA","Daily","Historical Daily Exchange Rates Of The Australian Dollar Against:","Australian Dollar Trade-weighted Index"
"8924","FXRTWI","Trade-weighted Index May 1970 = 100","AUS","AUS",2005-12-08,64.3,"D","Index","Indicative","RBA","Daily","Historical Daily Exchange Rates Of The Australian Dollar Against:","Australian Dollar Trade-weighted Index"
"8925","FXRTWI","Trade-weighted Index May 1970 = 100","AUS","AUS",2005-12-09,64.7,"D","Index","Indicative","RBA","Daily","Historical Daily Exchange Rates Of The Australian Dollar Against:","Australian Dollar Trade-weighted Index"
"8926","FXRTWI","Trade-weighted Index May 1970 = 100","AUS","AUS",2005-12-12,64.7,"D","Index","Indicative","RBA","Daily","Historical Daily Exchange Rates Of The Australian Dollar Against:","Australian Dollar Trade-weighted Index"
"8927","FXRTWI","Trade-weighted Index May 1970 = 100","AUS","AUS",2005-12-13,64.8,"D","Index","Indicative","RBA","Daily","Historical Daily Exchange Rates Of The Australian Dollar Against:","Australian Dollar Trade-weighted Index"
"8928","FXRTWI","Trade-weighted Index May 1970 = 100","AUS","AUS",2005-12-14,64.4,"D","Index","Indicative","RBA","Daily","Historical Daily Exchange Rates Of The Australian Dollar Against:","Australian Dollar Trade-weighted Index"
"8929","FXRTWI","Trade-weighted Index May 1970 = 100","AUS","AUS",2005-12-15,64.3,"D","Index","Indicative","RBA","Daily","Historical Daily Exchange Rates Of The Australian Dollar Against:","Australian Dollar Trade-weighted Index"
"8930","FXRTWI","Trade-weighted Index May 1970 = 100","AUS","AUS",2005-12-16,63.5,"D","Index","Indicative","RBA","Daily","Historical Daily Exchange Rates Of The Australian Dollar Against:","Australian Dollar Trade-weighted Index"
"8931","FXRTWI","Trade-weighted Index May 1970 = 100","AUS","AUS",2005-12-19,63.6,"D","Index","Indicative","RBA","Daily","Historical Daily Exchange Rates Of The Australian Dollar Against:","Australian Dollar Trade-weighted Index"
"8932","FXRTWI","Trade-weighted Index May 1970 = 100","AUS","AUS",2005-12-20,63,"D","Index","Indicative","RBA","Daily","Historical Daily Exchange Rates Of The Australian Dollar Against:","Australian Dollar Trade-weighted Index"
"8933","FXRTWI","Trade-weighted Index May 1970 = 100","AUS","AUS",2005-12-21,62.9,"D","Index","Indicative","RBA","Daily","Historical Daily Exchange Rates Of The Australian Dollar Against:","Australian Dollar Trade-weighted Index"
"8934","FXRTWI","Trade-weighted Index May 1970 = 100","AUS","AUS",2005-12-22,62.9,"D","Index","Indicative","RBA","Daily","Historical Daily Exchange Rates Of The Australian Dollar Against:","Australian Dollar Trade-weighted Index"
"8935","FXRTWI","Trade-weighted Index May 1970 = 100","AUS","AUS",2005-12-23,62.5,"D","Index","Indicative","RBA","Daily","Historical Daily Exchange Rates Of The Australian Dollar Against:","Australian Dollar Trade-weighted Index"
"8936","FXRTWI","Trade-weighted Index May 1970 = 100","AUS","AUS",2005-12-28,62.3,"D","Index","Indicative","RBA","Daily","Historical Daily Exchange Rates Of The Australian Dollar Against:","Australian Dollar Trade-weighted Index"
"8937","FXRTWI","Trade-weighted Index May 1970 = 100","AUS","AUS",2005-12-29,62.5,"D","Index","Indicative","RBA","Daily","Historical Daily Exchange Rates Of The Australian Dollar Against:","Australian Dollar Trade-weighted Index"
"8938","FXRTWI","Trade-weighted Index May 1970 = 100","AUS","AUS",2005-12-30,62.7,"D","Index","Indicative","RBA","Daily","Historical Daily Exchange Rates Of The Australian Dollar Against:","Australian Dollar Trade-weighted Index"
"8939","DLCACS","Credit; Total; Seasonally adjusted","AUS","AUS",2005-12-31,1317.765,"M","$ billion","Seasonally Adjusted","RBA","Monthly","D2 Lending And Credit Aggregates","Credit; Total; Seasonally adjusted – Includes securitisations – For series breaks see Series Breaks"
"8940","FIRMMCRT","Cash Rate Target","AUS","AUS",2005-12-31,5.5,"M","Per cent","Original","RBA","Monthly","F1.1 Interest Rates And Yields - Money Market","Cash Rate Target; monthly average"
"8941","FXRTWI","Trade-weighted Index May 1970 = 100","AUS","AUS",2005-12-31,62.7,"M","Index","Indicative","RBA","Monthly","F11 Exchange Rates","Australian Dollar Trade-weighted Index"
"8942","GCPIOCPMTMQP","Quarterly trimmed mean inflation","AUS","AUS",2005-12-31,0.7,"Q","Per cent","Seasonally Adjusted","ABS","Quarterly","G1 Consumer Price Inflation","Consumer price index; Trimmed mean; Quarterly change (in per cent)"
"8943","GRCPAISDR","Commodity prices – SDR","AUS","AUS",2005-12-31,48.3713436748474,"M","Index, 2023/24=100","Original","RBA","Monthly","I2 Commodity Prices","Index of commodity prices; All items; SDR"
"8944","A2718577A","Credits, Total goods ;","AUS","AUS",2006-01-01,12315,"M","$ Millions","Seasonally Adjusted",NA,"Monthly","TABLE 1. GOODS, Summary: Seasonally adjusted and trend estimates, Current prices",NA
"8945","A2718594C","Balance on goods ;","AUS","AUS",2006-01-01,-2235,"M","$ Millions","Seasonally Adjusted",NA,"Monthly","TABLE 1. GOODS, Summary: Seasonally adjusted and trend estimates, Current prices",NA
"8946","FXRTWI","Trade-weighted Index May 1970 = 100","AUS","AUS",2006-01-03,63,"D","Index","Indicative","RBA","Daily","Historical Daily Exchange Rates Of The Australian Dollar Against:","Australian Dollar Trade-weighted Index"
"8947","FXRTWI","Trade-weighted Index May 1970 = 100","AUS","AUS",2006-01-04,63,"D","Index","Indicative","RBA","Daily","Historical Daily Exchange Rates Of The Australian Dollar Against:","Australian Dollar Trade-weighted Index"
"8948","FXRTWI","Trade-weighted Index May 1970 = 100","AUS","AUS",2006-01-05,63.3,"D","Index","Indicative","RBA","Daily","Historical Daily Exchange Rates Of The Australian Dollar Against:","Australian Dollar Trade-weighted Index"
"8949","FXRTWI","Trade-weighted Index May 1970 = 100","AUS","AUS",2006-01-06,63.3,"D","Index","Indicative","RBA","Daily","Historical Daily Exchange Rates Of The Australian Dollar Against:","Australian Dollar Trade-weighted Index"
"8950","FXRTWI","Trade-weighted Index May 1970 = 100","AUS","AUS",2006-01-09,63.3,"D","Index","Indicative","RBA","Daily","Historical Daily Exchange Rates Of The Australian Dollar Against:","Australian Dollar Trade-weighted Index"
"8951","FXRTWI","Trade-weighted Index May 1970 = 100","AUS","AUS",2006-01-10,63.2,"D","Index","Indicative","RBA","Daily","Historical Daily Exchange Rates Of The Australian Dollar Against:","Australian Dollar Trade-weighted Index"
"8952","FXRTWI","Trade-weighted Index May 1970 = 100","AUS","AUS",2006-01-11,63.3,"D","Index","Indicative","RBA","Daily","Historical Daily Exchange Rates Of The Australian Dollar Against:","Australian Dollar Trade-weighted Index"
"8953","FXRTWI","Trade-weighted Index May 1970 = 100","AUS","AUS",2006-01-12,63.4,"D","Index","Indicative","RBA","Daily","Historical Daily Exchange Rates Of The Australian Dollar Against:","Australian Dollar Trade-weighted Index"
"8954","FXRTWI","Trade-weighted Index May 1970 = 100","AUS","AUS",2006-01-13,63.3,"D","Index","Indicative","RBA","Daily","Historical Daily Exchange Rates Of The Australian Dollar Against:","Australian Dollar Trade-weighted Index"
"8955","FXRTWI","Trade-weighted Index May 1970 = 100","AUS","AUS",2006-01-16,63.5,"D","Index","Indicative","RBA","Daily","Historical Daily Exchange Rates Of The Australian Dollar Against:","Australian Dollar Trade-weighted Index"
"8956","FXRTWI","Trade-weighted Index May 1970 = 100","AUS","AUS",2006-01-17,63.5,"D","Index","Indicative","RBA","Daily","Historical Daily Exchange Rates Of The Australian Dollar Against:","Australian Dollar Trade-weighted Index"
"8957","FXRTWI","Trade-weighted Index May 1970 = 100","AUS","AUS",2006-01-18,63.2,"D","Index","Indicative","RBA","Daily","Historical Daily Exchange Rates Of The Australian Dollar Against:","Australian Dollar Trade-weighted Index"
"8958","FXRTWI","Trade-weighted Index May 1970 = 100","AUS","AUS",2006-01-19,63,"D","Index","Indicative","RBA","Daily","Historical Daily Exchange Rates Of The Australian Dollar Against:","Australian Dollar Trade-weighted Index"
"8959","FXRTWI","Trade-weighted Index May 1970 = 100","AUS","AUS",2006-01-20,63.3,"D","Index","Indicative","RBA","Daily","Historical Daily Exchange Rates Of The Australian Dollar Against:","Australian Dollar Trade-weighted Index"
"8960","FXRTWI","Trade-weighted Index May 1970 = 100","AUS","AUS",2006-01-23,63.3,"D","Index","Indicative","RBA","Daily","Historical Daily Exchange Rates Of The Australian Dollar Against:","Australian Dollar Trade-weighted Index"
"8961","FXRTWI","Trade-weighted Index May 1970 = 100","AUS","AUS",2006-01-24,63.1,"D","Index","Indicative","RBA","Daily","Historical Daily Exchange Rates Of The Australian Dollar Against:","Australian Dollar Trade-weighted Index"
"8962","FXRTWI","Trade-weighted Index May 1970 = 100","AUS","AUS",2006-01-25,63.2,"D","Index","Indicative","RBA","Daily","Historical Daily Exchange Rates Of The Australian Dollar Against:","Australian Dollar Trade-weighted Index"
"8963","FXRTWI","Trade-weighted Index May 1970 = 100","AUS","AUS",2006-01-27,63.4,"D","Index","Indicative","RBA","Daily","Historical Daily Exchange Rates Of The Australian Dollar Against:","Australian Dollar Trade-weighted Index"
"8964","FXRTWI","Trade-weighted Index May 1970 = 100","AUS","AUS",2006-01-30,63.3,"D","Index","Indicative","RBA","Daily","Historical Daily Exchange Rates Of The Australian Dollar Against:","Australian Dollar Trade-weighted Index"
"8965","DLCACS","Credit; Total; Seasonally adjusted","AUS","AUS",2006-01-31,1331.731,"M","$ billion","Seasonally Adjusted","RBA","Monthly","D2 Lending And Credit Aggregates","Credit; Total; Seasonally adjusted – Includes securitisations – For series breaks see Series Breaks"
"8966","FIRMMCRT","Cash Rate Target","AUS","AUS",2006-01-31,5.5,"M","Per cent","Original","RBA","Monthly","F1.1 Interest Rates And Yields - Money Market","Cash Rate Target; monthly average"
"8967","FXRTWI","Trade-weighted Index May 1970 = 100","AUS","AUS",2006-01-31,63.4,"D","Index","Indicative","RBA","Daily","Historical Daily Exchange Rates Of The Australian Dollar Against:","Australian Dollar Trade-weighted Index"
"8968","FXRTWI","Trade-weighted Index May 1970 = 100","AUS","AUS",2006-01-31,63.4,"M","Index","Indicative","RBA","Monthly","F11 Exchange Rates","Australian Dollar Trade-weighted Index"
"8969","GRCPAISDR","Commodity prices – SDR","AUS","AUS",2006-01-31,49.3539881849152,"M","Index, 2023/24=100","Original","RBA","Monthly","I2 Commodity Prices","Index of commodity prices; All items; SDR"
"8970","A2718577A","Credits, Total goods ;","AUS","AUS",2006-02-01,13640,"M","$ Millions","Seasonally Adjusted",NA,"Monthly","TABLE 1. GOODS, Summary: Seasonally adjusted and trend estimates, Current prices",NA
"8971","A2718594C","Balance on goods ;","AUS","AUS",2006-02-01,-600,"M","$ Millions","Seasonally Adjusted",NA,"Monthly","TABLE 1. GOODS, Summary: Seasonally adjusted and trend estimates, Current prices",NA
"8972","FXRTWI","Trade-weighted Index May 1970 = 100","AUS","AUS",2006-02-01,63.8,"D","Index","Indicative","RBA","Daily","Historical Daily Exchange Rates Of The Australian Dollar Against:","Australian Dollar Trade-weighted Index"
"8973","FXRTWI","Trade-weighted Index May 1970 = 100","AUS","AUS",2006-02-02,63.7,"D","Index","Indicative","RBA","Daily","Historical Daily Exchange Rates Of The Australian Dollar Against:","Australian Dollar Trade-weighted Index"
"8974","FXRTWI","Trade-weighted Index May 1970 = 100","AUS","AUS",2006-02-03,63.6,"D","Index","Indicative","RBA","Daily","Historical Daily Exchange Rates Of The Australian Dollar Against:","Australian Dollar Trade-weighted Index"
"8975","FXRTWI","Trade-weighted Index May 1970 = 100","AUS","AUS",2006-02-06,63.2,"D","Index","Indicative","RBA","Daily","Historical Daily Exchange Rates Of The Australian Dollar Against:","Australian Dollar Trade-weighted Index"
"8976","FXRTWI","Trade-weighted Index May 1970 = 100","AUS","AUS",2006-02-07,63,"D","Index","Indicative","RBA","Daily","Historical Daily Exchange Rates Of The Australian Dollar Against:","Australian Dollar Trade-weighted Index"
"8977","FXRTWI","Trade-weighted Index May 1970 = 100","AUS","AUS",2006-02-08,62.6,"D","Index","Indicative","RBA","Daily","Historical Daily Exchange Rates Of The Australian Dollar Against:","Australian Dollar Trade-weighted Index"
"8978","FXRTWI","Trade-weighted Index May 1970 = 100","AUS","AUS",2006-02-09,62.8,"D","Index","Indicative","RBA","Daily","Historical Daily Exchange Rates Of The Australian Dollar Against:","Australian Dollar Trade-weighted Index"
"8979","FXRTWI","Trade-weighted Index May 1970 = 100","AUS","AUS",2006-02-10,62.7,"D","Index","Indicative","RBA","Daily","Historical Daily Exchange Rates Of The Australian Dollar Against:","Australian Dollar Trade-weighted Index"
"8980","FXRTWI","Trade-weighted Index May 1970 = 100","AUS","AUS",2006-02-13,62.5,"D","Index","Indicative","RBA","Daily","Historical Daily Exchange Rates Of The Australian Dollar Against:","Australian Dollar Trade-weighted Index"
"8981","FXRTWI","Trade-weighted Index May 1970 = 100","AUS","AUS",2006-02-14,62.5,"D","Index","Indicative","RBA","Daily","Historical Daily Exchange Rates Of The Australian Dollar Against:","Australian Dollar Trade-weighted Index"
"8982","FXRTWI","Trade-weighted Index May 1970 = 100","AUS","AUS",2006-02-15,62.8,"D","Index","Indicative","RBA","Daily","Historical Daily Exchange Rates Of The Australian Dollar Against:","Australian Dollar Trade-weighted Index"
"8983","FXRTWI","Trade-weighted Index May 1970 = 100","AUS","AUS",2006-02-16,62.7,"D","Index","Indicative","RBA","Daily","Historical Daily Exchange Rates Of The Australian Dollar Against:","Australian Dollar Trade-weighted Index"
"8984","FXRTWI","Trade-weighted Index May 1970 = 100","AUS","AUS",2006-02-17,62.8,"D","Index","Indicative","RBA","Daily","Historical Daily Exchange Rates Of The Australian Dollar Against:","Australian Dollar Trade-weighted Index"
"8985","FXRTWI","Trade-weighted Index May 1970 = 100","AUS","AUS",2006-02-20,62.9,"D","Index","Indicative","RBA","Daily","Historical Daily Exchange Rates Of The Australian Dollar Against:","Australian Dollar Trade-weighted Index"
"8986","FXRTWI","Trade-weighted Index May 1970 = 100","AUS","AUS",2006-02-21,62.7,"D","Index","Indicative","RBA","Daily","Historical Daily Exchange Rates Of The Australian Dollar Against:","Australian Dollar Trade-weighted Index"
"8987","FXRTWI","Trade-weighted Index May 1970 = 100","AUS","AUS",2006-02-22,62.9,"D","Index","Indicative","RBA","Daily","Historical Daily Exchange Rates Of The Australian Dollar Against:","Australian Dollar Trade-weighted Index"
"8988","FXRTWI","Trade-weighted Index May 1970 = 100","AUS","AUS",2006-02-23,62.5,"D","Index","Indicative","RBA","Daily","Historical Daily Exchange Rates Of The Australian Dollar Against:","Australian Dollar Trade-weighted Index"
"8989","FXRTWI","Trade-weighted Index May 1970 = 100","AUS","AUS",2006-02-24,62.7,"D","Index","Indicative","RBA","Daily","Historical Daily Exchange Rates Of The Australian Dollar Against:","Australian Dollar Trade-weighted Index"
"8990","FXRTWI","Trade-weighted Index May 1970 = 100","AUS","AUS",2006-02-27,62.6,"D","Index","Indicative","RBA","Daily","Historical Daily Exchange Rates Of The Australian Dollar Against:","Australian Dollar Trade-weighted Index"
"8991","DLCACS","Credit; Total; Seasonally adjusted","AUS","AUS",2006-02-28,1347.871,"M","$ billion","Seasonally Adjusted","RBA","Monthly","D2 Lending And Credit Aggregates","Credit; Total; Seasonally adjusted – Includes securitisations – For series breaks see Series Breaks"
"8992","FIRMMCRT","Cash Rate Target","AUS","AUS",2006-02-28,5.5,"M","Per cent","Original","RBA","Monthly","F1.1 Interest Rates And Yields - Money Market","Cash Rate Target; monthly average"
"8993","FXRTWI","Trade-weighted Index May 1970 = 100","AUS","AUS",2006-02-28,62.6,"D","Index","Indicative","RBA","Daily","Historical Daily Exchange Rates Of The Australian Dollar Against:","Australian Dollar Trade-weighted Index"
"8994","FXRTWI","Trade-weighted Index May 1970 = 100","AUS","AUS",2006-02-28,62.6,"M","Index","Indicative","RBA","Monthly","F11 Exchange Rates","Australian Dollar Trade-weighted Index"
"8995","GRCPAISDR","Commodity prices – SDR","AUS","AUS",2006-02-28,50.2455026464316,"M","Index, 2023/24=100","Original","RBA","Monthly","I2 Commodity Prices","Index of commodity prices; All items; SDR"
"8996","A2302956R","South Australia ; STATE FINAL DEMAND ;","SA","SA",2006-03-01,25740,"Q","$ Millions","Seasonally Adjusted",NA,"Quarterly","Table 25. State Final Demand, Summary Components by State: Chain volume measures",NA
"8997","A2302984X","Western Australia ; STATE FINAL DEMAND ;","WA","WA",2006-03-01,42737,"Q","$ Millions","Seasonally Adjusted",NA,"Quarterly","Table 25. State Final Demand, Summary Components by State: Chain volume measures",NA
"8998","A2303012X","Tasmania ; STATE FINAL DEMAND ;","TAS","TAS",2006-03-01,8221,"Q","$ Millions","Seasonally Adjusted",NA,"Quarterly","Table 25. State Final Demand, Summary Components by State: Chain volume measures",NA
"8999","A2303040J","Northern Territory ; STATE FINAL DEMAND ;","NT","NT",2006-03-01,5921,"Q","$ Millions","Seasonally Adjusted",NA,"Quarterly","Table 25. State Final Demand, Summary Components by State: Chain volume measures",NA
"9000","A2303068K","Australian Capital Territory ; STATE FINAL DEMAND ;","ACT","ACT",2006-03-01,10778,"Q","$ Millions","Seasonally Adjusted",NA,"Quarterly","Table 25. State Final Demand, Summary Components by State: Chain volume measures",NA
"9001","A2303111F","New South Wales ; STATE FINAL DEMAND ;","NSW","NSW",2006-03-01,121910,"Q","$ Millions","Seasonally Adjusted",NA,"Quarterly","Table 25. State Final Demand, Summary Components by State: Chain volume measures",NA
"9002","A2303139J","Victoria ; STATE FINAL DEMAND ;","VIC","VIC",2006-03-01,91962,"Q","$ Millions","Seasonally Adjusted",NA,"Quarterly","Table 25. State Final Demand, Summary Components by State: Chain volume measures",NA
"9003","A2303187A","Queensland ; STATE FINAL DEMAND ;","QLD","QLD",2006-03-01,75859,"Q","$ Millions","Seasonally Adjusted",NA,"Quarterly","Table 25. State Final Demand, Summary Components by State: Chain volume measures",NA
"9004","A2304418T","Gross domestic product: Current prices ;","AUS","AUS",2006-03-01,252034,"Q","$ Millions","Seasonally Adjusted",NA,"Quarterly","Table 1. Key National Accounts Aggregates",NA
"9005","A2325846C","Index Numbers ; All groups CPI ; Australia ;","AUS","AUS",2006-03-01,84.5,"Q","Index Numbers","Original",NA,"Quarterly","TABLES 1 and 2. CPI: All Groups, Index Numbers and Percentage Changes",NA
"9006","A2718577A","Credits, Total goods ;","AUS","AUS",2006-03-01,13179,"M","$ Millions","Seasonally Adjusted",NA,"Monthly","TABLE 1. GOODS, Summary: Seasonally adjusted and trend estimates, Current prices",NA
"9007","A2718594C","Balance on goods ;","AUS","AUS",2006-03-01,-1247,"M","$ Millions","Seasonally Adjusted",NA,"Monthly","TABLE 1. GOODS, Summary: Seasonally adjusted and trend estimates, Current prices",NA
"9008","FXRTWI","Trade-weighted Index May 1970 = 100","AUS","AUS",2006-03-01,62.8,"D","Index","Indicative","RBA","Daily","Historical Daily Exchange Rates Of The Australian Dollar Against:","Australian Dollar Trade-weighted Index"
"9009","FXRTWI","Trade-weighted Index May 1970 = 100","AUS","AUS",2006-03-02,63.1,"D","Index","Indicative","RBA","Daily","Historical Daily Exchange Rates Of The Australian Dollar Against:","Australian Dollar Trade-weighted Index"
"9010","FXRTWI","Trade-weighted Index May 1970 = 100","AUS","AUS",2006-03-03,62.9,"D","Index","Indicative","RBA","Daily","Historical Daily Exchange Rates Of The Australian Dollar Against:","Australian Dollar Trade-weighted Index"
"9011","FXRTWI","Trade-weighted Index May 1970 = 100","AUS","AUS",2006-03-06,63,"D","Index","Indicative","RBA","Daily","Historical Daily Exchange Rates Of The Australian Dollar Against:","Australian Dollar Trade-weighted Index"
"9012","FXRTWI","Trade-weighted Index May 1970 = 100","AUS","AUS",2006-03-07,62.7,"D","Index","Indicative","RBA","Daily","Historical Daily Exchange Rates Of The Australian Dollar Against:","Australian Dollar Trade-weighted Index"
"9013","FXRTWI","Trade-weighted Index May 1970 = 100","AUS","AUS",2006-03-08,62.5,"D","Index","Indicative","RBA","Daily","Historical Daily Exchange Rates Of The Australian Dollar Against:","Australian Dollar Trade-weighted Index"
"9014","FXRTWI","Trade-weighted Index May 1970 = 100","AUS","AUS",2006-03-09,62.6,"D","Index","Indicative","RBA","Daily","Historical Daily Exchange Rates Of The Australian Dollar Against:","Australian Dollar Trade-weighted Index"
"9015","FXRTWI","Trade-weighted Index May 1970 = 100","AUS","AUS",2006-03-10,62.7,"D","Index","Indicative","RBA","Daily","Historical Daily Exchange Rates Of The Australian Dollar Against:","Australian Dollar Trade-weighted Index"
"9016","FXRTWI","Trade-weighted Index May 1970 = 100","AUS","AUS",2006-03-13,62.5,"D","Index","Indicative","RBA","Daily","Historical Daily Exchange Rates Of The Australian Dollar Against:","Australian Dollar Trade-weighted Index"
"9017","FXRTWI","Trade-weighted Index May 1970 = 100","AUS","AUS",2006-03-14,62.5,"D","Index","Indicative","RBA","Daily","Historical Daily Exchange Rates Of The Australian Dollar Against:","Australian Dollar Trade-weighted Index"
"9018","FXRTWI","Trade-weighted Index May 1970 = 100","AUS","AUS",2006-03-15,62.7,"D","Index","Indicative","RBA","Daily","Historical Daily Exchange Rates Of The Australian Dollar Against:","Australian Dollar Trade-weighted Index"
"9019","FXRTWI","Trade-weighted Index May 1970 = 100","AUS","AUS",2006-03-16,62.6,"D","Index","Indicative","RBA","Daily","Historical Daily Exchange Rates Of The Australian Dollar Against:","Australian Dollar Trade-weighted Index"
"9020","FXRTWI","Trade-weighted Index May 1970 = 100","AUS","AUS",2006-03-17,62.3,"D","Index","Indicative","RBA","Daily","Historical Daily Exchange Rates Of The Australian Dollar Against:","Australian Dollar Trade-weighted Index"
"9021","FXRTWI","Trade-weighted Index May 1970 = 100","AUS","AUS",2006-03-20,61.3,"D","Index","Indicative","RBA","Daily","Historical Daily Exchange Rates Of The Australian Dollar Against:","Australian Dollar Trade-weighted Index"
"9022","FXRTWI","Trade-weighted Index May 1970 = 100","AUS","AUS",2006-03-21,61,"D","Index","Indicative","RBA","Daily","Historical Daily Exchange Rates Of The Australian Dollar Against:","Australian Dollar Trade-weighted Index"
"9023","FXRTWI","Trade-weighted Index May 1970 = 100","AUS","AUS",2006-03-22,60.9,"D","Index","Indicative","RBA","Daily","Historical Daily Exchange Rates Of The Australian Dollar Against:","Australian Dollar Trade-weighted Index"
"9024","FXRTWI","Trade-weighted Index May 1970 = 100","AUS","AUS",2006-03-23,60.9,"D","Index","Indicative","RBA","Daily","Historical Daily Exchange Rates Of The Australian Dollar Against:","Australian Dollar Trade-weighted Index"
"9025","FXRTWI","Trade-weighted Index May 1970 = 100","AUS","AUS",2006-03-24,60.7,"D","Index","Indicative","RBA","Daily","Historical Daily Exchange Rates Of The Australian Dollar Against:","Australian Dollar Trade-weighted Index"
"9026","FXRTWI","Trade-weighted Index May 1970 = 100","AUS","AUS",2006-03-27,60.1,"D","Index","Indicative","RBA","Daily","Historical Daily Exchange Rates Of The Australian Dollar Against:","Australian Dollar Trade-weighted Index"
"9027","FXRTWI","Trade-weighted Index May 1970 = 100","AUS","AUS",2006-03-28,60.4,"D","Index","Indicative","RBA","Daily","Historical Daily Exchange Rates Of The Australian Dollar Against:","Australian Dollar Trade-weighted Index"
"9028","FXRTWI","Trade-weighted Index May 1970 = 100","AUS","AUS",2006-03-29,59.9,"D","Index","Indicative","RBA","Daily","Historical Daily Exchange Rates Of The Australian Dollar Against:","Australian Dollar Trade-weighted Index"
"9029","FXRTWI","Trade-weighted Index May 1970 = 100","AUS","AUS",2006-03-30,60.5,"D","Index","Indicative","RBA","Daily","Historical Daily Exchange Rates Of The Australian Dollar Against:","Australian Dollar Trade-weighted Index"
"9030","DLCACS","Credit; Total; Seasonally adjusted","AUS","AUS",2006-03-31,1363.385,"M","$ billion","Seasonally Adjusted","RBA","Monthly","D2 Lending And Credit Aggregates","Credit; Total; Seasonally adjusted – Includes securitisations – For series breaks see Series Breaks"
"9031","FIRMMCRT","Cash Rate Target","AUS","AUS",2006-03-31,5.5,"M","Per cent","Original","RBA","Monthly","F1.1 Interest Rates And Yields - Money Market","Cash Rate Target; monthly average"
"9032","FXRTWI","Trade-weighted Index May 1970 = 100","AUS","AUS",2006-03-31,60.8,"D","Index","Indicative","RBA","Daily","Historical Daily Exchange Rates Of The Australian Dollar Against:","Australian Dollar Trade-weighted Index"
"9033","FXRTWI","Trade-weighted Index May 1970 = 100","AUS","AUS",2006-03-31,60.8,"M","Index","Indicative","RBA","Monthly","F11 Exchange Rates","Australian Dollar Trade-weighted Index"
"9034","GCPIOCPMTMQP","Quarterly trimmed mean inflation","AUS","AUS",2006-03-31,0.8,"Q","Per cent","Seasonally Adjusted","ABS","Quarterly","G1 Consumer Price Inflation","Consumer price index; Trimmed mean; Quarterly change (in per cent)"
"9035","GRCPAISDR","Commodity prices – SDR","AUS","AUS",2006-03-31,50.3053270738242,"M","Index, 2023/24=100","Original","RBA","Monthly","I2 Commodity Prices","Index of commodity prices; All items; SDR"
"9036","A2718577A","Credits, Total goods ;","AUS","AUS",2006-04-01,13789,"M","$ Millions","Seasonally Adjusted",NA,"Monthly","TABLE 1. GOODS, Summary: Seasonally adjusted and trend estimates, Current prices",NA
"9037","A2718594C","Balance on goods ;","AUS","AUS",2006-04-01,-1380,"M","$ Millions","Seasonally Adjusted",NA,"Monthly","TABLE 1. GOODS, Summary: Seasonally adjusted and trend estimates, Current prices",NA
"9038","FXRTWI","Trade-weighted Index May 1970 = 100","AUS","AUS",2006-04-03,60.9,"D","Index","Indicative","RBA","Daily","Historical Daily Exchange Rates Of The Australian Dollar Against:","Australian Dollar Trade-weighted Index"
"9039","FXRTWI","Trade-weighted Index May 1970 = 100","AUS","AUS",2006-04-04,60.5,"D","Index","Indicative","RBA","Daily","Historical Daily Exchange Rates Of The Australian Dollar Against:","Australian Dollar Trade-weighted Index"
"9040","FXRTWI","Trade-weighted Index May 1970 = 100","AUS","AUS",2006-04-05,61,"D","Index","Indicative","RBA","Daily","Historical Daily Exchange Rates Of The Australian Dollar Against:","Australian Dollar Trade-weighted Index"
"9041","FXRTWI","Trade-weighted Index May 1970 = 100","AUS","AUS",2006-04-06,61.6,"D","Index","Indicative","RBA","Daily","Historical Daily Exchange Rates Of The Australian Dollar Against:","Australian Dollar Trade-weighted Index"
"9042","FXRTWI","Trade-weighted Index May 1970 = 100","AUS","AUS",2006-04-07,61.8,"D","Index","Indicative","RBA","Daily","Historical Daily Exchange Rates Of The Australian Dollar Against:","Australian Dollar Trade-weighted Index"
"9043","FXRTWI","Trade-weighted Index May 1970 = 100","AUS","AUS",2006-04-10,61.7,"D","Index","Indicative","RBA","Daily","Historical Daily Exchange Rates Of The Australian Dollar Against:","Australian Dollar Trade-weighted Index"
"9044","FXRTWI","Trade-weighted Index May 1970 = 100","AUS","AUS",2006-04-11,62.1,"D","Index","Indicative","RBA","Daily","Historical Daily Exchange Rates Of The Australian Dollar Against:","Australian Dollar Trade-weighted Index"
"9045","FXRTWI","Trade-weighted Index May 1970 = 100","AUS","AUS",2006-04-12,62.2,"D","Index","Indicative","RBA","Daily","Historical Daily Exchange Rates Of The Australian Dollar Against:","Australian Dollar Trade-weighted Index"
"9046","FXRTWI","Trade-weighted Index May 1970 = 100","AUS","AUS",2006-04-13,61.9,"D","Index","Indicative","RBA","Daily","Historical Daily Exchange Rates Of The Australian Dollar Against:","Australian Dollar Trade-weighted Index"
"9047","FXRTWI","Trade-weighted Index May 1970 = 100","AUS","AUS",2006-04-18,62.4,"D","Index","Indicative","RBA","Daily","Historical Daily Exchange Rates Of The Australian Dollar Against:","Australian Dollar Trade-weighted Index"
"9048","FXRTWI","Trade-weighted Index May 1970 = 100","AUS","AUS",2006-04-19,62.5,"D","Index","Indicative","RBA","Daily","Historical Daily Exchange Rates Of The Australian Dollar Against:","Australian Dollar Trade-weighted Index"
"9049","FXRTWI","Trade-weighted Index May 1970 = 100","AUS","AUS",2006-04-20,62.6,"D","Index","Indicative","RBA","Daily","Historical Daily Exchange Rates Of The Australian Dollar Against:","Australian Dollar Trade-weighted Index"
"9050","FXRTWI","Trade-weighted Index May 1970 = 100","AUS","AUS",2006-04-21,62.2,"D","Index","Indicative","RBA","Daily","Historical Daily Exchange Rates Of The Australian Dollar Against:","Australian Dollar Trade-weighted Index"
"9051","FXRTWI","Trade-weighted Index May 1970 = 100","AUS","AUS",2006-04-24,62.4,"D","Index","Indicative","RBA","Daily","Historical Daily Exchange Rates Of The Australian Dollar Against:","Australian Dollar Trade-weighted Index"
"9052","FXRTWI","Trade-weighted Index May 1970 = 100","AUS","AUS",2006-04-26,62.5,"D","Index","Indicative","RBA","Daily","Historical Daily Exchange Rates Of The Australian Dollar Against:","Australian Dollar Trade-weighted Index"
"9053","FXRTWI","Trade-weighted Index May 1970 = 100","AUS","AUS",2006-04-27,62.9,"D","Index","Indicative","RBA","Daily","Historical Daily Exchange Rates Of The Australian Dollar Against:","Australian Dollar Trade-weighted Index"
"9054","FXRTWI","Trade-weighted Index May 1970 = 100","AUS","AUS",2006-04-28,62.9,"D","Index","Indicative","RBA","Daily","Historical Daily Exchange Rates Of The Australian Dollar Against:","Australian Dollar Trade-weighted Index"
"9055","DLCACS","Credit; Total; Seasonally adjusted","AUS","AUS",2006-04-30,1382.649,"M","$ billion","Seasonally Adjusted","RBA","Monthly","D2 Lending And Credit Aggregates","Credit; Total; Seasonally adjusted – Includes securitisations – For series breaks see Series Breaks"
"9056","FIRMMCRT","Cash Rate Target","AUS","AUS",2006-04-30,5.5,"M","Per cent","Original","RBA","Monthly","F1.1 Interest Rates And Yields - Money Market","Cash Rate Target; monthly average"
"9057","FXRTWI","Trade-weighted Index May 1970 = 100","AUS","AUS",2006-04-30,62.8,"M","Index","Indicative","RBA","Monthly","F11 Exchange Rates","Australian Dollar Trade-weighted Index"
"9058","GRCPAISDR","Commodity prices – SDR","AUS","AUS",2006-04-30,52.3569558029475,"M","Index, 2023/24=100","Original","RBA","Monthly","I2 Commodity Prices","Index of commodity prices; All items; SDR"
"9059","A2718577A","Credits, Total goods ;","AUS","AUS",2006-05-01,13169,"M","$ Millions","Seasonally Adjusted",NA,"Monthly","TABLE 1. GOODS, Summary: Seasonally adjusted and trend estimates, Current prices",NA
"9060","A2718594C","Balance on goods ;","AUS","AUS",2006-05-01,-2745,"M","$ Millions","Seasonally Adjusted",NA,"Monthly","TABLE 1. GOODS, Summary: Seasonally adjusted and trend estimates, Current prices",NA
"9061","FXRTWI","Trade-weighted Index May 1970 = 100","AUS","AUS",2006-05-01,63.2,"D","Index","Indicative","RBA","Daily","Historical Daily Exchange Rates Of The Australian Dollar Against:","Australian Dollar Trade-weighted Index"
"9062","FXRTWI","Trade-weighted Index May 1970 = 100","AUS","AUS",2006-05-02,62.9,"D","Index","Indicative","RBA","Daily","Historical Daily Exchange Rates Of The Australian Dollar Against:","Australian Dollar Trade-weighted Index"
"9063","FXRTWI","Trade-weighted Index May 1970 = 100","AUS","AUS",2006-05-03,63.5,"D","Index","Indicative","RBA","Daily","Historical Daily Exchange Rates Of The Australian Dollar Against:","Australian Dollar Trade-weighted Index"
"9064","FXRTWI","Trade-weighted Index May 1970 = 100","AUS","AUS",2006-05-04,63.7,"D","Index","Indicative","RBA","Daily","Historical Daily Exchange Rates Of The Australian Dollar Against:","Australian Dollar Trade-weighted Index"
"9065","FXRTWI","Trade-weighted Index May 1970 = 100","AUS","AUS",2006-05-05,63.7,"D","Index","Indicative","RBA","Daily","Historical Daily Exchange Rates Of The Australian Dollar Against:","Australian Dollar Trade-weighted Index"
"9066","FXRTWI","Trade-weighted Index May 1970 = 100","AUS","AUS",2006-05-08,63.6,"D","Index","Indicative","RBA","Daily","Historical Daily Exchange Rates Of The Australian Dollar Against:","Australian Dollar Trade-weighted Index"
"9067","FXRTWI","Trade-weighted Index May 1970 = 100","AUS","AUS",2006-05-09,63.5,"D","Index","Indicative","RBA","Daily","Historical Daily Exchange Rates Of The Australian Dollar Against:","Australian Dollar Trade-weighted Index"
"9068","FXRTWI","Trade-weighted Index May 1970 = 100","AUS","AUS",2006-05-10,63.6,"D","Index","Indicative","RBA","Daily","Historical Daily Exchange Rates Of The Australian Dollar Against:","Australian Dollar Trade-weighted Index"
"9069","FXRTWI","Trade-weighted Index May 1970 = 100","AUS","AUS",2006-05-11,63.7,"D","Index","Indicative","RBA","Daily","Historical Daily Exchange Rates Of The Australian Dollar Against:","Australian Dollar Trade-weighted Index"
"9070","FXRTWI","Trade-weighted Index May 1970 = 100","AUS","AUS",2006-05-12,63.8,"D","Index","Indicative","RBA","Daily","Historical Daily Exchange Rates Of The Australian Dollar Against:","Australian Dollar Trade-weighted Index"
"9071","FXRTWI","Trade-weighted Index May 1970 = 100","AUS","AUS",2006-05-15,63.4,"D","Index","Indicative","RBA","Daily","Historical Daily Exchange Rates Of The Australian Dollar Against:","Australian Dollar Trade-weighted Index"
"9072","FXRTWI","Trade-weighted Index May 1970 = 100","AUS","AUS",2006-05-16,63.1,"D","Index","Indicative","RBA","Daily","Historical Daily Exchange Rates Of The Australian Dollar Against:","Australian Dollar Trade-weighted Index"
"9073","FXRTWI","Trade-weighted Index May 1970 = 100","AUS","AUS",2006-05-17,63.3,"D","Index","Indicative","RBA","Daily","Historical Daily Exchange Rates Of The Australian Dollar Against:","Australian Dollar Trade-weighted Index"
"9074","FXRTWI","Trade-weighted Index May 1970 = 100","AUS","AUS",2006-05-18,63,"D","Index","Indicative","RBA","Daily","Historical Daily Exchange Rates Of The Australian Dollar Against:","Australian Dollar Trade-weighted Index"
"9075","FXRTWI","Trade-weighted Index May 1970 = 100","AUS","AUS",2006-05-19,63.2,"D","Index","Indicative","RBA","Daily","Historical Daily Exchange Rates Of The Australian Dollar Against:","Australian Dollar Trade-weighted Index"
"9076","FXRTWI","Trade-weighted Index May 1970 = 100","AUS","AUS",2006-05-22,62.6,"D","Index","Indicative","RBA","Daily","Historical Daily Exchange Rates Of The Australian Dollar Against:","Australian Dollar Trade-weighted Index"
"9077","FXRTWI","Trade-weighted Index May 1970 = 100","AUS","AUS",2006-05-23,62.4,"D","Index","Indicative","RBA","Daily","Historical Daily Exchange Rates Of The Australian Dollar Against:","Australian Dollar Trade-weighted Index"
"9078","FXRTWI","Trade-weighted Index May 1970 = 100","AUS","AUS",2006-05-24,62.5,"D","Index","Indicative","RBA","Daily","Historical Daily Exchange Rates Of The Australian Dollar Against:","Australian Dollar Trade-weighted Index"
"9079","FXRTWI","Trade-weighted Index May 1970 = 100","AUS","AUS",2006-05-25,62.6,"D","Index","Indicative","RBA","Daily","Historical Daily Exchange Rates Of The Australian Dollar Against:","Australian Dollar Trade-weighted Index"
"9080","FXRTWI","Trade-weighted Index May 1970 = 100","AUS","AUS",2006-05-26,63,"D","Index","Indicative","RBA","Daily","Historical Daily Exchange Rates Of The Australian Dollar Against:","Australian Dollar Trade-weighted Index"
"9081","FXRTWI","Trade-weighted Index May 1970 = 100","AUS","AUS",2006-05-29,63,"D","Index","Indicative","RBA","Daily","Historical Daily Exchange Rates Of The Australian Dollar Against:","Australian Dollar Trade-weighted Index"
"9082","FXRTWI","Trade-weighted Index May 1970 = 100","AUS","AUS",2006-05-30,63.2,"D","Index","Indicative","RBA","Daily","Historical Daily Exchange Rates Of The Australian Dollar Against:","Australian Dollar Trade-weighted Index"
"9083","DLCACS","Credit; Total; Seasonally adjusted","AUS","AUS",2006-05-31,1400.14,"M","$ billion","Seasonally Adjusted","RBA","Monthly","D2 Lending And Credit Aggregates","Credit; Total; Seasonally adjusted – Includes securitisations – For series breaks see Series Breaks"
"9084","FIRMMCRT","Cash Rate Target","AUS","AUS",2006-05-31,5.72826086956522,"M","Per cent","Original","RBA","Monthly","F1.1 Interest Rates And Yields - Money Market","Cash Rate Target; monthly average"
"9085","FXRTWI","Trade-weighted Index May 1970 = 100","AUS","AUS",2006-05-31,63.2,"D","Index","Indicative","RBA","Daily","Historical Daily Exchange Rates Of The Australian Dollar Against:","Australian Dollar Trade-weighted Index"
"9086","FXRTWI","Trade-weighted Index May 1970 = 100","AUS","AUS",2006-05-31,63.2,"M","Index","Indicative","RBA","Monthly","F11 Exchange Rates","Australian Dollar Trade-weighted Index"
"9087","GRCPAISDR","Commodity prices – SDR","AUS","AUS",2006-05-31,53.1472497734227,"M","Index, 2023/24=100","Original","RBA","Monthly","I2 Commodity Prices","Index of commodity prices; All items; SDR"
"9088","A2302956R","South Australia ; STATE FINAL DEMAND ;","SA","SA",2006-06-01,25610,"Q","$ Millions","Seasonally Adjusted",NA,"Quarterly","Table 25. State Final Demand, Summary Components by State: Chain volume measures",NA
"9089","A2302984X","Western Australia ; STATE FINAL DEMAND ;","WA","WA",2006-06-01,44946,"Q","$ Millions","Seasonally Adjusted",NA,"Quarterly","Table 25. State Final Demand, Summary Components by State: Chain volume measures",NA
"9090","A2303012X","Tasmania ; STATE FINAL DEMAND ;","TAS","TAS",2006-06-01,8206,"Q","$ Millions","Seasonally Adjusted",NA,"Quarterly","Table 25. State Final Demand, Summary Components by State: Chain volume measures",NA
"9091","A2303040J","Northern Territory ; STATE FINAL DEMAND ;","NT","NT",2006-06-01,5843,"Q","$ Millions","Seasonally Adjusted",NA,"Quarterly","Table 25. State Final Demand, Summary Components by State: Chain volume measures",NA
"9092","A2303068K","Australian Capital Territory ; STATE FINAL DEMAND ;","ACT","ACT",2006-06-01,11308,"Q","$ Millions","Seasonally Adjusted",NA,"Quarterly","Table 25. State Final Demand, Summary Components by State: Chain volume measures",NA
"9093","A2303111F","New South Wales ; STATE FINAL DEMAND ;","NSW","NSW",2006-06-01,122563,"Q","$ Millions","Seasonally Adjusted",NA,"Quarterly","Table 25. State Final Demand, Summary Components by State: Chain volume measures",NA
"9094","A2303139J","Victoria ; STATE FINAL DEMAND ;","VIC","VIC",2006-06-01,92786,"Q","$ Millions","Seasonally Adjusted",NA,"Quarterly","Table 25. State Final Demand, Summary Components by State: Chain volume measures",NA
"9095","A2303187A","Queensland ; STATE FINAL DEMAND ;","QLD","QLD",2006-06-01,75953,"Q","$ Millions","Seasonally Adjusted",NA,"Quarterly","Table 25. State Final Demand, Summary Components by State: Chain volume measures",NA
"9096","A2304418T","Gross domestic product: Current prices ;","AUS","AUS",2006-06-01,255304,"Q","$ Millions","Seasonally Adjusted",NA,"Quarterly","Table 1. Key National Accounts Aggregates",NA
"9097","A2325846C","Index Numbers ; All groups CPI ; Australia ;","AUS","AUS",2006-06-01,85.9,"Q","Index Numbers","Original",NA,"Quarterly","TABLES 1 and 2. CPI: All Groups, Index Numbers and Percentage Changes",NA
"9098","A2336320R","New South Wales ; Gross state product: Current prices ;","NSW","NSW",2006-06-01,332370,"Annual","$ Millions","Original",NA,"Annual","Table 1. Gross State Product, Chain volume measures and current prices",NA
"9099","A2336321T","Victoria ; Gross state product: Current prices ;","VIC","VIC",2006-06-01,243977,"Annual","$ Millions","Original",NA,"Annual","Table 1. Gross State Product, Chain volume measures and current prices",NA
"9100","A2336322V","Queensland ; Gross state product: Current prices ;","QLD","QLD",2006-06-01,184956,"Annual","$ Millions","Original",NA,"Annual","Table 1. Gross State Product, Chain volume measures and current prices",NA
"9101","A2336323W","South Australia ; Gross state product: Current prices ;","SA","SA",2006-06-01,66445,"Annual","$ Millions","Original",NA,"Annual","Table 1. Gross State Product, Chain volume measures and current prices",NA
"9102","A2336324X","Western Australia ; Gross state product: Current prices ;","WA","WA",2006-06-01,122793,"Annual","$ Millions","Original",NA,"Annual","Table 1. Gross State Product, Chain volume measures and current prices",NA
"9103","A2336325A","Tasmania ; Gross state product: Current prices ;","TAS","TAS",2006-06-01,18194,"Annual","$ Millions","Original",NA,"Annual","Table 1. Gross State Product, Chain volume measures and current prices",NA
"9104","A2336326C","Northern Territory ; Gross state product: Current prices ;","NT","NT",2006-06-01,12227,"Annual","$ Millions","Original",NA,"Annual","Table 1. Gross State Product, Chain volume measures and current prices",NA
"9105","A2336327F","Australian Capital Territory ; Gross state product: Current prices ;","ACT","ACT",2006-06-01,18624,"Annual","$ Millions","Original",NA,"Annual","Table 1. Gross State Product, Chain volume measures and current prices",NA
"9106","A2718577A","Credits, Total goods ;","AUS","AUS",2006-06-01,14566,"M","$ Millions","Seasonally Adjusted",NA,"Monthly","TABLE 1. GOODS, Summary: Seasonally adjusted and trend estimates, Current prices",NA
"9107","A2718594C","Balance on goods ;","AUS","AUS",2006-06-01,-999,"M","$ Millions","Seasonally Adjusted",NA,"Monthly","TABLE 1. GOODS, Summary: Seasonally adjusted and trend estimates, Current prices",NA
"9108","FXRTWI","Trade-weighted Index May 1970 = 100","AUS","AUS",2006-06-01,62.3,"D","Index","Indicative","RBA","Daily","Historical Daily Exchange Rates Of The Australian Dollar Against:","Australian Dollar Trade-weighted Index"
"9109","FXRTWI","Trade-weighted Index May 1970 = 100","AUS","AUS",2006-06-02,62.1,"D","Index","Indicative","RBA","Daily","Historical Daily Exchange Rates Of The Australian Dollar Against:","Australian Dollar Trade-weighted Index"
"9110","FXRTWI","Trade-weighted Index May 1970 = 100","AUS","AUS",2006-06-05,62.2,"D","Index","Indicative","RBA","Daily","Historical Daily Exchange Rates Of The Australian Dollar Against:","Australian Dollar Trade-weighted Index"
"9111","FXRTWI","Trade-weighted Index May 1970 = 100","AUS","AUS",2006-06-06,61.9,"D","Index","Indicative","RBA","Daily","Historical Daily Exchange Rates Of The Australian Dollar Against:","Australian Dollar Trade-weighted Index"
"9112","FXRTWI","Trade-weighted Index May 1970 = 100","AUS","AUS",2006-06-07,61.7,"D","Index","Indicative","RBA","Daily","Historical Daily Exchange Rates Of The Australian Dollar Against:","Australian Dollar Trade-weighted Index"
"9113","FXRTWI","Trade-weighted Index May 1970 = 100","AUS","AUS",2006-06-08,62.2,"D","Index","Indicative","RBA","Daily","Historical Daily Exchange Rates Of The Australian Dollar Against:","Australian Dollar Trade-weighted Index"
"9114","FXRTWI","Trade-weighted Index May 1970 = 100","AUS","AUS",2006-06-09,62.3,"D","Index","Indicative","RBA","Daily","Historical Daily Exchange Rates Of The Australian Dollar Against:","Australian Dollar Trade-weighted Index"
"9115","FXRTWI","Trade-weighted Index May 1970 = 100","AUS","AUS",2006-06-13,62.2,"D","Index","Indicative","RBA","Daily","Historical Daily Exchange Rates Of The Australian Dollar Against:","Australian Dollar Trade-weighted Index"
"9116","FXRTWI","Trade-weighted Index May 1970 = 100","AUS","AUS",2006-06-14,62,"D","Index","Indicative","RBA","Daily","Historical Daily Exchange Rates Of The Australian Dollar Against:","Australian Dollar Trade-weighted Index"
"9117","FXRTWI","Trade-weighted Index May 1970 = 100","AUS","AUS",2006-06-15,61.9,"D","Index","Indicative","RBA","Daily","Historical Daily Exchange Rates Of The Australian Dollar Against:","Australian Dollar Trade-weighted Index"
"9118","FXRTWI","Trade-weighted Index May 1970 = 100","AUS","AUS",2006-06-16,62.2,"D","Index","Indicative","RBA","Daily","Historical Daily Exchange Rates Of The Australian Dollar Against:","Australian Dollar Trade-weighted Index"
"9119","FXRTWI","Trade-weighted Index May 1970 = 100","AUS","AUS",2006-06-19,62,"D","Index","Indicative","RBA","Daily","Historical Daily Exchange Rates Of The Australian Dollar Against:","Australian Dollar Trade-weighted Index"
"9120","FXRTWI","Trade-weighted Index May 1970 = 100","AUS","AUS",2006-06-20,62.1,"D","Index","Indicative","RBA","Daily","Historical Daily Exchange Rates Of The Australian Dollar Against:","Australian Dollar Trade-weighted Index"
"9121","FXRTWI","Trade-weighted Index May 1970 = 100","AUS","AUS",2006-06-21,62,"D","Index","Indicative","RBA","Daily","Historical Daily Exchange Rates Of The Australian Dollar Against:","Australian Dollar Trade-weighted Index"
"9122","FXRTWI","Trade-weighted Index May 1970 = 100","AUS","AUS",2006-06-22,62.1,"D","Index","Indicative","RBA","Daily","Historical Daily Exchange Rates Of The Australian Dollar Against:","Australian Dollar Trade-weighted Index"
"9123","FXRTWI","Trade-weighted Index May 1970 = 100","AUS","AUS",2006-06-23,61.9,"D","Index","Indicative","RBA","Daily","Historical Daily Exchange Rates Of The Australian Dollar Against:","Australian Dollar Trade-weighted Index"
"9124","FXRTWI","Trade-weighted Index May 1970 = 100","AUS","AUS",2006-06-26,61.8,"D","Index","Indicative","RBA","Daily","Historical Daily Exchange Rates Of The Australian Dollar Against:","Australian Dollar Trade-weighted Index"
"9125","FXRTWI","Trade-weighted Index May 1970 = 100","AUS","AUS",2006-06-27,61.9,"D","Index","Indicative","RBA","Daily","Historical Daily Exchange Rates Of The Australian Dollar Against:","Australian Dollar Trade-weighted Index"
"9126","FXRTWI","Trade-weighted Index May 1970 = 100","AUS","AUS",2006-06-28,61.8,"D","Index","Indicative","RBA","Daily","Historical Daily Exchange Rates Of The Australian Dollar Against:","Australian Dollar Trade-weighted Index"
"9127","FXRTWI","Trade-weighted Index May 1970 = 100","AUS","AUS",2006-06-29,61.6,"D","Index","Indicative","RBA","Daily","Historical Daily Exchange Rates Of The Australian Dollar Against:","Australian Dollar Trade-weighted Index"
"9128","DLCACS","Credit; Total; Seasonally adjusted","AUS","AUS",2006-06-30,1414.639,"M","$ billion","Seasonally Adjusted","RBA","Monthly","D2 Lending And Credit Aggregates","Credit; Total; Seasonally adjusted – Includes securitisations – For series breaks see Series Breaks"
"9129","FIRMMCRT","Cash Rate Target","AUS","AUS",2006-06-30,5.75,"M","Per cent","Original","RBA","Monthly","F1.1 Interest Rates And Yields - Money Market","Cash Rate Target; monthly average"
"9130","FXRTWI","Trade-weighted Index May 1970 = 100","AUS","AUS",2006-06-30,62.2,"D","Index","Indicative","RBA","Daily","Historical Daily Exchange Rates Of The Australian Dollar Against:","Australian Dollar Trade-weighted Index"
"9131","FXRTWI","Trade-weighted Index May 1970 = 100","AUS","AUS",2006-06-30,62.2,"M","Index","Indicative","RBA","Monthly","F11 Exchange Rates","Australian Dollar Trade-weighted Index"
"9132","GCPIOCPMTMQP","Quarterly trimmed mean inflation","AUS","AUS",2006-06-30,0.8,"Q","Per cent","Seasonally Adjusted","ABS","Quarterly","G1 Consumer Price Inflation","Consumer price index; Trimmed mean; Quarterly change (in per cent)"
"9133","GRCPAISDR","Commodity prices – SDR","AUS","AUS",2006-06-30,51.8468580513928,"M","Index, 2023/24=100","Original","RBA","Monthly","I2 Commodity Prices","Index of commodity prices; All items; SDR"
"9134","A2718577A","Credits, Total goods ;","AUS","AUS",2006-07-01,14220,"M","$ Millions","Seasonally Adjusted",NA,"Monthly","TABLE 1. GOODS, Summary: Seasonally adjusted and trend estimates, Current prices",NA
"9135","A2718594C","Balance on goods ;","AUS","AUS",2006-07-01,-866,"M","$ Millions","Seasonally Adjusted",NA,"Monthly","TABLE 1. GOODS, Summary: Seasonally adjusted and trend estimates, Current prices",NA
"9136","FXRTWI","Trade-weighted Index May 1970 = 100","AUS","AUS",2006-07-03,62.1,"D","Index","Indicative","RBA","Daily","Historical Daily Exchange Rates Of The Australian Dollar Against:","Australian Dollar Trade-weighted Index"
"9137","FXRTWI","Trade-weighted Index May 1970 = 100","AUS","AUS",2006-07-04,62.2,"D","Index","Indicative","RBA","Daily","Historical Daily Exchange Rates Of The Australian Dollar Against:","Australian Dollar Trade-weighted Index"
"9138","FXRTWI","Trade-weighted Index May 1970 = 100","AUS","AUS",2006-07-05,62.3,"D","Index","Indicative","RBA","Daily","Historical Daily Exchange Rates Of The Australian Dollar Against:","Australian Dollar Trade-weighted Index"
"9139","FXRTWI","Trade-weighted Index May 1970 = 100","AUS","AUS",2006-07-06,62.3,"D","Index","Indicative","RBA","Daily","Historical Daily Exchange Rates Of The Australian Dollar Against:","Australian Dollar Trade-weighted Index"
"9140","FXRTWI","Trade-weighted Index May 1970 = 100","AUS","AUS",2006-07-07,62.5,"D","Index","Indicative","RBA","Daily","Historical Daily Exchange Rates Of The Australian Dollar Against:","Australian Dollar Trade-weighted Index"
"9141","FXRTWI","Trade-weighted Index May 1970 = 100","AUS","AUS",2006-07-10,62.7,"D","Index","Indicative","RBA","Daily","Historical Daily Exchange Rates Of The Australian Dollar Against:","Australian Dollar Trade-weighted Index"
"9142","FXRTWI","Trade-weighted Index May 1970 = 100","AUS","AUS",2006-07-11,62.6,"D","Index","Indicative","RBA","Daily","Historical Daily Exchange Rates Of The Australian Dollar Against:","Australian Dollar Trade-weighted Index"
"9143","FXRTWI","Trade-weighted Index May 1970 = 100","AUS","AUS",2006-07-12,63,"D","Index","Indicative","RBA","Daily","Historical Daily Exchange Rates Of The Australian Dollar Against:","Australian Dollar Trade-weighted Index"
"9144","FXRTWI","Trade-weighted Index May 1970 = 100","AUS","AUS",2006-07-13,63.3,"D","Index","Indicative","RBA","Daily","Historical Daily Exchange Rates Of The Australian Dollar Against:","Australian Dollar Trade-weighted Index"
"9145","FXRTWI","Trade-weighted Index May 1970 = 100","AUS","AUS",2006-07-14,63,"D","Index","Indicative","RBA","Daily","Historical Daily Exchange Rates Of The Australian Dollar Against:","Australian Dollar Trade-weighted Index"
"9146","FXRTWI","Trade-weighted Index May 1970 = 100","AUS","AUS",2006-07-17,63.2,"D","Index","Indicative","RBA","Daily","Historical Daily Exchange Rates Of The Australian Dollar Against:","Australian Dollar Trade-weighted Index"
"9147","FXRTWI","Trade-weighted Index May 1970 = 100","AUS","AUS",2006-07-18,63.2,"D","Index","Indicative","RBA","Daily","Historical Daily Exchange Rates Of The Australian Dollar Against:","Australian Dollar Trade-weighted Index"
"9148","FXRTWI","Trade-weighted Index May 1970 = 100","AUS","AUS",2006-07-19,62.9,"D","Index","Indicative","RBA","Daily","Historical Daily Exchange Rates Of The Australian Dollar Against:","Australian Dollar Trade-weighted Index"
"9149","FXRTWI","Trade-weighted Index May 1970 = 100","AUS","AUS",2006-07-20,63,"D","Index","Indicative","RBA","Daily","Historical Daily Exchange Rates Of The Australian Dollar Against:","Australian Dollar Trade-weighted Index"
"9150","FXRTWI","Trade-weighted Index May 1970 = 100","AUS","AUS",2006-07-21,63,"D","Index","Indicative","RBA","Daily","Historical Daily Exchange Rates Of The Australian Dollar Against:","Australian Dollar Trade-weighted Index"
"9151","FXRTWI","Trade-weighted Index May 1970 = 100","AUS","AUS",2006-07-24,63.1,"D","Index","Indicative","RBA","Daily","Historical Daily Exchange Rates Of The Australian Dollar Against:","Australian Dollar Trade-weighted Index"
"9152","FXRTWI","Trade-weighted Index May 1970 = 100","AUS","AUS",2006-07-25,63.5,"D","Index","Indicative","RBA","Daily","Historical Daily Exchange Rates Of The Australian Dollar Against:","Australian Dollar Trade-weighted Index"
"9153","FXRTWI","Trade-weighted Index May 1970 = 100","AUS","AUS",2006-07-26,63.6,"D","Index","Indicative","RBA","Daily","Historical Daily Exchange Rates Of The Australian Dollar Against:","Australian Dollar Trade-weighted Index"
"9154","FXRTWI","Trade-weighted Index May 1970 = 100","AUS","AUS",2006-07-27,63.8,"D","Index","Indicative","RBA","Daily","Historical Daily Exchange Rates Of The Australian Dollar Against:","Australian Dollar Trade-weighted Index"
"9155","FXRTWI","Trade-weighted Index May 1970 = 100","AUS","AUS",2006-07-28,63.8,"D","Index","Indicative","RBA","Daily","Historical Daily Exchange Rates Of The Australian Dollar Against:","Australian Dollar Trade-weighted Index"
"9156","DLCACS","Credit; Total; Seasonally adjusted","AUS","AUS",2006-07-31,1433.752,"M","$ billion","Seasonally Adjusted","RBA","Monthly","D2 Lending And Credit Aggregates","Credit; Total; Seasonally adjusted – Includes securitisations – For series breaks see Series Breaks"
"9157","FIRMMCRT","Cash Rate Target","AUS","AUS",2006-07-31,5.75,"M","Per cent","Original","RBA","Monthly","F1.1 Interest Rates And Yields - Money Market","Cash Rate Target; monthly average"
"9158","FXRTWI","Trade-weighted Index May 1970 = 100","AUS","AUS",2006-07-31,63.9,"D","Index","Indicative","RBA","Daily","Historical Daily Exchange Rates Of The Australian Dollar Against:","Australian Dollar Trade-weighted Index"
"9159","FXRTWI","Trade-weighted Index May 1970 = 100","AUS","AUS",2006-07-31,63.9,"M","Index","Indicative","RBA","Monthly","F11 Exchange Rates","Australian Dollar Trade-weighted Index"
"9160","GRCPAISDR","Commodity prices – SDR","AUS","AUS",2006-07-31,53.5584973697986,"M","Index, 2023/24=100","Original","RBA","Monthly","I2 Commodity Prices","Index of commodity prices; All items; SDR"
"9161","A2718577A","Credits, Total goods ;","AUS","AUS",2006-08-01,14111,"M","$ Millions","Seasonally Adjusted",NA,"Monthly","TABLE 1. GOODS, Summary: Seasonally adjusted and trend estimates, Current prices",NA
"9162","A2718594C","Balance on goods ;","AUS","AUS",2006-08-01,-745,"M","$ Millions","Seasonally Adjusted",NA,"Monthly","TABLE 1. GOODS, Summary: Seasonally adjusted and trend estimates, Current prices",NA
"9163","FXRTWI","Trade-weighted Index May 1970 = 100","AUS","AUS",2006-08-01,63.8,"D","Index","Indicative","RBA","Daily","Historical Daily Exchange Rates Of The Australian Dollar Against:","Australian Dollar Trade-weighted Index"
"9164","FXRTWI","Trade-weighted Index May 1970 = 100","AUS","AUS",2006-08-02,64.1,"D","Index","Indicative","RBA","Daily","Historical Daily Exchange Rates Of The Australian Dollar Against:","Australian Dollar Trade-weighted Index"
"9165","FXRTWI","Trade-weighted Index May 1970 = 100","AUS","AUS",2006-08-03,63.9,"D","Index","Indicative","RBA","Daily","Historical Daily Exchange Rates Of The Australian Dollar Against:","Australian Dollar Trade-weighted Index"
"9166","FXRTWI","Trade-weighted Index May 1970 = 100","AUS","AUS",2006-08-04,63.7,"D","Index","Indicative","RBA","Daily","Historical Daily Exchange Rates Of The Australian Dollar Against:","Australian Dollar Trade-weighted Index"
"9167","FXRTWI","Trade-weighted Index May 1970 = 100","AUS","AUS",2006-08-08,63.6,"D","Index","Indicative","RBA","Daily","Historical Daily Exchange Rates Of The Australian Dollar Against:","Australian Dollar Trade-weighted Index"
"9168","FXRTWI","Trade-weighted Index May 1970 = 100","AUS","AUS",2006-08-09,63.3,"D","Index","Indicative","RBA","Daily","Historical Daily Exchange Rates Of The Australian Dollar Against:","Australian Dollar Trade-weighted Index"
"9169","FXRTWI","Trade-weighted Index May 1970 = 100","AUS","AUS",2006-08-10,64.1,"D","Index","Indicative","RBA","Daily","Historical Daily Exchange Rates Of The Australian Dollar Against:","Australian Dollar Trade-weighted Index"
"9170","FXRTWI","Trade-weighted Index May 1970 = 100","AUS","AUS",2006-08-11,64.1,"D","Index","Indicative","RBA","Daily","Historical Daily Exchange Rates Of The Australian Dollar Against:","Australian Dollar Trade-weighted Index"
"9171","FXRTWI","Trade-weighted Index May 1970 = 100","AUS","AUS",2006-08-14,64.2,"D","Index","Indicative","RBA","Daily","Historical Daily Exchange Rates Of The Australian Dollar Against:","Australian Dollar Trade-weighted Index"
"9172","FXRTWI","Trade-weighted Index May 1970 = 100","AUS","AUS",2006-08-15,63.6,"D","Index","Indicative","RBA","Daily","Historical Daily Exchange Rates Of The Australian Dollar Against:","Australian Dollar Trade-weighted Index"
"9173","FXRTWI","Trade-weighted Index May 1970 = 100","AUS","AUS",2006-08-16,63.8,"D","Index","Indicative","RBA","Daily","Historical Daily Exchange Rates Of The Australian Dollar Against:","Australian Dollar Trade-weighted Index"
"9174","FXRTWI","Trade-weighted Index May 1970 = 100","AUS","AUS",2006-08-17,63.9,"D","Index","Indicative","RBA","Daily","Historical Daily Exchange Rates Of The Australian Dollar Against:","Australian Dollar Trade-weighted Index"
"9175","FXRTWI","Trade-weighted Index May 1970 = 100","AUS","AUS",2006-08-18,63.4,"D","Index","Indicative","RBA","Daily","Historical Daily Exchange Rates Of The Australian Dollar Against:","Australian Dollar Trade-weighted Index"
"9176","FXRTWI","Trade-weighted Index May 1970 = 100","AUS","AUS",2006-08-21,63.3,"D","Index","Indicative","RBA","Daily","Historical Daily Exchange Rates Of The Australian Dollar Against:","Australian Dollar Trade-weighted Index"
"9177","FXRTWI","Trade-weighted Index May 1970 = 100","AUS","AUS",2006-08-22,63.5,"D","Index","Indicative","RBA","Daily","Historical Daily Exchange Rates Of The Australian Dollar Against:","Australian Dollar Trade-weighted Index"
"9178","FXRTWI","Trade-weighted Index May 1970 = 100","AUS","AUS",2006-08-23,63.7,"D","Index","Indicative","RBA","Daily","Historical Daily Exchange Rates Of The Australian Dollar Against:","Australian Dollar Trade-weighted Index"
"9179","FXRTWI","Trade-weighted Index May 1970 = 100","AUS","AUS",2006-08-24,63.7,"D","Index","Indicative","RBA","Daily","Historical Daily Exchange Rates Of The Australian Dollar Against:","Australian Dollar Trade-weighted Index"
"9180","FXRTWI","Trade-weighted Index May 1970 = 100","AUS","AUS",2006-08-25,63.6,"D","Index","Indicative","RBA","Daily","Historical Daily Exchange Rates Of The Australian Dollar Against:","Australian Dollar Trade-weighted Index"
"9181","FXRTWI","Trade-weighted Index May 1970 = 100","AUS","AUS",2006-08-28,63.5,"D","Index","Indicative","RBA","Daily","Historical Daily Exchange Rates Of The Australian Dollar Against:","Australian Dollar Trade-weighted Index"
"9182","FXRTWI","Trade-weighted Index May 1970 = 100","AUS","AUS",2006-08-29,63.7,"D","Index","Indicative","RBA","Daily","Historical Daily Exchange Rates Of The Australian Dollar Against:","Australian Dollar Trade-weighted Index"
"9183","FXRTWI","Trade-weighted Index May 1970 = 100","AUS","AUS",2006-08-30,63.6,"D","Index","Indicative","RBA","Daily","Historical Daily Exchange Rates Of The Australian Dollar Against:","Australian Dollar Trade-weighted Index"
"9184","DLCACS","Credit; Total; Seasonally adjusted","AUS","AUS",2006-08-31,1447.313,"M","$ billion","Seasonally Adjusted","RBA","Monthly","D2 Lending And Credit Aggregates","Credit; Total; Seasonally adjusted – Includes securitisations – For series breaks see Series Breaks"
"9185","FIRMMCRT","Cash Rate Target","AUS","AUS",2006-08-31,5.98913043478261,"M","Per cent","Original","RBA","Monthly","F1.1 Interest Rates And Yields - Money Market","Cash Rate Target; monthly average"
"9186","FXRTWI","Trade-weighted Index May 1970 = 100","AUS","AUS",2006-08-31,63.7,"D","Index","Indicative","RBA","Daily","Historical Daily Exchange Rates Of The Australian Dollar Against:","Australian Dollar Trade-weighted Index"
"9187","FXRTWI","Trade-weighted Index May 1970 = 100","AUS","AUS",2006-08-31,63.7,"M","Index","Indicative","RBA","Monthly","F11 Exchange Rates","Australian Dollar Trade-weighted Index"
"9188","GRCPAISDR","Commodity prices – SDR","AUS","AUS",2006-08-31,53.6506348081316,"M","Index, 2023/24=100","Original","RBA","Monthly","I2 Commodity Prices","Index of commodity prices; All items; SDR"
"9189","A2302956R","South Australia ; STATE FINAL DEMAND ;","SA","SA",2006-09-01,26042,"Q","$ Millions","Seasonally Adjusted",NA,"Quarterly","Table 25. State Final Demand, Summary Components by State: Chain volume measures",NA
"9190","A2302984X","Western Australia ; STATE FINAL DEMAND ;","WA","WA",2006-09-01,44424,"Q","$ Millions","Seasonally Adjusted",NA,"Quarterly","Table 25. State Final Demand, Summary Components by State: Chain volume measures",NA
"9191","A2303012X","Tasmania ; STATE FINAL DEMAND ;","TAS","TAS",2006-09-01,7933,"Q","$ Millions","Seasonally Adjusted",NA,"Quarterly","Table 25. State Final Demand, Summary Components by State: Chain volume measures",NA
"9192","A2303040J","Northern Territory ; STATE FINAL DEMAND ;","NT","NT",2006-09-01,6065,"Q","$ Millions","Seasonally Adjusted",NA,"Quarterly","Table 25. State Final Demand, Summary Components by State: Chain volume measures",NA
"9193","A2303068K","Australian Capital Territory ; STATE FINAL DEMAND ;","ACT","ACT",2006-09-01,11151,"Q","$ Millions","Seasonally Adjusted",NA,"Quarterly","Table 25. State Final Demand, Summary Components by State: Chain volume measures",NA
"9194","A2303111F","New South Wales ; STATE FINAL DEMAND ;","NSW","NSW",2006-09-01,122659,"Q","$ Millions","Seasonally Adjusted",NA,"Quarterly","Table 25. State Final Demand, Summary Components by State: Chain volume measures",NA
"9195","A2303139J","Victoria ; STATE FINAL DEMAND ;","VIC","VIC",2006-09-01,94839,"Q","$ Millions","Seasonally Adjusted",NA,"Quarterly","Table 25. State Final Demand, Summary Components by State: Chain volume measures",NA
"9196","A2303187A","Queensland ; STATE FINAL DEMAND ;","QLD","QLD",2006-09-01,78080,"Q","$ Millions","Seasonally Adjusted",NA,"Quarterly","Table 25. State Final Demand, Summary Components by State: Chain volume measures",NA
"9197","A2304418T","Gross domestic product: Current prices ;","AUS","AUS",2006-09-01,262804,"Q","$ Millions","Seasonally Adjusted",NA,"Quarterly","Table 1. Key National Accounts Aggregates",NA
"9198","A2325846C","Index Numbers ; All groups CPI ; Australia ;","AUS","AUS",2006-09-01,86.7,"Q","Index Numbers","Original",NA,"Quarterly","TABLES 1 and 2. CPI: All Groups, Index Numbers and Percentage Changes",NA
"9199","A2718577A","Credits, Total goods ;","AUS","AUS",2006-09-01,13806,"M","$ Millions","Seasonally Adjusted",NA,"Monthly","TABLE 1. GOODS, Summary: Seasonally adjusted and trend estimates, Current prices",NA
"9200","A2718594C","Balance on goods ;","AUS","AUS",2006-09-01,-1457,"M","$ Millions","Seasonally Adjusted",NA,"Monthly","TABLE 1. GOODS, Summary: Seasonally adjusted and trend estimates, Current prices",NA
"9201","FXRTWI","Trade-weighted Index May 1970 = 100","AUS","AUS",2006-09-01,63.8,"D","Index","Indicative","RBA","Daily","Historical Daily Exchange Rates Of The Australian Dollar Against:","Australian Dollar Trade-weighted Index"
"9202","FXRTWI","Trade-weighted Index May 1970 = 100","AUS","AUS",2006-09-04,64.1,"D","Index","Indicative","RBA","Daily","Historical Daily Exchange Rates Of The Australian Dollar Against:","Australian Dollar Trade-weighted Index"
"9203","FXRTWI","Trade-weighted Index May 1970 = 100","AUS","AUS",2006-09-05,64.1,"D","Index","Indicative","RBA","Daily","Historical Daily Exchange Rates Of The Australian Dollar Against:","Australian Dollar Trade-weighted Index"
"9204","FXRTWI","Trade-weighted Index May 1970 = 100","AUS","AUS",2006-09-06,64,"D","Index","Indicative","RBA","Daily","Historical Daily Exchange Rates Of The Australian Dollar Against:","Australian Dollar Trade-weighted Index"
"9205","FXRTWI","Trade-weighted Index May 1970 = 100","AUS","AUS",2006-09-07,63.9,"D","Index","Indicative","RBA","Daily","Historical Daily Exchange Rates Of The Australian Dollar Against:","Australian Dollar Trade-weighted Index"
"9206","FXRTWI","Trade-weighted Index May 1970 = 100","AUS","AUS",2006-09-08,63.2,"D","Index","Indicative","RBA","Daily","Historical Daily Exchange Rates Of The Australian Dollar Against:","Australian Dollar Trade-weighted Index"
"9207","FXRTWI","Trade-weighted Index May 1970 = 100","AUS","AUS",2006-09-11,63,"D","Index","Indicative","RBA","Daily","Historical Daily Exchange Rates Of The Australian Dollar Against:","Australian Dollar Trade-weighted Index"
"9208","FXRTWI","Trade-weighted Index May 1970 = 100","AUS","AUS",2006-09-12,63.1,"D","Index","Indicative","RBA","Daily","Historical Daily Exchange Rates Of The Australian Dollar Against:","Australian Dollar Trade-weighted Index"
"9209","FXRTWI","Trade-weighted Index May 1970 = 100","AUS","AUS",2006-09-13,62.9,"D","Index","Indicative","RBA","Daily","Historical Daily Exchange Rates Of The Australian Dollar Against:","Australian Dollar Trade-weighted Index"
"9210","FXRTWI","Trade-weighted Index May 1970 = 100","AUS","AUS",2006-09-14,62.9,"D","Index","Indicative","RBA","Daily","Historical Daily Exchange Rates Of The Australian Dollar Against:","Australian Dollar Trade-weighted Index"
"9211","FXRTWI","Trade-weighted Index May 1970 = 100","AUS","AUS",2006-09-15,63.2,"D","Index","Indicative","RBA","Daily","Historical Daily Exchange Rates Of The Australian Dollar Against:","Australian Dollar Trade-weighted Index"
"9212","FXRTWI","Trade-weighted Index May 1970 = 100","AUS","AUS",2006-09-18,63,"D","Index","Indicative","RBA","Daily","Historical Daily Exchange Rates Of The Australian Dollar Against:","Australian Dollar Trade-weighted Index"
"9213","FXRTWI","Trade-weighted Index May 1970 = 100","AUS","AUS",2006-09-19,63.2,"D","Index","Indicative","RBA","Daily","Historical Daily Exchange Rates Of The Australian Dollar Against:","Australian Dollar Trade-weighted Index"
"9214","FXRTWI","Trade-weighted Index May 1970 = 100","AUS","AUS",2006-09-20,62.9,"D","Index","Indicative","RBA","Daily","Historical Daily Exchange Rates Of The Australian Dollar Against:","Australian Dollar Trade-weighted Index"
"9215","FXRTWI","Trade-weighted Index May 1970 = 100","AUS","AUS",2006-09-21,63.1,"D","Index","Indicative","RBA","Daily","Historical Daily Exchange Rates Of The Australian Dollar Against:","Australian Dollar Trade-weighted Index"
"9216","FXRTWI","Trade-weighted Index May 1970 = 100","AUS","AUS",2006-09-22,63,"D","Index","Indicative","RBA","Daily","Historical Daily Exchange Rates Of The Australian Dollar Against:","Australian Dollar Trade-weighted Index"
"9217","FXRTWI","Trade-weighted Index May 1970 = 100","AUS","AUS",2006-09-25,62.6,"D","Index","Indicative","RBA","Daily","Historical Daily Exchange Rates Of The Australian Dollar Against:","Australian Dollar Trade-weighted Index"
"9218","FXRTWI","Trade-weighted Index May 1970 = 100","AUS","AUS",2006-09-26,62.9,"D","Index","Indicative","RBA","Daily","Historical Daily Exchange Rates Of The Australian Dollar Against:","Australian Dollar Trade-weighted Index"
"9219","FXRTWI","Trade-weighted Index May 1970 = 100","AUS","AUS",2006-09-27,62.7,"D","Index","Indicative","RBA","Daily","Historical Daily Exchange Rates Of The Australian Dollar Against:","Australian Dollar Trade-weighted Index"
"9220","FXRTWI","Trade-weighted Index May 1970 = 100","AUS","AUS",2006-09-28,62.7,"D","Index","Indicative","RBA","Daily","Historical Daily Exchange Rates Of The Australian Dollar Against:","Australian Dollar Trade-weighted Index"
"9221","FXRTWI","Trade-weighted Index May 1970 = 100","AUS","AUS",2006-09-29,62.6,"D","Index","Indicative","RBA","Daily","Historical Daily Exchange Rates Of The Australian Dollar Against:","Australian Dollar Trade-weighted Index"
"9222","DLCACS","Credit; Total; Seasonally adjusted","AUS","AUS",2006-09-30,1461.887,"M","$ billion","Seasonally Adjusted","RBA","Monthly","D2 Lending And Credit Aggregates","Credit; Total; Seasonally adjusted – Includes securitisations – For series breaks see Series Breaks"
"9223","FIRMMCRT","Cash Rate Target","AUS","AUS",2006-09-30,6,"M","Per cent","Original","RBA","Monthly","F1.1 Interest Rates And Yields - Money Market","Cash Rate Target; monthly average"
"9224","FXRTWI","Trade-weighted Index May 1970 = 100","AUS","AUS",2006-09-30,62.6,"M","Index","Indicative","RBA","Monthly","F11 Exchange Rates","Australian Dollar Trade-weighted Index"
"9225","GCPIOCPMTMQP","Quarterly trimmed mean inflation","AUS","AUS",2006-09-30,0.7,"Q","Per cent","Seasonally Adjusted","ABS","Quarterly","G1 Consumer Price Inflation","Consumer price index; Trimmed mean; Quarterly change (in per cent)"
"9226","GRCPAISDR","Commodity prices – SDR","AUS","AUS",2006-09-30,52.3190527738213,"M","Index, 2023/24=100","Original","RBA","Monthly","I2 Commodity Prices","Index of commodity prices; All items; SDR"
"9227","A2718577A","Credits, Total goods ;","AUS","AUS",2006-10-01,14240,"M","$ Millions","Seasonally Adjusted",NA,"Monthly","TABLE 1. GOODS, Summary: Seasonally adjusted and trend estimates, Current prices",NA
"9228","A2718594C","Balance on goods ;","AUS","AUS",2006-10-01,-1733,"M","$ Millions","Seasonally Adjusted",NA,"Monthly","TABLE 1. GOODS, Summary: Seasonally adjusted and trend estimates, Current prices",NA
"9229","FXRTWI","Trade-weighted Index May 1970 = 100","AUS","AUS",2006-10-03,62.5,"D","Index","Indicative","RBA","Daily","Historical Daily Exchange Rates Of The Australian Dollar Against:","Australian Dollar Trade-weighted Index"
"9230","FXRTWI","Trade-weighted Index May 1970 = 100","AUS","AUS",2006-10-04,62.2,"D","Index","Indicative","RBA","Daily","Historical Daily Exchange Rates Of The Australian Dollar Against:","Australian Dollar Trade-weighted Index"
"9231","FXRTWI","Trade-weighted Index May 1970 = 100","AUS","AUS",2006-10-05,62.4,"D","Index","Indicative","RBA","Daily","Historical Daily Exchange Rates Of The Australian Dollar Against:","Australian Dollar Trade-weighted Index"
"9232","FXRTWI","Trade-weighted Index May 1970 = 100","AUS","AUS",2006-10-06,62.3,"D","Index","Indicative","RBA","Daily","Historical Daily Exchange Rates Of The Australian Dollar Against:","Australian Dollar Trade-weighted Index"
"9233","FXRTWI","Trade-weighted Index May 1970 = 100","AUS","AUS",2006-10-09,62.5,"D","Index","Indicative","RBA","Daily","Historical Daily Exchange Rates Of The Australian Dollar Against:","Australian Dollar Trade-weighted Index"
"9234","FXRTWI","Trade-weighted Index May 1970 = 100","AUS","AUS",2006-10-10,62.6,"D","Index","Indicative","RBA","Daily","Historical Daily Exchange Rates Of The Australian Dollar Against:","Australian Dollar Trade-weighted Index"
"9235","FXRTWI","Trade-weighted Index May 1970 = 100","AUS","AUS",2006-10-11,62.6,"D","Index","Indicative","RBA","Daily","Historical Daily Exchange Rates Of The Australian Dollar Against:","Australian Dollar Trade-weighted Index"
"9236","FXRTWI","Trade-weighted Index May 1970 = 100","AUS","AUS",2006-10-12,62.9,"D","Index","Indicative","RBA","Daily","Historical Daily Exchange Rates Of The Australian Dollar Against:","Australian Dollar Trade-weighted Index"
"9237","FXRTWI","Trade-weighted Index May 1970 = 100","AUS","AUS",2006-10-13,63.1,"D","Index","Indicative","RBA","Daily","Historical Daily Exchange Rates Of The Australian Dollar Against:","Australian Dollar Trade-weighted Index"
"9238","FXRTWI","Trade-weighted Index May 1970 = 100","AUS","AUS",2006-10-16,63.1,"D","Index","Indicative","RBA","Daily","Historical Daily Exchange Rates Of The Australian Dollar Against:","Australian Dollar Trade-weighted Index"
"9239","FXRTWI","Trade-weighted Index May 1970 = 100","AUS","AUS",2006-10-17,63.4,"D","Index","Indicative","RBA","Daily","Historical Daily Exchange Rates Of The Australian Dollar Against:","Australian Dollar Trade-weighted Index"
"9240","FXRTWI","Trade-weighted Index May 1970 = 100","AUS","AUS",2006-10-18,63.2,"D","Index","Indicative","RBA","Daily","Historical Daily Exchange Rates Of The Australian Dollar Against:","Australian Dollar Trade-weighted Index"
"9241","FXRTWI","Trade-weighted Index May 1970 = 100","AUS","AUS",2006-10-19,63.4,"D","Index","Indicative","RBA","Daily","Historical Daily Exchange Rates Of The Australian Dollar Against:","Australian Dollar Trade-weighted Index"
"9242","FXRTWI","Trade-weighted Index May 1970 = 100","AUS","AUS",2006-10-20,63.6,"D","Index","Indicative","RBA","Daily","Historical Daily Exchange Rates Of The Australian Dollar Against:","Australian Dollar Trade-weighted Index"
"9243","FXRTWI","Trade-weighted Index May 1970 = 100","AUS","AUS",2006-10-23,63.6,"D","Index","Indicative","RBA","Daily","Historical Daily Exchange Rates Of The Australian Dollar Against:","Australian Dollar Trade-weighted Index"
"9244","FXRTWI","Trade-weighted Index May 1970 = 100","AUS","AUS",2006-10-24,63.6,"D","Index","Indicative","RBA","Daily","Historical Daily Exchange Rates Of The Australian Dollar Against:","Australian Dollar Trade-weighted Index"
"9245","FXRTWI","Trade-weighted Index May 1970 = 100","AUS","AUS",2006-10-25,63.8,"D","Index","Indicative","RBA","Daily","Historical Daily Exchange Rates Of The Australian Dollar Against:","Australian Dollar Trade-weighted Index"
"9246","FXRTWI","Trade-weighted Index May 1970 = 100","AUS","AUS",2006-10-26,63.8,"D","Index","Indicative","RBA","Daily","Historical Daily Exchange Rates Of The Australian Dollar Against:","Australian Dollar Trade-weighted Index"
"9247","FXRTWI","Trade-weighted Index May 1970 = 100","AUS","AUS",2006-10-27,63.8,"D","Index","Indicative","RBA","Daily","Historical Daily Exchange Rates Of The Australian Dollar Against:","Australian Dollar Trade-weighted Index"
"9248","FXRTWI","Trade-weighted Index May 1970 = 100","AUS","AUS",2006-10-30,64,"D","Index","Indicative","RBA","Daily","Historical Daily Exchange Rates Of The Australian Dollar Against:","Australian Dollar Trade-weighted Index"
"9249","DLCACS","Credit; Total; Seasonally adjusted","AUS","AUS",2006-10-31,1476.817,"M","$ billion","Seasonally Adjusted","RBA","Monthly","D2 Lending And Credit Aggregates","Credit; Total; Seasonally adjusted – Includes securitisations – For series breaks see Series Breaks"
"9250","FIRMMCRT","Cash Rate Target","AUS","AUS",2006-10-31,6,"M","Per cent","Original","RBA","Monthly","F1.1 Interest Rates And Yields - Money Market","Cash Rate Target; monthly average"
"9251","FXRTWI","Trade-weighted Index May 1970 = 100","AUS","AUS",2006-10-31,64,"D","Index","Indicative","RBA","Daily","Historical Daily Exchange Rates Of The Australian Dollar Against:","Australian Dollar Trade-weighted Index"
"9252","FXRTWI","Trade-weighted Index May 1970 = 100","AUS","AUS",2006-10-31,64,"M","Index","Indicative","RBA","Monthly","F11 Exchange Rates","Australian Dollar Trade-weighted Index"
"9253","GRCPAISDR","Commodity prices – SDR","AUS","AUS",2006-10-31,52.7872404224553,"M","Index, 2023/24=100","Original","RBA","Monthly","I2 Commodity Prices","Index of commodity prices; All items; SDR"
"9254","A2718577A","Credits, Total goods ;","AUS","AUS",2006-11-01,14178,"M","$ Millions","Seasonally Adjusted",NA,"Monthly","TABLE 1. GOODS, Summary: Seasonally adjusted and trend estimates, Current prices",NA
"9255","A2718594C","Balance on goods ;","AUS","AUS",2006-11-01,-747,"M","$ Millions","Seasonally Adjusted",NA,"Monthly","TABLE 1. GOODS, Summary: Seasonally adjusted and trend estimates, Current prices",NA
"9256","FXRTWI","Trade-weighted Index May 1970 = 100","AUS","AUS",2006-11-01,64.2,"D","Index","Indicative","RBA","Daily","Historical Daily Exchange Rates Of The Australian Dollar Against:","Australian Dollar Trade-weighted Index"
"9257","FXRTWI","Trade-weighted Index May 1970 = 100","AUS","AUS",2006-11-02,64.1,"D","Index","Indicative","RBA","Daily","Historical Daily Exchange Rates Of The Australian Dollar Against:","Australian Dollar Trade-weighted Index"
"9258","FXRTWI","Trade-weighted Index May 1970 = 100","AUS","AUS",2006-11-03,64.3,"D","Index","Indicative","RBA","Daily","Historical Daily Exchange Rates Of The Australian Dollar Against:","Australian Dollar Trade-weighted Index"
"9259","FXRTWI","Trade-weighted Index May 1970 = 100","AUS","AUS",2006-11-06,64.1,"D","Index","Indicative","RBA","Daily","Historical Daily Exchange Rates Of The Australian Dollar Against:","Australian Dollar Trade-weighted Index"
"9260","FXRTWI","Trade-weighted Index May 1970 = 100","AUS","AUS",2006-11-07,64.3,"D","Index","Indicative","RBA","Daily","Historical Daily Exchange Rates Of The Australian Dollar Against:","Australian Dollar Trade-weighted Index"
"9261","FXRTWI","Trade-weighted Index May 1970 = 100","AUS","AUS",2006-11-08,64,"D","Index","Indicative","RBA","Daily","Historical Daily Exchange Rates Of The Australian Dollar Against:","Australian Dollar Trade-weighted Index"
"9262","FXRTWI","Trade-weighted Index May 1970 = 100","AUS","AUS",2006-11-09,63.7,"D","Index","Indicative","RBA","Daily","Historical Daily Exchange Rates Of The Australian Dollar Against:","Australian Dollar Trade-weighted Index"
"9263","FXRTWI","Trade-weighted Index May 1970 = 100","AUS","AUS",2006-11-10,63.6,"D","Index","Indicative","RBA","Daily","Historical Daily Exchange Rates Of The Australian Dollar Against:","Australian Dollar Trade-weighted Index"
"9264","FXRTWI","Trade-weighted Index May 1970 = 100","AUS","AUS",2006-11-13,63.5,"D","Index","Indicative","RBA","Daily","Historical Daily Exchange Rates Of The Australian Dollar Against:","Australian Dollar Trade-weighted Index"
"9265","FXRTWI","Trade-weighted Index May 1970 = 100","AUS","AUS",2006-11-14,63.5,"D","Index","Indicative","RBA","Daily","Historical Daily Exchange Rates Of The Australian Dollar Against:","Australian Dollar Trade-weighted Index"
"9266","FXRTWI","Trade-weighted Index May 1970 = 100","AUS","AUS",2006-11-15,63.6,"D","Index","Indicative","RBA","Daily","Historical Daily Exchange Rates Of The Australian Dollar Against:","Australian Dollar Trade-weighted Index"
"9267","FXRTWI","Trade-weighted Index May 1970 = 100","AUS","AUS",2006-11-16,63.7,"D","Index","Indicative","RBA","Daily","Historical Daily Exchange Rates Of The Australian Dollar Against:","Australian Dollar Trade-weighted Index"
"9268","FXRTWI","Trade-weighted Index May 1970 = 100","AUS","AUS",2006-11-17,63.8,"D","Index","Indicative","RBA","Daily","Historical Daily Exchange Rates Of The Australian Dollar Against:","Australian Dollar Trade-weighted Index"
"9269","FXRTWI","Trade-weighted Index May 1970 = 100","AUS","AUS",2006-11-20,63.8,"D","Index","Indicative","RBA","Daily","Historical Daily Exchange Rates Of The Australian Dollar Against:","Australian Dollar Trade-weighted Index"
"9270","FXRTWI","Trade-weighted Index May 1970 = 100","AUS","AUS",2006-11-21,63.9,"D","Index","Indicative","RBA","Daily","Historical Daily Exchange Rates Of The Australian Dollar Against:","Australian Dollar Trade-weighted Index"
"9271","FXRTWI","Trade-weighted Index May 1970 = 100","AUS","AUS",2006-11-22,64,"D","Index","Indicative","RBA","Daily","Historical Daily Exchange Rates Of The Australian Dollar Against:","Australian Dollar Trade-weighted Index"
"9272","FXRTWI","Trade-weighted Index May 1970 = 100","AUS","AUS",2006-11-23,64,"D","Index","Indicative","RBA","Daily","Historical Daily Exchange Rates Of The Australian Dollar Against:","Australian Dollar Trade-weighted Index"
"9273","FXRTWI","Trade-weighted Index May 1970 = 100","AUS","AUS",2006-11-24,64,"D","Index","Indicative","RBA","Daily","Historical Daily Exchange Rates Of The Australian Dollar Against:","Australian Dollar Trade-weighted Index"
"9274","FXRTWI","Trade-weighted Index May 1970 = 100","AUS","AUS",2006-11-27,64.1,"D","Index","Indicative","RBA","Daily","Historical Daily Exchange Rates Of The Australian Dollar Against:","Australian Dollar Trade-weighted Index"
"9275","FXRTWI","Trade-weighted Index May 1970 = 100","AUS","AUS",2006-11-28,64.1,"D","Index","Indicative","RBA","Daily","Historical Daily Exchange Rates Of The Australian Dollar Against:","Australian Dollar Trade-weighted Index"
"9276","FXRTWI","Trade-weighted Index May 1970 = 100","AUS","AUS",2006-11-29,64.2,"D","Index","Indicative","RBA","Daily","Historical Daily Exchange Rates Of The Australian Dollar Against:","Australian Dollar Trade-weighted Index"
"9277","DLCACS","Credit; Total; Seasonally adjusted","AUS","AUS",2006-11-30,1492.615,"M","$ billion","Seasonally Adjusted","RBA","Monthly","D2 Lending And Credit Aggregates","Credit; Total; Seasonally adjusted – Includes securitisations – For series breaks see Series Breaks"
"9278","FIRMMCRT","Cash Rate Target","AUS","AUS",2006-11-30,6.19318181818182,"M","Per cent","Original","RBA","Monthly","F1.1 Interest Rates And Yields - Money Market","Cash Rate Target; monthly average"
"9279","FXRTWI","Trade-weighted Index May 1970 = 100","AUS","AUS",2006-11-30,64.5,"D","Index","Indicative","RBA","Daily","Historical Daily Exchange Rates Of The Australian Dollar Against:","Australian Dollar Trade-weighted Index"
"9280","FXRTWI","Trade-weighted Index May 1970 = 100","AUS","AUS",2006-11-30,64.5,"M","Index","Indicative","RBA","Monthly","F11 Exchange Rates","Australian Dollar Trade-weighted Index"
"9281","GRCPAISDR","Commodity prices – SDR","AUS","AUS",2006-11-30,52.9404594059184,"M","Index, 2023/24=100","Original","RBA","Monthly","I2 Commodity Prices","Index of commodity prices; All items; SDR"
"9282","A2302956R","South Australia ; STATE FINAL DEMAND ;","SA","SA",2006-12-01,26225,"Q","$ Millions","Seasonally Adjusted",NA,"Quarterly","Table 25. State Final Demand, Summary Components by State: Chain volume measures",NA
"9283","A2302984X","Western Australia ; STATE FINAL DEMAND ;","WA","WA",2006-12-01,46064,"Q","$ Millions","Seasonally Adjusted",NA,"Quarterly","Table 25. State Final Demand, Summary Components by State: Chain volume measures",NA
"9284","A2303012X","Tasmania ; STATE FINAL DEMAND ;","TAS","TAS",2006-12-01,8155,"Q","$ Millions","Seasonally Adjusted",NA,"Quarterly","Table 25. State Final Demand, Summary Components by State: Chain volume measures",NA
"9285","A2303040J","Northern Territory ; STATE FINAL DEMAND ;","NT","NT",2006-12-01,5653,"Q","$ Millions","Seasonally Adjusted",NA,"Quarterly","Table 25. State Final Demand, Summary Components by State: Chain volume measures",NA
"9286","A2303068K","Australian Capital Territory ; STATE FINAL DEMAND ;","ACT","ACT",2006-12-01,11377,"Q","$ Millions","Seasonally Adjusted",NA,"Quarterly","Table 25. State Final Demand, Summary Components by State: Chain volume measures",NA
"9287","A2303111F","New South Wales ; STATE FINAL DEMAND ;","NSW","NSW",2006-12-01,123897,"Q","$ Millions","Seasonally Adjusted",NA,"Quarterly","Table 25. State Final Demand, Summary Components by State: Chain volume measures",NA
"9288","A2303139J","Victoria ; STATE FINAL DEMAND ;","VIC","VIC",2006-12-01,94214,"Q","$ Millions","Seasonally Adjusted",NA,"Quarterly","Table 25. State Final Demand, Summary Components by State: Chain volume measures",NA
"9289","A2303187A","Queensland ; STATE FINAL DEMAND ;","QLD","QLD",2006-12-01,78622,"Q","$ Millions","Seasonally Adjusted",NA,"Quarterly","Table 25. State Final Demand, Summary Components by State: Chain volume measures",NA
"9290","A2304418T","Gross domestic product: Current prices ;","AUS","AUS",2006-12-01,269807,"Q","$ Millions","Seasonally Adjusted",NA,"Quarterly","Table 1. Key National Accounts Aggregates",NA
"9291","A2325846C","Index Numbers ; All groups CPI ; Australia ;","AUS","AUS",2006-12-01,86.6,"Q","Index Numbers","Original",NA,"Quarterly","TABLES 1 and 2. CPI: All Groups, Index Numbers and Percentage Changes",NA
"9292","A2718577A","Credits, Total goods ;","AUS","AUS",2006-12-01,14008,"M","$ Millions","Seasonally Adjusted",NA,"Monthly","TABLE 1. GOODS, Summary: Seasonally adjusted and trend estimates, Current prices",NA
"9293","A2718594C","Balance on goods ;","AUS","AUS",2006-12-01,-1602,"M","$ Millions","Seasonally Adjusted",NA,"Monthly","TABLE 1. GOODS, Summary: Seasonally adjusted and trend estimates, Current prices",NA
"9294","FXRTWI","Trade-weighted Index May 1970 = 100","AUS","AUS",2006-12-01,64.6,"D","Index","Indicative","RBA","Daily","Historical Daily Exchange Rates Of The Australian Dollar Against:","Australian Dollar Trade-weighted Index"
"9295","FXRTWI","Trade-weighted Index May 1970 = 100","AUS","AUS",2006-12-04,64.3,"D","Index","Indicative","RBA","Daily","Historical Daily Exchange Rates Of The Australian Dollar Against:","Australian Dollar Trade-weighted Index"
"9296","FXRTWI","Trade-weighted Index May 1970 = 100","AUS","AUS",2006-12-05,64.4,"D","Index","Indicative","RBA","Daily","Historical Daily Exchange Rates Of The Australian Dollar Against:","Australian Dollar Trade-weighted Index"
"9297","FXRTWI","Trade-weighted Index May 1970 = 100","AUS","AUS",2006-12-06,64.2,"D","Index","Indicative","RBA","Daily","Historical Daily Exchange Rates Of The Australian Dollar Against:","Australian Dollar Trade-weighted Index"
"9298","FXRTWI","Trade-weighted Index May 1970 = 100","AUS","AUS",2006-12-07,64.4,"D","Index","Indicative","RBA","Daily","Historical Daily Exchange Rates Of The Australian Dollar Against:","Australian Dollar Trade-weighted Index"
"9299","FXRTWI","Trade-weighted Index May 1970 = 100","AUS","AUS",2006-12-08,64.4,"D","Index","Indicative","RBA","Daily","Historical Daily Exchange Rates Of The Australian Dollar Against:","Australian Dollar Trade-weighted Index"
"9300","FXRTWI","Trade-weighted Index May 1970 = 100","AUS","AUS",2006-12-11,64.2,"D","Index","Indicative","RBA","Daily","Historical Daily Exchange Rates Of The Australian Dollar Against:","Australian Dollar Trade-weighted Index"
"9301","FXRTWI","Trade-weighted Index May 1970 = 100","AUS","AUS",2006-12-12,64.3,"D","Index","Indicative","RBA","Daily","Historical Daily Exchange Rates Of The Australian Dollar Against:","Australian Dollar Trade-weighted Index"
"9302","FXRTWI","Trade-weighted Index May 1970 = 100","AUS","AUS",2006-12-13,64.4,"D","Index","Indicative","RBA","Daily","Historical Daily Exchange Rates Of The Australian Dollar Against:","Australian Dollar Trade-weighted Index"
"9303","FXRTWI","Trade-weighted Index May 1970 = 100","AUS","AUS",2006-12-14,64.4,"D","Index","Indicative","RBA","Daily","Historical Daily Exchange Rates Of The Australian Dollar Against:","Australian Dollar Trade-weighted Index"
"9304","FXRTWI","Trade-weighted Index May 1970 = 100","AUS","AUS",2006-12-15,64.1,"D","Index","Indicative","RBA","Daily","Historical Daily Exchange Rates Of The Australian Dollar Against:","Australian Dollar Trade-weighted Index"
"9305","FXRTWI","Trade-weighted Index May 1970 = 100","AUS","AUS",2006-12-18,64.2,"D","Index","Indicative","RBA","Daily","Historical Daily Exchange Rates Of The Australian Dollar Against:","Australian Dollar Trade-weighted Index"
"9306","FXRTWI","Trade-weighted Index May 1970 = 100","AUS","AUS",2006-12-19,64.2,"D","Index","Indicative","RBA","Daily","Historical Daily Exchange Rates Of The Australian Dollar Against:","Australian Dollar Trade-weighted Index"
"9307","FXRTWI","Trade-weighted Index May 1970 = 100","AUS","AUS",2006-12-20,64.3,"D","Index","Indicative","RBA","Daily","Historical Daily Exchange Rates Of The Australian Dollar Against:","Australian Dollar Trade-weighted Index"
"9308","FXRTWI","Trade-weighted Index May 1970 = 100","AUS","AUS",2006-12-21,64.6,"D","Index","Indicative","RBA","Daily","Historical Daily Exchange Rates Of The Australian Dollar Against:","Australian Dollar Trade-weighted Index"
"9309","FXRTWI","Trade-weighted Index May 1970 = 100","AUS","AUS",2006-12-22,64.5,"D","Index","Indicative","RBA","Daily","Historical Daily Exchange Rates Of The Australian Dollar Against:","Australian Dollar Trade-weighted Index"
"9310","FXRTWI","Trade-weighted Index May 1970 = 100","AUS","AUS",2006-12-27,64.6,"D","Index","Indicative","RBA","Daily","Historical Daily Exchange Rates Of The Australian Dollar Against:","Australian Dollar Trade-weighted Index"
"9311","FXRTWI","Trade-weighted Index May 1970 = 100","AUS","AUS",2006-12-28,64.6,"D","Index","Indicative","RBA","Daily","Historical Daily Exchange Rates Of The Australian Dollar Against:","Australian Dollar Trade-weighted Index"
"9312","FXRTWI","Trade-weighted Index May 1970 = 100","AUS","AUS",2006-12-29,64.9,"D","Index","Indicative","RBA","Daily","Historical Daily Exchange Rates Of The Australian Dollar Against:","Australian Dollar Trade-weighted Index"
"9313","DLCACS","Credit; Total; Seasonally adjusted","AUS","AUS",2006-12-31,1506.707,"M","$ billion","Seasonally Adjusted","RBA","Monthly","D2 Lending And Credit Aggregates","Credit; Total; Seasonally adjusted – Includes securitisations – For series breaks see Series Breaks"
"9314","FIRMMCRT","Cash Rate Target","AUS","AUS",2006-12-31,6.25,"M","Per cent","Original","RBA","Monthly","F1.1 Interest Rates And Yields - Money Market","Cash Rate Target; monthly average"
"9315","FXRTWI","Trade-weighted Index May 1970 = 100","AUS","AUS",2006-12-31,64.9,"M","Index","Indicative","RBA","Monthly","F11 Exchange Rates","Australian Dollar Trade-weighted Index"
"9316","GCPIOCPMTMQP","Quarterly trimmed mean inflation","AUS","AUS",2006-12-31,0.6,"Q","Per cent","Seasonally Adjusted","ABS","Quarterly","G1 Consumer Price Inflation","Consumer price index; Trimmed mean; Quarterly change (in per cent)"
"9317","GRCPAISDR","Commodity prices – SDR","AUS","AUS",2006-12-31,53.0366364416576,"M","Index, 2023/24=100","Original","RBA","Monthly","I2 Commodity Prices","Index of commodity prices; All items; SDR"
"9318","A2718577A","Credits, Total goods ;","AUS","AUS",2007-01-01,14294,"M","$ Millions","Seasonally Adjusted",NA,"Monthly","TABLE 1. GOODS, Summary: Seasonally adjusted and trend estimates, Current prices",NA
"9319","A2718594C","Balance on goods ;","AUS","AUS",2007-01-01,-1492,"M","$ Millions","Seasonally Adjusted",NA,"Monthly","TABLE 1. GOODS, Summary: Seasonally adjusted and trend estimates, Current prices",NA
"9320","FXRTWI","Trade-weighted Index May 1970 = 100","AUS","AUS",2007-01-02,65,"D","Index","Indicative","RBA","Daily","Historical Daily Exchange Rates Of The Australian Dollar Against:","Australian Dollar Trade-weighted Index"
"9321","FXRTWI","Trade-weighted Index May 1970 = 100","AUS","AUS",2007-01-03,65.3,"D","Index","Indicative","RBA","Daily","Historical Daily Exchange Rates Of The Australian Dollar Against:","Australian Dollar Trade-weighted Index"
"9322","FXRTWI","Trade-weighted Index May 1970 = 100","AUS","AUS",2007-01-04,65,"D","Index","Indicative","RBA","Daily","Historical Daily Exchange Rates Of The Australian Dollar Against:","Australian Dollar Trade-weighted Index"
"9323","FXRTWI","Trade-weighted Index May 1970 = 100","AUS","AUS",2007-01-05,64.4,"D","Index","Indicative","RBA","Daily","Historical Daily Exchange Rates Of The Australian Dollar Against:","Australian Dollar Trade-weighted Index"
"9324","FXRTWI","Trade-weighted Index May 1970 = 100","AUS","AUS",2007-01-08,64.3,"D","Index","Indicative","RBA","Daily","Historical Daily Exchange Rates Of The Australian Dollar Against:","Australian Dollar Trade-weighted Index"
"9325","FXRTWI","Trade-weighted Index May 1970 = 100","AUS","AUS",2007-01-09,64.5,"D","Index","Indicative","RBA","Daily","Historical Daily Exchange Rates Of The Australian Dollar Against:","Australian Dollar Trade-weighted Index"
"9326","FXRTWI","Trade-weighted Index May 1970 = 100","AUS","AUS",2007-01-10,64.4,"D","Index","Indicative","RBA","Daily","Historical Daily Exchange Rates Of The Australian Dollar Against:","Australian Dollar Trade-weighted Index"
"9327","FXRTWI","Trade-weighted Index May 1970 = 100","AUS","AUS",2007-01-11,64.7,"D","Index","Indicative","RBA","Daily","Historical Daily Exchange Rates Of The Australian Dollar Against:","Australian Dollar Trade-weighted Index"
"9328","FXRTWI","Trade-weighted Index May 1970 = 100","AUS","AUS",2007-01-12,64.6,"D","Index","Indicative","RBA","Daily","Historical Daily Exchange Rates Of The Australian Dollar Against:","Australian Dollar Trade-weighted Index"
"9329","FXRTWI","Trade-weighted Index May 1970 = 100","AUS","AUS",2007-01-15,64.9,"D","Index","Indicative","RBA","Daily","Historical Daily Exchange Rates Of The Australian Dollar Against:","Australian Dollar Trade-weighted Index"
"9330","FXRTWI","Trade-weighted Index May 1970 = 100","AUS","AUS",2007-01-16,64.6,"D","Index","Indicative","RBA","Daily","Historical Daily Exchange Rates Of The Australian Dollar Against:","Australian Dollar Trade-weighted Index"
"9331","FXRTWI","Trade-weighted Index May 1970 = 100","AUS","AUS",2007-01-17,64.8,"D","Index","Indicative","RBA","Daily","Historical Daily Exchange Rates Of The Australian Dollar Against:","Australian Dollar Trade-weighted Index"
"9332","FXRTWI","Trade-weighted Index May 1970 = 100","AUS","AUS",2007-01-18,65.1,"D","Index","Indicative","RBA","Daily","Historical Daily Exchange Rates Of The Australian Dollar Against:","Australian Dollar Trade-weighted Index"
"9333","FXRTWI","Trade-weighted Index May 1970 = 100","AUS","AUS",2007-01-19,65.3,"D","Index","Indicative","RBA","Daily","Historical Daily Exchange Rates Of The Australian Dollar Against:","Australian Dollar Trade-weighted Index"
"9334","FXRTWI","Trade-weighted Index May 1970 = 100","AUS","AUS",2007-01-22,65.2,"D","Index","Indicative","RBA","Daily","Historical Daily Exchange Rates Of The Australian Dollar Against:","Australian Dollar Trade-weighted Index"
"9335","FXRTWI","Trade-weighted Index May 1970 = 100","AUS","AUS",2007-01-23,65.2,"D","Index","Indicative","RBA","Daily","Historical Daily Exchange Rates Of The Australian Dollar Against:","Australian Dollar Trade-weighted Index"
"9336","FXRTWI","Trade-weighted Index May 1970 = 100","AUS","AUS",2007-01-24,64.7,"D","Index","Indicative","RBA","Daily","Historical Daily Exchange Rates Of The Australian Dollar Against:","Australian Dollar Trade-weighted Index"
"9337","FXRTWI","Trade-weighted Index May 1970 = 100","AUS","AUS",2007-01-25,64.3,"D","Index","Indicative","RBA","Daily","Historical Daily Exchange Rates Of The Australian Dollar Against:","Australian Dollar Trade-weighted Index"
"9338","FXRTWI","Trade-weighted Index May 1970 = 100","AUS","AUS",2007-01-29,64.1,"D","Index","Indicative","RBA","Daily","Historical Daily Exchange Rates Of The Australian Dollar Against:","Australian Dollar Trade-weighted Index"
"9339","FXRTWI","Trade-weighted Index May 1970 = 100","AUS","AUS",2007-01-30,64,"D","Index","Indicative","RBA","Daily","Historical Daily Exchange Rates Of The Australian Dollar Against:","Australian Dollar Trade-weighted Index"
"9340","DLCACS","Credit; Total; Seasonally adjusted","AUS","AUS",2007-01-31,1522.619,"M","$ billion","Seasonally Adjusted","RBA","Monthly","D2 Lending And Credit Aggregates","Credit; Total; Seasonally adjusted – Includes securitisations – For series breaks see Series Breaks"
"9341","FIRMMCRT","Cash Rate Target","AUS","AUS",2007-01-31,6.25,"M","Per cent","Original","RBA","Monthly","F1.1 Interest Rates And Yields - Money Market","Cash Rate Target; monthly average"
"9342","FXRTWI","Trade-weighted Index May 1970 = 100","AUS","AUS",2007-01-31,63.8,"D","Index","Indicative","RBA","Daily","Historical Daily Exchange Rates Of The Australian Dollar Against:","Australian Dollar Trade-weighted Index"
"9343","FXRTWI","Trade-weighted Index May 1970 = 100","AUS","AUS",2007-01-31,63.8,"M","Index","Indicative","RBA","Monthly","F11 Exchange Rates","Australian Dollar Trade-weighted Index"
"9344","GRCPAISDR","Commodity prices – SDR","AUS","AUS",2007-01-31,52.3065594817724,"M","Index, 2023/24=100","Original","RBA","Monthly","I2 Commodity Prices","Index of commodity prices; All items; SDR"
"9345","A2718577A","Credits, Total goods ;","AUS","AUS",2007-02-01,14550,"M","$ Millions","Seasonally Adjusted",NA,"Monthly","TABLE 1. GOODS, Summary: Seasonally adjusted and trend estimates, Current prices",NA
"9346","A2718594C","Balance on goods ;","AUS","AUS",2007-02-01,-1371,"M","$ Millions","Seasonally Adjusted",NA,"Monthly","TABLE 1. GOODS, Summary: Seasonally adjusted and trend estimates, Current prices",NA
"9347","FXRTWI","Trade-weighted Index May 1970 = 100","AUS","AUS",2007-02-01,63.9,"D","Index","Indicative","RBA","Daily","Historical Daily Exchange Rates Of The Australian Dollar Against:","Australian Dollar Trade-weighted Index"
"9348","FXRTWI","Trade-weighted Index May 1970 = 100","AUS","AUS",2007-02-02,63.8,"D","Index","Indicative","RBA","Daily","Historical Daily Exchange Rates Of The Australian Dollar Against:","Australian Dollar Trade-weighted Index"
"9349","FXRTWI","Trade-weighted Index May 1970 = 100","AUS","AUS",2007-02-05,63.8,"D","Index","Indicative","RBA","Daily","Historical Daily Exchange Rates Of The Australian Dollar Against:","Australian Dollar Trade-weighted Index"
"9350","FXRTWI","Trade-weighted Index May 1970 = 100","AUS","AUS",2007-02-06,64,"D","Index","Indicative","RBA","Daily","Historical Daily Exchange Rates Of The Australian Dollar Against:","Australian Dollar Trade-weighted Index"
"9351","FXRTWI","Trade-weighted Index May 1970 = 100","AUS","AUS",2007-02-07,64.1,"D","Index","Indicative","RBA","Daily","Historical Daily Exchange Rates Of The Australian Dollar Against:","Australian Dollar Trade-weighted Index"
"9352","FXRTWI","Trade-weighted Index May 1970 = 100","AUS","AUS",2007-02-08,64.4,"D","Index","Indicative","RBA","Daily","Historical Daily Exchange Rates Of The Australian Dollar Against:","Australian Dollar Trade-weighted Index"
"9353","FXRTWI","Trade-weighted Index May 1970 = 100","AUS","AUS",2007-02-09,64.4,"D","Index","Indicative","RBA","Daily","Historical Daily Exchange Rates Of The Australian Dollar Against:","Australian Dollar Trade-weighted Index"
"9354","FXRTWI","Trade-weighted Index May 1970 = 100","AUS","AUS",2007-02-12,63.9,"D","Index","Indicative","RBA","Daily","Historical Daily Exchange Rates Of The Australian Dollar Against:","Australian Dollar Trade-weighted Index"
"9355","FXRTWI","Trade-weighted Index May 1970 = 100","AUS","AUS",2007-02-13,64,"D","Index","Indicative","RBA","Daily","Historical Daily Exchange Rates Of The Australian Dollar Against:","Australian Dollar Trade-weighted Index"
"9356","FXRTWI","Trade-weighted Index May 1970 = 100","AUS","AUS",2007-02-14,64.4,"D","Index","Indicative","RBA","Daily","Historical Daily Exchange Rates Of The Australian Dollar Against:","Australian Dollar Trade-weighted Index"
"9357","FXRTWI","Trade-weighted Index May 1970 = 100","AUS","AUS",2007-02-15,64.5,"D","Index","Indicative","RBA","Daily","Historical Daily Exchange Rates Of The Australian Dollar Against:","Australian Dollar Trade-weighted Index"
"9358","FXRTWI","Trade-weighted Index May 1970 = 100","AUS","AUS",2007-02-16,64.5,"D","Index","Indicative","RBA","Daily","Historical Daily Exchange Rates Of The Australian Dollar Against:","Australian Dollar Trade-weighted Index"
"9359","FXRTWI","Trade-weighted Index May 1970 = 100","AUS","AUS",2007-02-19,64.7,"D","Index","Indicative","RBA","Daily","Historical Daily Exchange Rates Of The Australian Dollar Against:","Australian Dollar Trade-weighted Index"
"9360","FXRTWI","Trade-weighted Index May 1970 = 100","AUS","AUS",2007-02-20,64.7,"D","Index","Indicative","RBA","Daily","Historical Daily Exchange Rates Of The Australian Dollar Against:","Australian Dollar Trade-weighted Index"
"9361","FXRTWI","Trade-weighted Index May 1970 = 100","AUS","AUS",2007-02-21,64.7,"D","Index","Indicative","RBA","Daily","Historical Daily Exchange Rates Of The Australian Dollar Against:","Australian Dollar Trade-weighted Index"
"9362","FXRTWI","Trade-weighted Index May 1970 = 100","AUS","AUS",2007-02-22,65.1,"D","Index","Indicative","RBA","Daily","Historical Daily Exchange Rates Of The Australian Dollar Against:","Australian Dollar Trade-weighted Index"
"9363","FXRTWI","Trade-weighted Index May 1970 = 100","AUS","AUS",2007-02-23,65,"D","Index","Indicative","RBA","Daily","Historical Daily Exchange Rates Of The Australian Dollar Against:","Australian Dollar Trade-weighted Index"
"9364","FXRTWI","Trade-weighted Index May 1970 = 100","AUS","AUS",2007-02-26,65.1,"D","Index","Indicative","RBA","Daily","Historical Daily Exchange Rates Of The Australian Dollar Against:","Australian Dollar Trade-weighted Index"
"9365","FXRTWI","Trade-weighted Index May 1970 = 100","AUS","AUS",2007-02-27,65.2,"D","Index","Indicative","RBA","Daily","Historical Daily Exchange Rates Of The Australian Dollar Against:","Australian Dollar Trade-weighted Index"
"9366","DLCACS","Credit; Total; Seasonally adjusted","AUS","AUS",2007-02-28,1543.077,"M","$ billion","Seasonally Adjusted","RBA","Monthly","D2 Lending And Credit Aggregates","Credit; Total; Seasonally adjusted – Includes securitisations – For series breaks see Series Breaks"
"9367","FIRMMCRT","Cash Rate Target","AUS","AUS",2007-02-28,6.25,"M","Per cent","Original","RBA","Monthly","F1.1 Interest Rates And Yields - Money Market","Cash Rate Target; monthly average"
"9368","FXRTWI","Trade-weighted Index May 1970 = 100","AUS","AUS",2007-02-28,64.6,"D","Index","Indicative","RBA","Daily","Historical Daily Exchange Rates Of The Australian Dollar Against:","Australian Dollar Trade-weighted Index"
"9369","FXRTWI","Trade-weighted Index May 1970 = 100","AUS","AUS",2007-02-28,64.6,"M","Index","Indicative","RBA","Monthly","F11 Exchange Rates","Australian Dollar Trade-weighted Index"
"9370","GRCPAISDR","Commodity prices – SDR","AUS","AUS",2007-02-28,53.5109100840875,"M","Index, 2023/24=100","Original","RBA","Monthly","I2 Commodity Prices","Index of commodity prices; All items; SDR"
"9371","A2302956R","South Australia ; STATE FINAL DEMAND ;","SA","SA",2007-03-01,26952,"Q","$ Millions","Seasonally Adjusted",NA,"Quarterly","Table 25. State Final Demand, Summary Components by State: Chain volume measures",NA
"9372","A2302984X","Western Australia ; STATE FINAL DEMAND ;","WA","WA",2007-03-01,47981,"Q","$ Millions","Seasonally Adjusted",NA,"Quarterly","Table 25. State Final Demand, Summary Components by State: Chain volume measures",NA
"9373","A2303012X","Tasmania ; STATE FINAL DEMAND ;","TAS","TAS",2007-03-01,8399,"Q","$ Millions","Seasonally Adjusted",NA,"Quarterly","Table 25. State Final Demand, Summary Components by State: Chain volume measures",NA
"9374","A2303040J","Northern Territory ; STATE FINAL DEMAND ;","NT","NT",2007-03-01,5852,"Q","$ Millions","Seasonally Adjusted",NA,"Quarterly","Table 25. State Final Demand, Summary Components by State: Chain volume measures",NA
"9375","A2303068K","Australian Capital Territory ; STATE FINAL DEMAND ;","ACT","ACT",2007-03-01,11282,"Q","$ Millions","Seasonally Adjusted",NA,"Quarterly","Table 25. State Final Demand, Summary Components by State: Chain volume measures",NA
"9376","A2303111F","New South Wales ; STATE FINAL DEMAND ;","NSW","NSW",2007-03-01,126168,"Q","$ Millions","Seasonally Adjusted",NA,"Quarterly","Table 25. State Final Demand, Summary Components by State: Chain volume measures",NA
"9377","A2303139J","Victoria ; STATE FINAL DEMAND ;","VIC","VIC",2007-03-01,95798,"Q","$ Millions","Seasonally Adjusted",NA,"Quarterly","Table 25. State Final Demand, Summary Components by State: Chain volume measures",NA
"9378","A2303187A","Queensland ; STATE FINAL DEMAND ;","QLD","QLD",2007-03-01,81216,"Q","$ Millions","Seasonally Adjusted",NA,"Quarterly","Table 25. State Final Demand, Summary Components by State: Chain volume measures",NA
"9379","A2304418T","Gross domestic product: Current prices ;","AUS","AUS",2007-03-01,276647,"Q","$ Millions","Seasonally Adjusted",NA,"Quarterly","Table 1. Key National Accounts Aggregates",NA
"9380","A2325846C","Index Numbers ; All groups CPI ; Australia ;","AUS","AUS",2007-03-01,86.6,"Q","Index Numbers","Original",NA,"Quarterly","TABLES 1 and 2. CPI: All Groups, Index Numbers and Percentage Changes",NA
"9381","A2718577A","Credits, Total goods ;","AUS","AUS",2007-03-01,13918,"M","$ Millions","Seasonally Adjusted",NA,"Monthly","TABLE 1. GOODS, Summary: Seasonally adjusted and trend estimates, Current prices",NA
"9382","A2718594C","Balance on goods ;","AUS","AUS",2007-03-01,-1930,"M","$ Millions","Seasonally Adjusted",NA,"Monthly","TABLE 1. GOODS, Summary: Seasonally adjusted and trend estimates, Current prices",NA
"9383","FXRTWI","Trade-weighted Index May 1970 = 100","AUS","AUS",2007-03-01,64.4,"D","Index","Indicative","RBA","Daily","Historical Daily Exchange Rates Of The Australian Dollar Against:","Australian Dollar Trade-weighted Index"
"9384","FXRTWI","Trade-weighted Index May 1970 = 100","AUS","AUS",2007-03-02,64.3,"D","Index","Indicative","RBA","Daily","Historical Daily Exchange Rates Of The Australian Dollar Against:","Australian Dollar Trade-weighted Index"
"9385","FXRTWI","Trade-weighted Index May 1970 = 100","AUS","AUS",2007-03-05,63.7,"D","Index","Indicative","RBA","Daily","Historical Daily Exchange Rates Of The Australian Dollar Against:","Australian Dollar Trade-weighted Index"
"9386","FXRTWI","Trade-weighted Index May 1970 = 100","AUS","AUS",2007-03-06,63.6,"D","Index","Indicative","RBA","Daily","Historical Daily Exchange Rates Of The Australian Dollar Against:","Australian Dollar Trade-weighted Index"
"9387","FXRTWI","Trade-weighted Index May 1970 = 100","AUS","AUS",2007-03-07,63.8,"D","Index","Indicative","RBA","Daily","Historical Daily Exchange Rates Of The Australian Dollar Against:","Australian Dollar Trade-weighted Index"
"9388","FXRTWI","Trade-weighted Index May 1970 = 100","AUS","AUS",2007-03-08,63.8,"D","Index","Indicative","RBA","Daily","Historical Daily Exchange Rates Of The Australian Dollar Against:","Australian Dollar Trade-weighted Index"
"9389","FXRTWI","Trade-weighted Index May 1970 = 100","AUS","AUS",2007-03-09,64,"D","Index","Indicative","RBA","Daily","Historical Daily Exchange Rates Of The Australian Dollar Against:","Australian Dollar Trade-weighted Index"
"9390","FXRTWI","Trade-weighted Index May 1970 = 100","AUS","AUS",2007-03-12,64.2,"D","Index","Indicative","RBA","Daily","Historical Daily Exchange Rates Of The Australian Dollar Against:","Australian Dollar Trade-weighted Index"
"9391","FXRTWI","Trade-weighted Index May 1970 = 100","AUS","AUS",2007-03-13,64.5,"D","Index","Indicative","RBA","Daily","Historical Daily Exchange Rates Of The Australian Dollar Against:","Australian Dollar Trade-weighted Index"
"9392","FXRTWI","Trade-weighted Index May 1970 = 100","AUS","AUS",2007-03-14,64.1,"D","Index","Indicative","RBA","Daily","Historical Daily Exchange Rates Of The Australian Dollar Against:","Australian Dollar Trade-weighted Index"
"9393","FXRTWI","Trade-weighted Index May 1970 = 100","AUS","AUS",2007-03-15,64.5,"D","Index","Indicative","RBA","Daily","Historical Daily Exchange Rates Of The Australian Dollar Against:","Australian Dollar Trade-weighted Index"
"9394","FXRTWI","Trade-weighted Index May 1970 = 100","AUS","AUS",2007-03-16,64.9,"D","Index","Indicative","RBA","Daily","Historical Daily Exchange Rates Of The Australian Dollar Against:","Australian Dollar Trade-weighted Index"
"9395","FXRTWI","Trade-weighted Index May 1970 = 100","AUS","AUS",2007-03-19,65.1,"D","Index","Indicative","RBA","Daily","Historical Daily Exchange Rates Of The Australian Dollar Against:","Australian Dollar Trade-weighted Index"
"9396","FXRTWI","Trade-weighted Index May 1970 = 100","AUS","AUS",2007-03-20,65.4,"D","Index","Indicative","RBA","Daily","Historical Daily Exchange Rates Of The Australian Dollar Against:","Australian Dollar Trade-weighted Index"
"9397","FXRTWI","Trade-weighted Index May 1970 = 100","AUS","AUS",2007-03-21,65.5,"D","Index","Indicative","RBA","Daily","Historical Daily Exchange Rates Of The Australian Dollar Against:","Australian Dollar Trade-weighted Index"
"9398","FXRTWI","Trade-weighted Index May 1970 = 100","AUS","AUS",2007-03-22,65.7,"D","Index","Indicative","RBA","Daily","Historical Daily Exchange Rates Of The Australian Dollar Against:","Australian Dollar Trade-weighted Index"
"9399","FXRTWI","Trade-weighted Index May 1970 = 100","AUS","AUS",2007-03-23,65.8,"D","Index","Indicative","RBA","Daily","Historical Daily Exchange Rates Of The Australian Dollar Against:","Australian Dollar Trade-weighted Index"
"9400","FXRTWI","Trade-weighted Index May 1970 = 100","AUS","AUS",2007-03-26,65.7,"D","Index","Indicative","RBA","Daily","Historical Daily Exchange Rates Of The Australian Dollar Against:","Australian Dollar Trade-weighted Index"
"9401","FXRTWI","Trade-weighted Index May 1970 = 100","AUS","AUS",2007-03-27,66,"D","Index","Indicative","RBA","Daily","Historical Daily Exchange Rates Of The Australian Dollar Against:","Australian Dollar Trade-weighted Index"
"9402","FXRTWI","Trade-weighted Index May 1970 = 100","AUS","AUS",2007-03-28,65.6,"D","Index","Indicative","RBA","Daily","Historical Daily Exchange Rates Of The Australian Dollar Against:","Australian Dollar Trade-weighted Index"
"9403","FXRTWI","Trade-weighted Index May 1970 = 100","AUS","AUS",2007-03-29,65.8,"D","Index","Indicative","RBA","Daily","Historical Daily Exchange Rates Of The Australian Dollar Against:","Australian Dollar Trade-weighted Index"
"9404","FXRTWI","Trade-weighted Index May 1970 = 100","AUS","AUS",2007-03-30,65.9,"D","Index","Indicative","RBA","Daily","Historical Daily Exchange Rates Of The Australian Dollar Against:","Australian Dollar Trade-weighted Index"
"9405","DLCACS","Credit; Total; Seasonally adjusted","AUS","AUS",2007-03-31,1562.021,"M","$ billion","Seasonally Adjusted","RBA","Monthly","D2 Lending And Credit Aggregates","Credit; Total; Seasonally adjusted – Includes securitisations – For series breaks see Series Breaks"
"9406","FIRMMCRT","Cash Rate Target","AUS","AUS",2007-03-31,6.25,"M","Per cent","Original","RBA","Monthly","F1.1 Interest Rates And Yields - Money Market","Cash Rate Target; monthly average"
"9407","FXRTWI","Trade-weighted Index May 1970 = 100","AUS","AUS",2007-03-31,65.9,"M","Index","Indicative","RBA","Monthly","F11 Exchange Rates","Australian Dollar Trade-weighted Index"
"9408","GCPIOCPMTMQP","Quarterly trimmed mean inflation","AUS","AUS",2007-03-31,0.6,"Q","Per cent","Seasonally Adjusted","ABS","Quarterly","G1 Consumer Price Inflation","Consumer price index; Trimmed mean; Quarterly change (in per cent)"
"9409","GRCPAISDR","Commodity prices – SDR","AUS","AUS",2007-03-31,54.0877457054031,"M","Index, 2023/24=100","Original","RBA","Monthly","I2 Commodity Prices","Index of commodity prices; All items; SDR"
"9410","A2718577A","Credits, Total goods ;","AUS","AUS",2007-04-01,14406,"M","$ Millions","Seasonally Adjusted",NA,"Monthly","TABLE 1. GOODS, Summary: Seasonally adjusted and trend estimates, Current prices",NA
"9411","A2718594C","Balance on goods ;","AUS","AUS",2007-04-01,-1521,"M","$ Millions","Seasonally Adjusted",NA,"Monthly","TABLE 1. GOODS, Summary: Seasonally adjusted and trend estimates, Current prices",NA
"9412","FXRTWI","Trade-weighted Index May 1970 = 100","AUS","AUS",2007-04-02,66.4,"D","Index","Indicative","RBA","Daily","Historical Daily Exchange Rates Of The Australian Dollar Against:","Australian Dollar Trade-weighted Index"
"9413","FXRTWI","Trade-weighted Index May 1970 = 100","AUS","AUS",2007-04-03,66.4,"D","Index","Indicative","RBA","Daily","Historical Daily Exchange Rates Of The Australian Dollar Against:","Australian Dollar Trade-weighted Index"
"9414","FXRTWI","Trade-weighted Index May 1970 = 100","AUS","AUS",2007-04-04,66.3,"D","Index","Indicative","RBA","Daily","Historical Daily Exchange Rates Of The Australian Dollar Against:","Australian Dollar Trade-weighted Index"
"9415","FXRTWI","Trade-weighted Index May 1970 = 100","AUS","AUS",2007-04-05,66.6,"D","Index","Indicative","RBA","Daily","Historical Daily Exchange Rates Of The Australian Dollar Against:","Australian Dollar Trade-weighted Index"
"9416","FXRTWI","Trade-weighted Index May 1970 = 100","AUS","AUS",2007-04-10,67.1,"D","Index","Indicative","RBA","Daily","Historical Daily Exchange Rates Of The Australian Dollar Against:","Australian Dollar Trade-weighted Index"
"9417","FXRTWI","Trade-weighted Index May 1970 = 100","AUS","AUS",2007-04-11,67.2,"D","Index","Indicative","RBA","Daily","Historical Daily Exchange Rates Of The Australian Dollar Against:","Australian Dollar Trade-weighted Index"
"9418","FXRTWI","Trade-weighted Index May 1970 = 100","AUS","AUS",2007-04-12,67.2,"D","Index","Indicative","RBA","Daily","Historical Daily Exchange Rates Of The Australian Dollar Against:","Australian Dollar Trade-weighted Index"
"9419","FXRTWI","Trade-weighted Index May 1970 = 100","AUS","AUS",2007-04-13,67.6,"D","Index","Indicative","RBA","Daily","Historical Daily Exchange Rates Of The Australian Dollar Against:","Australian Dollar Trade-weighted Index"
"9420","FXRTWI","Trade-weighted Index May 1970 = 100","AUS","AUS",2007-04-16,67.6,"D","Index","Indicative","RBA","Daily","Historical Daily Exchange Rates Of The Australian Dollar Against:","Australian Dollar Trade-weighted Index"
"9421","FXRTWI","Trade-weighted Index May 1970 = 100","AUS","AUS",2007-04-17,67.6,"D","Index","Indicative","RBA","Daily","Historical Daily Exchange Rates Of The Australian Dollar Against:","Australian Dollar Trade-weighted Index"
"9422","FXRTWI","Trade-weighted Index May 1970 = 100","AUS","AUS",2007-04-18,67.7,"D","Index","Indicative","RBA","Daily","Historical Daily Exchange Rates Of The Australian Dollar Against:","Australian Dollar Trade-weighted Index"
"9423","FXRTWI","Trade-weighted Index May 1970 = 100","AUS","AUS",2007-04-19,67.4,"D","Index","Indicative","RBA","Daily","Historical Daily Exchange Rates Of The Australian Dollar Against:","Australian Dollar Trade-weighted Index"
"9424","FXRTWI","Trade-weighted Index May 1970 = 100","AUS","AUS",2007-04-20,67.5,"D","Index","Indicative","RBA","Daily","Historical Daily Exchange Rates Of The Australian Dollar Against:","Australian Dollar Trade-weighted Index"
"9425","FXRTWI","Trade-weighted Index May 1970 = 100","AUS","AUS",2007-04-23,67.5,"D","Index","Indicative","RBA","Daily","Historical Daily Exchange Rates Of The Australian Dollar Against:","Australian Dollar Trade-weighted Index"
"9426","FXRTWI","Trade-weighted Index May 1970 = 100","AUS","AUS",2007-04-24,66.8,"D","Index","Indicative","RBA","Daily","Historical Daily Exchange Rates Of The Australian Dollar Against:","Australian Dollar Trade-weighted Index"
"9427","FXRTWI","Trade-weighted Index May 1970 = 100","AUS","AUS",2007-04-26,67.3,"D","Index","Indicative","RBA","Daily","Historical Daily Exchange Rates Of The Australian Dollar Against:","Australian Dollar Trade-weighted Index"
"9428","FXRTWI","Trade-weighted Index May 1970 = 100","AUS","AUS",2007-04-27,66.9,"D","Index","Indicative","RBA","Daily","Historical Daily Exchange Rates Of The Australian Dollar Against:","Australian Dollar Trade-weighted Index"
"9429","DLCACS","Credit; Total; Seasonally adjusted","AUS","AUS",2007-04-30,1583.326,"M","$ billion","Seasonally Adjusted","RBA","Monthly","D2 Lending And Credit Aggregates","Credit; Total; Seasonally adjusted – Includes securitisations – For series breaks see Series Breaks"
"9430","FIRMMCRT","Cash Rate Target","AUS","AUS",2007-04-30,6.25,"M","Per cent","Original","RBA","Monthly","F1.1 Interest Rates And Yields - Money Market","Cash Rate Target; monthly average"
"9431","FXRTWI","Trade-weighted Index May 1970 = 100","AUS","AUS",2007-04-30,67,"D","Index","Indicative","RBA","Daily","Historical Daily Exchange Rates Of The Australian Dollar Against:","Australian Dollar Trade-weighted Index"
"9432","FXRTWI","Trade-weighted Index May 1970 = 100","AUS","AUS",2007-04-30,67,"M","Index","Indicative","RBA","Monthly","F11 Exchange Rates","Australian Dollar Trade-weighted Index"
"9433","GRCPAISDR","Commodity prices – SDR","AUS","AUS",2007-04-30,55.43132753858,"M","Index, 2023/24=100","Original","RBA","Monthly","I2 Commodity Prices","Index of commodity prices; All items; SDR"
"9434","A2718577A","Credits, Total goods ;","AUS","AUS",2007-05-01,14324,"M","$ Millions","Seasonally Adjusted",NA,"Monthly","TABLE 1. GOODS, Summary: Seasonally adjusted and trend estimates, Current prices",NA
"9435","A2718594C","Balance on goods ;","AUS","AUS",2007-05-01,-1711,"M","$ Millions","Seasonally Adjusted",NA,"Monthly","TABLE 1. GOODS, Summary: Seasonally adjusted and trend estimates, Current prices",NA
"9436","FXRTWI","Trade-weighted Index May 1970 = 100","AUS","AUS",2007-05-01,67.2,"D","Index","Indicative","RBA","Daily","Historical Daily Exchange Rates Of The Australian Dollar Against:","Australian Dollar Trade-weighted Index"
"9437","FXRTWI","Trade-weighted Index May 1970 = 100","AUS","AUS",2007-05-02,66.9,"D","Index","Indicative","RBA","Daily","Historical Daily Exchange Rates Of The Australian Dollar Against:","Australian Dollar Trade-weighted Index"
"9438","FXRTWI","Trade-weighted Index May 1970 = 100","AUS","AUS",2007-05-03,66.9,"D","Index","Indicative","RBA","Daily","Historical Daily Exchange Rates Of The Australian Dollar Against:","Australian Dollar Trade-weighted Index"
"9439","FXRTWI","Trade-weighted Index May 1970 = 100","AUS","AUS",2007-05-04,66.5,"D","Index","Indicative","RBA","Daily","Historical Daily Exchange Rates Of The Australian Dollar Against:","Australian Dollar Trade-weighted Index"
"9440","FXRTWI","Trade-weighted Index May 1970 = 100","AUS","AUS",2007-05-07,66.8,"D","Index","Indicative","RBA","Daily","Historical Daily Exchange Rates Of The Australian Dollar Against:","Australian Dollar Trade-weighted Index"
"9441","FXRTWI","Trade-weighted Index May 1970 = 100","AUS","AUS",2007-05-08,67.2,"D","Index","Indicative","RBA","Daily","Historical Daily Exchange Rates Of The Australian Dollar Against:","Australian Dollar Trade-weighted Index"
"9442","FXRTWI","Trade-weighted Index May 1970 = 100","AUS","AUS",2007-05-09,67.2,"D","Index","Indicative","RBA","Daily","Historical Daily Exchange Rates Of The Australian Dollar Against:","Australian Dollar Trade-weighted Index"
"9443","FXRTWI","Trade-weighted Index May 1970 = 100","AUS","AUS",2007-05-10,67.4,"D","Index","Indicative","RBA","Daily","Historical Daily Exchange Rates Of The Australian Dollar Against:","Australian Dollar Trade-weighted Index"
"9444","FXRTWI","Trade-weighted Index May 1970 = 100","AUS","AUS",2007-05-11,67.4,"D","Index","Indicative","RBA","Daily","Historical Daily Exchange Rates Of The Australian Dollar Against:","Australian Dollar Trade-weighted Index"
"9445","FXRTWI","Trade-weighted Index May 1970 = 100","AUS","AUS",2007-05-14,67.5,"D","Index","Indicative","RBA","Daily","Historical Daily Exchange Rates Of The Australian Dollar Against:","Australian Dollar Trade-weighted Index"
"9446","FXRTWI","Trade-weighted Index May 1970 = 100","AUS","AUS",2007-05-15,67.5,"D","Index","Indicative","RBA","Daily","Historical Daily Exchange Rates Of The Australian Dollar Against:","Australian Dollar Trade-weighted Index"
"9447","FXRTWI","Trade-weighted Index May 1970 = 100","AUS","AUS",2007-05-16,67.4,"D","Index","Indicative","RBA","Daily","Historical Daily Exchange Rates Of The Australian Dollar Against:","Australian Dollar Trade-weighted Index"
"9448","FXRTWI","Trade-weighted Index May 1970 = 100","AUS","AUS",2007-05-17,67,"D","Index","Indicative","RBA","Daily","Historical Daily Exchange Rates Of The Australian Dollar Against:","Australian Dollar Trade-weighted Index"
"9449","FXRTWI","Trade-weighted Index May 1970 = 100","AUS","AUS",2007-05-18,66.8,"D","Index","Indicative","RBA","Daily","Historical Daily Exchange Rates Of The Australian Dollar Against:","Australian Dollar Trade-weighted Index"
"9450","FXRTWI","Trade-weighted Index May 1970 = 100","AUS","AUS",2007-05-21,66.8,"D","Index","Indicative","RBA","Daily","Historical Daily Exchange Rates Of The Australian Dollar Against:","Australian Dollar Trade-weighted Index"
"9451","FXRTWI","Trade-weighted Index May 1970 = 100","AUS","AUS",2007-05-22,66.8,"D","Index","Indicative","RBA","Daily","Historical Daily Exchange Rates Of The Australian Dollar Against:","Australian Dollar Trade-weighted Index"
"9452","FXRTWI","Trade-weighted Index May 1970 = 100","AUS","AUS",2007-05-23,66.8,"D","Index","Indicative","RBA","Daily","Historical Daily Exchange Rates Of The Australian Dollar Against:","Australian Dollar Trade-weighted Index"
"9453","FXRTWI","Trade-weighted Index May 1970 = 100","AUS","AUS",2007-05-24,66.8,"D","Index","Indicative","RBA","Daily","Historical Daily Exchange Rates Of The Australian Dollar Against:","Australian Dollar Trade-weighted Index"
"9454","FXRTWI","Trade-weighted Index May 1970 = 100","AUS","AUS",2007-05-25,66.6,"D","Index","Indicative","RBA","Daily","Historical Daily Exchange Rates Of The Australian Dollar Against:","Australian Dollar Trade-weighted Index"
"9455","FXRTWI","Trade-weighted Index May 1970 = 100","AUS","AUS",2007-05-28,66.5,"D","Index","Indicative","RBA","Daily","Historical Daily Exchange Rates Of The Australian Dollar Against:","Australian Dollar Trade-weighted Index"
"9456","FXRTWI","Trade-weighted Index May 1970 = 100","AUS","AUS",2007-05-29,66.4,"D","Index","Indicative","RBA","Daily","Historical Daily Exchange Rates Of The Australian Dollar Against:","Australian Dollar Trade-weighted Index"
"9457","FXRTWI","Trade-weighted Index May 1970 = 100","AUS","AUS",2007-05-30,66.6,"D","Index","Indicative","RBA","Daily","Historical Daily Exchange Rates Of The Australian Dollar Against:","Australian Dollar Trade-weighted Index"
"9458","DLCACS","Credit; Total; Seasonally adjusted","AUS","AUS",2007-05-31,1604.678,"M","$ billion","Seasonally Adjusted","RBA","Monthly","D2 Lending And Credit Aggregates","Credit; Total; Seasonally adjusted – Includes securitisations – For series breaks see Series Breaks"
"9459","FIRMMCRT","Cash Rate Target","AUS","AUS",2007-05-31,6.25,"M","Per cent","Original","RBA","Monthly","F1.1 Interest Rates And Yields - Money Market","Cash Rate Target; monthly average"
"9460","FXRTWI","Trade-weighted Index May 1970 = 100","AUS","AUS",2007-05-31,67,"D","Index","Indicative","RBA","Daily","Historical Daily Exchange Rates Of The Australian Dollar Against:","Australian Dollar Trade-weighted Index"
"9461","FXRTWI","Trade-weighted Index May 1970 = 100","AUS","AUS",2007-05-31,67,"M","Index","Indicative","RBA","Monthly","F11 Exchange Rates","Australian Dollar Trade-weighted Index"
"9462","GRCPAISDR","Commodity prices – SDR","AUS","AUS",2007-05-31,55.8226617347633,"M","Index, 2023/24=100","Original","RBA","Monthly","I2 Commodity Prices","Index of commodity prices; All items; SDR"
"9463","A2302956R","South Australia ; STATE FINAL DEMAND ;","SA","SA",2007-06-01,27090,"Q","$ Millions","Seasonally Adjusted",NA,"Quarterly","Table 25. State Final Demand, Summary Components by State: Chain volume measures",NA
"9464","A2302984X","Western Australia ; STATE FINAL DEMAND ;","WA","WA",2007-06-01,48664,"Q","$ Millions","Seasonally Adjusted",NA,"Quarterly","Table 25. State Final Demand, Summary Components by State: Chain volume measures",NA
"9465","A2303012X","Tasmania ; STATE FINAL DEMAND ;","TAS","TAS",2007-06-01,8474,"Q","$ Millions","Seasonally Adjusted",NA,"Quarterly","Table 25. State Final Demand, Summary Components by State: Chain volume measures",NA
"9466","A2303040J","Northern Territory ; STATE FINAL DEMAND ;","NT","NT",2007-06-01,5868,"Q","$ Millions","Seasonally Adjusted",NA,"Quarterly","Table 25. State Final Demand, Summary Components by State: Chain volume measures",NA
"9467","A2303068K","Australian Capital Territory ; STATE FINAL DEMAND ;","ACT","ACT",2007-06-01,11266,"Q","$ Millions","Seasonally Adjusted",NA,"Quarterly","Table 25. State Final Demand, Summary Components by State: Chain volume measures",NA
"9468","A2303111F","New South Wales ; STATE FINAL DEMAND ;","NSW","NSW",2007-06-01,127048,"Q","$ Millions","Seasonally Adjusted",NA,"Quarterly","Table 25. State Final Demand, Summary Components by State: Chain volume measures",NA
"9469","A2303139J","Victoria ; STATE FINAL DEMAND ;","VIC","VIC",2007-06-01,95563,"Q","$ Millions","Seasonally Adjusted",NA,"Quarterly","Table 25. State Final Demand, Summary Components by State: Chain volume measures",NA
"9470","A2303187A","Queensland ; STATE FINAL DEMAND ;","QLD","QLD",2007-06-01,84327,"Q","$ Millions","Seasonally Adjusted",NA,"Quarterly","Table 25. State Final Demand, Summary Components by State: Chain volume measures",NA
"9471","A2304418T","Gross domestic product: Current prices ;","AUS","AUS",2007-06-01,280684,"Q","$ Millions","Seasonally Adjusted",NA,"Quarterly","Table 1. Key National Accounts Aggregates",NA
"9472","A2325846C","Index Numbers ; All groups CPI ; Australia ;","AUS","AUS",2007-06-01,87.7,"Q","Index Numbers","Original",NA,"Quarterly","TABLES 1 and 2. CPI: All Groups, Index Numbers and Percentage Changes",NA
"9473","A2336320R","New South Wales ; Gross state product: Current prices ;","NSW","NSW",2007-06-01,353201,"Annual","$ Millions","Original",NA,"Annual","Table 1. Gross State Product, Chain volume measures and current prices",NA
"9474","A2336321T","Victoria ; Gross state product: Current prices ;","VIC","VIC",2007-06-01,261500,"Annual","$ Millions","Original",NA,"Annual","Table 1. Gross State Product, Chain volume measures and current prices",NA
"9475","A2336322V","Queensland ; Gross state product: Current prices ;","QLD","QLD",2007-06-01,205231,"Annual","$ Millions","Original",NA,"Annual","Table 1. Gross State Product, Chain volume measures and current prices",NA
"9476","A2336323W","South Australia ; Gross state product: Current prices ;","SA","SA",2007-06-01,70906,"Annual","$ Millions","Original",NA,"Annual","Table 1. Gross State Product, Chain volume measures and current prices",NA
"9477","A2336324X","Western Australia ; Gross state product: Current prices ;","WA","WA",2007-06-01,143237,"Annual","$ Millions","Original",NA,"Annual","Table 1. Gross State Product, Chain volume measures and current prices",NA
"9478","A2336325A","Tasmania ; Gross state product: Current prices ;","TAS","TAS",2007-06-01,19746,"Annual","$ Millions","Original",NA,"Annual","Table 1. Gross State Product, Chain volume measures and current prices",NA
"9479","A2336326C","Northern Territory ; Gross state product: Current prices ;","NT","NT",2007-06-01,14559,"Annual","$ Millions","Original",NA,"Annual","Table 1. Gross State Product, Chain volume measures and current prices",NA
"9480","A2336327F","Australian Capital Territory ; Gross state product: Current prices ;","ACT","ACT",2007-06-01,20643,"Annual","$ Millions","Original",NA,"Annual","Table 1. Gross State Product, Chain volume measures and current prices",NA
"9481","A2718577A","Credits, Total goods ;","AUS","AUS",2007-06-01,13780,"M","$ Millions","Seasonally Adjusted",NA,"Monthly","TABLE 1. GOODS, Summary: Seasonally adjusted and trend estimates, Current prices",NA
"9482","A2718594C","Balance on goods ;","AUS","AUS",2007-06-01,-2407,"M","$ Millions","Seasonally Adjusted",NA,"Monthly","TABLE 1. GOODS, Summary: Seasonally adjusted and trend estimates, Current prices",NA
"9483","FXRTWI","Trade-weighted Index May 1970 = 100","AUS","AUS",2007-06-01,67.4,"D","Index","Indicative","RBA","Daily","Historical Daily Exchange Rates Of The Australian Dollar Against:","Australian Dollar Trade-weighted Index"
"9484","FXRTWI","Trade-weighted Index May 1970 = 100","AUS","AUS",2007-06-04,67.6,"D","Index","Indicative","RBA","Daily","Historical Daily Exchange Rates Of The Australian Dollar Against:","Australian Dollar Trade-weighted Index"
"9485","FXRTWI","Trade-weighted Index May 1970 = 100","AUS","AUS",2007-06-05,67.7,"D","Index","Indicative","RBA","Daily","Historical Daily Exchange Rates Of The Australian Dollar Against:","Australian Dollar Trade-weighted Index"
"9486","FXRTWI","Trade-weighted Index May 1970 = 100","AUS","AUS",2007-06-06,68.3,"D","Index","Indicative","RBA","Daily","Historical Daily Exchange Rates Of The Australian Dollar Against:","Australian Dollar Trade-weighted Index"
"9487","FXRTWI","Trade-weighted Index May 1970 = 100","AUS","AUS",2007-06-07,68.6,"D","Index","Indicative","RBA","Daily","Historical Daily Exchange Rates Of The Australian Dollar Against:","Australian Dollar Trade-weighted Index"
"9488","FXRTWI","Trade-weighted Index May 1970 = 100","AUS","AUS",2007-06-08,68.5,"D","Index","Indicative","RBA","Daily","Historical Daily Exchange Rates Of The Australian Dollar Against:","Australian Dollar Trade-weighted Index"
"9489","FXRTWI","Trade-weighted Index May 1970 = 100","AUS","AUS",2007-06-12,68.6,"D","Index","Indicative","RBA","Daily","Historical Daily Exchange Rates Of The Australian Dollar Against:","Australian Dollar Trade-weighted Index"
"9490","FXRTWI","Trade-weighted Index May 1970 = 100","AUS","AUS",2007-06-13,68.6,"D","Index","Indicative","RBA","Daily","Historical Daily Exchange Rates Of The Australian Dollar Against:","Australian Dollar Trade-weighted Index"
"9491","FXRTWI","Trade-weighted Index May 1970 = 100","AUS","AUS",2007-06-14,68.4,"D","Index","Indicative","RBA","Daily","Historical Daily Exchange Rates Of The Australian Dollar Against:","Australian Dollar Trade-weighted Index"
"9492","FXRTWI","Trade-weighted Index May 1970 = 100","AUS","AUS",2007-06-15,68.3,"D","Index","Indicative","RBA","Daily","Historical Daily Exchange Rates Of The Australian Dollar Against:","Australian Dollar Trade-weighted Index"
"9493","FXRTWI","Trade-weighted Index May 1970 = 100","AUS","AUS",2007-06-18,68.7,"D","Index","Indicative","RBA","Daily","Historical Daily Exchange Rates Of The Australian Dollar Against:","Australian Dollar Trade-weighted Index"
"9494","FXRTWI","Trade-weighted Index May 1970 = 100","AUS","AUS",2007-06-19,68.7,"D","Index","Indicative","RBA","Daily","Historical Daily Exchange Rates Of The Australian Dollar Against:","Australian Dollar Trade-weighted Index"
"9495","FXRTWI","Trade-weighted Index May 1970 = 100","AUS","AUS",2007-06-20,68.9,"D","Index","Indicative","RBA","Daily","Historical Daily Exchange Rates Of The Australian Dollar Against:","Australian Dollar Trade-weighted Index"
"9496","FXRTWI","Trade-weighted Index May 1970 = 100","AUS","AUS",2007-06-21,68.8,"D","Index","Indicative","RBA","Daily","Historical Daily Exchange Rates Of The Australian Dollar Against:","Australian Dollar Trade-weighted Index"
"9497","FXRTWI","Trade-weighted Index May 1970 = 100","AUS","AUS",2007-06-22,69,"D","Index","Indicative","RBA","Daily","Historical Daily Exchange Rates Of The Australian Dollar Against:","Australian Dollar Trade-weighted Index"
"9498","FXRTWI","Trade-weighted Index May 1970 = 100","AUS","AUS",2007-06-25,69,"D","Index","Indicative","RBA","Daily","Historical Daily Exchange Rates Of The Australian Dollar Against:","Australian Dollar Trade-weighted Index"
"9499","FXRTWI","Trade-weighted Index May 1970 = 100","AUS","AUS",2007-06-26,68.9,"D","Index","Indicative","RBA","Daily","Historical Daily Exchange Rates Of The Australian Dollar Against:","Australian Dollar Trade-weighted Index"
"9500","FXRTWI","Trade-weighted Index May 1970 = 100","AUS","AUS",2007-06-27,68.4,"D","Index","Indicative","RBA","Daily","Historical Daily Exchange Rates Of The Australian Dollar Against:","Australian Dollar Trade-weighted Index"
"9501","FXRTWI","Trade-weighted Index May 1970 = 100","AUS","AUS",2007-06-28,68.4,"D","Index","Indicative","RBA","Daily","Historical Daily Exchange Rates Of The Australian Dollar Against:","Australian Dollar Trade-weighted Index"
"9502","FXRTWI","Trade-weighted Index May 1970 = 100","AUS","AUS",2007-06-29,68.9,"D","Index","Indicative","RBA","Daily","Historical Daily Exchange Rates Of The Australian Dollar Against:","Australian Dollar Trade-weighted Index"
"9503","DLCACS","Credit; Total; Seasonally adjusted","AUS","AUS",2007-06-30,1633.713,"M","$ billion","Seasonally Adjusted","RBA","Monthly","D2 Lending And Credit Aggregates","Credit; Total; Seasonally adjusted – Includes securitisations – For series breaks see Series Breaks"
"9504","FIRMMCRT","Cash Rate Target","AUS","AUS",2007-06-30,6.25,"M","Per cent","Original","RBA","Monthly","F1.1 Interest Rates And Yields - Money Market","Cash Rate Target; monthly average"
"9505","FXRTWI","Trade-weighted Index May 1970 = 100","AUS","AUS",2007-06-30,68.9,"M","Index","Indicative","RBA","Monthly","F11 Exchange Rates","Australian Dollar Trade-weighted Index"
"9506","GCPIOCPMTMQP","Quarterly trimmed mean inflation","AUS","AUS",2007-06-30,0.9,"Q","Per cent","Seasonally Adjusted","ABS","Quarterly","G1 Consumer Price Inflation","Consumer price index; Trimmed mean; Quarterly change (in per cent)"
"9507","GRCPAISDR","Commodity prices – SDR","AUS","AUS",2007-06-30,55.3096723919368,"M","Index, 2023/24=100","Original","RBA","Monthly","I2 Commodity Prices","Index of commodity prices; All items; SDR"
"9508","A2718577A","Credits, Total goods ;","AUS","AUS",2007-07-01,14187,"M","$ Millions","Seasonally Adjusted",NA,"Monthly","TABLE 1. GOODS, Summary: Seasonally adjusted and trend estimates, Current prices",NA
"9509","A2718594C","Balance on goods ;","AUS","AUS",2007-07-01,-1641,"M","$ Millions","Seasonally Adjusted",NA,"Monthly","TABLE 1. GOODS, Summary: Seasonally adjusted and trend estimates, Current prices",NA
"9510","FXRTWI","Trade-weighted Index May 1970 = 100","AUS","AUS",2007-07-02,69.1,"D","Index","Indicative","RBA","Daily","Historical Daily Exchange Rates Of The Australian Dollar Against:","Australian Dollar Trade-weighted Index"
"9511","FXRTWI","Trade-weighted Index May 1970 = 100","AUS","AUS",2007-07-03,69.2,"D","Index","Indicative","RBA","Daily","Historical Daily Exchange Rates Of The Australian Dollar Against:","Australian Dollar Trade-weighted Index"
"9512","FXRTWI","Trade-weighted Index May 1970 = 100","AUS","AUS",2007-07-04,69.2,"D","Index","Indicative","RBA","Daily","Historical Daily Exchange Rates Of The Australian Dollar Against:","Australian Dollar Trade-weighted Index"
"9513","FXRTWI","Trade-weighted Index May 1970 = 100","AUS","AUS",2007-07-05,69.3,"D","Index","Indicative","RBA","Daily","Historical Daily Exchange Rates Of The Australian Dollar Against:","Australian Dollar Trade-weighted Index"
"9514","FXRTWI","Trade-weighted Index May 1970 = 100","AUS","AUS",2007-07-06,69.2,"D","Index","Indicative","RBA","Daily","Historical Daily Exchange Rates Of The Australian Dollar Against:","Australian Dollar Trade-weighted Index"
"9515","FXRTWI","Trade-weighted Index May 1970 = 100","AUS","AUS",2007-07-09,69.4,"D","Index","Indicative","RBA","Daily","Historical Daily Exchange Rates Of The Australian Dollar Against:","Australian Dollar Trade-weighted Index"
"9516","FXRTWI","Trade-weighted Index May 1970 = 100","AUS","AUS",2007-07-10,69.3,"D","Index","Indicative","RBA","Daily","Historical Daily Exchange Rates Of The Australian Dollar Against:","Australian Dollar Trade-weighted Index"
"9517","FXRTWI","Trade-weighted Index May 1970 = 100","AUS","AUS",2007-07-11,69.2,"D","Index","Indicative","RBA","Daily","Historical Daily Exchange Rates Of The Australian Dollar Against:","Australian Dollar Trade-weighted Index"
"9518","FXRTWI","Trade-weighted Index May 1970 = 100","AUS","AUS",2007-07-12,69.2,"D","Index","Indicative","RBA","Daily","Historical Daily Exchange Rates Of The Australian Dollar Against:","Australian Dollar Trade-weighted Index"
"9519","FXRTWI","Trade-weighted Index May 1970 = 100","AUS","AUS",2007-07-13,69.7,"D","Index","Indicative","RBA","Daily","Historical Daily Exchange Rates Of The Australian Dollar Against:","Australian Dollar Trade-weighted Index"
"9520","FXRTWI","Trade-weighted Index May 1970 = 100","AUS","AUS",2007-07-16,70.1,"D","Index","Indicative","RBA","Daily","Historical Daily Exchange Rates Of The Australian Dollar Against:","Australian Dollar Trade-weighted Index"
"9521","FXRTWI","Trade-weighted Index May 1970 = 100","AUS","AUS",2007-07-17,70.2,"D","Index","Indicative","RBA","Daily","Historical Daily Exchange Rates Of The Australian Dollar Against:","Australian Dollar Trade-weighted Index"
"9522","FXRTWI","Trade-weighted Index May 1970 = 100","AUS","AUS",2007-07-18,70.4,"D","Index","Indicative","RBA","Daily","Historical Daily Exchange Rates Of The Australian Dollar Against:","Australian Dollar Trade-weighted Index"
"9523","FXRTWI","Trade-weighted Index May 1970 = 100","AUS","AUS",2007-07-19,70.4,"D","Index","Indicative","RBA","Daily","Historical Daily Exchange Rates Of The Australian Dollar Against:","Australian Dollar Trade-weighted Index"
"9524","FXRTWI","Trade-weighted Index May 1970 = 100","AUS","AUS",2007-07-20,70.6,"D","Index","Indicative","RBA","Daily","Historical Daily Exchange Rates Of The Australian Dollar Against:","Australian Dollar Trade-weighted Index"
"9525","FXRTWI","Trade-weighted Index May 1970 = 100","AUS","AUS",2007-07-23,70.6,"D","Index","Indicative","RBA","Daily","Historical Daily Exchange Rates Of The Australian Dollar Against:","Australian Dollar Trade-weighted Index"
"9526","FXRTWI","Trade-weighted Index May 1970 = 100","AUS","AUS",2007-07-24,70.7,"D","Index","Indicative","RBA","Daily","Historical Daily Exchange Rates Of The Australian Dollar Against:","Australian Dollar Trade-weighted Index"
"9527","FXRTWI","Trade-weighted Index May 1970 = 100","AUS","AUS",2007-07-25,70.8,"D","Index","Indicative","RBA","Daily","Historical Daily Exchange Rates Of The Australian Dollar Against:","Australian Dollar Trade-weighted Index"
"9528","FXRTWI","Trade-weighted Index May 1970 = 100","AUS","AUS",2007-07-26,70.9,"D","Index","Indicative","RBA","Daily","Historical Daily Exchange Rates Of The Australian Dollar Against:","Australian Dollar Trade-weighted Index"
"9529","FXRTWI","Trade-weighted Index May 1970 = 100","AUS","AUS",2007-07-27,69.8,"D","Index","Indicative","RBA","Daily","Historical Daily Exchange Rates Of The Australian Dollar Against:","Australian Dollar Trade-weighted Index"
"9530","FXRTWI","Trade-weighted Index May 1970 = 100","AUS","AUS",2007-07-30,68.3,"D","Index","Indicative","RBA","Daily","Historical Daily Exchange Rates Of The Australian Dollar Against:","Australian Dollar Trade-weighted Index"
"9531","DLCACS","Credit; Total; Seasonally adjusted","AUS","AUS",2007-07-31,1650.898,"M","$ billion","Seasonally Adjusted","RBA","Monthly","D2 Lending And Credit Aggregates","Credit; Total; Seasonally adjusted – Includes securitisations – For series breaks see Series Breaks"
"9532","FIRMMCRT","Cash Rate Target","AUS","AUS",2007-07-31,6.25,"M","Per cent","Original","RBA","Monthly","F1.1 Interest Rates And Yields - Money Market","Cash Rate Target; monthly average"
"9533","FXRTWI","Trade-weighted Index May 1970 = 100","AUS","AUS",2007-07-31,68.8,"D","Index","Indicative","RBA","Daily","Historical Daily Exchange Rates Of The Australian Dollar Against:","Australian Dollar Trade-weighted Index"
"9534","FXRTWI","Trade-weighted Index May 1970 = 100","AUS","AUS",2007-07-31,68.8,"M","Index","Indicative","RBA","Monthly","F11 Exchange Rates","Australian Dollar Trade-weighted Index"
"9535","GRCPAISDR","Commodity prices – SDR","AUS","AUS",2007-07-31,55.2638582620928,"M","Index, 2023/24=100","Original","RBA","Monthly","I2 Commodity Prices","Index of commodity prices; All items; SDR"
"9536","A2718577A","Credits, Total goods ;","AUS","AUS",2007-08-01,14390,"M","$ Millions","Seasonally Adjusted",NA,"Monthly","TABLE 1. GOODS, Summary: Seasonally adjusted and trend estimates, Current prices",NA
"9537","A2718594C","Balance on goods ;","AUS","AUS",2007-08-01,-2215,"M","$ Millions","Seasonally Adjusted",NA,"Monthly","TABLE 1. GOODS, Summary: Seasonally adjusted and trend estimates, Current prices",NA
"9538","FXRTWI","Trade-weighted Index May 1970 = 100","AUS","AUS",2007-08-01,68,"D","Index","Indicative","RBA","Daily","Historical Daily Exchange Rates Of The Australian Dollar Against:","Australian Dollar Trade-weighted Index"
"9539","FXRTWI","Trade-weighted Index May 1970 = 100","AUS","AUS",2007-08-02,68.7,"D","Index","Indicative","RBA","Daily","Historical Daily Exchange Rates Of The Australian Dollar Against:","Australian Dollar Trade-weighted Index"
"9540","FXRTWI","Trade-weighted Index May 1970 = 100","AUS","AUS",2007-08-03,68.9,"D","Index","Indicative","RBA","Daily","Historical Daily Exchange Rates Of The Australian Dollar Against:","Australian Dollar Trade-weighted Index"
"9541","FXRTWI","Trade-weighted Index May 1970 = 100","AUS","AUS",2007-08-07,68.9,"D","Index","Indicative","RBA","Daily","Historical Daily Exchange Rates Of The Australian Dollar Against:","Australian Dollar Trade-weighted Index"
"9542","FXRTWI","Trade-weighted Index May 1970 = 100","AUS","AUS",2007-08-08,68.8,"D","Index","Indicative","RBA","Daily","Historical Daily Exchange Rates Of The Australian Dollar Against:","Australian Dollar Trade-weighted Index"
"9543","FXRTWI","Trade-weighted Index May 1970 = 100","AUS","AUS",2007-08-09,69.5,"D","Index","Indicative","RBA","Daily","Historical Daily Exchange Rates Of The Australian Dollar Against:","Australian Dollar Trade-weighted Index"
"9544","FXRTWI","Trade-weighted Index May 1970 = 100","AUS","AUS",2007-08-10,67.8,"D","Index","Indicative","RBA","Daily","Historical Daily Exchange Rates Of The Australian Dollar Against:","Australian Dollar Trade-weighted Index"
"9545","FXRTWI","Trade-weighted Index May 1970 = 100","AUS","AUS",2007-08-13,68.3,"D","Index","Indicative","RBA","Daily","Historical Daily Exchange Rates Of The Australian Dollar Against:","Australian Dollar Trade-weighted Index"
"9546","FXRTWI","Trade-weighted Index May 1970 = 100","AUS","AUS",2007-08-14,67.7,"D","Index","Indicative","RBA","Daily","Historical Daily Exchange Rates Of The Australian Dollar Against:","Australian Dollar Trade-weighted Index"
"9547","FXRTWI","Trade-weighted Index May 1970 = 100","AUS","AUS",2007-08-15,67.1,"D","Index","Indicative","RBA","Daily","Historical Daily Exchange Rates Of The Australian Dollar Against:","Australian Dollar Trade-weighted Index"
"9548","FXRTWI","Trade-weighted Index May 1970 = 100","AUS","AUS",2007-08-16,65.5,"D","Index","Indicative","RBA","Daily","Historical Daily Exchange Rates Of The Australian Dollar Against:","Australian Dollar Trade-weighted Index"
"9549","FXRTWI","Trade-weighted Index May 1970 = 100","AUS","AUS",2007-08-17,63.3,"D","Index","Indicative","RBA","Daily","Historical Daily Exchange Rates Of The Australian Dollar Against:","Australian Dollar Trade-weighted Index"
"9550","FXRTWI","Trade-weighted Index May 1970 = 100","AUS","AUS",2007-08-20,64.3,"D","Index","Indicative","RBA","Daily","Historical Daily Exchange Rates Of The Australian Dollar Against:","Australian Dollar Trade-weighted Index"
"9551","FXRTWI","Trade-weighted Index May 1970 = 100","AUS","AUS",2007-08-21,65,"D","Index","Indicative","RBA","Daily","Historical Daily Exchange Rates Of The Australian Dollar Against:","Australian Dollar Trade-weighted Index"
"9552","FXRTWI","Trade-weighted Index May 1970 = 100","AUS","AUS",2007-08-22,64.8,"D","Index","Indicative","RBA","Daily","Historical Daily Exchange Rates Of The Australian Dollar Against:","Australian Dollar Trade-weighted Index"
"9553","FXRTWI","Trade-weighted Index May 1970 = 100","AUS","AUS",2007-08-23,65.8,"D","Index","Indicative","RBA","Daily","Historical Daily Exchange Rates Of The Australian Dollar Against:","Australian Dollar Trade-weighted Index"
"9554","FXRTWI","Trade-weighted Index May 1970 = 100","AUS","AUS",2007-08-24,66.3,"D","Index","Indicative","RBA","Daily","Historical Daily Exchange Rates Of The Australian Dollar Against:","Australian Dollar Trade-weighted Index"
"9555","FXRTWI","Trade-weighted Index May 1970 = 100","AUS","AUS",2007-08-27,67,"D","Index","Indicative","RBA","Daily","Historical Daily Exchange Rates Of The Australian Dollar Against:","Australian Dollar Trade-weighted Index"
"9556","FXRTWI","Trade-weighted Index May 1970 = 100","AUS","AUS",2007-08-28,66.4,"D","Index","Indicative","RBA","Daily","Historical Daily Exchange Rates Of The Australian Dollar Against:","Australian Dollar Trade-weighted Index"
"9557","FXRTWI","Trade-weighted Index May 1970 = 100","AUS","AUS",2007-08-29,65.2,"D","Index","Indicative","RBA","Daily","Historical Daily Exchange Rates Of The Australian Dollar Against:","Australian Dollar Trade-weighted Index"
"9558","FXRTWI","Trade-weighted Index May 1970 = 100","AUS","AUS",2007-08-30,65.7,"D","Index","Indicative","RBA","Daily","Historical Daily Exchange Rates Of The Australian Dollar Against:","Australian Dollar Trade-weighted Index"
"9559","DLCACS","Credit; Total; Seasonally adjusted","AUS","AUS",2007-08-31,1675.18,"M","$ billion","Seasonally Adjusted","RBA","Monthly","D2 Lending And Credit Aggregates","Credit; Total; Seasonally adjusted – Includes securitisations – For series breaks see Series Breaks"
"9560","FIRMMCRT","Cash Rate Target","AUS","AUS",2007-08-31,6.45454545454545,"M","Per cent","Original","RBA","Monthly","F1.1 Interest Rates And Yields - Money Market","Cash Rate Target; monthly average"
"9561","FXRTWI","Trade-weighted Index May 1970 = 100","AUS","AUS",2007-08-31,66.2,"D","Index","Indicative","RBA","Daily","Historical Daily Exchange Rates Of The Australian Dollar Against:","Australian Dollar Trade-weighted Index"
"9562","FXRTWI","Trade-weighted Index May 1970 = 100","AUS","AUS",2007-08-31,66.2,"M","Index","Indicative","RBA","Monthly","F11 Exchange Rates","Australian Dollar Trade-weighted Index"
"9563","GRCPAISDR","Commodity prices – SDR","AUS","AUS",2007-08-31,54.4507137839797,"M","Index, 2023/24=100","Original","RBA","Monthly","I2 Commodity Prices","Index of commodity prices; All items; SDR"
"9564","A2302956R","South Australia ; STATE FINAL DEMAND ;","SA","SA",2007-09-01,26944,"Q","$ Millions","Seasonally Adjusted",NA,"Quarterly","Table 25. State Final Demand, Summary Components by State: Chain volume measures",NA
"9565","A2302984X","Western Australia ; STATE FINAL DEMAND ;","WA","WA",2007-09-01,49852,"Q","$ Millions","Seasonally Adjusted",NA,"Quarterly","Table 25. State Final Demand, Summary Components by State: Chain volume measures",NA
"9566","A2303012X","Tasmania ; STATE FINAL DEMAND ;","TAS","TAS",2007-09-01,8438,"Q","$ Millions","Seasonally Adjusted",NA,"Quarterly","Table 25. State Final Demand, Summary Components by State: Chain volume measures",NA
"9567","A2303040J","Northern Territory ; STATE FINAL DEMAND ;","NT","NT",2007-09-01,6133,"Q","$ Millions","Seasonally Adjusted",NA,"Quarterly","Table 25. State Final Demand, Summary Components by State: Chain volume measures",NA
"9568","A2303068K","Australian Capital Territory ; STATE FINAL DEMAND ;","ACT","ACT",2007-09-01,11217,"Q","$ Millions","Seasonally Adjusted",NA,"Quarterly","Table 25. State Final Demand, Summary Components by State: Chain volume measures",NA
"9569","A2303111F","New South Wales ; STATE FINAL DEMAND ;","NSW","NSW",2007-09-01,128775,"Q","$ Millions","Seasonally Adjusted",NA,"Quarterly","Table 25. State Final Demand, Summary Components by State: Chain volume measures",NA
"9570","A2303139J","Victoria ; STATE FINAL DEMAND ;","VIC","VIC",2007-09-01,97606,"Q","$ Millions","Seasonally Adjusted",NA,"Quarterly","Table 25. State Final Demand, Summary Components by State: Chain volume measures",NA
"9571","A2303187A","Queensland ; STATE FINAL DEMAND ;","QLD","QLD",2007-09-01,84234,"Q","$ Millions","Seasonally Adjusted",NA,"Quarterly","Table 25. State Final Demand, Summary Components by State: Chain volume measures",NA
"9572","A2304418T","Gross domestic product: Current prices ;","AUS","AUS",2007-09-01,285150,"Q","$ Millions","Seasonally Adjusted",NA,"Quarterly","Table 1. Key National Accounts Aggregates",NA
"9573","A2325846C","Index Numbers ; All groups CPI ; Australia ;","AUS","AUS",2007-09-01,88.3,"Q","Index Numbers","Original",NA,"Quarterly","TABLES 1 and 2. CPI: All Groups, Index Numbers and Percentage Changes",NA
"9574","A2718577A","Credits, Total goods ;","AUS","AUS",2007-09-01,13616,"M","$ Millions","Seasonally Adjusted",NA,"Monthly","TABLE 1. GOODS, Summary: Seasonally adjusted and trend estimates, Current prices",NA
"9575","A2718594C","Balance on goods ;","AUS","AUS",2007-09-01,-2732,"M","$ Millions","Seasonally Adjusted",NA,"Monthly","TABLE 1. GOODS, Summary: Seasonally adjusted and trend estimates, Current prices",NA
"9576","FXRTWI","Trade-weighted Index May 1970 = 100","AUS","AUS",2007-09-03,66.3,"D","Index","Indicative","RBA","Daily","Historical Daily Exchange Rates Of The Australian Dollar Against:","Australian Dollar Trade-weighted Index"
"9577","FXRTWI","Trade-weighted Index May 1970 = 100","AUS","AUS",2007-09-04,66.7,"D","Index","Indicative","RBA","Daily","Historical Daily Exchange Rates Of The Australian Dollar Against:","Australian Dollar Trade-weighted Index"
"9578","FXRTWI","Trade-weighted Index May 1970 = 100","AUS","AUS",2007-09-05,66.5,"D","Index","Indicative","RBA","Daily","Historical Daily Exchange Rates Of The Australian Dollar Against:","Australian Dollar Trade-weighted Index"
"9579","FXRTWI","Trade-weighted Index May 1970 = 100","AUS","AUS",2007-09-06,66.4,"D","Index","Indicative","RBA","Daily","Historical Daily Exchange Rates Of The Australian Dollar Against:","Australian Dollar Trade-weighted Index"
"9580","FXRTWI","Trade-weighted Index May 1970 = 100","AUS","AUS",2007-09-10,65.8,"D","Index","Indicative","RBA","Daily","Historical Daily Exchange Rates Of The Australian Dollar Against:","Australian Dollar Trade-weighted Index"
"9581","FXRTWI","Trade-weighted Index May 1970 = 100","AUS","AUS",2007-09-11,66.4,"D","Index","Indicative","RBA","Daily","Historical Daily Exchange Rates Of The Australian Dollar Against:","Australian Dollar Trade-weighted Index"
"9582","FXRTWI","Trade-weighted Index May 1970 = 100","AUS","AUS",2007-09-12,66.9,"D","Index","Indicative","RBA","Daily","Historical Daily Exchange Rates Of The Australian Dollar Against:","Australian Dollar Trade-weighted Index"
"9583","FXRTWI","Trade-weighted Index May 1970 = 100","AUS","AUS",2007-09-13,67.1,"D","Index","Indicative","RBA","Daily","Historical Daily Exchange Rates Of The Australian Dollar Against:","Australian Dollar Trade-weighted Index"
"9584","FXRTWI","Trade-weighted Index May 1970 = 100","AUS","AUS",2007-09-14,67.3,"D","Index","Indicative","RBA","Daily","Historical Daily Exchange Rates Of The Australian Dollar Against:","Australian Dollar Trade-weighted Index"
"9585","FXRTWI","Trade-weighted Index May 1970 = 100","AUS","AUS",2007-09-17,67.6,"D","Index","Indicative","RBA","Daily","Historical Daily Exchange Rates Of The Australian Dollar Against:","Australian Dollar Trade-weighted Index"
"9586","FXRTWI","Trade-weighted Index May 1970 = 100","AUS","AUS",2007-09-18,66.6,"D","Index","Indicative","RBA","Daily","Historical Daily Exchange Rates Of The Australian Dollar Against:","Australian Dollar Trade-weighted Index"
"9587","FXRTWI","Trade-weighted Index May 1970 = 100","AUS","AUS",2007-09-19,68.1,"D","Index","Indicative","RBA","Daily","Historical Daily Exchange Rates Of The Australian Dollar Against:","Australian Dollar Trade-weighted Index"
"9588","FXRTWI","Trade-weighted Index May 1970 = 100","AUS","AUS",2007-09-20,68.6,"D","Index","Indicative","RBA","Daily","Historical Daily Exchange Rates Of The Australian Dollar Against:","Australian Dollar Trade-weighted Index"
"9589","FXRTWI","Trade-weighted Index May 1970 = 100","AUS","AUS",2007-09-21,69.1,"D","Index","Indicative","RBA","Daily","Historical Daily Exchange Rates Of The Australian Dollar Against:","Australian Dollar Trade-weighted Index"
"9590","FXRTWI","Trade-weighted Index May 1970 = 100","AUS","AUS",2007-09-24,68.9,"D","Index","Indicative","RBA","Daily","Historical Daily Exchange Rates Of The Australian Dollar Against:","Australian Dollar Trade-weighted Index"
"9591","FXRTWI","Trade-weighted Index May 1970 = 100","AUS","AUS",2007-09-25,68.8,"D","Index","Indicative","RBA","Daily","Historical Daily Exchange Rates Of The Australian Dollar Against:","Australian Dollar Trade-weighted Index"
"9592","FXRTWI","Trade-weighted Index May 1970 = 100","AUS","AUS",2007-09-26,69.3,"D","Index","Indicative","RBA","Daily","Historical Daily Exchange Rates Of The Australian Dollar Against:","Australian Dollar Trade-weighted Index"
"9593","FXRTWI","Trade-weighted Index May 1970 = 100","AUS","AUS",2007-09-27,69.8,"D","Index","Indicative","RBA","Daily","Historical Daily Exchange Rates Of The Australian Dollar Against:","Australian Dollar Trade-weighted Index"
"9594","FXRTWI","Trade-weighted Index May 1970 = 100","AUS","AUS",2007-09-28,70,"D","Index","Indicative","RBA","Daily","Historical Daily Exchange Rates Of The Australian Dollar Against:","Australian Dollar Trade-weighted Index"
"9595","DLCACS","Credit; Total; Seasonally adjusted","AUS","AUS",2007-09-30,1695.997,"M","$ billion","Seasonally Adjusted","RBA","Monthly","D2 Lending And Credit Aggregates","Credit; Total; Seasonally adjusted – Includes securitisations – For series breaks see Series Breaks"
"9596","FIRMMCRT","Cash Rate Target","AUS","AUS",2007-09-30,6.5,"M","Per cent","Original","RBA","Monthly","F1.1 Interest Rates And Yields - Money Market","Cash Rate Target; monthly average"
"9597","FXRTWI","Trade-weighted Index May 1970 = 100","AUS","AUS",2007-09-30,70,"M","Index","Indicative","RBA","Monthly","F11 Exchange Rates","Australian Dollar Trade-weighted Index"
"9598","GCPIOCPMTMQP","Quarterly trimmed mean inflation","AUS","AUS",2007-09-30,0.9,"Q","Per cent","Seasonally Adjusted","ABS","Quarterly","G1 Consumer Price Inflation","Consumer price index; Trimmed mean; Quarterly change (in per cent)"
"9599","GRCPAISDR","Commodity prices – SDR","AUS","AUS",2007-09-30,56.3744689602082,"M","Index, 2023/24=100","Original","RBA","Monthly","I2 Commodity Prices","Index of commodity prices; All items; SDR"
"9600","A2718577A","Credits, Total goods ;","AUS","AUS",2007-10-01,13231,"M","$ Millions","Seasonally Adjusted",NA,"Monthly","TABLE 1. GOODS, Summary: Seasonally adjusted and trend estimates, Current prices",NA
"9601","A2718594C","Balance on goods ;","AUS","AUS",2007-10-01,-3201,"M","$ Millions","Seasonally Adjusted",NA,"Monthly","TABLE 1. GOODS, Summary: Seasonally adjusted and trend estimates, Current prices",NA
"9602","FXRTWI","Trade-weighted Index May 1970 = 100","AUS","AUS",2007-10-02,70,"D","Index","Indicative","RBA","Daily","Historical Daily Exchange Rates Of The Australian Dollar Against:","Australian Dollar Trade-weighted Index"
"9603","FXRTWI","Trade-weighted Index May 1970 = 100","AUS","AUS",2007-10-03,70.3,"D","Index","Indicative","RBA","Daily","Historical Daily Exchange Rates Of The Australian Dollar Against:","Australian Dollar Trade-weighted Index"
"9604","FXRTWI","Trade-weighted Index May 1970 = 100","AUS","AUS",2007-10-04,70,"D","Index","Indicative","RBA","Daily","Historical Daily Exchange Rates Of The Australian Dollar Against:","Australian Dollar Trade-weighted Index"
"9605","FXRTWI","Trade-weighted Index May 1970 = 100","AUS","AUS",2007-10-05,70.4,"D","Index","Indicative","RBA","Daily","Historical Daily Exchange Rates Of The Australian Dollar Against:","Australian Dollar Trade-weighted Index"
"9606","FXRTWI","Trade-weighted Index May 1970 = 100","AUS","AUS",2007-10-08,71.5,"D","Index","Indicative","RBA","Daily","Historical Daily Exchange Rates Of The Australian Dollar Against:","Australian Dollar Trade-weighted Index"
"9607","FXRTWI","Trade-weighted Index May 1970 = 100","AUS","AUS",2007-10-09,70.9,"D","Index","Indicative","RBA","Daily","Historical Daily Exchange Rates Of The Australian Dollar Against:","Australian Dollar Trade-weighted Index"
"9608","FXRTWI","Trade-weighted Index May 1970 = 100","AUS","AUS",2007-10-10,71.3,"D","Index","Indicative","RBA","Daily","Historical Daily Exchange Rates Of The Australian Dollar Against:","Australian Dollar Trade-weighted Index"
"9609","FXRTWI","Trade-weighted Index May 1970 = 100","AUS","AUS",2007-10-11,71.3,"D","Index","Indicative","RBA","Daily","Historical Daily Exchange Rates Of The Australian Dollar Against:","Australian Dollar Trade-weighted Index"
"9610","FXRTWI","Trade-weighted Index May 1970 = 100","AUS","AUS",2007-10-12,71.1,"D","Index","Indicative","RBA","Daily","Historical Daily Exchange Rates Of The Australian Dollar Against:","Australian Dollar Trade-weighted Index"
"9611","FXRTWI","Trade-weighted Index May 1970 = 100","AUS","AUS",2007-10-15,71.7,"D","Index","Indicative","RBA","Daily","Historical Daily Exchange Rates Of The Australian Dollar Against:","Australian Dollar Trade-weighted Index"
"9612","FXRTWI","Trade-weighted Index May 1970 = 100","AUS","AUS",2007-10-16,71.3,"D","Index","Indicative","RBA","Daily","Historical Daily Exchange Rates Of The Australian Dollar Against:","Australian Dollar Trade-weighted Index"
"9613","FXRTWI","Trade-weighted Index May 1970 = 100","AUS","AUS",2007-10-17,70.1,"D","Index","Indicative","RBA","Daily","Historical Daily Exchange Rates Of The Australian Dollar Against:","Australian Dollar Trade-weighted Index"
"9614","FXRTWI","Trade-weighted Index May 1970 = 100","AUS","AUS",2007-10-18,70.7,"D","Index","Indicative","RBA","Daily","Historical Daily Exchange Rates Of The Australian Dollar Against:","Australian Dollar Trade-weighted Index"
"9615","FXRTWI","Trade-weighted Index May 1970 = 100","AUS","AUS",2007-10-19,70.5,"D","Index","Indicative","RBA","Daily","Historical Daily Exchange Rates Of The Australian Dollar Against:","Australian Dollar Trade-weighted Index"
"9616","FXRTWI","Trade-weighted Index May 1970 = 100","AUS","AUS",2007-10-22,70.1,"D","Index","Indicative","RBA","Daily","Historical Daily Exchange Rates Of The Australian Dollar Against:","Australian Dollar Trade-weighted Index"
"9617","FXRTWI","Trade-weighted Index May 1970 = 100","AUS","AUS",2007-10-23,70.4,"D","Index","Indicative","RBA","Daily","Historical Daily Exchange Rates Of The Australian Dollar Against:","Australian Dollar Trade-weighted Index"
"9618","FXRTWI","Trade-weighted Index May 1970 = 100","AUS","AUS",2007-10-24,70.8,"D","Index","Indicative","RBA","Daily","Historical Daily Exchange Rates Of The Australian Dollar Against:","Australian Dollar Trade-weighted Index"
"9619","FXRTWI","Trade-weighted Index May 1970 = 100","AUS","AUS",2007-10-25,71,"D","Index","Indicative","RBA","Daily","Historical Daily Exchange Rates Of The Australian Dollar Against:","Australian Dollar Trade-weighted Index"
"9620","FXRTWI","Trade-weighted Index May 1970 = 100","AUS","AUS",2007-10-26,71.7,"D","Index","Indicative","RBA","Daily","Historical Daily Exchange Rates Of The Australian Dollar Against:","Australian Dollar Trade-weighted Index"
"9621","FXRTWI","Trade-weighted Index May 1970 = 100","AUS","AUS",2007-10-29,72.4,"D","Index","Indicative","RBA","Daily","Historical Daily Exchange Rates Of The Australian Dollar Against:","Australian Dollar Trade-weighted Index"
"9622","FXRTWI","Trade-weighted Index May 1970 = 100","AUS","AUS",2007-10-30,71.9,"D","Index","Indicative","RBA","Daily","Historical Daily Exchange Rates Of The Australian Dollar Against:","Australian Dollar Trade-weighted Index"
"9623","DLCACS","Credit; Total; Seasonally adjusted","AUS","AUS",2007-10-31,1717.622,"M","$ billion","Seasonally Adjusted","RBA","Monthly","D2 Lending And Credit Aggregates","Credit; Total; Seasonally adjusted – Includes securitisations – For series breaks see Series Breaks"
"9624","FIRMMCRT","Cash Rate Target","AUS","AUS",2007-10-31,6.5,"M","Per cent","Original","RBA","Monthly","F1.1 Interest Rates And Yields - Money Market","Cash Rate Target; monthly average"
"9625","FXRTWI","Trade-weighted Index May 1970 = 100","AUS","AUS",2007-10-31,72.2,"D","Index","Indicative","RBA","Daily","Historical Daily Exchange Rates Of The Australian Dollar Against:","Australian Dollar Trade-weighted Index"
"9626","FXRTWI","Trade-weighted Index May 1970 = 100","AUS","AUS",2007-10-31,72.2,"M","Index","Indicative","RBA","Monthly","F11 Exchange Rates","Australian Dollar Trade-weighted Index"
"9627","GRCPAISDR","Commodity prices – SDR","AUS","AUS",2007-10-31,57.7706489994192,"M","Index, 2023/24=100","Original","RBA","Monthly","I2 Commodity Prices","Index of commodity prices; All items; SDR"
"9628","A2718577A","Credits, Total goods ;","AUS","AUS",2007-11-01,14386,"M","$ Millions","Seasonally Adjusted",NA,"Monthly","TABLE 1. GOODS, Summary: Seasonally adjusted and trend estimates, Current prices",NA
"9629","A2718594C","Balance on goods ;","AUS","AUS",2007-11-01,-2104,"M","$ Millions","Seasonally Adjusted",NA,"Monthly","TABLE 1. GOODS, Summary: Seasonally adjusted and trend estimates, Current prices",NA
"9630","FXRTWI","Trade-weighted Index May 1970 = 100","AUS","AUS",2007-11-01,72.9,"D","Index","Indicative","RBA","Daily","Historical Daily Exchange Rates Of The Australian Dollar Against:","Australian Dollar Trade-weighted Index"
"9631","FXRTWI","Trade-weighted Index May 1970 = 100","AUS","AUS",2007-11-02,71.9,"D","Index","Indicative","RBA","Daily","Historical Daily Exchange Rates Of The Australian Dollar Against:","Australian Dollar Trade-weighted Index"
"9632","FXRTWI","Trade-weighted Index May 1970 = 100","AUS","AUS",2007-11-05,72.1,"D","Index","Indicative","RBA","Daily","Historical Daily Exchange Rates Of The Australian Dollar Against:","Australian Dollar Trade-weighted Index"
"9633","FXRTWI","Trade-weighted Index May 1970 = 100","AUS","AUS",2007-11-06,72.2,"D","Index","Indicative","RBA","Daily","Historical Daily Exchange Rates Of The Australian Dollar Against:","Australian Dollar Trade-weighted Index"
"9634","FXRTWI","Trade-weighted Index May 1970 = 100","AUS","AUS",2007-11-07,73,"D","Index","Indicative","RBA","Daily","Historical Daily Exchange Rates Of The Australian Dollar Against:","Australian Dollar Trade-weighted Index"
"9635","FXRTWI","Trade-weighted Index May 1970 = 100","AUS","AUS",2007-11-08,72,"D","Index","Indicative","RBA","Daily","Historical Daily Exchange Rates Of The Australian Dollar Against:","Australian Dollar Trade-weighted Index"
"9636","FXRTWI","Trade-weighted Index May 1970 = 100","AUS","AUS",2007-11-09,72.1,"D","Index","Indicative","RBA","Daily","Historical Daily Exchange Rates Of The Australian Dollar Against:","Australian Dollar Trade-weighted Index"
"9637","FXRTWI","Trade-weighted Index May 1970 = 100","AUS","AUS",2007-11-12,69.4,"D","Index","Indicative","RBA","Daily","Historical Daily Exchange Rates Of The Australian Dollar Against:","Australian Dollar Trade-weighted Index"
"9638","FXRTWI","Trade-weighted Index May 1970 = 100","AUS","AUS",2007-11-13,69.3,"D","Index","Indicative","RBA","Daily","Historical Daily Exchange Rates Of The Australian Dollar Against:","Australian Dollar Trade-weighted Index"
"9639","FXRTWI","Trade-weighted Index May 1970 = 100","AUS","AUS",2007-11-14,70.2,"D","Index","Indicative","RBA","Daily","Historical Daily Exchange Rates Of The Australian Dollar Against:","Australian Dollar Trade-weighted Index"
"9640","FXRTWI","Trade-weighted Index May 1970 = 100","AUS","AUS",2007-11-15,70.1,"D","Index","Indicative","RBA","Daily","Historical Daily Exchange Rates Of The Australian Dollar Against:","Australian Dollar Trade-weighted Index"
"9641","FXRTWI","Trade-weighted Index May 1970 = 100","AUS","AUS",2007-11-16,69,"D","Index","Indicative","RBA","Daily","Historical Daily Exchange Rates Of The Australian Dollar Against:","Australian Dollar Trade-weighted Index"
"9642","FXRTWI","Trade-weighted Index May 1970 = 100","AUS","AUS",2007-11-19,69.6,"D","Index","Indicative","RBA","Daily","Historical Daily Exchange Rates Of The Australian Dollar Against:","Australian Dollar Trade-weighted Index"
"9643","FXRTWI","Trade-weighted Index May 1970 = 100","AUS","AUS",2007-11-20,68.9,"D","Index","Indicative","RBA","Daily","Historical Daily Exchange Rates Of The Australian Dollar Against:","Australian Dollar Trade-weighted Index"
"9644","FXRTWI","Trade-weighted Index May 1970 = 100","AUS","AUS",2007-11-21,68.8,"D","Index","Indicative","RBA","Daily","Historical Daily Exchange Rates Of The Australian Dollar Against:","Australian Dollar Trade-weighted Index"
"9645","FXRTWI","Trade-weighted Index May 1970 = 100","AUS","AUS",2007-11-22,68,"D","Index","Indicative","RBA","Daily","Historical Daily Exchange Rates Of The Australian Dollar Against:","Australian Dollar Trade-weighted Index"
"9646","FXRTWI","Trade-weighted Index May 1970 = 100","AUS","AUS",2007-11-23,67.7,"D","Index","Indicative","RBA","Daily","Historical Daily Exchange Rates Of The Australian Dollar Against:","Australian Dollar Trade-weighted Index"
"9647","FXRTWI","Trade-weighted Index May 1970 = 100","AUS","AUS",2007-11-26,68.5,"D","Index","Indicative","RBA","Daily","Historical Daily Exchange Rates Of The Australian Dollar Against:","Australian Dollar Trade-weighted Index"
"9648","FXRTWI","Trade-weighted Index May 1970 = 100","AUS","AUS",2007-11-27,68.1,"D","Index","Indicative","RBA","Daily","Historical Daily Exchange Rates Of The Australian Dollar Against:","Australian Dollar Trade-weighted Index"
"9649","FXRTWI","Trade-weighted Index May 1970 = 100","AUS","AUS",2007-11-28,68,"D","Index","Indicative","RBA","Daily","Historical Daily Exchange Rates Of The Australian Dollar Against:","Australian Dollar Trade-weighted Index"
"9650","FXRTWI","Trade-weighted Index May 1970 = 100","AUS","AUS",2007-11-29,68.6,"D","Index","Indicative","RBA","Daily","Historical Daily Exchange Rates Of The Australian Dollar Against:","Australian Dollar Trade-weighted Index"
"9651","DLCACS","Credit; Total; Seasonally adjusted","AUS","AUS",2007-11-30,1743.5,"M","$ billion","Seasonally Adjusted","RBA","Monthly","D2 Lending And Credit Aggregates","Credit; Total; Seasonally adjusted – Includes securitisations – For series breaks see Series Breaks"
"9652","FIRMMCRT","Cash Rate Target","AUS","AUS",2007-11-30,6.70408810150399,"M","Per cent","Original","RBA","Monthly","F1.1 Interest Rates And Yields - Money Market","Cash Rate Target; monthly average"
"9653","FXRTWI","Trade-weighted Index May 1970 = 100","AUS","AUS",2007-11-30,68.9,"D","Index","Indicative","RBA","Daily","Historical Daily Exchange Rates Of The Australian Dollar Against:","Australian Dollar Trade-weighted Index"
"9654","FXRTWI","Trade-weighted Index May 1970 = 100","AUS","AUS",2007-11-30,68.9,"M","Index","Indicative","RBA","Monthly","F11 Exchange Rates","Australian Dollar Trade-weighted Index"
"9655","GRCPAISDR","Commodity prices – SDR","AUS","AUS",2007-11-30,57.766063550995,"M","Index, 2023/24=100","Original","RBA","Monthly","I2 Commodity Prices","Index of commodity prices; All items; SDR"
"9656","A2302956R","South Australia ; STATE FINAL DEMAND ;","SA","SA",2007-12-01,27420,"Q","$ Millions","Seasonally Adjusted",NA,"Quarterly","Table 25. State Final Demand, Summary Components by State: Chain volume measures",NA
"9657","A2302984X","Western Australia ; STATE FINAL DEMAND ;","WA","WA",2007-12-01,49654,"Q","$ Millions","Seasonally Adjusted",NA,"Quarterly","Table 25. State Final Demand, Summary Components by State: Chain volume measures",NA
"9658","A2303012X","Tasmania ; STATE FINAL DEMAND ;","TAS","TAS",2007-12-01,8620,"Q","$ Millions","Seasonally Adjusted",NA,"Quarterly","Table 25. State Final Demand, Summary Components by State: Chain volume measures",NA
"9659","A2303040J","Northern Territory ; STATE FINAL DEMAND ;","NT","NT",2007-12-01,6256,"Q","$ Millions","Seasonally Adjusted",NA,"Quarterly","Table 25. State Final Demand, Summary Components by State: Chain volume measures",NA
"9660","A2303068K","Australian Capital Territory ; STATE FINAL DEMAND ;","ACT","ACT",2007-12-01,11551,"Q","$ Millions","Seasonally Adjusted",NA,"Quarterly","Table 25. State Final Demand, Summary Components by State: Chain volume measures",NA
"9661","A2303111F","New South Wales ; STATE FINAL DEMAND ;","NSW","NSW",2007-12-01,130697,"Q","$ Millions","Seasonally Adjusted",NA,"Quarterly","Table 25. State Final Demand, Summary Components by State: Chain volume measures",NA
"9662","A2303139J","Victoria ; STATE FINAL DEMAND ;","VIC","VIC",2007-12-01,98958,"Q","$ Millions","Seasonally Adjusted",NA,"Quarterly","Table 25. State Final Demand, Summary Components by State: Chain volume measures",NA
"9663","A2303187A","Queensland ; STATE FINAL DEMAND ;","QLD","QLD",2007-12-01,85832,"Q","$ Millions","Seasonally Adjusted",NA,"Quarterly","Table 25. State Final Demand, Summary Components by State: Chain volume measures",NA
"9664","A2304418T","Gross domestic product: Current prices ;","AUS","AUS",2007-12-01,290524,"Q","$ Millions","Seasonally Adjusted",NA,"Quarterly","Table 1. Key National Accounts Aggregates",NA
"9665","A2325846C","Index Numbers ; All groups CPI ; Australia ;","AUS","AUS",2007-12-01,89.1,"Q","Index Numbers","Original",NA,"Quarterly","TABLES 1 and 2. CPI: All Groups, Index Numbers and Percentage Changes",NA
"9666","A2718577A","Credits, Total goods ;","AUS","AUS",2007-12-01,14964,"M","$ Millions","Seasonally Adjusted",NA,"Monthly","TABLE 1. GOODS, Summary: Seasonally adjusted and trend estimates, Current prices",NA
"9667","A2718594C","Balance on goods ;","AUS","AUS",2007-12-01,-2266,"M","$ Millions","Seasonally Adjusted",NA,"Monthly","TABLE 1. GOODS, Summary: Seasonally adjusted and trend estimates, Current prices",NA
"9668","FXRTWI","Trade-weighted Index May 1970 = 100","AUS","AUS",2007-12-03,68.6,"D","Index","Indicative","RBA","Daily","Historical Daily Exchange Rates Of The Australian Dollar Against:","Australian Dollar Trade-weighted Index"
"9669","FXRTWI","Trade-weighted Index May 1970 = 100","AUS","AUS",2007-12-04,68.1,"D","Index","Indicative","RBA","Daily","Historical Daily Exchange Rates Of The Australian Dollar Against:","Australian Dollar Trade-weighted Index"
"9670","FXRTWI","Trade-weighted Index May 1970 = 100","AUS","AUS",2007-12-05,67.7,"D","Index","Indicative","RBA","Daily","Historical Daily Exchange Rates Of The Australian Dollar Against:","Australian Dollar Trade-weighted Index"
"9671","FXRTWI","Trade-weighted Index May 1970 = 100","AUS","AUS",2007-12-06,68.1,"D","Index","Indicative","RBA","Daily","Historical Daily Exchange Rates Of The Australian Dollar Against:","Australian Dollar Trade-weighted Index"
"9672","FXRTWI","Trade-weighted Index May 1970 = 100","AUS","AUS",2007-12-07,68.4,"D","Index","Indicative","RBA","Daily","Historical Daily Exchange Rates Of The Australian Dollar Against:","Australian Dollar Trade-weighted Index"
"9673","FXRTWI","Trade-weighted Index May 1970 = 100","AUS","AUS",2007-12-10,68.3,"D","Index","Indicative","RBA","Daily","Historical Daily Exchange Rates Of The Australian Dollar Against:","Australian Dollar Trade-weighted Index"
"9674","FXRTWI","Trade-weighted Index May 1970 = 100","AUS","AUS",2007-12-11,69.1,"D","Index","Indicative","RBA","Daily","Historical Daily Exchange Rates Of The Australian Dollar Against:","Australian Dollar Trade-weighted Index"
"9675","FXRTWI","Trade-weighted Index May 1970 = 100","AUS","AUS",2007-12-12,68.2,"D","Index","Indicative","RBA","Daily","Historical Daily Exchange Rates Of The Australian Dollar Against:","Australian Dollar Trade-weighted Index"
"9676","FXRTWI","Trade-weighted Index May 1970 = 100","AUS","AUS",2007-12-13,68.7,"D","Index","Indicative","RBA","Daily","Historical Daily Exchange Rates Of The Australian Dollar Against:","Australian Dollar Trade-weighted Index"
"9677","FXRTWI","Trade-weighted Index May 1970 = 100","AUS","AUS",2007-12-14,68.4,"D","Index","Indicative","RBA","Daily","Historical Daily Exchange Rates Of The Australian Dollar Against:","Australian Dollar Trade-weighted Index"
"9678","FXRTWI","Trade-weighted Index May 1970 = 100","AUS","AUS",2007-12-17,67.6,"D","Index","Indicative","RBA","Daily","Historical Daily Exchange Rates Of The Australian Dollar Against:","Australian Dollar Trade-weighted Index"
"9679","FXRTWI","Trade-weighted Index May 1970 = 100","AUS","AUS",2007-12-18,67.6,"D","Index","Indicative","RBA","Daily","Historical Daily Exchange Rates Of The Australian Dollar Against:","Australian Dollar Trade-weighted Index"
"9680","FXRTWI","Trade-weighted Index May 1970 = 100","AUS","AUS",2007-12-19,67.8,"D","Index","Indicative","RBA","Daily","Historical Daily Exchange Rates Of The Australian Dollar Against:","Australian Dollar Trade-weighted Index"
"9681","FXRTWI","Trade-weighted Index May 1970 = 100","AUS","AUS",2007-12-20,67.5,"D","Index","Indicative","RBA","Daily","Historical Daily Exchange Rates Of The Australian Dollar Against:","Australian Dollar Trade-weighted Index"
"9682","FXRTWI","Trade-weighted Index May 1970 = 100","AUS","AUS",2007-12-21,67.8,"D","Index","Indicative","RBA","Daily","Historical Daily Exchange Rates Of The Australian Dollar Against:","Australian Dollar Trade-weighted Index"
"9683","FXRTWI","Trade-weighted Index May 1970 = 100","AUS","AUS",2007-12-24,68.4,"D","Index","Indicative","RBA","Daily","Historical Daily Exchange Rates Of The Australian Dollar Against:","Australian Dollar Trade-weighted Index"
"9684","FXRTWI","Trade-weighted Index May 1970 = 100","AUS","AUS",2007-12-27,68.7,"D","Index","Indicative","RBA","Daily","Historical Daily Exchange Rates Of The Australian Dollar Against:","Australian Dollar Trade-weighted Index"
"9685","FXRTWI","Trade-weighted Index May 1970 = 100","AUS","AUS",2007-12-28,68.3,"D","Index","Indicative","RBA","Daily","Historical Daily Exchange Rates Of The Australian Dollar Against:","Australian Dollar Trade-weighted Index"
"9686","DLCACS","Credit; Total; Seasonally adjusted","AUS","AUS",2007-12-31,1766.915,"M","$ billion","Seasonally Adjusted","RBA","Monthly","D2 Lending And Credit Aggregates","Credit; Total; Seasonally adjusted – Includes securitisations – For series breaks see Series Breaks"
"9687","FIRMMCRT","Cash Rate Target","AUS","AUS",2007-12-31,6.74892253422046,"M","Per cent","Original","RBA","Monthly","F1.1 Interest Rates And Yields - Money Market","Cash Rate Target; monthly average"
"9688","FXRTWI","Trade-weighted Index May 1970 = 100","AUS","AUS",2007-12-31,68.7,"D","Index","Indicative","RBA","Daily","Historical Daily Exchange Rates Of The Australian Dollar Against:","Australian Dollar Trade-weighted Index"
"9689","FXRTWI","Trade-weighted Index May 1970 = 100","AUS","AUS",2007-12-31,68.7,"M","Index","Indicative","RBA","Monthly","F11 Exchange Rates","Australian Dollar Trade-weighted Index"
"9690","GCPIOCPMTMQP","Quarterly trimmed mean inflation","AUS","AUS",2007-12-31,1.2,"Q","Per cent","Seasonally Adjusted","ABS","Quarterly","G1 Consumer Price Inflation","Consumer price index; Trimmed mean; Quarterly change (in per cent)"
"9691","GRCPAISDR","Commodity prices – SDR","AUS","AUS",2007-12-31,58.0744848270186,"M","Index, 2023/24=100","Original","RBA","Monthly","I2 Commodity Prices","Index of commodity prices; All items; SDR"
"9692","A2718577A","Credits, Total goods ;","AUS","AUS",2008-01-01,15470,"M","$ Millions","Seasonally Adjusted",NA,"Monthly","TABLE 1. GOODS, Summary: Seasonally adjusted and trend estimates, Current prices",NA
"9693","A2718594C","Balance on goods ;","AUS","AUS",2008-01-01,-2161,"M","$ Millions","Seasonally Adjusted",NA,"Monthly","TABLE 1. GOODS, Summary: Seasonally adjusted and trend estimates, Current prices",NA
"9694","FXRTWI","Trade-weighted Index May 1970 = 100","AUS","AUS",2008-01-02,68.6,"D","Index","Indicative","RBA","Daily","Historical Daily Exchange Rates Of The Australian Dollar Against:","Australian Dollar Trade-weighted Index"
"9695","FXRTWI","Trade-weighted Index May 1970 = 100","AUS","AUS",2008-01-03,68.6,"D","Index","Indicative","RBA","Daily","Historical Daily Exchange Rates Of The Australian Dollar Against:","Australian Dollar Trade-weighted Index"
"9696","FXRTWI","Trade-weighted Index May 1970 = 100","AUS","AUS",2008-01-04,68.3,"D","Index","Indicative","RBA","Daily","Historical Daily Exchange Rates Of The Australian Dollar Against:","Australian Dollar Trade-weighted Index"
"9697","FXRTWI","Trade-weighted Index May 1970 = 100","AUS","AUS",2008-01-07,67.7,"D","Index","Indicative","RBA","Daily","Historical Daily Exchange Rates Of The Australian Dollar Against:","Australian Dollar Trade-weighted Index"
"9698","FXRTWI","Trade-weighted Index May 1970 = 100","AUS","AUS",2008-01-08,68.1,"D","Index","Indicative","RBA","Daily","Historical Daily Exchange Rates Of The Australian Dollar Against:","Australian Dollar Trade-weighted Index"
"9699","FXRTWI","Trade-weighted Index May 1970 = 100","AUS","AUS",2008-01-09,68.4,"D","Index","Indicative","RBA","Daily","Historical Daily Exchange Rates Of The Australian Dollar Against:","Australian Dollar Trade-weighted Index"
"9700","FXRTWI","Trade-weighted Index May 1970 = 100","AUS","AUS",2008-01-10,68.6,"D","Index","Indicative","RBA","Daily","Historical Daily Exchange Rates Of The Australian Dollar Against:","Australian Dollar Trade-weighted Index"
"9701","FXRTWI","Trade-weighted Index May 1970 = 100","AUS","AUS",2008-01-11,69.3,"D","Index","Indicative","RBA","Daily","Historical Daily Exchange Rates Of The Australian Dollar Against:","Australian Dollar Trade-weighted Index"
"9702","FXRTWI","Trade-weighted Index May 1970 = 100","AUS","AUS",2008-01-14,69.2,"D","Index","Indicative","RBA","Daily","Historical Daily Exchange Rates Of The Australian Dollar Against:","Australian Dollar Trade-weighted Index"
"9703","FXRTWI","Trade-weighted Index May 1970 = 100","AUS","AUS",2008-01-15,69.4,"D","Index","Indicative","RBA","Daily","Historical Daily Exchange Rates Of The Australian Dollar Against:","Australian Dollar Trade-weighted Index"
"9704","FXRTWI","Trade-weighted Index May 1970 = 100","AUS","AUS",2008-01-16,68.1,"D","Index","Indicative","RBA","Daily","Historical Daily Exchange Rates Of The Australian Dollar Against:","Australian Dollar Trade-weighted Index"
"9705","FXRTWI","Trade-weighted Index May 1970 = 100","AUS","AUS",2008-01-17,68.1,"D","Index","Indicative","RBA","Daily","Historical Daily Exchange Rates Of The Australian Dollar Against:","Australian Dollar Trade-weighted Index"
"9706","FXRTWI","Trade-weighted Index May 1970 = 100","AUS","AUS",2008-01-18,67.9,"D","Index","Indicative","RBA","Daily","Historical Daily Exchange Rates Of The Australian Dollar Against:","Australian Dollar Trade-weighted Index"
"9707","FXRTWI","Trade-weighted Index May 1970 = 100","AUS","AUS",2008-01-21,68,"D","Index","Indicative","RBA","Daily","Historical Daily Exchange Rates Of The Australian Dollar Against:","Australian Dollar Trade-weighted Index"
"9708","FXRTWI","Trade-weighted Index May 1970 = 100","AUS","AUS",2008-01-22,66.8,"D","Index","Indicative","RBA","Daily","Historical Daily Exchange Rates Of The Australian Dollar Against:","Australian Dollar Trade-weighted Index"
"9709","FXRTWI","Trade-weighted Index May 1970 = 100","AUS","AUS",2008-01-23,66.9,"D","Index","Indicative","RBA","Daily","Historical Daily Exchange Rates Of The Australian Dollar Against:","Australian Dollar Trade-weighted Index"
"9710","FXRTWI","Trade-weighted Index May 1970 = 100","AUS","AUS",2008-01-24,67.7,"D","Index","Indicative","RBA","Daily","Historical Daily Exchange Rates Of The Australian Dollar Against:","Australian Dollar Trade-weighted Index"
"9711","FXRTWI","Trade-weighted Index May 1970 = 100","AUS","AUS",2008-01-25,68.3,"D","Index","Indicative","RBA","Daily","Historical Daily Exchange Rates Of The Australian Dollar Against:","Australian Dollar Trade-weighted Index"
"9712","FXRTWI","Trade-weighted Index May 1970 = 100","AUS","AUS",2008-01-29,68.3,"D","Index","Indicative","RBA","Daily","Historical Daily Exchange Rates Of The Australian Dollar Against:","Australian Dollar Trade-weighted Index"
"9713","FXRTWI","Trade-weighted Index May 1970 = 100","AUS","AUS",2008-01-30,68.4,"D","Index","Indicative","RBA","Daily","Historical Daily Exchange Rates Of The Australian Dollar Against:","Australian Dollar Trade-weighted Index"
"9714","DLCACS","Credit; Total; Seasonally adjusted","AUS","AUS",2008-01-31,1786.263,"M","$ billion","Seasonally Adjusted","RBA","Monthly","D2 Lending And Credit Aggregates","Credit; Total; Seasonally adjusted – Includes securitisations – For series breaks see Series Breaks"
"9715","FIRMMCRT","Cash Rate Target","AUS","AUS",2008-01-31,6.74983028118845,"M","Per cent","Original","RBA","Monthly","F1.1 Interest Rates And Yields - Money Market","Cash Rate Target; monthly average"
"9716","FXRTWI","Trade-weighted Index May 1970 = 100","AUS","AUS",2008-01-31,68.3,"D","Index","Indicative","RBA","Daily","Historical Daily Exchange Rates Of The Australian Dollar Against:","Australian Dollar Trade-weighted Index"
"9717","FXRTWI","Trade-weighted Index May 1970 = 100","AUS","AUS",2008-01-31,68.3,"M","Index","Indicative","RBA","Monthly","F11 Exchange Rates","Australian Dollar Trade-weighted Index"
"9718","GRCPAISDR","Commodity prices – SDR","AUS","AUS",2008-01-31,59.3264722497531,"M","Index, 2023/24=100","Original","RBA","Monthly","I2 Commodity Prices","Index of commodity prices; All items; SDR"
"9719","A2718577A","Credits, Total goods ;","AUS","AUS",2008-02-01,14716,"M","$ Millions","Seasonally Adjusted",NA,"Monthly","TABLE 1. GOODS, Summary: Seasonally adjusted and trend estimates, Current prices",NA
"9720","A2718594C","Balance on goods ;","AUS","AUS",2008-02-01,-3297,"M","$ Millions","Seasonally Adjusted",NA,"Monthly","TABLE 1. GOODS, Summary: Seasonally adjusted and trend estimates, Current prices",NA
"9721","FXRTWI","Trade-weighted Index May 1970 = 100","AUS","AUS",2008-02-01,68.8,"D","Index","Indicative","RBA","Daily","Historical Daily Exchange Rates Of The Australian Dollar Against:","Australian Dollar Trade-weighted Index"
"9722","FXRTWI","Trade-weighted Index May 1970 = 100","AUS","AUS",2008-02-04,69.5,"D","Index","Indicative","RBA","Daily","Historical Daily Exchange Rates Of The Australian Dollar Against:","Australian Dollar Trade-weighted Index"
"9723","FXRTWI","Trade-weighted Index May 1970 = 100","AUS","AUS",2008-02-05,69.7,"D","Index","Indicative","RBA","Daily","Historical Daily Exchange Rates Of The Australian Dollar Against:","Australian Dollar Trade-weighted Index"
"9724","FXRTWI","Trade-weighted Index May 1970 = 100","AUS","AUS",2008-02-06,69.1,"D","Index","Indicative","RBA","Daily","Historical Daily Exchange Rates Of The Australian Dollar Against:","Australian Dollar Trade-weighted Index"
"9725","FXRTWI","Trade-weighted Index May 1970 = 100","AUS","AUS",2008-02-07,68.8,"D","Index","Indicative","RBA","Daily","Historical Daily Exchange Rates Of The Australian Dollar Against:","Australian Dollar Trade-weighted Index"
"9726","FXRTWI","Trade-weighted Index May 1970 = 100","AUS","AUS",2008-02-08,69.2,"D","Index","Indicative","RBA","Daily","Historical Daily Exchange Rates Of The Australian Dollar Against:","Australian Dollar Trade-weighted Index"
"9727","FXRTWI","Trade-weighted Index May 1970 = 100","AUS","AUS",2008-02-11,69.7,"D","Index","Indicative","RBA","Daily","Historical Daily Exchange Rates Of The Australian Dollar Against:","Australian Dollar Trade-weighted Index"
"9728","FXRTWI","Trade-weighted Index May 1970 = 100","AUS","AUS",2008-02-12,69.8,"D","Index","Indicative","RBA","Daily","Historical Daily Exchange Rates Of The Australian Dollar Against:","Australian Dollar Trade-weighted Index"
"9729","FXRTWI","Trade-weighted Index May 1970 = 100","AUS","AUS",2008-02-13,69.7,"D","Index","Indicative","RBA","Daily","Historical Daily Exchange Rates Of The Australian Dollar Against:","Australian Dollar Trade-weighted Index"
"9730","FXRTWI","Trade-weighted Index May 1970 = 100","AUS","AUS",2008-02-14,69.8,"D","Index","Indicative","RBA","Daily","Historical Daily Exchange Rates Of The Australian Dollar Against:","Australian Dollar Trade-weighted Index"
"9731","FXRTWI","Trade-weighted Index May 1970 = 100","AUS","AUS",2008-02-15,69.8,"D","Index","Indicative","RBA","Daily","Historical Daily Exchange Rates Of The Australian Dollar Against:","Australian Dollar Trade-weighted Index"
"9732","FXRTWI","Trade-weighted Index May 1970 = 100","AUS","AUS",2008-02-18,70.3,"D","Index","Indicative","RBA","Daily","Historical Daily Exchange Rates Of The Australian Dollar Against:","Australian Dollar Trade-weighted Index"
"9733","FXRTWI","Trade-weighted Index May 1970 = 100","AUS","AUS",2008-02-19,70.9,"D","Index","Indicative","RBA","Daily","Historical Daily Exchange Rates Of The Australian Dollar Against:","Australian Dollar Trade-weighted Index"
"9734","FXRTWI","Trade-weighted Index May 1970 = 100","AUS","AUS",2008-02-20,70.5,"D","Index","Indicative","RBA","Daily","Historical Daily Exchange Rates Of The Australian Dollar Against:","Australian Dollar Trade-weighted Index"
"9735","FXRTWI","Trade-weighted Index May 1970 = 100","AUS","AUS",2008-02-21,70.8,"D","Index","Indicative","RBA","Daily","Historical Daily Exchange Rates Of The Australian Dollar Against:","Australian Dollar Trade-weighted Index"
"9736","FXRTWI","Trade-weighted Index May 1970 = 100","AUS","AUS",2008-02-22,70.7,"D","Index","Indicative","RBA","Daily","Historical Daily Exchange Rates Of The Australian Dollar Against:","Australian Dollar Trade-weighted Index"
"9737","FXRTWI","Trade-weighted Index May 1970 = 100","AUS","AUS",2008-02-25,70.9,"D","Index","Indicative","RBA","Daily","Historical Daily Exchange Rates Of The Australian Dollar Against:","Australian Dollar Trade-weighted Index"
"9738","FXRTWI","Trade-weighted Index May 1970 = 100","AUS","AUS",2008-02-26,71.3,"D","Index","Indicative","RBA","Daily","Historical Daily Exchange Rates Of The Australian Dollar Against:","Australian Dollar Trade-weighted Index"
"9739","FXRTWI","Trade-weighted Index May 1970 = 100","AUS","AUS",2008-02-27,71.4,"D","Index","Indicative","RBA","Daily","Historical Daily Exchange Rates Of The Australian Dollar Against:","Australian Dollar Trade-weighted Index"
"9740","FXRTWI","Trade-weighted Index May 1970 = 100","AUS","AUS",2008-02-28,71.7,"D","Index","Indicative","RBA","Daily","Historical Daily Exchange Rates Of The Australian Dollar Against:","Australian Dollar Trade-weighted Index"
"9741","DLCACS","Credit; Total; Seasonally adjusted","AUS","AUS",2008-02-29,1801.249,"M","$ billion","Seasonally Adjusted","RBA","Monthly","D2 Lending And Credit Aggregates","Credit; Total; Seasonally adjusted – Includes securitisations – For series breaks see Series Breaks"
"9742","FIRMMCRT","Cash Rate Target","AUS","AUS",2008-02-29,6.96427011482852,"M","Per cent","Original","RBA","Monthly","F1.1 Interest Rates And Yields - Money Market","Cash Rate Target; monthly average"
"9743","FXRTWI","Trade-weighted Index May 1970 = 100","AUS","AUS",2008-02-29,71.8,"D","Index","Indicative","RBA","Daily","Historical Daily Exchange Rates Of The Australian Dollar Against:","Australian Dollar Trade-weighted Index"
"9744","FXRTWI","Trade-weighted Index May 1970 = 100","AUS","AUS",2008-02-29,71.8,"M","Index","Indicative","RBA","Monthly","F11 Exchange Rates","Australian Dollar Trade-weighted Index"
"9745","GRCPAISDR","Commodity prices – SDR","AUS","AUS",2008-02-29,62.4376605417606,"M","Index, 2023/24=100","Original","RBA","Monthly","I2 Commodity Prices","Index of commodity prices; All items; SDR"
"9746","A2302956R","South Australia ; STATE FINAL DEMAND ;","SA","SA",2008-03-01,27509,"Q","$ Millions","Seasonally Adjusted",NA,"Quarterly","Table 25. State Final Demand, Summary Components by State: Chain volume measures",NA
"9747","A2302984X","Western Australia ; STATE FINAL DEMAND ;","WA","WA",2008-03-01,50814,"Q","$ Millions","Seasonally Adjusted",NA,"Quarterly","Table 25. State Final Demand, Summary Components by State: Chain volume measures",NA
"9748","A2303012X","Tasmania ; STATE FINAL DEMAND ;","TAS","TAS",2008-03-01,8741,"Q","$ Millions","Seasonally Adjusted",NA,"Quarterly","Table 25. State Final Demand, Summary Components by State: Chain volume measures",NA
"9749","A2303040J","Northern Territory ; STATE FINAL DEMAND ;","NT","NT",2008-03-01,6265,"Q","$ Millions","Seasonally Adjusted",NA,"Quarterly","Table 25. State Final Demand, Summary Components by State: Chain volume measures",NA
"9750","A2303068K","Australian Capital Territory ; STATE FINAL DEMAND ;","ACT","ACT",2008-03-01,11538,"Q","$ Millions","Seasonally Adjusted",NA,"Quarterly","Table 25. State Final Demand, Summary Components by State: Chain volume measures",NA
"9751","A2303111F","New South Wales ; STATE FINAL DEMAND ;","NSW","NSW",2008-03-01,130539,"Q","$ Millions","Seasonally Adjusted",NA,"Quarterly","Table 25. State Final Demand, Summary Components by State: Chain volume measures",NA
"9752","A2303139J","Victoria ; STATE FINAL DEMAND ;","VIC","VIC",2008-03-01,100539,"Q","$ Millions","Seasonally Adjusted",NA,"Quarterly","Table 25. State Final Demand, Summary Components by State: Chain volume measures",NA
"9753","A2303187A","Queensland ; STATE FINAL DEMAND ;","QLD","QLD",2008-03-01,87042,"Q","$ Millions","Seasonally Adjusted",NA,"Quarterly","Table 25. State Final Demand, Summary Components by State: Chain volume measures",NA
"9754","A2304418T","Gross domestic product: Current prices ;","AUS","AUS",2008-03-01,298165,"Q","$ Millions","Seasonally Adjusted",NA,"Quarterly","Table 1. Key National Accounts Aggregates",NA
"9755","A2325846C","Index Numbers ; All groups CPI ; Australia ;","AUS","AUS",2008-03-01,90.3,"Q","Index Numbers","Original",NA,"Quarterly","TABLES 1 and 2. CPI: All Groups, Index Numbers and Percentage Changes",NA
"9756","A2718577A","Credits, Total goods ;","AUS","AUS",2008-03-01,15887,"M","$ Millions","Seasonally Adjusted",NA,"Monthly","TABLE 1. GOODS, Summary: Seasonally adjusted and trend estimates, Current prices",NA
"9757","A2718594C","Balance on goods ;","AUS","AUS",2008-03-01,-2352,"M","$ Millions","Seasonally Adjusted",NA,"Monthly","TABLE 1. GOODS, Summary: Seasonally adjusted and trend estimates, Current prices",NA
"9758","FXRTWI","Trade-weighted Index May 1970 = 100","AUS","AUS",2008-03-03,70.8,"D","Index","Indicative","RBA","Daily","Historical Daily Exchange Rates Of The Australian Dollar Against:","Australian Dollar Trade-weighted Index"
"9759","FXRTWI","Trade-weighted Index May 1970 = 100","AUS","AUS",2008-03-04,70.3,"D","Index","Indicative","RBA","Daily","Historical Daily Exchange Rates Of The Australian Dollar Against:","Australian Dollar Trade-weighted Index"
"9760","FXRTWI","Trade-weighted Index May 1970 = 100","AUS","AUS",2008-03-05,70.2,"D","Index","Indicative","RBA","Daily","Historical Daily Exchange Rates Of The Australian Dollar Against:","Australian Dollar Trade-weighted Index"
"9761","FXRTWI","Trade-weighted Index May 1970 = 100","AUS","AUS",2008-03-06,70.8,"D","Index","Indicative","RBA","Daily","Historical Daily Exchange Rates Of The Australian Dollar Against:","Australian Dollar Trade-weighted Index"
"9762","FXRTWI","Trade-weighted Index May 1970 = 100","AUS","AUS",2008-03-07,70.3,"D","Index","Indicative","RBA","Daily","Historical Daily Exchange Rates Of The Australian Dollar Against:","Australian Dollar Trade-weighted Index"
"9763","FXRTWI","Trade-weighted Index May 1970 = 100","AUS","AUS",2008-03-10,70.2,"D","Index","Indicative","RBA","Daily","Historical Daily Exchange Rates Of The Australian Dollar Against:","Australian Dollar Trade-weighted Index"
"9764","FXRTWI","Trade-weighted Index May 1970 = 100","AUS","AUS",2008-03-11,69.6,"D","Index","Indicative","RBA","Daily","Historical Daily Exchange Rates Of The Australian Dollar Against:","Australian Dollar Trade-weighted Index"
"9765","FXRTWI","Trade-weighted Index May 1970 = 100","AUS","AUS",2008-03-12,70.5,"D","Index","Indicative","RBA","Daily","Historical Daily Exchange Rates Of The Australian Dollar Against:","Australian Dollar Trade-weighted Index"
"9766","FXRTWI","Trade-weighted Index May 1970 = 100","AUS","AUS",2008-03-13,70.4,"D","Index","Indicative","RBA","Daily","Historical Daily Exchange Rates Of The Australian Dollar Against:","Australian Dollar Trade-weighted Index"
"9767","FXRTWI","Trade-weighted Index May 1970 = 100","AUS","AUS",2008-03-14,70.9,"D","Index","Indicative","RBA","Daily","Historical Daily Exchange Rates Of The Australian Dollar Against:","Australian Dollar Trade-weighted Index"
"9768","FXRTWI","Trade-weighted Index May 1970 = 100","AUS","AUS",2008-03-17,69.5,"D","Index","Indicative","RBA","Daily","Historical Daily Exchange Rates Of The Australian Dollar Against:","Australian Dollar Trade-weighted Index"
"9769","FXRTWI","Trade-weighted Index May 1970 = 100","AUS","AUS",2008-03-18,69.1,"D","Index","Indicative","RBA","Daily","Historical Daily Exchange Rates Of The Australian Dollar Against:","Australian Dollar Trade-weighted Index"
"9770","FXRTWI","Trade-weighted Index May 1970 = 100","AUS","AUS",2008-03-19,70,"D","Index","Indicative","RBA","Daily","Historical Daily Exchange Rates Of The Australian Dollar Against:","Australian Dollar Trade-weighted Index"
"9771","FXRTWI","Trade-weighted Index May 1970 = 100","AUS","AUS",2008-03-20,68.9,"D","Index","Indicative","RBA","Daily","Historical Daily Exchange Rates Of The Australian Dollar Against:","Australian Dollar Trade-weighted Index"
"9772","FXRTWI","Trade-weighted Index May 1970 = 100","AUS","AUS",2008-03-25,68.6,"D","Index","Indicative","RBA","Daily","Historical Daily Exchange Rates Of The Australian Dollar Against:","Australian Dollar Trade-weighted Index"
"9773","FXRTWI","Trade-weighted Index May 1970 = 100","AUS","AUS",2008-03-26,68.8,"D","Index","Indicative","RBA","Daily","Historical Daily Exchange Rates Of The Australian Dollar Against:","Australian Dollar Trade-weighted Index"
"9774","FXRTWI","Trade-weighted Index May 1970 = 100","AUS","AUS",2008-03-27,68.9,"D","Index","Indicative","RBA","Daily","Historical Daily Exchange Rates Of The Australian Dollar Against:","Australian Dollar Trade-weighted Index"
"9775","FXRTWI","Trade-weighted Index May 1970 = 100","AUS","AUS",2008-03-28,69.2,"D","Index","Indicative","RBA","Daily","Historical Daily Exchange Rates Of The Australian Dollar Against:","Australian Dollar Trade-weighted Index"
"9776","DLCACS","Credit; Total; Seasonally adjusted","AUS","AUS",2008-03-31,1815.723,"M","$ billion","Seasonally Adjusted","RBA","Monthly","D2 Lending And Credit Aggregates","Credit; Total; Seasonally adjusted – Includes securitisations – For series breaks see Series Breaks"
"9777","FIRMMCRT","Cash Rate Target","AUS","AUS",2008-03-31,7.22372393700068,"M","Per cent","Original","RBA","Monthly","F1.1 Interest Rates And Yields - Money Market","Cash Rate Target; monthly average"
"9778","FXRTWI","Trade-weighted Index May 1970 = 100","AUS","AUS",2008-03-31,68.9,"D","Index","Indicative","RBA","Daily","Historical Daily Exchange Rates Of The Australian Dollar Against:","Australian Dollar Trade-weighted Index"
"9779","FXRTWI","Trade-weighted Index May 1970 = 100","AUS","AUS",2008-03-31,68.9,"M","Index","Indicative","RBA","Monthly","F11 Exchange Rates","Australian Dollar Trade-weighted Index"
"9780","GCPIOCPMTMQP","Quarterly trimmed mean inflation","AUS","AUS",2008-03-31,1.1,"Q","Per cent","Seasonally Adjusted","ABS","Quarterly","G1 Consumer Price Inflation","Consumer price index; Trimmed mean; Quarterly change (in per cent)"
"9781","GRCPAISDR","Commodity prices – SDR","AUS","AUS",2008-03-31,64.2038497413405,"M","Index, 2023/24=100","Original","RBA","Monthly","I2 Commodity Prices","Index of commodity prices; All items; SDR"
"9782","A2718577A","Credits, Total goods ;","AUS","AUS",2008-04-01,17145,"M","$ Millions","Seasonally Adjusted",NA,"Monthly","TABLE 1. GOODS, Summary: Seasonally adjusted and trend estimates, Current prices",NA
"9783","A2718594C","Balance on goods ;","AUS","AUS",2008-04-01,-1049,"M","$ Millions","Seasonally Adjusted",NA,"Monthly","TABLE 1. GOODS, Summary: Seasonally adjusted and trend estimates, Current prices",NA
"9784","FXRTWI","Trade-weighted Index May 1970 = 100","AUS","AUS",2008-04-01,68.3,"D","Index","Indicative","RBA","Daily","Historical Daily Exchange Rates Of The Australian Dollar Against:","Australian Dollar Trade-weighted Index"
"9785","FXRTWI","Trade-weighted Index May 1970 = 100","AUS","AUS",2008-04-02,68.5,"D","Index","Indicative","RBA","Daily","Historical Daily Exchange Rates Of The Australian Dollar Against:","Australian Dollar Trade-weighted Index"
"9786","FXRTWI","Trade-weighted Index May 1970 = 100","AUS","AUS",2008-04-03,69,"D","Index","Indicative","RBA","Daily","Historical Daily Exchange Rates Of The Australian Dollar Against:","Australian Dollar Trade-weighted Index"
"9787","FXRTWI","Trade-weighted Index May 1970 = 100","AUS","AUS",2008-04-04,68.8,"D","Index","Indicative","RBA","Daily","Historical Daily Exchange Rates Of The Australian Dollar Against:","Australian Dollar Trade-weighted Index"
"9788","FXRTWI","Trade-weighted Index May 1970 = 100","AUS","AUS",2008-04-07,69.4,"D","Index","Indicative","RBA","Daily","Historical Daily Exchange Rates Of The Australian Dollar Against:","Australian Dollar Trade-weighted Index"
"9789","FXRTWI","Trade-weighted Index May 1970 = 100","AUS","AUS",2008-04-08,69.8,"D","Index","Indicative","RBA","Daily","Historical Daily Exchange Rates Of The Australian Dollar Against:","Australian Dollar Trade-weighted Index"
"9790","FXRTWI","Trade-weighted Index May 1970 = 100","AUS","AUS",2008-04-09,70.1,"D","Index","Indicative","RBA","Daily","Historical Daily Exchange Rates Of The Australian Dollar Against:","Australian Dollar Trade-weighted Index"
"9791","FXRTWI","Trade-weighted Index May 1970 = 100","AUS","AUS",2008-04-10,69.8,"D","Index","Indicative","RBA","Daily","Historical Daily Exchange Rates Of The Australian Dollar Against:","Australian Dollar Trade-weighted Index"
"9792","FXRTWI","Trade-weighted Index May 1970 = 100","AUS","AUS",2008-04-11,70,"D","Index","Indicative","RBA","Daily","Historical Daily Exchange Rates Of The Australian Dollar Against:","Australian Dollar Trade-weighted Index"
"9793","FXRTWI","Trade-weighted Index May 1970 = 100","AUS","AUS",2008-04-14,69.3,"D","Index","Indicative","RBA","Daily","Historical Daily Exchange Rates Of The Australian Dollar Against:","Australian Dollar Trade-weighted Index"
"9794","FXRTWI","Trade-weighted Index May 1970 = 100","AUS","AUS",2008-04-15,69.8,"D","Index","Indicative","RBA","Daily","Historical Daily Exchange Rates Of The Australian Dollar Against:","Australian Dollar Trade-weighted Index"
"9795","FXRTWI","Trade-weighted Index May 1970 = 100","AUS","AUS",2008-04-16,69.7,"D","Index","Indicative","RBA","Daily","Historical Daily Exchange Rates Of The Australian Dollar Against:","Australian Dollar Trade-weighted Index"
"9796","FXRTWI","Trade-weighted Index May 1970 = 100","AUS","AUS",2008-04-17,70.4,"D","Index","Indicative","RBA","Daily","Historical Daily Exchange Rates Of The Australian Dollar Against:","Australian Dollar Trade-weighted Index"
"9797","FXRTWI","Trade-weighted Index May 1970 = 100","AUS","AUS",2008-04-18,70.5,"D","Index","Indicative","RBA","Daily","Historical Daily Exchange Rates Of The Australian Dollar Against:","Australian Dollar Trade-weighted Index"
"9798","FXRTWI","Trade-weighted Index May 1970 = 100","AUS","AUS",2008-04-21,70.8,"D","Index","Indicative","RBA","Daily","Historical Daily Exchange Rates Of The Australian Dollar Against:","Australian Dollar Trade-weighted Index"
"9799","FXRTWI","Trade-weighted Index May 1970 = 100","AUS","AUS",2008-04-22,70.8,"D","Index","Indicative","RBA","Daily","Historical Daily Exchange Rates Of The Australian Dollar Against:","Australian Dollar Trade-weighted Index"
"9800","FXRTWI","Trade-weighted Index May 1970 = 100","AUS","AUS",2008-04-23,71.3,"D","Index","Indicative","RBA","Daily","Historical Daily Exchange Rates Of The Australian Dollar Against:","Australian Dollar Trade-weighted Index"
"9801","FXRTWI","Trade-weighted Index May 1970 = 100","AUS","AUS",2008-04-24,71.3,"D","Index","Indicative","RBA","Daily","Historical Daily Exchange Rates Of The Australian Dollar Against:","Australian Dollar Trade-weighted Index"
"9802","FXRTWI","Trade-weighted Index May 1970 = 100","AUS","AUS",2008-04-28,70.9,"D","Index","Indicative","RBA","Daily","Historical Daily Exchange Rates Of The Australian Dollar Against:","Australian Dollar Trade-weighted Index"
"9803","FXRTWI","Trade-weighted Index May 1970 = 100","AUS","AUS",2008-04-29,70.8,"D","Index","Indicative","RBA","Daily","Historical Daily Exchange Rates Of The Australian Dollar Against:","Australian Dollar Trade-weighted Index"
"9804","DLCACS","Credit; Total; Seasonally adjusted","AUS","AUS",2008-04-30,1827.335,"M","$ billion","Seasonally Adjusted","RBA","Monthly","D2 Lending And Credit Aggregates","Credit; Total; Seasonally adjusted – Includes securitisations – For series breaks see Series Breaks"
"9805","FIRMMCRT","Cash Rate Target","AUS","AUS",2008-04-30,7.24971226147769,"M","Per cent","Original","RBA","Monthly","F1.1 Interest Rates And Yields - Money Market","Cash Rate Target; monthly average"
"9806","FXRTWI","Trade-weighted Index May 1970 = 100","AUS","AUS",2008-04-30,70.7,"D","Index","Indicative","RBA","Daily","Historical Daily Exchange Rates Of The Australian Dollar Against:","Australian Dollar Trade-weighted Index"
"9807","FXRTWI","Trade-weighted Index May 1970 = 100","AUS","AUS",2008-04-30,70.7,"M","Index","Indicative","RBA","Monthly","F11 Exchange Rates","Australian Dollar Trade-weighted Index"
"9808","GRCPAISDR","Commodity prices – SDR","AUS","AUS",2008-04-30,68.9572433498226,"M","Index, 2023/24=100","Original","RBA","Monthly","I2 Commodity Prices","Index of commodity prices; All items; SDR"
"9809","A2718577A","Credits, Total goods ;","AUS","AUS",2008-05-01,17421,"M","$ Millions","Seasonally Adjusted",NA,"Monthly","TABLE 1. GOODS, Summary: Seasonally adjusted and trend estimates, Current prices",NA
"9810","A2718594C","Balance on goods ;","AUS","AUS",2008-05-01,-1644,"M","$ Millions","Seasonally Adjusted",NA,"Monthly","TABLE 1. GOODS, Summary: Seasonally adjusted and trend estimates, Current prices",NA
"9811","FXRTWI","Trade-weighted Index May 1970 = 100","AUS","AUS",2008-05-01,70.9,"D","Index","Indicative","RBA","Daily","Historical Daily Exchange Rates Of The Australian Dollar Against:","Australian Dollar Trade-weighted Index"
"9812","FXRTWI","Trade-weighted Index May 1970 = 100","AUS","AUS",2008-05-02,70.8,"D","Index","Indicative","RBA","Daily","Historical Daily Exchange Rates Of The Australian Dollar Against:","Australian Dollar Trade-weighted Index"
"9813","FXRTWI","Trade-weighted Index May 1970 = 100","AUS","AUS",2008-05-05,71.5,"D","Index","Indicative","RBA","Daily","Historical Daily Exchange Rates Of The Australian Dollar Against:","Australian Dollar Trade-weighted Index"
"9814","FXRTWI","Trade-weighted Index May 1970 = 100","AUS","AUS",2008-05-06,71.7,"D","Index","Indicative","RBA","Daily","Historical Daily Exchange Rates Of The Australian Dollar Against:","Australian Dollar Trade-weighted Index"
"9815","FXRTWI","Trade-weighted Index May 1970 = 100","AUS","AUS",2008-05-07,71.9,"D","Index","Indicative","RBA","Daily","Historical Daily Exchange Rates Of The Australian Dollar Against:","Australian Dollar Trade-weighted Index"
"9816","FXRTWI","Trade-weighted Index May 1970 = 100","AUS","AUS",2008-05-08,71.9,"D","Index","Indicative","RBA","Daily","Historical Daily Exchange Rates Of The Australian Dollar Against:","Australian Dollar Trade-weighted Index"
"9817","FXRTWI","Trade-weighted Index May 1970 = 100","AUS","AUS",2008-05-09,71.7,"D","Index","Indicative","RBA","Daily","Historical Daily Exchange Rates Of The Australian Dollar Against:","Australian Dollar Trade-weighted Index"
"9818","FXRTWI","Trade-weighted Index May 1970 = 100","AUS","AUS",2008-05-12,71.5,"D","Index","Indicative","RBA","Daily","Historical Daily Exchange Rates Of The Australian Dollar Against:","Australian Dollar Trade-weighted Index"
"9819","FXRTWI","Trade-weighted Index May 1970 = 100","AUS","AUS",2008-05-13,72.1,"D","Index","Indicative","RBA","Daily","Historical Daily Exchange Rates Of The Australian Dollar Against:","Australian Dollar Trade-weighted Index"
"9820","FXRTWI","Trade-weighted Index May 1970 = 100","AUS","AUS",2008-05-14,71.8,"D","Index","Indicative","RBA","Daily","Historical Daily Exchange Rates Of The Australian Dollar Against:","Australian Dollar Trade-weighted Index"
"9821","FXRTWI","Trade-weighted Index May 1970 = 100","AUS","AUS",2008-05-15,71.5,"D","Index","Indicative","RBA","Daily","Historical Daily Exchange Rates Of The Australian Dollar Against:","Australian Dollar Trade-weighted Index"
"9822","FXRTWI","Trade-weighted Index May 1970 = 100","AUS","AUS",2008-05-16,72.2,"D","Index","Indicative","RBA","Daily","Historical Daily Exchange Rates Of The Australian Dollar Against:","Australian Dollar Trade-weighted Index"
"9823","FXRTWI","Trade-weighted Index May 1970 = 100","AUS","AUS",2008-05-19,72.8,"D","Index","Indicative","RBA","Daily","Historical Daily Exchange Rates Of The Australian Dollar Against:","Australian Dollar Trade-weighted Index"
"9824","FXRTWI","Trade-weighted Index May 1970 = 100","AUS","AUS",2008-05-20,73.1,"D","Index","Indicative","RBA","Daily","Historical Daily Exchange Rates Of The Australian Dollar Against:","Australian Dollar Trade-weighted Index"
"9825","FXRTWI","Trade-weighted Index May 1970 = 100","AUS","AUS",2008-05-21,72.8,"D","Index","Indicative","RBA","Daily","Historical Daily Exchange Rates Of The Australian Dollar Against:","Australian Dollar Trade-weighted Index"
"9826","FXRTWI","Trade-weighted Index May 1970 = 100","AUS","AUS",2008-05-22,73.1,"D","Index","Indicative","RBA","Daily","Historical Daily Exchange Rates Of The Australian Dollar Against:","Australian Dollar Trade-weighted Index"
"9827","FXRTWI","Trade-weighted Index May 1970 = 100","AUS","AUS",2008-05-23,72.8,"D","Index","Indicative","RBA","Daily","Historical Daily Exchange Rates Of The Australian Dollar Against:","Australian Dollar Trade-weighted Index"
"9828","FXRTWI","Trade-weighted Index May 1970 = 100","AUS","AUS",2008-05-26,72.9,"D","Index","Indicative","RBA","Daily","Historical Daily Exchange Rates Of The Australian Dollar Against:","Australian Dollar Trade-weighted Index"
"9829","FXRTWI","Trade-weighted Index May 1970 = 100","AUS","AUS",2008-05-27,73,"D","Index","Indicative","RBA","Daily","Historical Daily Exchange Rates Of The Australian Dollar Against:","Australian Dollar Trade-weighted Index"
"9830","FXRTWI","Trade-weighted Index May 1970 = 100","AUS","AUS",2008-05-28,73,"D","Index","Indicative","RBA","Daily","Historical Daily Exchange Rates Of The Australian Dollar Against:","Australian Dollar Trade-weighted Index"
"9831","FXRTWI","Trade-weighted Index May 1970 = 100","AUS","AUS",2008-05-29,73.2,"D","Index","Indicative","RBA","Daily","Historical Daily Exchange Rates Of The Australian Dollar Against:","Australian Dollar Trade-weighted Index"
"9832","FXRTWI","Trade-weighted Index May 1970 = 100","AUS","AUS",2008-05-30,72.8,"D","Index","Indicative","RBA","Daily","Historical Daily Exchange Rates Of The Australian Dollar Against:","Australian Dollar Trade-weighted Index"
"9833","DLCACS","Credit; Total; Seasonally adjusted","AUS","AUS",2008-05-31,1838.215,"M","$ billion","Seasonally Adjusted","RBA","Monthly","D2 Lending And Credit Aggregates","Credit; Total; Seasonally adjusted – Includes securitisations – For series breaks see Series Breaks"
"9834","FIRMMCRT","Cash Rate Target","AUS","AUS",2008-05-31,7.24997447224859,"M","Per cent","Original","RBA","Monthly","F1.1 Interest Rates And Yields - Money Market","Cash Rate Target; monthly average"
"9835","FXRTWI","Trade-weighted Index May 1970 = 100","AUS","AUS",2008-05-31,72.8,"M","Index","Indicative","RBA","Monthly","F11 Exchange Rates","Australian Dollar Trade-weighted Index"
"9836","GRCPAISDR","Commodity prices – SDR","AUS","AUS",2008-05-31,73.4000810395524,"M","Index, 2023/24=100","Original","RBA","Monthly","I2 Commodity Prices","Index of commodity prices; All items; SDR"
"9837","A2302956R","South Australia ; STATE FINAL DEMAND ;","SA","SA",2008-06-01,28073,"Q","$ Millions","Seasonally Adjusted",NA,"Quarterly","Table 25. State Final Demand, Summary Components by State: Chain volume measures",NA
"9838","A2302984X","Western Australia ; STATE FINAL DEMAND ;","WA","WA",2008-06-01,51524,"Q","$ Millions","Seasonally Adjusted",NA,"Quarterly","Table 25. State Final Demand, Summary Components by State: Chain volume measures",NA
"9839","A2303012X","Tasmania ; STATE FINAL DEMAND ;","TAS","TAS",2008-06-01,9017,"Q","$ Millions","Seasonally Adjusted",NA,"Quarterly","Table 25. State Final Demand, Summary Components by State: Chain volume measures",NA
"9840","A2303040J","Northern Territory ; STATE FINAL DEMAND ;","NT","NT",2008-06-01,6539,"Q","$ Millions","Seasonally Adjusted",NA,"Quarterly","Table 25. State Final Demand, Summary Components by State: Chain volume measures",NA
"9841","A2303068K","Australian Capital Territory ; STATE FINAL DEMAND ;","ACT","ACT",2008-06-01,11529,"Q","$ Millions","Seasonally Adjusted",NA,"Quarterly","Table 25. State Final Demand, Summary Components by State: Chain volume measures",NA
"9842","A2303111F","New South Wales ; STATE FINAL DEMAND ;","NSW","NSW",2008-06-01,132470,"Q","$ Millions","Seasonally Adjusted",NA,"Quarterly","Table 25. State Final Demand, Summary Components by State: Chain volume measures",NA
"9843","A2303139J","Victoria ; STATE FINAL DEMAND ;","VIC","VIC",2008-06-01,100362,"Q","$ Millions","Seasonally Adjusted",NA,"Quarterly","Table 25. State Final Demand, Summary Components by State: Chain volume measures",NA
"9844","A2303187A","Queensland ; STATE FINAL DEMAND ;","QLD","QLD",2008-06-01,87534,"Q","$ Millions","Seasonally Adjusted",NA,"Quarterly","Table 25. State Final Demand, Summary Components by State: Chain volume measures",NA
"9845","A2304418T","Gross domestic product: Current prices ;","AUS","AUS",2008-06-01,305806,"Q","$ Millions","Seasonally Adjusted",NA,"Quarterly","Table 1. Key National Accounts Aggregates",NA
"9846","A2325846C","Index Numbers ; All groups CPI ; Australia ;","AUS","AUS",2008-06-01,91.6,"Q","Index Numbers","Original",NA,"Quarterly","TABLES 1 and 2. CPI: All Groups, Index Numbers and Percentage Changes",NA
"9847","A2336320R","New South Wales ; Gross state product: Current prices ;","NSW","NSW",2008-06-01,377204,"Annual","$ Millions","Original",NA,"Annual","Table 1. Gross State Product, Chain volume measures and current prices",NA
"9848","A2336321T","Victoria ; Gross state product: Current prices ;","VIC","VIC",2008-06-01,285032,"Annual","$ Millions","Original",NA,"Annual","Table 1. Gross State Product, Chain volume measures and current prices",NA
"9849","A2336322V","Queensland ; Gross state product: Current prices ;","QLD","QLD",2008-06-01,221018,"Annual","$ Millions","Original",NA,"Annual","Table 1. Gross State Product, Chain volume measures and current prices",NA
"9850","A2336323W","South Australia ; Gross state product: Current prices ;","SA","SA",2008-06-01,76638,"Annual","$ Millions","Original",NA,"Annual","Table 1. Gross State Product, Chain volume measures and current prices",NA
"9851","A2336324X","Western Australia ; Gross state product: Current prices ;","WA","WA",2008-06-01,160735,"Annual","$ Millions","Original",NA,"Annual","Table 1. Gross State Product, Chain volume measures and current prices",NA
"9852","A2336325A","Tasmania ; Gross state product: Current prices ;","TAS","TAS",2008-06-01,21222,"Annual","$ Millions","Original",NA,"Annual","Table 1. Gross State Product, Chain volume measures and current prices",NA
"9853","A2336326C","Northern Territory ; Gross state product: Current prices ;","NT","NT",2008-06-01,15410,"Annual","$ Millions","Original",NA,"Annual","Table 1. Gross State Product, Chain volume measures and current prices",NA
"9854","A2336327F","Australian Capital Territory ; Gross state product: Current prices ;","ACT","ACT",2008-06-01,22369,"Annual","$ Millions","Original",NA,"Annual","Table 1. Gross State Product, Chain volume measures and current prices",NA
"9855","A2718577A","Credits, Total goods ;","AUS","AUS",2008-06-01,17938,"M","$ Millions","Seasonally Adjusted",NA,"Monthly","TABLE 1. GOODS, Summary: Seasonally adjusted and trend estimates, Current prices",NA
"9856","A2718594C","Balance on goods ;","AUS","AUS",2008-06-01,-1217,"M","$ Millions","Seasonally Adjusted",NA,"Monthly","TABLE 1. GOODS, Summary: Seasonally adjusted and trend estimates, Current prices",NA
"9857","FXRTWI","Trade-weighted Index May 1970 = 100","AUS","AUS",2008-06-02,72.5,"D","Index","Indicative","RBA","Daily","Historical Daily Exchange Rates Of The Australian Dollar Against:","Australian Dollar Trade-weighted Index"
"9858","FXRTWI","Trade-weighted Index May 1970 = 100","AUS","AUS",2008-06-03,72.6,"D","Index","Indicative","RBA","Daily","Historical Daily Exchange Rates Of The Australian Dollar Against:","Australian Dollar Trade-weighted Index"
"9859","FXRTWI","Trade-weighted Index May 1970 = 100","AUS","AUS",2008-06-04,72.9,"D","Index","Indicative","RBA","Daily","Historical Daily Exchange Rates Of The Australian Dollar Against:","Australian Dollar Trade-weighted Index"
"9860","FXRTWI","Trade-weighted Index May 1970 = 100","AUS","AUS",2008-06-05,73,"D","Index","Indicative","RBA","Daily","Historical Daily Exchange Rates Of The Australian Dollar Against:","Australian Dollar Trade-weighted Index"
"9861","FXRTWI","Trade-weighted Index May 1970 = 100","AUS","AUS",2008-06-06,73.3,"D","Index","Indicative","RBA","Daily","Historical Daily Exchange Rates Of The Australian Dollar Against:","Australian Dollar Trade-weighted Index"
"9862","FXRTWI","Trade-weighted Index May 1970 = 100","AUS","AUS",2008-06-10,72.6,"D","Index","Indicative","RBA","Daily","Historical Daily Exchange Rates Of The Australian Dollar Against:","Australian Dollar Trade-weighted Index"
"9863","FXRTWI","Trade-weighted Index May 1970 = 100","AUS","AUS",2008-06-11,72.6,"D","Index","Indicative","RBA","Daily","Historical Daily Exchange Rates Of The Australian Dollar Against:","Australian Dollar Trade-weighted Index"
"9864","FXRTWI","Trade-weighted Index May 1970 = 100","AUS","AUS",2008-06-12,72,"D","Index","Indicative","RBA","Daily","Historical Daily Exchange Rates Of The Australian Dollar Against:","Australian Dollar Trade-weighted Index"
"9865","FXRTWI","Trade-weighted Index May 1970 = 100","AUS","AUS",2008-06-13,72.3,"D","Index","Indicative","RBA","Daily","Historical Daily Exchange Rates Of The Australian Dollar Against:","Australian Dollar Trade-weighted Index"
"9866","FXRTWI","Trade-weighted Index May 1970 = 100","AUS","AUS",2008-06-16,72.4,"D","Index","Indicative","RBA","Daily","Historical Daily Exchange Rates Of The Australian Dollar Against:","Australian Dollar Trade-weighted Index"
"9867","FXRTWI","Trade-weighted Index May 1970 = 100","AUS","AUS",2008-06-17,72.3,"D","Index","Indicative","RBA","Daily","Historical Daily Exchange Rates Of The Australian Dollar Against:","Australian Dollar Trade-weighted Index"
"9868","FXRTWI","Trade-weighted Index May 1970 = 100","AUS","AUS",2008-06-18,72.3,"D","Index","Indicative","RBA","Daily","Historical Daily Exchange Rates Of The Australian Dollar Against:","Australian Dollar Trade-weighted Index"
"9869","FXRTWI","Trade-weighted Index May 1970 = 100","AUS","AUS",2008-06-19,72.6,"D","Index","Indicative","RBA","Daily","Historical Daily Exchange Rates Of The Australian Dollar Against:","Australian Dollar Trade-weighted Index"
"9870","FXRTWI","Trade-weighted Index May 1970 = 100","AUS","AUS",2008-06-20,73,"D","Index","Indicative","RBA","Daily","Historical Daily Exchange Rates Of The Australian Dollar Against:","Australian Dollar Trade-weighted Index"
"9871","FXRTWI","Trade-weighted Index May 1970 = 100","AUS","AUS",2008-06-23,73.1,"D","Index","Indicative","RBA","Daily","Historical Daily Exchange Rates Of The Australian Dollar Against:","Australian Dollar Trade-weighted Index"
"9872","FXRTWI","Trade-weighted Index May 1970 = 100","AUS","AUS",2008-06-24,73.1,"D","Index","Indicative","RBA","Daily","Historical Daily Exchange Rates Of The Australian Dollar Against:","Australian Dollar Trade-weighted Index"
"9873","FXRTWI","Trade-weighted Index May 1970 = 100","AUS","AUS",2008-06-25,73.4,"D","Index","Indicative","RBA","Daily","Historical Daily Exchange Rates Of The Australian Dollar Against:","Australian Dollar Trade-weighted Index"
"9874","FXRTWI","Trade-weighted Index May 1970 = 100","AUS","AUS",2008-06-26,73.4,"D","Index","Indicative","RBA","Daily","Historical Daily Exchange Rates Of The Australian Dollar Against:","Australian Dollar Trade-weighted Index"
"9875","FXRTWI","Trade-weighted Index May 1970 = 100","AUS","AUS",2008-06-27,73.4,"D","Index","Indicative","RBA","Daily","Historical Daily Exchange Rates Of The Australian Dollar Against:","Australian Dollar Trade-weighted Index"
"9876","DLCACS","Credit; Total; Seasonally adjusted","AUS","AUS",2008-06-30,1851.568,"M","$ billion","Seasonally Adjusted","RBA","Monthly","D2 Lending And Credit Aggregates","Credit; Total; Seasonally adjusted – Includes securitisations – For series breaks see Series Breaks"
"9877","FIRMMCRT","Cash Rate Target","AUS","AUS",2008-06-30,7.24998741601592,"M","Per cent","Original","RBA","Monthly","F1.1 Interest Rates And Yields - Money Market","Cash Rate Target; monthly average"
"9878","FXRTWI","Trade-weighted Index May 1970 = 100","AUS","AUS",2008-06-30,73.4,"D","Index","Indicative","RBA","Daily","Historical Daily Exchange Rates Of The Australian Dollar Against:","Australian Dollar Trade-weighted Index"
"9879","FXRTWI","Trade-weighted Index May 1970 = 100","AUS","AUS",2008-06-30,73.4,"M","Index","Indicative","RBA","Monthly","F11 Exchange Rates","Australian Dollar Trade-weighted Index"
"9880","GCPIOCPMTMQP","Quarterly trimmed mean inflation","AUS","AUS",2008-06-30,1.2,"Q","Per cent","Seasonally Adjusted","ABS","Quarterly","G1 Consumer Price Inflation","Consumer price index; Trimmed mean; Quarterly change (in per cent)"
"9881","GRCPAISDR","Commodity prices – SDR","AUS","AUS",2008-06-30,78.2163647066159,"M","Index, 2023/24=100","Original","RBA","Monthly","I2 Commodity Prices","Index of commodity prices; All items; SDR"
"9882","A2718577A","Credits, Total goods ;","AUS","AUS",2008-07-01,18520,"M","$ Millions","Seasonally Adjusted",NA,"Monthly","TABLE 1. GOODS, Summary: Seasonally adjusted and trend estimates, Current prices",NA
"9883","A2718594C","Balance on goods ;","AUS","AUS",2008-07-01,-998,"M","$ Millions","Seasonally Adjusted",NA,"Monthly","TABLE 1. GOODS, Summary: Seasonally adjusted and trend estimates, Current prices",NA
"9884","FXRTWI","Trade-weighted Index May 1970 = 100","AUS","AUS",2008-07-01,72.9,"D","Index","Indicative","RBA","Daily","Historical Daily Exchange Rates Of The Australian Dollar Against:","Australian Dollar Trade-weighted Index"
"9885","FXRTWI","Trade-weighted Index May 1970 = 100","AUS","AUS",2008-07-02,73.3,"D","Index","Indicative","RBA","Daily","Historical Daily Exchange Rates Of The Australian Dollar Against:","Australian Dollar Trade-weighted Index"
"9886","FXRTWI","Trade-weighted Index May 1970 = 100","AUS","AUS",2008-07-03,73.3,"D","Index","Indicative","RBA","Daily","Historical Daily Exchange Rates Of The Australian Dollar Against:","Australian Dollar Trade-weighted Index"
"9887","FXRTWI","Trade-weighted Index May 1970 = 100","AUS","AUS",2008-07-04,73.6,"D","Index","Indicative","RBA","Daily","Historical Daily Exchange Rates Of The Australian Dollar Against:","Australian Dollar Trade-weighted Index"
"9888","FXRTWI","Trade-weighted Index May 1970 = 100","AUS","AUS",2008-07-07,73.5,"D","Index","Indicative","RBA","Daily","Historical Daily Exchange Rates Of The Australian Dollar Against:","Australian Dollar Trade-weighted Index"
"9889","FXRTWI","Trade-weighted Index May 1970 = 100","AUS","AUS",2008-07-08,73,"D","Index","Indicative","RBA","Daily","Historical Daily Exchange Rates Of The Australian Dollar Against:","Australian Dollar Trade-weighted Index"
"9890","FXRTWI","Trade-weighted Index May 1970 = 100","AUS","AUS",2008-07-09,72.6,"D","Index","Indicative","RBA","Daily","Historical Daily Exchange Rates Of The Australian Dollar Against:","Australian Dollar Trade-weighted Index"
"9891","FXRTWI","Trade-weighted Index May 1970 = 100","AUS","AUS",2008-07-10,73.2,"D","Index","Indicative","RBA","Daily","Historical Daily Exchange Rates Of The Australian Dollar Against:","Australian Dollar Trade-weighted Index"
"9892","FXRTWI","Trade-weighted Index May 1970 = 100","AUS","AUS",2008-07-11,73.1,"D","Index","Indicative","RBA","Daily","Historical Daily Exchange Rates Of The Australian Dollar Against:","Australian Dollar Trade-weighted Index"
"9893","FXRTWI","Trade-weighted Index May 1970 = 100","AUS","AUS",2008-07-14,73.6,"D","Index","Indicative","RBA","Daily","Historical Daily Exchange Rates Of The Australian Dollar Against:","Australian Dollar Trade-weighted Index"
"9894","FXRTWI","Trade-weighted Index May 1970 = 100","AUS","AUS",2008-07-15,73.9,"D","Index","Indicative","RBA","Daily","Historical Daily Exchange Rates Of The Australian Dollar Against:","Australian Dollar Trade-weighted Index"
"9895","FXRTWI","Trade-weighted Index May 1970 = 100","AUS","AUS",2008-07-16,74,"D","Index","Indicative","RBA","Daily","Historical Daily Exchange Rates Of The Australian Dollar Against:","Australian Dollar Trade-weighted Index"
"9896","FXRTWI","Trade-weighted Index May 1970 = 100","AUS","AUS",2008-07-17,74,"D","Index","Indicative","RBA","Daily","Historical Daily Exchange Rates Of The Australian Dollar Against:","Australian Dollar Trade-weighted Index"
"9897","FXRTWI","Trade-weighted Index May 1970 = 100","AUS","AUS",2008-07-18,73.8,"D","Index","Indicative","RBA","Daily","Historical Daily Exchange Rates Of The Australian Dollar Against:","Australian Dollar Trade-weighted Index"
"9898","FXRTWI","Trade-weighted Index May 1970 = 100","AUS","AUS",2008-07-21,74.1,"D","Index","Indicative","RBA","Daily","Historical Daily Exchange Rates Of The Australian Dollar Against:","Australian Dollar Trade-weighted Index"
"9899","FXRTWI","Trade-weighted Index May 1970 = 100","AUS","AUS",2008-07-22,74,"D","Index","Indicative","RBA","Daily","Historical Daily Exchange Rates Of The Australian Dollar Against:","Australian Dollar Trade-weighted Index"
"9900","FXRTWI","Trade-weighted Index May 1970 = 100","AUS","AUS",2008-07-23,73.7,"D","Index","Indicative","RBA","Daily","Historical Daily Exchange Rates Of The Australian Dollar Against:","Australian Dollar Trade-weighted Index"
"9901","FXRTWI","Trade-weighted Index May 1970 = 100","AUS","AUS",2008-07-24,73.1,"D","Index","Indicative","RBA","Daily","Historical Daily Exchange Rates Of The Australian Dollar Against:","Australian Dollar Trade-weighted Index"
"9902","FXRTWI","Trade-weighted Index May 1970 = 100","AUS","AUS",2008-07-25,73,"D","Index","Indicative","RBA","Daily","Historical Daily Exchange Rates Of The Australian Dollar Against:","Australian Dollar Trade-weighted Index"
"9903","FXRTWI","Trade-weighted Index May 1970 = 100","AUS","AUS",2008-07-28,72.8,"D","Index","Indicative","RBA","Daily","Historical Daily Exchange Rates Of The Australian Dollar Against:","Australian Dollar Trade-weighted Index"
"9904","FXRTWI","Trade-weighted Index May 1970 = 100","AUS","AUS",2008-07-29,73.1,"D","Index","Indicative","RBA","Daily","Historical Daily Exchange Rates Of The Australian Dollar Against:","Australian Dollar Trade-weighted Index"
"9905","FXRTWI","Trade-weighted Index May 1970 = 100","AUS","AUS",2008-07-30,72.5,"D","Index","Indicative","RBA","Daily","Historical Daily Exchange Rates Of The Australian Dollar Against:","Australian Dollar Trade-weighted Index"
"9906","DLCACS","Credit; Total; Seasonally adjusted","AUS","AUS",2008-07-31,1859.281,"M","$ billion","Seasonally Adjusted","RBA","Monthly","D2 Lending And Credit Aggregates","Credit; Total; Seasonally adjusted – Includes securitisations – For series breaks see Series Breaks"
"9907","FIRMMCRT","Cash Rate Target","AUS","AUS",2008-07-31,7.25001675398684,"M","Per cent","Original","RBA","Monthly","F1.1 Interest Rates And Yields - Money Market","Cash Rate Target; monthly average"
"9908","FXRTWI","Trade-weighted Index May 1970 = 100","AUS","AUS",2008-07-31,72.2,"D","Index","Indicative","RBA","Daily","Historical Daily Exchange Rates Of The Australian Dollar Against:","Australian Dollar Trade-weighted Index"
"9909","FXRTWI","Trade-weighted Index May 1970 = 100","AUS","AUS",2008-07-31,72.2,"M","Index","Indicative","RBA","Monthly","F11 Exchange Rates","Australian Dollar Trade-weighted Index"
"9910","GRCPAISDR","Commodity prices – SDR","AUS","AUS",2008-07-31,81.6769335220776,"M","Index, 2023/24=100","Original","RBA","Monthly","I2 Commodity Prices","Index of commodity prices; All items; SDR"
"9911","A2718577A","Credits, Total goods ;","AUS","AUS",2008-08-01,19637,"M","$ Millions","Seasonally Adjusted",NA,"Monthly","TABLE 1. GOODS, Summary: Seasonally adjusted and trend estimates, Current prices",NA
"9912","A2718594C","Balance on goods ;","AUS","AUS",2008-08-01,273,"M","$ Millions","Seasonally Adjusted",NA,"Monthly","TABLE 1. GOODS, Summary: Seasonally adjusted and trend estimates, Current prices",NA
"9913","FXRTWI","Trade-weighted Index May 1970 = 100","AUS","AUS",2008-08-01,71.7,"D","Index","Indicative","RBA","Daily","Historical Daily Exchange Rates Of The Australian Dollar Against:","Australian Dollar Trade-weighted Index"
"9914","FXRTWI","Trade-weighted Index May 1970 = 100","AUS","AUS",2008-08-05,70.7,"D","Index","Indicative","RBA","Daily","Historical Daily Exchange Rates Of The Australian Dollar Against:","Australian Dollar Trade-weighted Index"
"9915","FXRTWI","Trade-weighted Index May 1970 = 100","AUS","AUS",2008-08-06,70.5,"D","Index","Indicative","RBA","Daily","Historical Daily Exchange Rates Of The Australian Dollar Against:","Australian Dollar Trade-weighted Index"
"9916","FXRTWI","Trade-weighted Index May 1970 = 100","AUS","AUS",2008-08-07,70.2,"D","Index","Indicative","RBA","Daily","Historical Daily Exchange Rates Of The Australian Dollar Against:","Australian Dollar Trade-weighted Index"
"9917","FXRTWI","Trade-weighted Index May 1970 = 100","AUS","AUS",2008-08-08,69.3,"D","Index","Indicative","RBA","Daily","Historical Daily Exchange Rates Of The Australian Dollar Against:","Australian Dollar Trade-weighted Index"
"9918","FXRTWI","Trade-weighted Index May 1970 = 100","AUS","AUS",2008-08-11,68.9,"D","Index","Indicative","RBA","Daily","Historical Daily Exchange Rates Of The Australian Dollar Against:","Australian Dollar Trade-weighted Index"
"9919","FXRTWI","Trade-weighted Index May 1970 = 100","AUS","AUS",2008-08-12,68.2,"D","Index","Indicative","RBA","Daily","Historical Daily Exchange Rates Of The Australian Dollar Against:","Australian Dollar Trade-weighted Index"
"9920","FXRTWI","Trade-weighted Index May 1970 = 100","AUS","AUS",2008-08-13,67.4,"D","Index","Indicative","RBA","Daily","Historical Daily Exchange Rates Of The Australian Dollar Against:","Australian Dollar Trade-weighted Index"
"9921","FXRTWI","Trade-weighted Index May 1970 = 100","AUS","AUS",2008-08-14,67.9,"D","Index","Indicative","RBA","Daily","Historical Daily Exchange Rates Of The Australian Dollar Against:","Australian Dollar Trade-weighted Index"
"9922","FXRTWI","Trade-weighted Index May 1970 = 100","AUS","AUS",2008-08-15,67.6,"D","Index","Indicative","RBA","Daily","Historical Daily Exchange Rates Of The Australian Dollar Against:","Australian Dollar Trade-weighted Index"
"9923","FXRTWI","Trade-weighted Index May 1970 = 100","AUS","AUS",2008-08-18,68.4,"D","Index","Indicative","RBA","Daily","Historical Daily Exchange Rates Of The Australian Dollar Against:","Australian Dollar Trade-weighted Index"
"9924","FXRTWI","Trade-weighted Index May 1970 = 100","AUS","AUS",2008-08-19,68,"D","Index","Indicative","RBA","Daily","Historical Daily Exchange Rates Of The Australian Dollar Against:","Australian Dollar Trade-weighted Index"
"9925","FXRTWI","Trade-weighted Index May 1970 = 100","AUS","AUS",2008-08-20,68.2,"D","Index","Indicative","RBA","Daily","Historical Daily Exchange Rates Of The Australian Dollar Against:","Australian Dollar Trade-weighted Index"
"9926","FXRTWI","Trade-weighted Index May 1970 = 100","AUS","AUS",2008-08-21,68.2,"D","Index","Indicative","RBA","Daily","Historical Daily Exchange Rates Of The Australian Dollar Against:","Australian Dollar Trade-weighted Index"
"9927","FXRTWI","Trade-weighted Index May 1970 = 100","AUS","AUS",2008-08-22,68.5,"D","Index","Indicative","RBA","Daily","Historical Daily Exchange Rates Of The Australian Dollar Against:","Australian Dollar Trade-weighted Index"
"9928","FXRTWI","Trade-weighted Index May 1970 = 100","AUS","AUS",2008-08-25,67.8,"D","Index","Indicative","RBA","Daily","Historical Daily Exchange Rates Of The Australian Dollar Against:","Australian Dollar Trade-weighted Index"
"9929","FXRTWI","Trade-weighted Index May 1970 = 100","AUS","AUS",2008-08-26,67.5,"D","Index","Indicative","RBA","Daily","Historical Daily Exchange Rates Of The Australian Dollar Against:","Australian Dollar Trade-weighted Index"
"9930","FXRTWI","Trade-weighted Index May 1970 = 100","AUS","AUS",2008-08-27,67.3,"D","Index","Indicative","RBA","Daily","Historical Daily Exchange Rates Of The Australian Dollar Against:","Australian Dollar Trade-weighted Index"
"9931","FXRTWI","Trade-weighted Index May 1970 = 100","AUS","AUS",2008-08-28,67.9,"D","Index","Indicative","RBA","Daily","Historical Daily Exchange Rates Of The Australian Dollar Against:","Australian Dollar Trade-weighted Index"
"9932","FXRTWI","Trade-weighted Index May 1970 = 100","AUS","AUS",2008-08-29,67.7,"D","Index","Indicative","RBA","Daily","Historical Daily Exchange Rates Of The Australian Dollar Against:","Australian Dollar Trade-weighted Index"
"9933","DLCACS","Credit; Total; Seasonally adjusted","AUS","AUS",2008-08-31,1865.134,"M","$ billion","Seasonally Adjusted","RBA","Monthly","D2 Lending And Credit Aggregates","Credit; Total; Seasonally adjusted – Includes securitisations – For series breaks see Series Breaks"
"9934","FIRMMCRT","Cash Rate Target","AUS","AUS",2008-08-31,7.25000202521391,"M","Per cent","Original","RBA","Monthly","F1.1 Interest Rates And Yields - Money Market","Cash Rate Target; monthly average"
"9935","FXRTWI","Trade-weighted Index May 1970 = 100","AUS","AUS",2008-08-31,67.7,"M","Index","Indicative","RBA","Monthly","F11 Exchange Rates","Australian Dollar Trade-weighted Index"
"9936","GRCPAISDR","Commodity prices – SDR","AUS","AUS",2008-08-31,82.830066707088,"M","Index, 2023/24=100","Original","RBA","Monthly","I2 Commodity Prices","Index of commodity prices; All items; SDR"
"9937","A2302956R","South Australia ; STATE FINAL DEMAND ;","SA","SA",2008-09-01,28358,"Q","$ Millions","Seasonally Adjusted",NA,"Quarterly","Table 25. State Final Demand, Summary Components by State: Chain volume measures",NA
"9938","A2302984X","Western Australia ; STATE FINAL DEMAND ;","WA","WA",2008-09-01,52024,"Q","$ Millions","Seasonally Adjusted",NA,"Quarterly","Table 25. State Final Demand, Summary Components by State: Chain volume measures",NA
"9939","A2303012X","Tasmania ; STATE FINAL DEMAND ;","TAS","TAS",2008-09-01,9152,"Q","$ Millions","Seasonally Adjusted",NA,"Quarterly","Table 25. State Final Demand, Summary Components by State: Chain volume measures",NA
"9940","A2303040J","Northern Territory ; STATE FINAL DEMAND ;","NT","NT",2008-09-01,6873,"Q","$ Millions","Seasonally Adjusted",NA,"Quarterly","Table 25. State Final Demand, Summary Components by State: Chain volume measures",NA
"9941","A2303068K","Australian Capital Territory ; STATE FINAL DEMAND ;","ACT","ACT",2008-09-01,11792,"Q","$ Millions","Seasonally Adjusted",NA,"Quarterly","Table 25. State Final Demand, Summary Components by State: Chain volume measures",NA
"9942","A2303111F","New South Wales ; STATE FINAL DEMAND ;","NSW","NSW",2008-09-01,131068,"Q","$ Millions","Seasonally Adjusted",NA,"Quarterly","Table 25. State Final Demand, Summary Components by State: Chain volume measures",NA
"9943","A2303139J","Victoria ; STATE FINAL DEMAND ;","VIC","VIC",2008-09-01,99524,"Q","$ Millions","Seasonally Adjusted",NA,"Quarterly","Table 25. State Final Demand, Summary Components by State: Chain volume measures",NA
"9944","A2303187A","Queensland ; STATE FINAL DEMAND ;","QLD","QLD",2008-09-01,88873,"Q","$ Millions","Seasonally Adjusted",NA,"Quarterly","Table 25. State Final Demand, Summary Components by State: Chain volume measures",NA
"9945","A2304418T","Gross domestic product: Current prices ;","AUS","AUS",2008-09-01,315463,"Q","$ Millions","Seasonally Adjusted",NA,"Quarterly","Table 1. Key National Accounts Aggregates",NA
"9946","A2325846C","Index Numbers ; All groups CPI ; Australia ;","AUS","AUS",2008-09-01,92.7,"Q","Index Numbers","Original",NA,"Quarterly","TABLES 1 and 2. CPI: All Groups, Index Numbers and Percentage Changes",NA
"9947","A2718577A","Credits, Total goods ;","AUS","AUS",2008-09-01,21052,"M","$ Millions","Seasonally Adjusted",NA,"Monthly","TABLE 1. GOODS, Summary: Seasonally adjusted and trend estimates, Current prices",NA
"9948","A2718594C","Balance on goods ;","AUS","AUS",2008-09-01,378,"M","$ Millions","Seasonally Adjusted",NA,"Monthly","TABLE 1. GOODS, Summary: Seasonally adjusted and trend estimates, Current prices",NA
"9949","FXRTWI","Trade-weighted Index May 1970 = 100","AUS","AUS",2008-09-01,67.2,"D","Index","Indicative","RBA","Daily","Historical Daily Exchange Rates Of The Australian Dollar Against:","Australian Dollar Trade-weighted Index"
"9950","FXRTWI","Trade-weighted Index May 1970 = 100","AUS","AUS",2008-09-02,66.8,"D","Index","Indicative","RBA","Daily","Historical Daily Exchange Rates Of The Australian Dollar Against:","Australian Dollar Trade-weighted Index"
"9951","FXRTWI","Trade-weighted Index May 1970 = 100","AUS","AUS",2008-09-03,65.6,"D","Index","Indicative","RBA","Daily","Historical Daily Exchange Rates Of The Australian Dollar Against:","Australian Dollar Trade-weighted Index"
"9952","FXRTWI","Trade-weighted Index May 1970 = 100","AUS","AUS",2008-09-04,65.9,"D","Index","Indicative","RBA","Daily","Historical Daily Exchange Rates Of The Australian Dollar Against:","Australian Dollar Trade-weighted Index"
"9953","FXRTWI","Trade-weighted Index May 1970 = 100","AUS","AUS",2008-09-05,64.7,"D","Index","Indicative","RBA","Daily","Historical Daily Exchange Rates Of The Australian Dollar Against:","Australian Dollar Trade-weighted Index"
"9954","FXRTWI","Trade-weighted Index May 1970 = 100","AUS","AUS",2008-09-08,65.9,"D","Index","Indicative","RBA","Daily","Historical Daily Exchange Rates Of The Australian Dollar Against:","Australian Dollar Trade-weighted Index"
"9955","FXRTWI","Trade-weighted Index May 1970 = 100","AUS","AUS",2008-09-09,64,"D","Index","Indicative","RBA","Daily","Historical Daily Exchange Rates Of The Australian Dollar Against:","Australian Dollar Trade-weighted Index"
"9956","FXRTWI","Trade-weighted Index May 1970 = 100","AUS","AUS",2008-09-10,64,"D","Index","Indicative","RBA","Daily","Historical Daily Exchange Rates Of The Australian Dollar Against:","Australian Dollar Trade-weighted Index"
"9957","FXRTWI","Trade-weighted Index May 1970 = 100","AUS","AUS",2008-09-11,63.6,"D","Index","Indicative","RBA","Daily","Historical Daily Exchange Rates Of The Australian Dollar Against:","Australian Dollar Trade-weighted Index"
"9958","FXRTWI","Trade-weighted Index May 1970 = 100","AUS","AUS",2008-09-12,64.2,"D","Index","Indicative","RBA","Daily","Historical Daily Exchange Rates Of The Australian Dollar Against:","Australian Dollar Trade-weighted Index"
"9959","FXRTWI","Trade-weighted Index May 1970 = 100","AUS","AUS",2008-09-15,65.2,"D","Index","Indicative","RBA","Daily","Historical Daily Exchange Rates Of The Australian Dollar Against:","Australian Dollar Trade-weighted Index"
"9960","FXRTWI","Trade-weighted Index May 1970 = 100","AUS","AUS",2008-09-16,62.7,"D","Index","Indicative","RBA","Daily","Historical Daily Exchange Rates Of The Australian Dollar Against:","Australian Dollar Trade-weighted Index"
"9961","FXRTWI","Trade-weighted Index May 1970 = 100","AUS","AUS",2008-09-17,63.4,"D","Index","Indicative","RBA","Daily","Historical Daily Exchange Rates Of The Australian Dollar Against:","Australian Dollar Trade-weighted Index"
"9962","FXRTWI","Trade-weighted Index May 1970 = 100","AUS","AUS",2008-09-18,62.8,"D","Index","Indicative","RBA","Daily","Historical Daily Exchange Rates Of The Australian Dollar Against:","Australian Dollar Trade-weighted Index"
"9963","FXRTWI","Trade-weighted Index May 1970 = 100","AUS","AUS",2008-09-19,64.5,"D","Index","Indicative","RBA","Daily","Historical Daily Exchange Rates Of The Australian Dollar Against:","Australian Dollar Trade-weighted Index"
"9964","FXRTWI","Trade-weighted Index May 1970 = 100","AUS","AUS",2008-09-22,65.6,"D","Index","Indicative","RBA","Daily","Historical Daily Exchange Rates Of The Australian Dollar Against:","Australian Dollar Trade-weighted Index"
"9965","FXRTWI","Trade-weighted Index May 1970 = 100","AUS","AUS",2008-09-23,66.1,"D","Index","Indicative","RBA","Daily","Historical Daily Exchange Rates Of The Australian Dollar Against:","Australian Dollar Trade-weighted Index"
"9966","FXRTWI","Trade-weighted Index May 1970 = 100","AUS","AUS",2008-09-24,65.9,"D","Index","Indicative","RBA","Daily","Historical Daily Exchange Rates Of The Australian Dollar Against:","Australian Dollar Trade-weighted Index"
"9967","FXRTWI","Trade-weighted Index May 1970 = 100","AUS","AUS",2008-09-25,65.9,"D","Index","Indicative","RBA","Daily","Historical Daily Exchange Rates Of The Australian Dollar Against:","Australian Dollar Trade-weighted Index"
"9968","FXRTWI","Trade-weighted Index May 1970 = 100","AUS","AUS",2008-09-26,65.5,"D","Index","Indicative","RBA","Daily","Historical Daily Exchange Rates Of The Australian Dollar Against:","Australian Dollar Trade-weighted Index"
"9969","FXRTWI","Trade-weighted Index May 1970 = 100","AUS","AUS",2008-09-29,65.6,"D","Index","Indicative","RBA","Daily","Historical Daily Exchange Rates Of The Australian Dollar Against:","Australian Dollar Trade-weighted Index"
"9970","DLCACS","Credit; Total; Seasonally adjusted","AUS","AUS",2008-09-30,1887.99,"M","$ billion","Seasonally Adjusted","RBA","Monthly","D2 Lending And Credit Aggregates","Credit; Total; Seasonally adjusted – Includes securitisations – For series breaks see Series Breaks"
"9971","FIRMMCRT","Cash Rate Target","AUS","AUS",2008-09-30,7.02272727272727,"M","Per cent","Original","RBA","Monthly","F1.1 Interest Rates And Yields - Money Market","Cash Rate Target; monthly average"
"9972","FXRTWI","Trade-weighted Index May 1970 = 100","AUS","AUS",2008-09-30,63.4,"D","Index","Indicative","RBA","Daily","Historical Daily Exchange Rates Of The Australian Dollar Against:","Australian Dollar Trade-weighted Index"
"9973","FXRTWI","Trade-weighted Index May 1970 = 100","AUS","AUS",2008-09-30,63.4,"M","Index","Indicative","RBA","Monthly","F11 Exchange Rates","Australian Dollar Trade-weighted Index"
"9974","GCPIOCPMTMQP","Quarterly trimmed mean inflation","AUS","AUS",2008-09-30,1.2,"Q","Per cent","Seasonally Adjusted","ABS","Quarterly","G1 Consumer Price Inflation","Consumer price index; Trimmed mean; Quarterly change (in per cent)"
"9975","GRCPAISDR","Commodity prices – SDR","AUS","AUS",2008-09-30,84.5345908137445,"M","Index, 2023/24=100","Original","RBA","Monthly","I2 Commodity Prices","Index of commodity prices; All items; SDR"
"9976","A2718577A","Credits, Total goods ;","AUS","AUS",2008-10-01,22965,"M","$ Millions","Seasonally Adjusted",NA,"Monthly","TABLE 1. GOODS, Summary: Seasonally adjusted and trend estimates, Current prices",NA
"9977","A2718594C","Balance on goods ;","AUS","AUS",2008-10-01,2526,"M","$ Millions","Seasonally Adjusted",NA,"Monthly","TABLE 1. GOODS, Summary: Seasonally adjusted and trend estimates, Current prices",NA
"9978","FXRTWI","Trade-weighted Index May 1970 = 100","AUS","AUS",2008-10-01,63.5,"D","Index","Indicative","RBA","Daily","Historical Daily Exchange Rates Of The Australian Dollar Against:","Australian Dollar Trade-weighted Index"
"9979","FXRTWI","Trade-weighted Index May 1970 = 100","AUS","AUS",2008-10-02,63.2,"D","Index","Indicative","RBA","Daily","Historical Daily Exchange Rates Of The Australian Dollar Against:","Australian Dollar Trade-weighted Index"
"9980","FXRTWI","Trade-weighted Index May 1970 = 100","AUS","AUS",2008-10-03,62.5,"D","Index","Indicative","RBA","Daily","Historical Daily Exchange Rates Of The Australian Dollar Against:","Australian Dollar Trade-weighted Index"
"9981","FXRTWI","Trade-weighted Index May 1970 = 100","AUS","AUS",2008-10-07,58.4,"D","Index","Indicative","RBA","Daily","Historical Daily Exchange Rates Of The Australian Dollar Against:","Australian Dollar Trade-weighted Index"
"9982","FXRTWI","Trade-weighted Index May 1970 = 100","AUS","AUS",2008-10-08,57,"D","Index","Indicative","RBA","Daily","Historical Daily Exchange Rates Of The Australian Dollar Against:","Australian Dollar Trade-weighted Index"
"9983","FXRTWI","Trade-weighted Index May 1970 = 100","AUS","AUS",2008-10-09,56,"D","Index","Indicative","RBA","Daily","Historical Daily Exchange Rates Of The Australian Dollar Against:","Australian Dollar Trade-weighted Index"
"9984","FXRTWI","Trade-weighted Index May 1970 = 100","AUS","AUS",2008-10-10,53.2,"D","Index","Indicative","RBA","Daily","Historical Daily Exchange Rates Of The Australian Dollar Against:","Australian Dollar Trade-weighted Index"
"9985","FXRTWI","Trade-weighted Index May 1970 = 100","AUS","AUS",2008-10-13,53.4,"D","Index","Indicative","RBA","Daily","Historical Daily Exchange Rates Of The Australian Dollar Against:","Australian Dollar Trade-weighted Index"
"9986","FXRTWI","Trade-weighted Index May 1970 = 100","AUS","AUS",2008-10-14,56.9,"D","Index","Indicative","RBA","Daily","Historical Daily Exchange Rates Of The Australian Dollar Against:","Australian Dollar Trade-weighted Index"
"9987","FXRTWI","Trade-weighted Index May 1970 = 100","AUS","AUS",2008-10-15,56.4,"D","Index","Indicative","RBA","Daily","Historical Daily Exchange Rates Of The Australian Dollar Against:","Australian Dollar Trade-weighted Index"
"9988","FXRTWI","Trade-weighted Index May 1970 = 100","AUS","AUS",2008-10-16,54.3,"D","Index","Indicative","RBA","Daily","Historical Daily Exchange Rates Of The Australian Dollar Against:","Australian Dollar Trade-weighted Index"
"9989","FXRTWI","Trade-weighted Index May 1970 = 100","AUS","AUS",2008-10-17,56,"D","Index","Indicative","RBA","Daily","Historical Daily Exchange Rates Of The Australian Dollar Against:","Australian Dollar Trade-weighted Index"
"9990","FXRTWI","Trade-weighted Index May 1970 = 100","AUS","AUS",2008-10-20,56.9,"D","Index","Indicative","RBA","Daily","Historical Daily Exchange Rates Of The Australian Dollar Against:","Australian Dollar Trade-weighted Index"
"9991","FXRTWI","Trade-weighted Index May 1970 = 100","AUS","AUS",2008-10-21,56.6,"D","Index","Indicative","RBA","Daily","Historical Daily Exchange Rates Of The Australian Dollar Against:","Australian Dollar Trade-weighted Index"
"9992","FXRTWI","Trade-weighted Index May 1970 = 100","AUS","AUS",2008-10-22,54.9,"D","Index","Indicative","RBA","Daily","Historical Daily Exchange Rates Of The Australian Dollar Against:","Australian Dollar Trade-weighted Index"
"9993","FXRTWI","Trade-weighted Index May 1970 = 100","AUS","AUS",2008-10-23,54.9,"D","Index","Indicative","RBA","Daily","Historical Daily Exchange Rates Of The Australian Dollar Against:","Australian Dollar Trade-weighted Index"
"9994","FXRTWI","Trade-weighted Index May 1970 = 100","AUS","AUS",2008-10-24,53.7,"D","Index","Indicative","RBA","Daily","Historical Daily Exchange Rates Of The Australian Dollar Against:","Australian Dollar Trade-weighted Index"
"9995","FXRTWI","Trade-weighted Index May 1970 = 100","AUS","AUS",2008-10-27,51.3,"D","Index","Indicative","RBA","Daily","Historical Daily Exchange Rates Of The Australian Dollar Against:","Australian Dollar Trade-weighted Index"
"9996","FXRTWI","Trade-weighted Index May 1970 = 100","AUS","AUS",2008-10-28,51,"D","Index","Indicative","RBA","Daily","Historical Daily Exchange Rates Of The Australian Dollar Against:","Australian Dollar Trade-weighted Index"
"9997","FXRTWI","Trade-weighted Index May 1970 = 100","AUS","AUS",2008-10-29,52.8,"D","Index","Indicative","RBA","Daily","Historical Daily Exchange Rates Of The Australian Dollar Against:","Australian Dollar Trade-weighted Index"
"9998","FXRTWI","Trade-weighted Index May 1970 = 100","AUS","AUS",2008-10-30,55.7,"D","Index","Indicative","RBA","Daily","Historical Daily Exchange Rates Of The Australian Dollar Against:","Australian Dollar Trade-weighted Index"
"9999","DLCACS","Credit; Total; Seasonally adjusted","AUS","AUS",2008-10-31,1900.347,"M","$ billion","Seasonally Adjusted","RBA","Monthly","D2 Lending And Credit Aggregates","Credit; Total; Seasonally adjusted – Includes securitisations – For series breaks see Series Breaks"
"10000","FIRMMCRT","Cash Rate Target","AUS","AUS",2008-10-31,6.18181818181818,"M","Per cent","Original","RBA","Monthly","F1.1 Interest Rates And Yields - Money Market","Cash Rate Target; monthly average"
"10001","FXRTWI","Trade-weighted Index May 1970 = 100","AUS","AUS",2008-10-31,54.7,"D","Index","Indicative","RBA","Daily","Historical Daily Exchange Rates Of The Australian Dollar Against:","Australian Dollar Trade-weighted Index"
"10002","FXRTWI","Trade-weighted Index May 1970 = 100","AUS","AUS",2008-10-31,54.7,"M","Index","Indicative","RBA","Monthly","F11 Exchange Rates","Australian Dollar Trade-weighted Index"
"10003","GRCPAISDR","Commodity prices – SDR","AUS","AUS",2008-10-31,81.7051501730818,"M","Index, 2023/24=100","Original","RBA","Monthly","I2 Commodity Prices","Index of commodity prices; All items; SDR"
"10004","A2718577A","Credits, Total goods ;","AUS","AUS",2008-11-01,21995,"M","$ Millions","Seasonally Adjusted",NA,"Monthly","TABLE 1. GOODS, Summary: Seasonally adjusted and trend estimates, Current prices",NA
"10005","A2718594C","Balance on goods ;","AUS","AUS",2008-11-01,936,"M","$ Millions","Seasonally Adjusted",NA,"Monthly","TABLE 1. GOODS, Summary: Seasonally adjusted and trend estimates, Current prices",NA
"10006","FXRTWI","Trade-weighted Index May 1970 = 100","AUS","AUS",2008-11-03,55.9,"D","Index","Indicative","RBA","Daily","Historical Daily Exchange Rates Of The Australian Dollar Against:","Australian Dollar Trade-weighted Index"
"10007","FXRTWI","Trade-weighted Index May 1970 = 100","AUS","AUS",2008-11-04,54.8,"D","Index","Indicative","RBA","Daily","Historical Daily Exchange Rates Of The Australian Dollar Against:","Australian Dollar Trade-weighted Index"
"10008","FXRTWI","Trade-weighted Index May 1970 = 100","AUS","AUS",2008-11-05,56.3,"D","Index","Indicative","RBA","Daily","Historical Daily Exchange Rates Of The Australian Dollar Against:","Australian Dollar Trade-weighted Index"
"10009","FXRTWI","Trade-weighted Index May 1970 = 100","AUS","AUS",2008-11-06,55.2,"D","Index","Indicative","RBA","Daily","Historical Daily Exchange Rates Of The Australian Dollar Against:","Australian Dollar Trade-weighted Index"
"10010","FXRTWI","Trade-weighted Index May 1970 = 100","AUS","AUS",2008-11-07,55.3,"D","Index","Indicative","RBA","Daily","Historical Daily Exchange Rates Of The Australian Dollar Against:","Australian Dollar Trade-weighted Index"
"10011","FXRTWI","Trade-weighted Index May 1970 = 100","AUS","AUS",2008-11-10,56.4,"D","Index","Indicative","RBA","Daily","Historical Daily Exchange Rates Of The Australian Dollar Against:","Australian Dollar Trade-weighted Index"
"10012","FXRTWI","Trade-weighted Index May 1970 = 100","AUS","AUS",2008-11-11,55.4,"D","Index","Indicative","RBA","Daily","Historical Daily Exchange Rates Of The Australian Dollar Against:","Australian Dollar Trade-weighted Index"
"10013","FXRTWI","Trade-weighted Index May 1970 = 100","AUS","AUS",2008-11-12,54.7,"D","Index","Indicative","RBA","Daily","Historical Daily Exchange Rates Of The Australian Dollar Against:","Australian Dollar Trade-weighted Index"
"10014","FXRTWI","Trade-weighted Index May 1970 = 100","AUS","AUS",2008-11-13,53.3,"D","Index","Indicative","RBA","Daily","Historical Daily Exchange Rates Of The Australian Dollar Against:","Australian Dollar Trade-weighted Index"
"10015","FXRTWI","Trade-weighted Index May 1970 = 100","AUS","AUS",2008-11-14,54.6,"D","Index","Indicative","RBA","Daily","Historical Daily Exchange Rates Of The Australian Dollar Against:","Australian Dollar Trade-weighted Index"
"10016","FXRTWI","Trade-weighted Index May 1970 = 100","AUS","AUS",2008-11-17,54.1,"D","Index","Indicative","RBA","Daily","Historical Daily Exchange Rates Of The Australian Dollar Against:","Australian Dollar Trade-weighted Index"
"10017","FXRTWI","Trade-weighted Index May 1970 = 100","AUS","AUS",2008-11-18,54,"D","Index","Indicative","RBA","Daily","Historical Daily Exchange Rates Of The Australian Dollar Against:","Australian Dollar Trade-weighted Index"
"10018","FXRTWI","Trade-weighted Index May 1970 = 100","AUS","AUS",2008-11-19,53.9,"D","Index","Indicative","RBA","Daily","Historical Daily Exchange Rates Of The Australian Dollar Against:","Australian Dollar Trade-weighted Index"
"10019","FXRTWI","Trade-weighted Index May 1970 = 100","AUS","AUS",2008-11-20,53.3,"D","Index","Indicative","RBA","Daily","Historical Daily Exchange Rates Of The Australian Dollar Against:","Australian Dollar Trade-weighted Index"
"10020","FXRTWI","Trade-weighted Index May 1970 = 100","AUS","AUS",2008-11-21,52.1,"D","Index","Indicative","RBA","Daily","Historical Daily Exchange Rates Of The Australian Dollar Against:","Australian Dollar Trade-weighted Index"
"10021","FXRTWI","Trade-weighted Index May 1970 = 100","AUS","AUS",2008-11-24,53,"D","Index","Indicative","RBA","Daily","Historical Daily Exchange Rates Of The Australian Dollar Against:","Australian Dollar Trade-weighted Index"
"10022","FXRTWI","Trade-weighted Index May 1970 = 100","AUS","AUS",2008-11-25,53.8,"D","Index","Indicative","RBA","Daily","Historical Daily Exchange Rates Of The Australian Dollar Against:","Australian Dollar Trade-weighted Index"
"10023","FXRTWI","Trade-weighted Index May 1970 = 100","AUS","AUS",2008-11-26,53.7,"D","Index","Indicative","RBA","Daily","Historical Daily Exchange Rates Of The Australian Dollar Against:","Australian Dollar Trade-weighted Index"
"10024","FXRTWI","Trade-weighted Index May 1970 = 100","AUS","AUS",2008-11-27,54.1,"D","Index","Indicative","RBA","Daily","Historical Daily Exchange Rates Of The Australian Dollar Against:","Australian Dollar Trade-weighted Index"
"10025","FXRTWI","Trade-weighted Index May 1970 = 100","AUS","AUS",2008-11-28,54.6,"D","Index","Indicative","RBA","Daily","Historical Daily Exchange Rates Of The Australian Dollar Against:","Australian Dollar Trade-weighted Index"
"10026","DLCACS","Credit; Total; Seasonally adjusted","AUS","AUS",2008-11-30,1903.406,"M","$ billion","Seasonally Adjusted","RBA","Monthly","D2 Lending And Credit Aggregates","Credit; Total; Seasonally adjusted – Includes securitisations – For series breaks see Series Breaks"
"10027","FIRMMCRT","Cash Rate Target","AUS","AUS",2008-11-30,5.32516329196604,"M","Per cent","Original","RBA","Monthly","F1.1 Interest Rates And Yields - Money Market","Cash Rate Target; monthly average"
"10028","FXRTWI","Trade-weighted Index May 1970 = 100","AUS","AUS",2008-11-30,54.6,"M","Index","Indicative","RBA","Monthly","F11 Exchange Rates","Australian Dollar Trade-weighted Index"
"10029","GRCPAISDR","Commodity prices – SDR","AUS","AUS",2008-11-30,77.3459293232018,"M","Index, 2023/24=100","Original","RBA","Monthly","I2 Commodity Prices","Index of commodity prices; All items; SDR"
"10030","A2302956R","South Australia ; STATE FINAL DEMAND ;","SA","SA",2008-12-01,27818,"Q","$ Millions","Seasonally Adjusted",NA,"Quarterly","Table 25. State Final Demand, Summary Components by State: Chain volume measures",NA
"10031","A2302984X","Western Australia ; STATE FINAL DEMAND ;","WA","WA",2008-12-01,52490,"Q","$ Millions","Seasonally Adjusted",NA,"Quarterly","Table 25. State Final Demand, Summary Components by State: Chain volume measures",NA
"10032","A2303012X","Tasmania ; STATE FINAL DEMAND ;","TAS","TAS",2008-12-01,9128,"Q","$ Millions","Seasonally Adjusted",NA,"Quarterly","Table 25. State Final Demand, Summary Components by State: Chain volume measures",NA
"10033","A2303040J","Northern Territory ; STATE FINAL DEMAND ;","NT","NT",2008-12-01,6921,"Q","$ Millions","Seasonally Adjusted",NA,"Quarterly","Table 25. State Final Demand, Summary Components by State: Chain volume measures",NA
"10034","A2303068K","Australian Capital Territory ; STATE FINAL DEMAND ;","ACT","ACT",2008-12-01,11705,"Q","$ Millions","Seasonally Adjusted",NA,"Quarterly","Table 25. State Final Demand, Summary Components by State: Chain volume measures",NA
"10035","A2303111F","New South Wales ; STATE FINAL DEMAND ;","NSW","NSW",2008-12-01,130506,"Q","$ Millions","Seasonally Adjusted",NA,"Quarterly","Table 25. State Final Demand, Summary Components by State: Chain volume measures",NA
"10036","A2303139J","Victoria ; STATE FINAL DEMAND ;","VIC","VIC",2008-12-01,100323,"Q","$ Millions","Seasonally Adjusted",NA,"Quarterly","Table 25. State Final Demand, Summary Components by State: Chain volume measures",NA
"10037","A2303187A","Queensland ; STATE FINAL DEMAND ;","QLD","QLD",2008-12-01,87908,"Q","$ Millions","Seasonally Adjusted",NA,"Quarterly","Table 25. State Final Demand, Summary Components by State: Chain volume measures",NA
"10038","A2304418T","Gross domestic product: Current prices ;","AUS","AUS",2008-12-01,315932,"Q","$ Millions","Seasonally Adjusted",NA,"Quarterly","Table 1. Key National Accounts Aggregates",NA
"10039","A2325846C","Index Numbers ; All groups CPI ; Australia ;","AUS","AUS",2008-12-01,92.4,"Q","Index Numbers","Original",NA,"Quarterly","TABLES 1 and 2. CPI: All Groups, Index Numbers and Percentage Changes",NA
"10040","A2718577A","Credits, Total goods ;","AUS","AUS",2008-12-01,19871,"M","$ Millions","Seasonally Adjusted",NA,"Monthly","TABLE 1. GOODS, Summary: Seasonally adjusted and trend estimates, Current prices",NA
"10041","A2718594C","Balance on goods ;","AUS","AUS",2008-12-01,-186,"M","$ Millions","Seasonally Adjusted",NA,"Monthly","TABLE 1. GOODS, Summary: Seasonally adjusted and trend estimates, Current prices",NA
"10042","FXRTWI","Trade-weighted Index May 1970 = 100","AUS","AUS",2008-12-01,54.2,"D","Index","Indicative","RBA","Daily","Historical Daily Exchange Rates Of The Australian Dollar Against:","Australian Dollar Trade-weighted Index"
"10043","FXRTWI","Trade-weighted Index May 1970 = 100","AUS","AUS",2008-12-02,53.7,"D","Index","Indicative","RBA","Daily","Historical Daily Exchange Rates Of The Australian Dollar Against:","Australian Dollar Trade-weighted Index"
"10044","FXRTWI","Trade-weighted Index May 1970 = 100","AUS","AUS",2008-12-03,54,"D","Index","Indicative","RBA","Daily","Historical Daily Exchange Rates Of The Australian Dollar Against:","Australian Dollar Trade-weighted Index"
"10045","FXRTWI","Trade-weighted Index May 1970 = 100","AUS","AUS",2008-12-04,53.9,"D","Index","Indicative","RBA","Daily","Historical Daily Exchange Rates Of The Australian Dollar Against:","Australian Dollar Trade-weighted Index"
"10046","FXRTWI","Trade-weighted Index May 1970 = 100","AUS","AUS",2008-12-05,53.8,"D","Index","Indicative","RBA","Daily","Historical Daily Exchange Rates Of The Australian Dollar Against:","Australian Dollar Trade-weighted Index"
"10047","FXRTWI","Trade-weighted Index May 1970 = 100","AUS","AUS",2008-12-08,54.2,"D","Index","Indicative","RBA","Daily","Historical Daily Exchange Rates Of The Australian Dollar Against:","Australian Dollar Trade-weighted Index"
"10048","FXRTWI","Trade-weighted Index May 1970 = 100","AUS","AUS",2008-12-09,54.5,"D","Index","Indicative","RBA","Daily","Historical Daily Exchange Rates Of The Australian Dollar Against:","Australian Dollar Trade-weighted Index"
"10049","FXRTWI","Trade-weighted Index May 1970 = 100","AUS","AUS",2008-12-10,54.6,"D","Index","Indicative","RBA","Daily","Historical Daily Exchange Rates Of The Australian Dollar Against:","Australian Dollar Trade-weighted Index"
"10050","FXRTWI","Trade-weighted Index May 1970 = 100","AUS","AUS",2008-12-11,54,"D","Index","Indicative","RBA","Daily","Historical Daily Exchange Rates Of The Australian Dollar Against:","Australian Dollar Trade-weighted Index"
"10051","FXRTWI","Trade-weighted Index May 1970 = 100","AUS","AUS",2008-12-12,53.7,"D","Index","Indicative","RBA","Daily","Historical Daily Exchange Rates Of The Australian Dollar Against:","Australian Dollar Trade-weighted Index"
"10052","FXRTWI","Trade-weighted Index May 1970 = 100","AUS","AUS",2008-12-15,54.5,"D","Index","Indicative","RBA","Daily","Historical Daily Exchange Rates Of The Australian Dollar Against:","Australian Dollar Trade-weighted Index"
"10053","FXRTWI","Trade-weighted Index May 1970 = 100","AUS","AUS",2008-12-16,54.3,"D","Index","Indicative","RBA","Daily","Historical Daily Exchange Rates Of The Australian Dollar Against:","Australian Dollar Trade-weighted Index"
"10054","FXRTWI","Trade-weighted Index May 1970 = 100","AUS","AUS",2008-12-17,55.9,"D","Index","Indicative","RBA","Daily","Historical Daily Exchange Rates Of The Australian Dollar Against:","Australian Dollar Trade-weighted Index"
"10055","FXRTWI","Trade-weighted Index May 1970 = 100","AUS","AUS",2008-12-18,55.8,"D","Index","Indicative","RBA","Daily","Historical Daily Exchange Rates Of The Australian Dollar Against:","Australian Dollar Trade-weighted Index"
"10056","FXRTWI","Trade-weighted Index May 1970 = 100","AUS","AUS",2008-12-19,54.7,"D","Index","Indicative","RBA","Daily","Historical Daily Exchange Rates Of The Australian Dollar Against:","Australian Dollar Trade-weighted Index"
"10057","FXRTWI","Trade-weighted Index May 1970 = 100","AUS","AUS",2008-12-22,54.7,"D","Index","Indicative","RBA","Daily","Historical Daily Exchange Rates Of The Australian Dollar Against:","Australian Dollar Trade-weighted Index"
"10058","FXRTWI","Trade-weighted Index May 1970 = 100","AUS","AUS",2008-12-23,55.1,"D","Index","Indicative","RBA","Daily","Historical Daily Exchange Rates Of The Australian Dollar Against:","Australian Dollar Trade-weighted Index"
"10059","FXRTWI","Trade-weighted Index May 1970 = 100","AUS","AUS",2008-12-24,54.7,"D","Index","Indicative","RBA","Daily","Historical Daily Exchange Rates Of The Australian Dollar Against:","Australian Dollar Trade-weighted Index"
"10060","FXRTWI","Trade-weighted Index May 1970 = 100","AUS","AUS",2008-12-29,55.3,"D","Index","Indicative","RBA","Daily","Historical Daily Exchange Rates Of The Australian Dollar Against:","Australian Dollar Trade-weighted Index"
"10061","FXRTWI","Trade-weighted Index May 1970 = 100","AUS","AUS",2008-12-30,55.5,"D","Index","Indicative","RBA","Daily","Historical Daily Exchange Rates Of The Australian Dollar Against:","Australian Dollar Trade-weighted Index"
"10062","DLCACS","Credit; Total; Seasonally adjusted","AUS","AUS",2008-12-31,1900.513,"M","$ billion","Seasonally Adjusted","RBA","Monthly","D2 Lending And Credit Aggregates","Credit; Total; Seasonally adjusted – Includes securitisations – For series breaks see Series Breaks"
"10063","FIRMMCRT","Cash Rate Target","AUS","AUS",2008-12-31,4.34526121157324,"M","Per cent","Original","RBA","Monthly","F1.1 Interest Rates And Yields - Money Market","Cash Rate Target; monthly average"
"10064","FXRTWI","Trade-weighted Index May 1970 = 100","AUS","AUS",2008-12-31,55.6,"D","Index","Indicative","RBA","Daily","Historical Daily Exchange Rates Of The Australian Dollar Against:","Australian Dollar Trade-weighted Index"
"10065","FXRTWI","Trade-weighted Index May 1970 = 100","AUS","AUS",2008-12-31,55.6,"M","Index","Indicative","RBA","Monthly","F11 Exchange Rates","Australian Dollar Trade-weighted Index"
"10066","GCPIOCPMTMQP","Quarterly trimmed mean inflation","AUS","AUS",2008-12-31,0.7,"Q","Per cent","Seasonally Adjusted","ABS","Quarterly","G1 Consumer Price Inflation","Consumer price index; Trimmed mean; Quarterly change (in per cent)"
"10067","GRCPAISDR","Commodity prices – SDR","AUS","AUS",2008-12-31,70.7126418457802,"M","Index, 2023/24=100","Original","RBA","Monthly","I2 Commodity Prices","Index of commodity prices; All items; SDR"
"10068","A2718577A","Credits, Total goods ;","AUS","AUS",2009-01-01,19386,"M","$ Millions","Seasonally Adjusted",NA,"Monthly","TABLE 1. GOODS, Summary: Seasonally adjusted and trend estimates, Current prices",NA
"10069","A2718594C","Balance on goods ;","AUS","AUS",2009-01-01,845,"M","$ Millions","Seasonally Adjusted",NA,"Monthly","TABLE 1. GOODS, Summary: Seasonally adjusted and trend estimates, Current prices",NA
"10070","FXRTWI","Trade-weighted Index May 1970 = 100","AUS","AUS",2009-01-02,56.3,"D","Index","Indicative","RBA","Daily","Historical Daily Exchange Rates Of The Australian Dollar Against:","Australian Dollar Trade-weighted Index"
"10071","FXRTWI","Trade-weighted Index May 1970 = 100","AUS","AUS",2009-01-05,57.5,"D","Index","Indicative","RBA","Daily","Historical Daily Exchange Rates Of The Australian Dollar Against:","Australian Dollar Trade-weighted Index"
"10072","FXRTWI","Trade-weighted Index May 1970 = 100","AUS","AUS",2009-01-06,57.9,"D","Index","Indicative","RBA","Daily","Historical Daily Exchange Rates Of The Australian Dollar Against:","Australian Dollar Trade-weighted Index"
"10073","FXRTWI","Trade-weighted Index May 1970 = 100","AUS","AUS",2009-01-07,58.6,"D","Index","Indicative","RBA","Daily","Historical Daily Exchange Rates Of The Australian Dollar Against:","Australian Dollar Trade-weighted Index"
"10074","FXRTWI","Trade-weighted Index May 1970 = 100","AUS","AUS",2009-01-08,57.2,"D","Index","Indicative","RBA","Daily","Historical Daily Exchange Rates Of The Australian Dollar Against:","Australian Dollar Trade-weighted Index"
"10075","FXRTWI","Trade-weighted Index May 1970 = 100","AUS","AUS",2009-01-09,57.2,"D","Index","Indicative","RBA","Daily","Historical Daily Exchange Rates Of The Australian Dollar Against:","Australian Dollar Trade-weighted Index"
"10076","FXRTWI","Trade-weighted Index May 1970 = 100","AUS","AUS",2009-01-12,56.1,"D","Index","Indicative","RBA","Daily","Historical Daily Exchange Rates Of The Australian Dollar Against:","Australian Dollar Trade-weighted Index"
"10077","FXRTWI","Trade-weighted Index May 1970 = 100","AUS","AUS",2009-01-13,55.2,"D","Index","Indicative","RBA","Daily","Historical Daily Exchange Rates Of The Australian Dollar Against:","Australian Dollar Trade-weighted Index"
"10078","FXRTWI","Trade-weighted Index May 1970 = 100","AUS","AUS",2009-01-14,54.9,"D","Index","Indicative","RBA","Daily","Historical Daily Exchange Rates Of The Australian Dollar Against:","Australian Dollar Trade-weighted Index"
"10079","FXRTWI","Trade-weighted Index May 1970 = 100","AUS","AUS",2009-01-15,53.9,"D","Index","Indicative","RBA","Daily","Historical Daily Exchange Rates Of The Australian Dollar Against:","Australian Dollar Trade-weighted Index"
"10080","FXRTWI","Trade-weighted Index May 1970 = 100","AUS","AUS",2009-01-16,55.1,"D","Index","Indicative","RBA","Daily","Historical Daily Exchange Rates Of The Australian Dollar Against:","Australian Dollar Trade-weighted Index"
"10081","FXRTWI","Trade-weighted Index May 1970 = 100","AUS","AUS",2009-01-19,55.7,"D","Index","Indicative","RBA","Daily","Historical Daily Exchange Rates Of The Australian Dollar Against:","Australian Dollar Trade-weighted Index"
"10082","FXRTWI","Trade-weighted Index May 1970 = 100","AUS","AUS",2009-01-20,54.4,"D","Index","Indicative","RBA","Daily","Historical Daily Exchange Rates Of The Australian Dollar Against:","Australian Dollar Trade-weighted Index"
"10083","FXRTWI","Trade-weighted Index May 1970 = 100","AUS","AUS",2009-01-21,53.9,"D","Index","Indicative","RBA","Daily","Historical Daily Exchange Rates Of The Australian Dollar Against:","Australian Dollar Trade-weighted Index"
"10084","FXRTWI","Trade-weighted Index May 1970 = 100","AUS","AUS",2009-01-22,54.2,"D","Index","Indicative","RBA","Daily","Historical Daily Exchange Rates Of The Australian Dollar Against:","Australian Dollar Trade-weighted Index"
"10085","FXRTWI","Trade-weighted Index May 1970 = 100","AUS","AUS",2009-01-23,53.8,"D","Index","Indicative","RBA","Daily","Historical Daily Exchange Rates Of The Australian Dollar Against:","Australian Dollar Trade-weighted Index"
"10086","FXRTWI","Trade-weighted Index May 1970 = 100","AUS","AUS",2009-01-27,54.5,"D","Index","Indicative","RBA","Daily","Historical Daily Exchange Rates Of The Australian Dollar Against:","Australian Dollar Trade-weighted Index"
"10087","FXRTWI","Trade-weighted Index May 1970 = 100","AUS","AUS",2009-01-28,54.7,"D","Index","Indicative","RBA","Daily","Historical Daily Exchange Rates Of The Australian Dollar Against:","Australian Dollar Trade-weighted Index"
"10088","FXRTWI","Trade-weighted Index May 1970 = 100","AUS","AUS",2009-01-29,54.3,"D","Index","Indicative","RBA","Daily","Historical Daily Exchange Rates Of The Australian Dollar Against:","Australian Dollar Trade-weighted Index"
"10089","FXRTWI","Trade-weighted Index May 1970 = 100","AUS","AUS",2009-01-30,53.2,"D","Index","Indicative","RBA","Daily","Historical Daily Exchange Rates Of The Australian Dollar Against:","Australian Dollar Trade-weighted Index"
"10090","DLCACS","Credit; Total; Seasonally adjusted","AUS","AUS",2009-01-31,1905.145,"M","$ billion","Seasonally Adjusted","RBA","Monthly","D2 Lending And Credit Aggregates","Credit; Total; Seasonally adjusted – Includes securitisations – For series breaks see Series Breaks"
"10091","FIRMMCRT","Cash Rate Target","AUS","AUS",2009-01-31,4.25000054328142,"M","Per cent","Original","RBA","Monthly","F1.1 Interest Rates And Yields - Money Market","Cash Rate Target; monthly average"
"10092","FXRTWI","Trade-weighted Index May 1970 = 100","AUS","AUS",2009-01-31,53.2,"M","Index","Indicative","RBA","Monthly","F11 Exchange Rates","Australian Dollar Trade-weighted Index"
"10093","GRCPAISDR","Commodity prices – SDR","AUS","AUS",2009-01-31,68.7123665301627,"M","Index, 2023/24=100","Original","RBA","Monthly","I2 Commodity Prices","Index of commodity prices; All items; SDR"
"10094","A2718577A","Credits, Total goods ;","AUS","AUS",2009-02-01,20740,"M","$ Millions","Seasonally Adjusted",NA,"Monthly","TABLE 1. GOODS, Summary: Seasonally adjusted and trend estimates, Current prices",NA
"10095","A2718594C","Balance on goods ;","AUS","AUS",2009-02-01,2785,"M","$ Millions","Seasonally Adjusted",NA,"Monthly","TABLE 1. GOODS, Summary: Seasonally adjusted and trend estimates, Current prices",NA
"10096","FXRTWI","Trade-weighted Index May 1970 = 100","AUS","AUS",2009-02-02,52.4,"D","Index","Indicative","RBA","Daily","Historical Daily Exchange Rates Of The Australian Dollar Against:","Australian Dollar Trade-weighted Index"
"10097","FXRTWI","Trade-weighted Index May 1970 = 100","AUS","AUS",2009-02-03,52.9,"D","Index","Indicative","RBA","Daily","Historical Daily Exchange Rates Of The Australian Dollar Against:","Australian Dollar Trade-weighted Index"
"10098","FXRTWI","Trade-weighted Index May 1970 = 100","AUS","AUS",2009-02-04,53.4,"D","Index","Indicative","RBA","Daily","Historical Daily Exchange Rates Of The Australian Dollar Against:","Australian Dollar Trade-weighted Index"
"10099","FXRTWI","Trade-weighted Index May 1970 = 100","AUS","AUS",2009-02-05,53.2,"D","Index","Indicative","RBA","Daily","Historical Daily Exchange Rates Of The Australian Dollar Against:","Australian Dollar Trade-weighted Index"
"10100","FXRTWI","Trade-weighted Index May 1970 = 100","AUS","AUS",2009-02-06,54,"D","Index","Indicative","RBA","Daily","Historical Daily Exchange Rates Of The Australian Dollar Against:","Australian Dollar Trade-weighted Index"
"10101","FXRTWI","Trade-weighted Index May 1970 = 100","AUS","AUS",2009-02-09,55.2,"D","Index","Indicative","RBA","Daily","Historical Daily Exchange Rates Of The Australian Dollar Against:","Australian Dollar Trade-weighted Index"
"10102","FXRTWI","Trade-weighted Index May 1970 = 100","AUS","AUS",2009-02-10,55.3,"D","Index","Indicative","RBA","Daily","Historical Daily Exchange Rates Of The Australian Dollar Against:","Australian Dollar Trade-weighted Index"
"10103","FXRTWI","Trade-weighted Index May 1970 = 100","AUS","AUS",2009-02-11,54.2,"D","Index","Indicative","RBA","Daily","Historical Daily Exchange Rates Of The Australian Dollar Against:","Australian Dollar Trade-weighted Index"
"10104","FXRTWI","Trade-weighted Index May 1970 = 100","AUS","AUS",2009-02-12,54.4,"D","Index","Indicative","RBA","Daily","Historical Daily Exchange Rates Of The Australian Dollar Against:","Australian Dollar Trade-weighted Index"
"10105","FXRTWI","Trade-weighted Index May 1970 = 100","AUS","AUS",2009-02-13,54.5,"D","Index","Indicative","RBA","Daily","Historical Daily Exchange Rates Of The Australian Dollar Against:","Australian Dollar Trade-weighted Index"
"10106","FXRTWI","Trade-weighted Index May 1970 = 100","AUS","AUS",2009-02-16,54.2,"D","Index","Indicative","RBA","Daily","Historical Daily Exchange Rates Of The Australian Dollar Against:","Australian Dollar Trade-weighted Index"
"10107","FXRTWI","Trade-weighted Index May 1970 = 100","AUS","AUS",2009-02-17,53.8,"D","Index","Indicative","RBA","Daily","Historical Daily Exchange Rates Of The Australian Dollar Against:","Australian Dollar Trade-weighted Index"
"10108","FXRTWI","Trade-weighted Index May 1970 = 100","AUS","AUS",2009-02-18,53.7,"D","Index","Indicative","RBA","Daily","Historical Daily Exchange Rates Of The Australian Dollar Against:","Australian Dollar Trade-weighted Index"
"10109","FXRTWI","Trade-weighted Index May 1970 = 100","AUS","AUS",2009-02-19,54.1,"D","Index","Indicative","RBA","Daily","Historical Daily Exchange Rates Of The Australian Dollar Against:","Australian Dollar Trade-weighted Index"
"10110","FXRTWI","Trade-weighted Index May 1970 = 100","AUS","AUS",2009-02-20,54,"D","Index","Indicative","RBA","Daily","Historical Daily Exchange Rates Of The Australian Dollar Against:","Australian Dollar Trade-weighted Index"
"10111","FXRTWI","Trade-weighted Index May 1970 = 100","AUS","AUS",2009-02-23,54.4,"D","Index","Indicative","RBA","Daily","Historical Daily Exchange Rates Of The Australian Dollar Against:","Australian Dollar Trade-weighted Index"
"10112","FXRTWI","Trade-weighted Index May 1970 = 100","AUS","AUS",2009-02-24,54.4,"D","Index","Indicative","RBA","Daily","Historical Daily Exchange Rates Of The Australian Dollar Against:","Australian Dollar Trade-weighted Index"
"10113","FXRTWI","Trade-weighted Index May 1970 = 100","AUS","AUS",2009-02-25,55,"D","Index","Indicative","RBA","Daily","Historical Daily Exchange Rates Of The Australian Dollar Against:","Australian Dollar Trade-weighted Index"
"10114","FXRTWI","Trade-weighted Index May 1970 = 100","AUS","AUS",2009-02-26,55.2,"D","Index","Indicative","RBA","Daily","Historical Daily Exchange Rates Of The Australian Dollar Against:","Australian Dollar Trade-weighted Index"
"10115","FXRTWI","Trade-weighted Index May 1970 = 100","AUS","AUS",2009-02-27,54.8,"D","Index","Indicative","RBA","Daily","Historical Daily Exchange Rates Of The Australian Dollar Against:","Australian Dollar Trade-weighted Index"
"10116","DLCACS","Credit; Total; Seasonally adjusted","AUS","AUS",2009-02-28,1904.319,"M","$ billion","Seasonally Adjusted","RBA","Monthly","D2 Lending And Credit Aggregates","Credit; Total; Seasonally adjusted – Includes securitisations – For series breaks see Series Breaks"
"10117","FIRMMCRT","Cash Rate Target","AUS","AUS",2009-02-28,3.35,"M","Per cent","Original","RBA","Monthly","F1.1 Interest Rates And Yields - Money Market","Cash Rate Target; monthly average"
"10118","FXRTWI","Trade-weighted Index May 1970 = 100","AUS","AUS",2009-02-28,54.8,"M","Index","Indicative","RBA","Monthly","F11 Exchange Rates","Australian Dollar Trade-weighted Index"
"10119","GRCPAISDR","Commodity prices – SDR","AUS","AUS",2009-02-28,67.6462331666328,"M","Index, 2023/24=100","Original","RBA","Monthly","I2 Commodity Prices","Index of commodity prices; All items; SDR"
"10120","A2302956R","South Australia ; STATE FINAL DEMAND ;","SA","SA",2009-03-01,28295,"Q","$ Millions","Seasonally Adjusted",NA,"Quarterly","Table 25. State Final Demand, Summary Components by State: Chain volume measures",NA
"10121","A2302984X","Western Australia ; STATE FINAL DEMAND ;","WA","WA",2009-03-01,51726,"Q","$ Millions","Seasonally Adjusted",NA,"Quarterly","Table 25. State Final Demand, Summary Components by State: Chain volume measures",NA
"10122","A2303012X","Tasmania ; STATE FINAL DEMAND ;","TAS","TAS",2009-03-01,8966,"Q","$ Millions","Seasonally Adjusted",NA,"Quarterly","Table 25. State Final Demand, Summary Components by State: Chain volume measures",NA
"10123","A2303040J","Northern Territory ; STATE FINAL DEMAND ;","NT","NT",2009-03-01,6831,"Q","$ Millions","Seasonally Adjusted",NA,"Quarterly","Table 25. State Final Demand, Summary Components by State: Chain volume measures",NA
"10124","A2303068K","Australian Capital Territory ; STATE FINAL DEMAND ;","ACT","ACT",2009-03-01,11473,"Q","$ Millions","Seasonally Adjusted",NA,"Quarterly","Table 25. State Final Demand, Summary Components by State: Chain volume measures",NA
"10125","A2303111F","New South Wales ; STATE FINAL DEMAND ;","NSW","NSW",2009-03-01,130847,"Q","$ Millions","Seasonally Adjusted",NA,"Quarterly","Table 25. State Final Demand, Summary Components by State: Chain volume measures",NA
"10126","A2303139J","Victoria ; STATE FINAL DEMAND ;","VIC","VIC",2009-03-01,99601,"Q","$ Millions","Seasonally Adjusted",NA,"Quarterly","Table 25. State Final Demand, Summary Components by State: Chain volume measures",NA
"10127","A2303187A","Queensland ; STATE FINAL DEMAND ;","QLD","QLD",2009-03-01,86304,"Q","$ Millions","Seasonally Adjusted",NA,"Quarterly","Table 25. State Final Demand, Summary Components by State: Chain volume measures",NA
"10128","A2304418T","Gross domestic product: Current prices ;","AUS","AUS",2009-03-01,317351,"Q","$ Millions","Seasonally Adjusted",NA,"Quarterly","Table 1. Key National Accounts Aggregates",NA
"10129","A2325846C","Index Numbers ; All groups CPI ; Australia ;","AUS","AUS",2009-03-01,92.5,"Q","Index Numbers","Original",NA,"Quarterly","TABLES 1 and 2. CPI: All Groups, Index Numbers and Percentage Changes",NA
"10130","A2718577A","Credits, Total goods ;","AUS","AUS",2009-03-01,20479,"M","$ Millions","Seasonally Adjusted",NA,"Monthly","TABLE 1. GOODS, Summary: Seasonally adjusted and trend estimates, Current prices",NA
"10131","A2718594C","Balance on goods ;","AUS","AUS",2009-03-01,2462,"M","$ Millions","Seasonally Adjusted",NA,"Monthly","TABLE 1. GOODS, Summary: Seasonally adjusted and trend estimates, Current prices",NA
"10132","FXRTWI","Trade-weighted Index May 1970 = 100","AUS","AUS",2009-03-02,54.2,"D","Index","Indicative","RBA","Daily","Historical Daily Exchange Rates Of The Australian Dollar Against:","Australian Dollar Trade-weighted Index"
"10133","FXRTWI","Trade-weighted Index May 1970 = 100","AUS","AUS",2009-03-03,54.7,"D","Index","Indicative","RBA","Daily","Historical Daily Exchange Rates Of The Australian Dollar Against:","Australian Dollar Trade-weighted Index"
"10134","FXRTWI","Trade-weighted Index May 1970 = 100","AUS","AUS",2009-03-04,54.3,"D","Index","Indicative","RBA","Daily","Historical Daily Exchange Rates Of The Australian Dollar Against:","Australian Dollar Trade-weighted Index"
"10135","FXRTWI","Trade-weighted Index May 1970 = 100","AUS","AUS",2009-03-05,55.1,"D","Index","Indicative","RBA","Daily","Historical Daily Exchange Rates Of The Australian Dollar Against:","Australian Dollar Trade-weighted Index"
"10136","FXRTWI","Trade-weighted Index May 1970 = 100","AUS","AUS",2009-03-06,55,"D","Index","Indicative","RBA","Daily","Historical Daily Exchange Rates Of The Australian Dollar Against:","Australian Dollar Trade-weighted Index"
"10137","FXRTWI","Trade-weighted Index May 1970 = 100","AUS","AUS",2009-03-09,54.7,"D","Index","Indicative","RBA","Daily","Historical Daily Exchange Rates Of The Australian Dollar Against:","Australian Dollar Trade-weighted Index"
"10138","FXRTWI","Trade-weighted Index May 1970 = 100","AUS","AUS",2009-03-10,54.6,"D","Index","Indicative","RBA","Daily","Historical Daily Exchange Rates Of The Australian Dollar Against:","Australian Dollar Trade-weighted Index"
"10139","FXRTWI","Trade-weighted Index May 1970 = 100","AUS","AUS",2009-03-11,54.8,"D","Index","Indicative","RBA","Daily","Historical Daily Exchange Rates Of The Australian Dollar Against:","Australian Dollar Trade-weighted Index"
"10140","FXRTWI","Trade-weighted Index May 1970 = 100","AUS","AUS",2009-03-12,54.9,"D","Index","Indicative","RBA","Daily","Historical Daily Exchange Rates Of The Australian Dollar Against:","Australian Dollar Trade-weighted Index"
"10141","FXRTWI","Trade-weighted Index May 1970 = 100","AUS","AUS",2009-03-13,55.4,"D","Index","Indicative","RBA","Daily","Historical Daily Exchange Rates Of The Australian Dollar Against:","Australian Dollar Trade-weighted Index"
"10142","FXRTWI","Trade-weighted Index May 1970 = 100","AUS","AUS",2009-03-16,55.6,"D","Index","Indicative","RBA","Daily","Historical Daily Exchange Rates Of The Australian Dollar Against:","Australian Dollar Trade-weighted Index"
"10143","FXRTWI","Trade-weighted Index May 1970 = 100","AUS","AUS",2009-03-17,55.7,"D","Index","Indicative","RBA","Daily","Historical Daily Exchange Rates Of The Australian Dollar Against:","Australian Dollar Trade-weighted Index"
"10144","FXRTWI","Trade-weighted Index May 1970 = 100","AUS","AUS",2009-03-18,55.8,"D","Index","Indicative","RBA","Daily","Historical Daily Exchange Rates Of The Australian Dollar Against:","Australian Dollar Trade-weighted Index"
"10145","FXRTWI","Trade-weighted Index May 1970 = 100","AUS","AUS",2009-03-19,56.2,"D","Index","Indicative","RBA","Daily","Historical Daily Exchange Rates Of The Australian Dollar Against:","Australian Dollar Trade-weighted Index"
"10146","FXRTWI","Trade-weighted Index May 1970 = 100","AUS","AUS",2009-03-20,56.9,"D","Index","Indicative","RBA","Daily","Historical Daily Exchange Rates Of The Australian Dollar Against:","Australian Dollar Trade-weighted Index"
"10147","FXRTWI","Trade-weighted Index May 1970 = 100","AUS","AUS",2009-03-23,57.6,"D","Index","Indicative","RBA","Daily","Historical Daily Exchange Rates Of The Australian Dollar Against:","Australian Dollar Trade-weighted Index"
"10148","FXRTWI","Trade-weighted Index May 1970 = 100","AUS","AUS",2009-03-24,58.3,"D","Index","Indicative","RBA","Daily","Historical Daily Exchange Rates Of The Australian Dollar Against:","Australian Dollar Trade-weighted Index"
"10149","FXRTWI","Trade-weighted Index May 1970 = 100","AUS","AUS",2009-03-25,58,"D","Index","Indicative","RBA","Daily","Historical Daily Exchange Rates Of The Australian Dollar Against:","Australian Dollar Trade-weighted Index"
"10150","FXRTWI","Trade-weighted Index May 1970 = 100","AUS","AUS",2009-03-26,57.8,"D","Index","Indicative","RBA","Daily","Historical Daily Exchange Rates Of The Australian Dollar Against:","Australian Dollar Trade-weighted Index"
"10151","FXRTWI","Trade-weighted Index May 1970 = 100","AUS","AUS",2009-03-27,57.9,"D","Index","Indicative","RBA","Daily","Historical Daily Exchange Rates Of The Australian Dollar Against:","Australian Dollar Trade-weighted Index"
"10152","FXRTWI","Trade-weighted Index May 1970 = 100","AUS","AUS",2009-03-30,57,"D","Index","Indicative","RBA","Daily","Historical Daily Exchange Rates Of The Australian Dollar Against:","Australian Dollar Trade-weighted Index"
"10153","DLCACS","Credit; Total; Seasonally adjusted","AUS","AUS",2009-03-31,1906.407,"M","$ billion","Seasonally Adjusted","RBA","Monthly","D2 Lending And Credit Aggregates","Credit; Total; Seasonally adjusted – Includes securitisations – For series breaks see Series Breaks"
"10154","FIRMMCRT","Cash Rate Target","AUS","AUS",2009-03-31,3.24997857231785,"M","Per cent","Original","RBA","Monthly","F1.1 Interest Rates And Yields - Money Market","Cash Rate Target; monthly average"
"10155","FXRTWI","Trade-weighted Index May 1970 = 100","AUS","AUS",2009-03-31,57.4,"D","Index","Indicative","RBA","Daily","Historical Daily Exchange Rates Of The Australian Dollar Against:","Australian Dollar Trade-weighted Index"
"10156","FXRTWI","Trade-weighted Index May 1970 = 100","AUS","AUS",2009-03-31,57.4,"M","Index","Indicative","RBA","Monthly","F11 Exchange Rates","Australian Dollar Trade-weighted Index"
"10157","GCPIOCPMTMQP","Quarterly trimmed mean inflation","AUS","AUS",2009-03-31,0.9,"Q","Per cent","Seasonally Adjusted","ABS","Quarterly","G1 Consumer Price Inflation","Consumer price index; Trimmed mean; Quarterly change (in per cent)"
"10158","GRCPAISDR","Commodity prices – SDR","AUS","AUS",2009-03-31,64.0503278333516,"M","Index, 2023/24=100","Original","RBA","Monthly","I2 Commodity Prices","Index of commodity prices; All items; SDR"
"10159","A2718577A","Credits, Total goods ;","AUS","AUS",2009-04-01,16799,"M","$ Millions","Seasonally Adjusted",NA,"Monthly","TABLE 1. GOODS, Summary: Seasonally adjusted and trend estimates, Current prices",NA
"10160","A2718594C","Balance on goods ;","AUS","AUS",2009-04-01,79,"M","$ Millions","Seasonally Adjusted",NA,"Monthly","TABLE 1. GOODS, Summary: Seasonally adjusted and trend estimates, Current prices",NA
"10161","FXRTWI","Trade-weighted Index May 1970 = 100","AUS","AUS",2009-04-01,57.6,"D","Index","Indicative","RBA","Daily","Historical Daily Exchange Rates Of The Australian Dollar Against:","Australian Dollar Trade-weighted Index"
"10162","FXRTWI","Trade-weighted Index May 1970 = 100","AUS","AUS",2009-04-02,58.5,"D","Index","Indicative","RBA","Daily","Historical Daily Exchange Rates Of The Australian Dollar Against:","Australian Dollar Trade-weighted Index"
"10163","FXRTWI","Trade-weighted Index May 1970 = 100","AUS","AUS",2009-04-03,59.1,"D","Index","Indicative","RBA","Daily","Historical Daily Exchange Rates Of The Australian Dollar Against:","Australian Dollar Trade-weighted Index"
"10164","FXRTWI","Trade-weighted Index May 1970 = 100","AUS","AUS",2009-04-06,59.2,"D","Index","Indicative","RBA","Daily","Historical Daily Exchange Rates Of The Australian Dollar Against:","Australian Dollar Trade-weighted Index"
"10165","FXRTWI","Trade-weighted Index May 1970 = 100","AUS","AUS",2009-04-07,59.1,"D","Index","Indicative","RBA","Daily","Historical Daily Exchange Rates Of The Australian Dollar Against:","Australian Dollar Trade-weighted Index"
"10166","FXRTWI","Trade-weighted Index May 1970 = 100","AUS","AUS",2009-04-08,58.8,"D","Index","Indicative","RBA","Daily","Historical Daily Exchange Rates Of The Australian Dollar Against:","Australian Dollar Trade-weighted Index"
"10167","FXRTWI","Trade-weighted Index May 1970 = 100","AUS","AUS",2009-04-09,59,"D","Index","Indicative","RBA","Daily","Historical Daily Exchange Rates Of The Australian Dollar Against:","Australian Dollar Trade-weighted Index"
"10168","FXRTWI","Trade-weighted Index May 1970 = 100","AUS","AUS",2009-04-14,60.2,"D","Index","Indicative","RBA","Daily","Historical Daily Exchange Rates Of The Australian Dollar Against:","Australian Dollar Trade-weighted Index"
"10169","FXRTWI","Trade-weighted Index May 1970 = 100","AUS","AUS",2009-04-15,59.4,"D","Index","Indicative","RBA","Daily","Historical Daily Exchange Rates Of The Australian Dollar Against:","Australian Dollar Trade-weighted Index"
"10170","FXRTWI","Trade-weighted Index May 1970 = 100","AUS","AUS",2009-04-16,60,"D","Index","Indicative","RBA","Daily","Historical Daily Exchange Rates Of The Australian Dollar Against:","Australian Dollar Trade-weighted Index"
"10171","FXRTWI","Trade-weighted Index May 1970 = 100","AUS","AUS",2009-04-17,59.7,"D","Index","Indicative","RBA","Daily","Historical Daily Exchange Rates Of The Australian Dollar Against:","Australian Dollar Trade-weighted Index"
"10172","FXRTWI","Trade-weighted Index May 1970 = 100","AUS","AUS",2009-04-20,59.7,"D","Index","Indicative","RBA","Daily","Historical Daily Exchange Rates Of The Australian Dollar Against:","Australian Dollar Trade-weighted Index"
"10173","FXRTWI","Trade-weighted Index May 1970 = 100","AUS","AUS",2009-04-21,58.6,"D","Index","Indicative","RBA","Daily","Historical Daily Exchange Rates Of The Australian Dollar Against:","Australian Dollar Trade-weighted Index"
"10174","FXRTWI","Trade-weighted Index May 1970 = 100","AUS","AUS",2009-04-22,58.8,"D","Index","Indicative","RBA","Daily","Historical Daily Exchange Rates Of The Australian Dollar Against:","Australian Dollar Trade-weighted Index"
"10175","FXRTWI","Trade-weighted Index May 1970 = 100","AUS","AUS",2009-04-23,58.9,"D","Index","Indicative","RBA","Daily","Historical Daily Exchange Rates Of The Australian Dollar Against:","Australian Dollar Trade-weighted Index"
"10176","FXRTWI","Trade-weighted Index May 1970 = 100","AUS","AUS",2009-04-24,58.9,"D","Index","Indicative","RBA","Daily","Historical Daily Exchange Rates Of The Australian Dollar Against:","Australian Dollar Trade-weighted Index"
"10177","FXRTWI","Trade-weighted Index May 1970 = 100","AUS","AUS",2009-04-27,58.9,"D","Index","Indicative","RBA","Daily","Historical Daily Exchange Rates Of The Australian Dollar Against:","Australian Dollar Trade-weighted Index"
"10178","FXRTWI","Trade-weighted Index May 1970 = 100","AUS","AUS",2009-04-28,58.2,"D","Index","Indicative","RBA","Daily","Historical Daily Exchange Rates Of The Australian Dollar Against:","Australian Dollar Trade-weighted Index"
"10179","FXRTWI","Trade-weighted Index May 1970 = 100","AUS","AUS",2009-04-29,58.9,"D","Index","Indicative","RBA","Daily","Historical Daily Exchange Rates Of The Australian Dollar Against:","Australian Dollar Trade-weighted Index"
"10180","DLCACS","Credit; Total; Seasonally adjusted","AUS","AUS",2009-04-30,1908.602,"M","$ billion","Seasonally Adjusted","RBA","Monthly","D2 Lending And Credit Aggregates","Credit; Total; Seasonally adjusted – Includes securitisations – For series breaks see Series Breaks"
"10181","FIRMMCRT","Cash Rate Target","AUS","AUS",2009-04-30,3.06257078230369,"M","Per cent","Original","RBA","Monthly","F1.1 Interest Rates And Yields - Money Market","Cash Rate Target; monthly average"
"10182","FXRTWI","Trade-weighted Index May 1970 = 100","AUS","AUS",2009-04-30,59.7,"D","Index","Indicative","RBA","Daily","Historical Daily Exchange Rates Of The Australian Dollar Against:","Australian Dollar Trade-weighted Index"
"10183","FXRTWI","Trade-weighted Index May 1970 = 100","AUS","AUS",2009-04-30,59.7,"M","Index","Indicative","RBA","Monthly","F11 Exchange Rates","Australian Dollar Trade-weighted Index"
"10184","GRCPAISDR","Commodity prices – SDR","AUS","AUS",2009-04-30,58.7787462350648,"M","Index, 2023/24=100","Original","RBA","Monthly","I2 Commodity Prices","Index of commodity prices; All items; SDR"
"10185","A2718577A","Credits, Total goods ;","AUS","AUS",2009-05-01,15126,"M","$ Millions","Seasonally Adjusted",NA,"Monthly","TABLE 1. GOODS, Summary: Seasonally adjusted and trend estimates, Current prices",NA
"10186","A2718594C","Balance on goods ;","AUS","AUS",2009-05-01,-928,"M","$ Millions","Seasonally Adjusted",NA,"Monthly","TABLE 1. GOODS, Summary: Seasonally adjusted and trend estimates, Current prices",NA
"10187","FXRTWI","Trade-weighted Index May 1970 = 100","AUS","AUS",2009-05-01,59.9,"D","Index","Indicative","RBA","Daily","Historical Daily Exchange Rates Of The Australian Dollar Against:","Australian Dollar Trade-weighted Index"
"10188","FXRTWI","Trade-weighted Index May 1970 = 100","AUS","AUS",2009-05-04,60.4,"D","Index","Indicative","RBA","Daily","Historical Daily Exchange Rates Of The Australian Dollar Against:","Australian Dollar Trade-weighted Index"
"10189","FXRTWI","Trade-weighted Index May 1970 = 100","AUS","AUS",2009-05-05,60.7,"D","Index","Indicative","RBA","Daily","Historical Daily Exchange Rates Of The Australian Dollar Against:","Australian Dollar Trade-weighted Index"
"10190","FXRTWI","Trade-weighted Index May 1970 = 100","AUS","AUS",2009-05-06,60.5,"D","Index","Indicative","RBA","Daily","Historical Daily Exchange Rates Of The Australian Dollar Against:","Australian Dollar Trade-weighted Index"
"10191","FXRTWI","Trade-weighted Index May 1970 = 100","AUS","AUS",2009-05-07,61.6,"D","Index","Indicative","RBA","Daily","Historical Daily Exchange Rates Of The Australian Dollar Against:","Australian Dollar Trade-weighted Index"
"10192","FXRTWI","Trade-weighted Index May 1970 = 100","AUS","AUS",2009-05-08,61.7,"D","Index","Indicative","RBA","Daily","Historical Daily Exchange Rates Of The Australian Dollar Against:","Australian Dollar Trade-weighted Index"
"10193","FXRTWI","Trade-weighted Index May 1970 = 100","AUS","AUS",2009-05-11,62.2,"D","Index","Indicative","RBA","Daily","Historical Daily Exchange Rates Of The Australian Dollar Against:","Australian Dollar Trade-weighted Index"
"10194","FXRTWI","Trade-weighted Index May 1970 = 100","AUS","AUS",2009-05-12,61.7,"D","Index","Indicative","RBA","Daily","Historical Daily Exchange Rates Of The Australian Dollar Against:","Australian Dollar Trade-weighted Index"
"10195","FXRTWI","Trade-weighted Index May 1970 = 100","AUS","AUS",2009-05-13,62.1,"D","Index","Indicative","RBA","Daily","Historical Daily Exchange Rates Of The Australian Dollar Against:","Australian Dollar Trade-weighted Index"
"10196","FXRTWI","Trade-weighted Index May 1970 = 100","AUS","AUS",2009-05-14,61.1,"D","Index","Indicative","RBA","Daily","Historical Daily Exchange Rates Of The Australian Dollar Against:","Australian Dollar Trade-weighted Index"
"10197","FXRTWI","Trade-weighted Index May 1970 = 100","AUS","AUS",2009-05-15,61.5,"D","Index","Indicative","RBA","Daily","Historical Daily Exchange Rates Of The Australian Dollar Against:","Australian Dollar Trade-weighted Index"
"10198","FXRTWI","Trade-weighted Index May 1970 = 100","AUS","AUS",2009-05-18,60.9,"D","Index","Indicative","RBA","Daily","Historical Daily Exchange Rates Of The Australian Dollar Against:","Australian Dollar Trade-weighted Index"
"10199","FXRTWI","Trade-weighted Index May 1970 = 100","AUS","AUS",2009-05-19,62,"D","Index","Indicative","RBA","Daily","Historical Daily Exchange Rates Of The Australian Dollar Against:","Australian Dollar Trade-weighted Index"
"10200","FXRTWI","Trade-weighted Index May 1970 = 100","AUS","AUS",2009-05-20,62.2,"D","Index","Indicative","RBA","Daily","Historical Daily Exchange Rates Of The Australian Dollar Against:","Australian Dollar Trade-weighted Index"
"10201","FXRTWI","Trade-weighted Index May 1970 = 100","AUS","AUS",2009-05-21,62.2,"D","Index","Indicative","RBA","Daily","Historical Daily Exchange Rates Of The Australian Dollar Against:","Australian Dollar Trade-weighted Index"
"10202","FXRTWI","Trade-weighted Index May 1970 = 100","AUS","AUS",2009-05-22,62.2,"D","Index","Indicative","RBA","Daily","Historical Daily Exchange Rates Of The Australian Dollar Against:","Australian Dollar Trade-weighted Index"
"10203","FXRTWI","Trade-weighted Index May 1970 = 100","AUS","AUS",2009-05-25,62.4,"D","Index","Indicative","RBA","Daily","Historical Daily Exchange Rates Of The Australian Dollar Against:","Australian Dollar Trade-weighted Index"
"10204","FXRTWI","Trade-weighted Index May 1970 = 100","AUS","AUS",2009-05-26,62.5,"D","Index","Indicative","RBA","Daily","Historical Daily Exchange Rates Of The Australian Dollar Against:","Australian Dollar Trade-weighted Index"
"10205","FXRTWI","Trade-weighted Index May 1970 = 100","AUS","AUS",2009-05-27,62.9,"D","Index","Indicative","RBA","Daily","Historical Daily Exchange Rates Of The Australian Dollar Against:","Australian Dollar Trade-weighted Index"
"10206","FXRTWI","Trade-weighted Index May 1970 = 100","AUS","AUS",2009-05-28,62.5,"D","Index","Indicative","RBA","Daily","Historical Daily Exchange Rates Of The Australian Dollar Against:","Australian Dollar Trade-weighted Index"
"10207","FXRTWI","Trade-weighted Index May 1970 = 100","AUS","AUS",2009-05-29,63.3,"D","Index","Indicative","RBA","Daily","Historical Daily Exchange Rates Of The Australian Dollar Against:","Australian Dollar Trade-weighted Index"
"10208","DLCACS","Credit; Total; Seasonally adjusted","AUS","AUS",2009-05-31,1908.227,"M","$ billion","Seasonally Adjusted","RBA","Monthly","D2 Lending And Credit Aggregates","Credit; Total; Seasonally adjusted – Includes securitisations – For series breaks see Series Breaks"
"10209","FIRMMCRT","Cash Rate Target","AUS","AUS",2009-05-31,3,"M","Per cent","Original","RBA","Monthly","F1.1 Interest Rates And Yields - Money Market","Cash Rate Target; monthly average"
"10210","FXRTWI","Trade-weighted Index May 1970 = 100","AUS","AUS",2009-05-31,63.3,"M","Index","Indicative","RBA","Monthly","F11 Exchange Rates","Australian Dollar Trade-weighted Index"
"10211","GRCPAISDR","Commodity prices – SDR","AUS","AUS",2009-05-31,54.6747057405698,"M","Index, 2023/24=100","Original","RBA","Monthly","I2 Commodity Prices","Index of commodity prices; All items; SDR"
"10212","A2302956R","South Australia ; STATE FINAL DEMAND ;","SA","SA",2009-06-01,28416,"Q","$ Millions","Seasonally Adjusted",NA,"Quarterly","Table 25. State Final Demand, Summary Components by State: Chain volume measures",NA
"10213","A2302984X","Western Australia ; STATE FINAL DEMAND ;","WA","WA",2009-06-01,53105,"Q","$ Millions","Seasonally Adjusted",NA,"Quarterly","Table 25. State Final Demand, Summary Components by State: Chain volume measures",NA
"10214","A2303012X","Tasmania ; STATE FINAL DEMAND ;","TAS","TAS",2009-06-01,9027,"Q","$ Millions","Seasonally Adjusted",NA,"Quarterly","Table 25. State Final Demand, Summary Components by State: Chain volume measures",NA
"10215","A2303040J","Northern Territory ; STATE FINAL DEMAND ;","NT","NT",2009-06-01,6564,"Q","$ Millions","Seasonally Adjusted",NA,"Quarterly","Table 25. State Final Demand, Summary Components by State: Chain volume measures",NA
"10216","A2303068K","Australian Capital Territory ; STATE FINAL DEMAND ;","ACT","ACT",2009-06-01,11532,"Q","$ Millions","Seasonally Adjusted",NA,"Quarterly","Table 25. State Final Demand, Summary Components by State: Chain volume measures",NA
"10217","A2303111F","New South Wales ; STATE FINAL DEMAND ;","NSW","NSW",2009-06-01,131942,"Q","$ Millions","Seasonally Adjusted",NA,"Quarterly","Table 25. State Final Demand, Summary Components by State: Chain volume measures",NA
"10218","A2303139J","Victoria ; STATE FINAL DEMAND ;","VIC","VIC",2009-06-01,101579,"Q","$ Millions","Seasonally Adjusted",NA,"Quarterly","Table 25. State Final Demand, Summary Components by State: Chain volume measures",NA
"10219","A2303187A","Queensland ; STATE FINAL DEMAND ;","QLD","QLD",2009-06-01,86436,"Q","$ Millions","Seasonally Adjusted",NA,"Quarterly","Table 25. State Final Demand, Summary Components by State: Chain volume measures",NA
"10220","A2304418T","Gross domestic product: Current prices ;","AUS","AUS",2009-06-01,312733,"Q","$ Millions","Seasonally Adjusted",NA,"Quarterly","Table 1. Key National Accounts Aggregates",NA
"10221","A2325846C","Index Numbers ; All groups CPI ; Australia ;","AUS","AUS",2009-06-01,92.9,"Q","Index Numbers","Original",NA,"Quarterly","TABLES 1 and 2. CPI: All Groups, Index Numbers and Percentage Changes",NA
"10222","A2336320R","New South Wales ; Gross state product: Current prices ;","NSW","NSW",2009-06-01,398689,"Annual","$ Millions","Original",NA,"Annual","Table 1. Gross State Product, Chain volume measures and current prices",NA
"10223","A2336321T","Victoria ; Gross state product: Current prices ;","VIC","VIC",2009-06-01,296102,"Annual","$ Millions","Original",NA,"Annual","Table 1. Gross State Product, Chain volume measures and current prices",NA
"10224","A2336322V","Queensland ; Gross state product: Current prices ;","QLD","QLD",2009-06-01,246739,"Annual","$ Millions","Original",NA,"Annual","Table 1. Gross State Product, Chain volume measures and current prices",NA
"10225","A2336323W","South Australia ; Gross state product: Current prices ;","SA","SA",2009-06-01,80457,"Annual","$ Millions","Original",NA,"Annual","Table 1. Gross State Product, Chain volume measures and current prices",NA
"10226","A2336324X","Western Australia ; Gross state product: Current prices ;","WA","WA",2009-06-01,176147,"Annual","$ Millions","Original",NA,"Annual","Table 1. Gross State Product, Chain volume measures and current prices",NA
"10227","A2336325A","Tasmania ; Gross state product: Current prices ;","TAS","TAS",2009-06-01,22281,"Annual","$ Millions","Original",NA,"Annual","Table 1. Gross State Product, Chain volume measures and current prices",NA
"10228","A2336326C","Northern Territory ; Gross state product: Current prices ;","NT","NT",2009-06-01,17470,"Annual","$ Millions","Original",NA,"Annual","Table 1. Gross State Product, Chain volume measures and current prices",NA
"10229","A2336327F","Australian Capital Territory ; Gross state product: Current prices ;","ACT","ACT",2009-06-01,23557,"Annual","$ Millions","Original",NA,"Annual","Table 1. Gross State Product, Chain volume measures and current prices",NA
"10230","A2718577A","Credits, Total goods ;","AUS","AUS",2009-06-01,15117,"M","$ Millions","Seasonally Adjusted",NA,"Monthly","TABLE 1. GOODS, Summary: Seasonally adjusted and trend estimates, Current prices",NA
"10231","A2718594C","Balance on goods ;","AUS","AUS",2009-06-01,-1020,"M","$ Millions","Seasonally Adjusted",NA,"Monthly","TABLE 1. GOODS, Summary: Seasonally adjusted and trend estimates, Current prices",NA
"10232","FXRTWI","Trade-weighted Index May 1970 = 100","AUS","AUS",2009-06-01,64,"D","Index","Indicative","RBA","Daily","Historical Daily Exchange Rates Of The Australian Dollar Against:","Australian Dollar Trade-weighted Index"
"10233","FXRTWI","Trade-weighted Index May 1970 = 100","AUS","AUS",2009-06-02,64.3,"D","Index","Indicative","RBA","Daily","Historical Daily Exchange Rates Of The Australian Dollar Against:","Australian Dollar Trade-weighted Index"
"10234","FXRTWI","Trade-weighted Index May 1970 = 100","AUS","AUS",2009-06-03,65.4,"D","Index","Indicative","RBA","Daily","Historical Daily Exchange Rates Of The Australian Dollar Against:","Australian Dollar Trade-weighted Index"
"10235","FXRTWI","Trade-weighted Index May 1970 = 100","AUS","AUS",2009-06-04,63.8,"D","Index","Indicative","RBA","Daily","Historical Daily Exchange Rates Of The Australian Dollar Against:","Australian Dollar Trade-weighted Index"
"10236","FXRTWI","Trade-weighted Index May 1970 = 100","AUS","AUS",2009-06-05,64.1,"D","Index","Indicative","RBA","Daily","Historical Daily Exchange Rates Of The Australian Dollar Against:","Australian Dollar Trade-weighted Index"
"10237","FXRTWI","Trade-weighted Index May 1970 = 100","AUS","AUS",2009-06-09,63.5,"D","Index","Indicative","RBA","Daily","Historical Daily Exchange Rates Of The Australian Dollar Against:","Australian Dollar Trade-weighted Index"
"10238","FXRTWI","Trade-weighted Index May 1970 = 100","AUS","AUS",2009-06-10,64.6,"D","Index","Indicative","RBA","Daily","Historical Daily Exchange Rates Of The Australian Dollar Against:","Australian Dollar Trade-weighted Index"
"10239","FXRTWI","Trade-weighted Index May 1970 = 100","AUS","AUS",2009-06-11,64.8,"D","Index","Indicative","RBA","Daily","Historical Daily Exchange Rates Of The Australian Dollar Against:","Australian Dollar Trade-weighted Index"
"10240","FXRTWI","Trade-weighted Index May 1970 = 100","AUS","AUS",2009-06-12,65.1,"D","Index","Indicative","RBA","Daily","Historical Daily Exchange Rates Of The Australian Dollar Against:","Australian Dollar Trade-weighted Index"
"10241","FXRTWI","Trade-weighted Index May 1970 = 100","AUS","AUS",2009-06-15,64.6,"D","Index","Indicative","RBA","Daily","Historical Daily Exchange Rates Of The Australian Dollar Against:","Australian Dollar Trade-weighted Index"
"10242","FXRTWI","Trade-weighted Index May 1970 = 100","AUS","AUS",2009-06-16,63.6,"D","Index","Indicative","RBA","Daily","Historical Daily Exchange Rates Of The Australian Dollar Against:","Australian Dollar Trade-weighted Index"
"10243","FXRTWI","Trade-weighted Index May 1970 = 100","AUS","AUS",2009-06-17,63.7,"D","Index","Indicative","RBA","Daily","Historical Daily Exchange Rates Of The Australian Dollar Against:","Australian Dollar Trade-weighted Index"
"10244","FXRTWI","Trade-weighted Index May 1970 = 100","AUS","AUS",2009-06-18,63.5,"D","Index","Indicative","RBA","Daily","Historical Daily Exchange Rates Of The Australian Dollar Against:","Australian Dollar Trade-weighted Index"
"10245","FXRTWI","Trade-weighted Index May 1970 = 100","AUS","AUS",2009-06-19,64.4,"D","Index","Indicative","RBA","Daily","Historical Daily Exchange Rates Of The Australian Dollar Against:","Australian Dollar Trade-weighted Index"
"10246","FXRTWI","Trade-weighted Index May 1970 = 100","AUS","AUS",2009-06-22,64.2,"D","Index","Indicative","RBA","Daily","Historical Daily Exchange Rates Of The Australian Dollar Against:","Australian Dollar Trade-weighted Index"
"10247","FXRTWI","Trade-weighted Index May 1970 = 100","AUS","AUS",2009-06-23,62.8,"D","Index","Indicative","RBA","Daily","Historical Daily Exchange Rates Of The Australian Dollar Against:","Australian Dollar Trade-weighted Index"
"10248","FXRTWI","Trade-weighted Index May 1970 = 100","AUS","AUS",2009-06-24,63.6,"D","Index","Indicative","RBA","Daily","Historical Daily Exchange Rates Of The Australian Dollar Against:","Australian Dollar Trade-weighted Index"
"10249","FXRTWI","Trade-weighted Index May 1970 = 100","AUS","AUS",2009-06-25,64.1,"D","Index","Indicative","RBA","Daily","Historical Daily Exchange Rates Of The Australian Dollar Against:","Australian Dollar Trade-weighted Index"
"10250","FXRTWI","Trade-weighted Index May 1970 = 100","AUS","AUS",2009-06-26,64.4,"D","Index","Indicative","RBA","Daily","Historical Daily Exchange Rates Of The Australian Dollar Against:","Australian Dollar Trade-weighted Index"
"10251","FXRTWI","Trade-weighted Index May 1970 = 100","AUS","AUS",2009-06-29,64,"D","Index","Indicative","RBA","Daily","Historical Daily Exchange Rates Of The Australian Dollar Against:","Australian Dollar Trade-weighted Index"
"10252","DLCACS","Credit; Total; Seasonally adjusted","AUS","AUS",2009-06-30,1910.707,"M","$ billion","Seasonally Adjusted","RBA","Monthly","D2 Lending And Credit Aggregates","Credit; Total; Seasonally adjusted – Includes securitisations – For series breaks see Series Breaks"
"10253","FIRMMCRT","Cash Rate Target","AUS","AUS",2009-06-30,3.00006206944982,"M","Per cent","Original","RBA","Monthly","F1.1 Interest Rates And Yields - Money Market","Cash Rate Target; monthly average"
"10254","FXRTWI","Trade-weighted Index May 1970 = 100","AUS","AUS",2009-06-30,64.7,"D","Index","Indicative","RBA","Daily","Historical Daily Exchange Rates Of The Australian Dollar Against:","Australian Dollar Trade-weighted Index"
"10255","FXRTWI","Trade-weighted Index May 1970 = 100","AUS","AUS",2009-06-30,64.7,"M","Index","Indicative","RBA","Monthly","F11 Exchange Rates","Australian Dollar Trade-weighted Index"
"10256","GCPIOCPMTMQP","Quarterly trimmed mean inflation","AUS","AUS",2009-06-30,0.7,"Q","Per cent","Seasonally Adjusted","ABS","Quarterly","G1 Consumer Price Inflation","Consumer price index; Trimmed mean; Quarterly change (in per cent)"
"10257","GRCPAISDR","Commodity prices – SDR","AUS","AUS",2009-06-30,56.0240196100384,"M","Index, 2023/24=100","Original","RBA","Monthly","I2 Commodity Prices","Index of commodity prices; All items; SDR"
"10258","A2718577A","Credits, Total goods ;","AUS","AUS",2009-07-01,15102,"M","$ Millions","Seasonally Adjusted",NA,"Monthly","TABLE 1. GOODS, Summary: Seasonally adjusted and trend estimates, Current prices",NA
"10259","A2718594C","Balance on goods ;","AUS","AUS",2009-07-01,-1525,"M","$ Millions","Seasonally Adjusted",NA,"Monthly","TABLE 1. GOODS, Summary: Seasonally adjusted and trend estimates, Current prices",NA
"10260","FXRTWI","Trade-weighted Index May 1970 = 100","AUS","AUS",2009-07-01,64.3,"D","Index","Indicative","RBA","Daily","Historical Daily Exchange Rates Of The Australian Dollar Against:","Australian Dollar Trade-weighted Index"
"10261","FXRTWI","Trade-weighted Index May 1970 = 100","AUS","AUS",2009-07-02,64.2,"D","Index","Indicative","RBA","Daily","Historical Daily Exchange Rates Of The Australian Dollar Against:","Australian Dollar Trade-weighted Index"
"10262","FXRTWI","Trade-weighted Index May 1970 = 100","AUS","AUS",2009-07-03,63.8,"D","Index","Indicative","RBA","Daily","Historical Daily Exchange Rates Of The Australian Dollar Against:","Australian Dollar Trade-weighted Index"
"10263","FXRTWI","Trade-weighted Index May 1970 = 100","AUS","AUS",2009-07-06,63.6,"D","Index","Indicative","RBA","Daily","Historical Daily Exchange Rates Of The Australian Dollar Against:","Australian Dollar Trade-weighted Index"
"10264","FXRTWI","Trade-weighted Index May 1970 = 100","AUS","AUS",2009-07-07,63.8,"D","Index","Indicative","RBA","Daily","Historical Daily Exchange Rates Of The Australian Dollar Against:","Australian Dollar Trade-weighted Index"
"10265","FXRTWI","Trade-weighted Index May 1970 = 100","AUS","AUS",2009-07-08,63,"D","Index","Indicative","RBA","Daily","Historical Daily Exchange Rates Of The Australian Dollar Against:","Australian Dollar Trade-weighted Index"
"10266","FXRTWI","Trade-weighted Index May 1970 = 100","AUS","AUS",2009-07-09,62.3,"D","Index","Indicative","RBA","Daily","Historical Daily Exchange Rates Of The Australian Dollar Against:","Australian Dollar Trade-weighted Index"
"10267","FXRTWI","Trade-weighted Index May 1970 = 100","AUS","AUS",2009-07-10,62.4,"D","Index","Indicative","RBA","Daily","Historical Daily Exchange Rates Of The Australian Dollar Against:","Australian Dollar Trade-weighted Index"
"10268","FXRTWI","Trade-weighted Index May 1970 = 100","AUS","AUS",2009-07-13,62,"D","Index","Indicative","RBA","Daily","Historical Daily Exchange Rates Of The Australian Dollar Against:","Australian Dollar Trade-weighted Index"
"10269","FXRTWI","Trade-weighted Index May 1970 = 100","AUS","AUS",2009-07-14,62.8,"D","Index","Indicative","RBA","Daily","Historical Daily Exchange Rates Of The Australian Dollar Against:","Australian Dollar Trade-weighted Index"
"10270","FXRTWI","Trade-weighted Index May 1970 = 100","AUS","AUS",2009-07-15,63.4,"D","Index","Indicative","RBA","Daily","Historical Daily Exchange Rates Of The Australian Dollar Against:","Australian Dollar Trade-weighted Index"
"10271","FXRTWI","Trade-weighted Index May 1970 = 100","AUS","AUS",2009-07-16,63.6,"D","Index","Indicative","RBA","Daily","Historical Daily Exchange Rates Of The Australian Dollar Against:","Australian Dollar Trade-weighted Index"
"10272","FXRTWI","Trade-weighted Index May 1970 = 100","AUS","AUS",2009-07-17,63.7,"D","Index","Indicative","RBA","Daily","Historical Daily Exchange Rates Of The Australian Dollar Against:","Australian Dollar Trade-weighted Index"
"10273","FXRTWI","Trade-weighted Index May 1970 = 100","AUS","AUS",2009-07-20,64.2,"D","Index","Indicative","RBA","Daily","Historical Daily Exchange Rates Of The Australian Dollar Against:","Australian Dollar Trade-weighted Index"
"10274","FXRTWI","Trade-weighted Index May 1970 = 100","AUS","AUS",2009-07-21,64.5,"D","Index","Indicative","RBA","Daily","Historical Daily Exchange Rates Of The Australian Dollar Against:","Australian Dollar Trade-weighted Index"
"10275","FXRTWI","Trade-weighted Index May 1970 = 100","AUS","AUS",2009-07-22,64.6,"D","Index","Indicative","RBA","Daily","Historical Daily Exchange Rates Of The Australian Dollar Against:","Australian Dollar Trade-weighted Index"
"10276","FXRTWI","Trade-weighted Index May 1970 = 100","AUS","AUS",2009-07-23,64.8,"D","Index","Indicative","RBA","Daily","Historical Daily Exchange Rates Of The Australian Dollar Against:","Australian Dollar Trade-weighted Index"
"10277","FXRTWI","Trade-weighted Index May 1970 = 100","AUS","AUS",2009-07-24,64.7,"D","Index","Indicative","RBA","Daily","Historical Daily Exchange Rates Of The Australian Dollar Against:","Australian Dollar Trade-weighted Index"
"10278","FXRTWI","Trade-weighted Index May 1970 = 100","AUS","AUS",2009-07-27,65.1,"D","Index","Indicative","RBA","Daily","Historical Daily Exchange Rates Of The Australian Dollar Against:","Australian Dollar Trade-weighted Index"
"10279","FXRTWI","Trade-weighted Index May 1970 = 100","AUS","AUS",2009-07-28,65.7,"D","Index","Indicative","RBA","Daily","Historical Daily Exchange Rates Of The Australian Dollar Against:","Australian Dollar Trade-weighted Index"
"10280","FXRTWI","Trade-weighted Index May 1970 = 100","AUS","AUS",2009-07-29,65.3,"D","Index","Indicative","RBA","Daily","Historical Daily Exchange Rates Of The Australian Dollar Against:","Australian Dollar Trade-weighted Index"
"10281","FXRTWI","Trade-weighted Index May 1970 = 100","AUS","AUS",2009-07-30,65.2,"D","Index","Indicative","RBA","Daily","Historical Daily Exchange Rates Of The Australian Dollar Against:","Australian Dollar Trade-weighted Index"
"10282","DLCACS","Credit; Total; Seasonally adjusted","AUS","AUS",2009-07-31,1915.863,"M","$ billion","Seasonally Adjusted","RBA","Monthly","D2 Lending And Credit Aggregates","Credit; Total; Seasonally adjusted – Includes securitisations – For series breaks see Series Breaks"
"10283","FIRMMCRT","Cash Rate Target","AUS","AUS",2009-07-31,3,"M","Per cent","Original","RBA","Monthly","F1.1 Interest Rates And Yields - Money Market","Cash Rate Target; monthly average"
"10284","FXRTWI","Trade-weighted Index May 1970 = 100","AUS","AUS",2009-07-31,65.7,"D","Index","Indicative","RBA","Daily","Historical Daily Exchange Rates Of The Australian Dollar Against:","Australian Dollar Trade-weighted Index"
"10285","FXRTWI","Trade-weighted Index May 1970 = 100","AUS","AUS",2009-07-31,65.7,"M","Index","Indicative","RBA","Monthly","F11 Exchange Rates","Australian Dollar Trade-weighted Index"
"10286","GRCPAISDR","Commodity prices – SDR","AUS","AUS",2009-07-31,54.8747998669526,"M","Index, 2023/24=100","Original","RBA","Monthly","I2 Commodity Prices","Index of commodity prices; All items; SDR"
"10287","A2718577A","Credits, Total goods ;","AUS","AUS",2009-08-01,14643,"M","$ Millions","Seasonally Adjusted",NA,"Monthly","TABLE 1. GOODS, Summary: Seasonally adjusted and trend estimates, Current prices",NA
"10288","A2718594C","Balance on goods ;","AUS","AUS",2009-08-01,-1463,"M","$ Millions","Seasonally Adjusted",NA,"Monthly","TABLE 1. GOODS, Summary: Seasonally adjusted and trend estimates, Current prices",NA
"10289","FXRTWI","Trade-weighted Index May 1970 = 100","AUS","AUS",2009-08-04,66.4,"D","Index","Indicative","RBA","Daily","Historical Daily Exchange Rates Of The Australian Dollar Against:","Australian Dollar Trade-weighted Index"
"10290","FXRTWI","Trade-weighted Index May 1970 = 100","AUS","AUS",2009-08-05,66.3,"D","Index","Indicative","RBA","Daily","Historical Daily Exchange Rates Of The Australian Dollar Against:","Australian Dollar Trade-weighted Index"
"10291","FXRTWI","Trade-weighted Index May 1970 = 100","AUS","AUS",2009-08-06,66.5,"D","Index","Indicative","RBA","Daily","Historical Daily Exchange Rates Of The Australian Dollar Against:","Australian Dollar Trade-weighted Index"
"10292","FXRTWI","Trade-weighted Index May 1970 = 100","AUS","AUS",2009-08-07,66.2,"D","Index","Indicative","RBA","Daily","Historical Daily Exchange Rates Of The Australian Dollar Against:","Australian Dollar Trade-weighted Index"
"10293","FXRTWI","Trade-weighted Index May 1970 = 100","AUS","AUS",2009-08-10,66.6,"D","Index","Indicative","RBA","Daily","Historical Daily Exchange Rates Of The Australian Dollar Against:","Australian Dollar Trade-weighted Index"
"10294","FXRTWI","Trade-weighted Index May 1970 = 100","AUS","AUS",2009-08-11,66.4,"D","Index","Indicative","RBA","Daily","Historical Daily Exchange Rates Of The Australian Dollar Against:","Australian Dollar Trade-weighted Index"
"10295","FXRTWI","Trade-weighted Index May 1970 = 100","AUS","AUS",2009-08-12,65.4,"D","Index","Indicative","RBA","Daily","Historical Daily Exchange Rates Of The Australian Dollar Against:","Australian Dollar Trade-weighted Index"
"10296","FXRTWI","Trade-weighted Index May 1970 = 100","AUS","AUS",2009-08-13,66.4,"D","Index","Indicative","RBA","Daily","Historical Daily Exchange Rates Of The Australian Dollar Against:","Australian Dollar Trade-weighted Index"
"10297","FXRTWI","Trade-weighted Index May 1970 = 100","AUS","AUS",2009-08-14,66.7,"D","Index","Indicative","RBA","Daily","Historical Daily Exchange Rates Of The Australian Dollar Against:","Australian Dollar Trade-weighted Index"
"10298","FXRTWI","Trade-weighted Index May 1970 = 100","AUS","AUS",2009-08-17,65.2,"D","Index","Indicative","RBA","Daily","Historical Daily Exchange Rates Of The Australian Dollar Against:","Australian Dollar Trade-weighted Index"
"10299","FXRTWI","Trade-weighted Index May 1970 = 100","AUS","AUS",2009-08-18,65.5,"D","Index","Indicative","RBA","Daily","Historical Daily Exchange Rates Of The Australian Dollar Against:","Australian Dollar Trade-weighted Index"
"10300","FXRTWI","Trade-weighted Index May 1970 = 100","AUS","AUS",2009-08-19,65.4,"D","Index","Indicative","RBA","Daily","Historical Daily Exchange Rates Of The Australian Dollar Against:","Australian Dollar Trade-weighted Index"
"10301","FXRTWI","Trade-weighted Index May 1970 = 100","AUS","AUS",2009-08-20,65.8,"D","Index","Indicative","RBA","Daily","Historical Daily Exchange Rates Of The Australian Dollar Against:","Australian Dollar Trade-weighted Index"
"10302","FXRTWI","Trade-weighted Index May 1970 = 100","AUS","AUS",2009-08-21,65.3,"D","Index","Indicative","RBA","Daily","Historical Daily Exchange Rates Of The Australian Dollar Against:","Australian Dollar Trade-weighted Index"
"10303","FXRTWI","Trade-weighted Index May 1970 = 100","AUS","AUS",2009-08-24,66.3,"D","Index","Indicative","RBA","Daily","Historical Daily Exchange Rates Of The Australian Dollar Against:","Australian Dollar Trade-weighted Index"
"10304","FXRTWI","Trade-weighted Index May 1970 = 100","AUS","AUS",2009-08-25,66,"D","Index","Indicative","RBA","Daily","Historical Daily Exchange Rates Of The Australian Dollar Against:","Australian Dollar Trade-weighted Index"
"10305","FXRTWI","Trade-weighted Index May 1970 = 100","AUS","AUS",2009-08-26,66.1,"D","Index","Indicative","RBA","Daily","Historical Daily Exchange Rates Of The Australian Dollar Against:","Australian Dollar Trade-weighted Index"
"10306","FXRTWI","Trade-weighted Index May 1970 = 100","AUS","AUS",2009-08-27,65.5,"D","Index","Indicative","RBA","Daily","Historical Daily Exchange Rates Of The Australian Dollar Against:","Australian Dollar Trade-weighted Index"
"10307","FXRTWI","Trade-weighted Index May 1970 = 100","AUS","AUS",2009-08-28,66.3,"D","Index","Indicative","RBA","Daily","Historical Daily Exchange Rates Of The Australian Dollar Against:","Australian Dollar Trade-weighted Index"
"10308","DLCACS","Credit; Total; Seasonally adjusted","AUS","AUS",2009-08-31,1918.662,"M","$ billion","Seasonally Adjusted","RBA","Monthly","D2 Lending And Credit Aggregates","Credit; Total; Seasonally adjusted – Includes securitisations – For series breaks see Series Breaks"
"10309","FIRMMCRT","Cash Rate Target","AUS","AUS",2009-08-31,3,"M","Per cent","Original","RBA","Monthly","F1.1 Interest Rates And Yields - Money Market","Cash Rate Target; monthly average"
"10310","FXRTWI","Trade-weighted Index May 1970 = 100","AUS","AUS",2009-08-31,66.3,"D","Index","Indicative","RBA","Daily","Historical Daily Exchange Rates Of The Australian Dollar Against:","Australian Dollar Trade-weighted Index"
"10311","FXRTWI","Trade-weighted Index May 1970 = 100","AUS","AUS",2009-08-31,66.3,"M","Index","Indicative","RBA","Monthly","F11 Exchange Rates","Australian Dollar Trade-weighted Index"
"10312","GRCPAISDR","Commodity prices – SDR","AUS","AUS",2009-08-31,56.2612705151098,"M","Index, 2023/24=100","Original","RBA","Monthly","I2 Commodity Prices","Index of commodity prices; All items; SDR"
"10313","A2302956R","South Australia ; STATE FINAL DEMAND ;","SA","SA",2009-09-01,29757,"Q","$ Millions","Seasonally Adjusted",NA,"Quarterly","Table 25. State Final Demand, Summary Components by State: Chain volume measures",NA
"10314","A2302984X","Western Australia ; STATE FINAL DEMAND ;","WA","WA",2009-09-01,52483,"Q","$ Millions","Seasonally Adjusted",NA,"Quarterly","Table 25. State Final Demand, Summary Components by State: Chain volume measures",NA
"10315","A2303012X","Tasmania ; STATE FINAL DEMAND ;","TAS","TAS",2009-09-01,8918,"Q","$ Millions","Seasonally Adjusted",NA,"Quarterly","Table 25. State Final Demand, Summary Components by State: Chain volume measures",NA
"10316","A2303040J","Northern Territory ; STATE FINAL DEMAND ;","NT","NT",2009-09-01,6401,"Q","$ Millions","Seasonally Adjusted",NA,"Quarterly","Table 25. State Final Demand, Summary Components by State: Chain volume measures",NA
"10317","A2303068K","Australian Capital Territory ; STATE FINAL DEMAND ;","ACT","ACT",2009-09-01,11913,"Q","$ Millions","Seasonally Adjusted",NA,"Quarterly","Table 25. State Final Demand, Summary Components by State: Chain volume measures",NA
"10318","A2303111F","New South Wales ; STATE FINAL DEMAND ;","NSW","NSW",2009-09-01,132876,"Q","$ Millions","Seasonally Adjusted",NA,"Quarterly","Table 25. State Final Demand, Summary Components by State: Chain volume measures",NA
"10319","A2303139J","Victoria ; STATE FINAL DEMAND ;","VIC","VIC",2009-09-01,101682,"Q","$ Millions","Seasonally Adjusted",NA,"Quarterly","Table 25. State Final Demand, Summary Components by State: Chain volume measures",NA
"10320","A2303187A","Queensland ; STATE FINAL DEMAND ;","QLD","QLD",2009-09-01,85478,"Q","$ Millions","Seasonally Adjusted",NA,"Quarterly","Table 25. State Final Demand, Summary Components by State: Chain volume measures",NA
"10321","A2304418T","Gross domestic product: Current prices ;","AUS","AUS",2009-09-01,313781,"Q","$ Millions","Seasonally Adjusted",NA,"Quarterly","Table 1. Key National Accounts Aggregates",NA
"10322","A2325846C","Index Numbers ; All groups CPI ; Australia ;","AUS","AUS",2009-09-01,93.8,"Q","Index Numbers","Original",NA,"Quarterly","TABLES 1 and 2. CPI: All Groups, Index Numbers and Percentage Changes",NA
"10323","A2718577A","Credits, Total goods ;","AUS","AUS",2009-09-01,15497,"M","$ Millions","Seasonally Adjusted",NA,"Monthly","TABLE 1. GOODS, Summary: Seasonally adjusted and trend estimates, Current prices",NA
"10324","A2718594C","Balance on goods ;","AUS","AUS",2009-09-01,-2019,"M","$ Millions","Seasonally Adjusted",NA,"Monthly","TABLE 1. GOODS, Summary: Seasonally adjusted and trend estimates, Current prices",NA
"10325","FXRTWI","Trade-weighted Index May 1970 = 100","AUS","AUS",2009-09-01,66.4,"D","Index","Indicative","RBA","Daily","Historical Daily Exchange Rates Of The Australian Dollar Against:","Australian Dollar Trade-weighted Index"
"10326","FXRTWI","Trade-weighted Index May 1970 = 100","AUS","AUS",2009-09-02,65.8,"D","Index","Indicative","RBA","Daily","Historical Daily Exchange Rates Of The Australian Dollar Against:","Australian Dollar Trade-weighted Index"
"10327","FXRTWI","Trade-weighted Index May 1970 = 100","AUS","AUS",2009-09-03,66,"D","Index","Indicative","RBA","Daily","Historical Daily Exchange Rates Of The Australian Dollar Against:","Australian Dollar Trade-weighted Index"
"10328","FXRTWI","Trade-weighted Index May 1970 = 100","AUS","AUS",2009-09-04,66.3,"D","Index","Indicative","RBA","Daily","Historical Daily Exchange Rates Of The Australian Dollar Against:","Australian Dollar Trade-weighted Index"
"10329","FXRTWI","Trade-weighted Index May 1970 = 100","AUS","AUS",2009-09-07,67.1,"D","Index","Indicative","RBA","Daily","Historical Daily Exchange Rates Of The Australian Dollar Against:","Australian Dollar Trade-weighted Index"
"10330","FXRTWI","Trade-weighted Index May 1970 = 100","AUS","AUS",2009-09-08,67.4,"D","Index","Indicative","RBA","Daily","Historical Daily Exchange Rates Of The Australian Dollar Against:","Australian Dollar Trade-weighted Index"
"10331","FXRTWI","Trade-weighted Index May 1970 = 100","AUS","AUS",2009-09-09,67.4,"D","Index","Indicative","RBA","Daily","Historical Daily Exchange Rates Of The Australian Dollar Against:","Australian Dollar Trade-weighted Index"
"10332","FXRTWI","Trade-weighted Index May 1970 = 100","AUS","AUS",2009-09-10,67.3,"D","Index","Indicative","RBA","Daily","Historical Daily Exchange Rates Of The Australian Dollar Against:","Australian Dollar Trade-weighted Index"
"10333","FXRTWI","Trade-weighted Index May 1970 = 100","AUS","AUS",2009-09-11,67.4,"D","Index","Indicative","RBA","Daily","Historical Daily Exchange Rates Of The Australian Dollar Against:","Australian Dollar Trade-weighted Index"
"10334","FXRTWI","Trade-weighted Index May 1970 = 100","AUS","AUS",2009-09-14,66.9,"D","Index","Indicative","RBA","Daily","Historical Daily Exchange Rates Of The Australian Dollar Against:","Australian Dollar Trade-weighted Index"
"10335","FXRTWI","Trade-weighted Index May 1970 = 100","AUS","AUS",2009-09-15,67.2,"D","Index","Indicative","RBA","Daily","Historical Daily Exchange Rates Of The Australian Dollar Against:","Australian Dollar Trade-weighted Index"
"10336","FXRTWI","Trade-weighted Index May 1970 = 100","AUS","AUS",2009-09-16,67.4,"D","Index","Indicative","RBA","Daily","Historical Daily Exchange Rates Of The Australian Dollar Against:","Australian Dollar Trade-weighted Index"
"10337","FXRTWI","Trade-weighted Index May 1970 = 100","AUS","AUS",2009-09-17,68,"D","Index","Indicative","RBA","Daily","Historical Daily Exchange Rates Of The Australian Dollar Against:","Australian Dollar Trade-weighted Index"
"10338","FXRTWI","Trade-weighted Index May 1970 = 100","AUS","AUS",2009-09-18,67.6,"D","Index","Indicative","RBA","Daily","Historical Daily Exchange Rates Of The Australian Dollar Against:","Australian Dollar Trade-weighted Index"
"10339","FXRTWI","Trade-weighted Index May 1970 = 100","AUS","AUS",2009-09-21,67.3,"D","Index","Indicative","RBA","Daily","Historical Daily Exchange Rates Of The Australian Dollar Against:","Australian Dollar Trade-weighted Index"
"10340","FXRTWI","Trade-weighted Index May 1970 = 100","AUS","AUS",2009-09-22,67.6,"D","Index","Indicative","RBA","Daily","Historical Daily Exchange Rates Of The Australian Dollar Against:","Australian Dollar Trade-weighted Index"
"10341","FXRTWI","Trade-weighted Index May 1970 = 100","AUS","AUS",2009-09-23,67.8,"D","Index","Indicative","RBA","Daily","Historical Daily Exchange Rates Of The Australian Dollar Against:","Australian Dollar Trade-weighted Index"
"10342","FXRTWI","Trade-weighted Index May 1970 = 100","AUS","AUS",2009-09-24,67.7,"D","Index","Indicative","RBA","Daily","Historical Daily Exchange Rates Of The Australian Dollar Against:","Australian Dollar Trade-weighted Index"
"10343","FXRTWI","Trade-weighted Index May 1970 = 100","AUS","AUS",2009-09-25,67.5,"D","Index","Indicative","RBA","Daily","Historical Daily Exchange Rates Of The Australian Dollar Against:","Australian Dollar Trade-weighted Index"
"10344","FXRTWI","Trade-weighted Index May 1970 = 100","AUS","AUS",2009-09-28,67,"D","Index","Indicative","RBA","Daily","Historical Daily Exchange Rates Of The Australian Dollar Against:","Australian Dollar Trade-weighted Index"
"10345","FXRTWI","Trade-weighted Index May 1970 = 100","AUS","AUS",2009-09-29,68,"D","Index","Indicative","RBA","Daily","Historical Daily Exchange Rates Of The Australian Dollar Against:","Australian Dollar Trade-weighted Index"
"10346","DLCACS","Credit; Total; Seasonally adjusted","AUS","AUS",2009-09-30,1916.63,"M","$ billion","Seasonally Adjusted","RBA","Monthly","D2 Lending And Credit Aggregates","Credit; Total; Seasonally adjusted – Includes securitisations – For series breaks see Series Breaks"
"10347","FIRMMCRT","Cash Rate Target","AUS","AUS",2009-09-30,3,"M","Per cent","Original","RBA","Monthly","F1.1 Interest Rates And Yields - Money Market","Cash Rate Target; monthly average"
"10348","FXRTWI","Trade-weighted Index May 1970 = 100","AUS","AUS",2009-09-30,68.2,"D","Index","Indicative","RBA","Daily","Historical Daily Exchange Rates Of The Australian Dollar Against:","Australian Dollar Trade-weighted Index"
"10349","FXRTWI","Trade-weighted Index May 1970 = 100","AUS","AUS",2009-09-30,68.2,"M","Index","Indicative","RBA","Monthly","F11 Exchange Rates","Australian Dollar Trade-weighted Index"
"10350","GCPIOCPMTMQP","Quarterly trimmed mean inflation","AUS","AUS",2009-09-30,0.7,"Q","Per cent","Seasonally Adjusted","ABS","Quarterly","G1 Consumer Price Inflation","Consumer price index; Trimmed mean; Quarterly change (in per cent)"
"10351","GRCPAISDR","Commodity prices – SDR","AUS","AUS",2009-09-30,57.223362725306,"M","Index, 2023/24=100","Original","RBA","Monthly","I2 Commodity Prices","Index of commodity prices; All items; SDR"
"10352","A2718577A","Credits, Total goods ;","AUS","AUS",2009-10-01,15185,"M","$ Millions","Seasonally Adjusted",NA,"Monthly","TABLE 1. GOODS, Summary: Seasonally adjusted and trend estimates, Current prices",NA
"10353","A2718594C","Balance on goods ;","AUS","AUS",2009-10-01,-1814,"M","$ Millions","Seasonally Adjusted",NA,"Monthly","TABLE 1. GOODS, Summary: Seasonally adjusted and trend estimates, Current prices",NA
"10354","FXRTWI","Trade-weighted Index May 1970 = 100","AUS","AUS",2009-10-01,68.2,"D","Index","Indicative","RBA","Daily","Historical Daily Exchange Rates Of The Australian Dollar Against:","Australian Dollar Trade-weighted Index"
"10355","FXRTWI","Trade-weighted Index May 1970 = 100","AUS","AUS",2009-10-02,67.4,"D","Index","Indicative","RBA","Daily","Historical Daily Exchange Rates Of The Australian Dollar Against:","Australian Dollar Trade-weighted Index"
"10356","FXRTWI","Trade-weighted Index May 1970 = 100","AUS","AUS",2009-10-06,68.2,"D","Index","Indicative","RBA","Daily","Historical Daily Exchange Rates Of The Australian Dollar Against:","Australian Dollar Trade-weighted Index"
"10357","FXRTWI","Trade-weighted Index May 1970 = 100","AUS","AUS",2009-10-07,68.6,"D","Index","Indicative","RBA","Daily","Historical Daily Exchange Rates Of The Australian Dollar Against:","Australian Dollar Trade-weighted Index"
"10358","FXRTWI","Trade-weighted Index May 1970 = 100","AUS","AUS",2009-10-08,69.2,"D","Index","Indicative","RBA","Daily","Historical Daily Exchange Rates Of The Australian Dollar Against:","Australian Dollar Trade-weighted Index"
"10359","FXRTWI","Trade-weighted Index May 1970 = 100","AUS","AUS",2009-10-09,69.6,"D","Index","Indicative","RBA","Daily","Historical Daily Exchange Rates Of The Australian Dollar Against:","Australian Dollar Trade-weighted Index"
"10360","FXRTWI","Trade-weighted Index May 1970 = 100","AUS","AUS",2009-10-12,69.7,"D","Index","Indicative","RBA","Daily","Historical Daily Exchange Rates Of The Australian Dollar Against:","Australian Dollar Trade-weighted Index"
"10361","FXRTWI","Trade-weighted Index May 1970 = 100","AUS","AUS",2009-10-13,69.9,"D","Index","Indicative","RBA","Daily","Historical Daily Exchange Rates Of The Australian Dollar Against:","Australian Dollar Trade-weighted Index"
"10362","FXRTWI","Trade-weighted Index May 1970 = 100","AUS","AUS",2009-10-14,70.1,"D","Index","Indicative","RBA","Daily","Historical Daily Exchange Rates Of The Australian Dollar Against:","Australian Dollar Trade-weighted Index"
"10363","FXRTWI","Trade-weighted Index May 1970 = 100","AUS","AUS",2009-10-15,70.6,"D","Index","Indicative","RBA","Daily","Historical Daily Exchange Rates Of The Australian Dollar Against:","Australian Dollar Trade-weighted Index"
"10364","FXRTWI","Trade-weighted Index May 1970 = 100","AUS","AUS",2009-10-16,70.9,"D","Index","Indicative","RBA","Daily","Historical Daily Exchange Rates Of The Australian Dollar Against:","Australian Dollar Trade-weighted Index"
"10365","FXRTWI","Trade-weighted Index May 1970 = 100","AUS","AUS",2009-10-19,70.7,"D","Index","Indicative","RBA","Daily","Historical Daily Exchange Rates Of The Australian Dollar Against:","Australian Dollar Trade-weighted Index"
"10366","FXRTWI","Trade-weighted Index May 1970 = 100","AUS","AUS",2009-10-20,71.2,"D","Index","Indicative","RBA","Daily","Historical Daily Exchange Rates Of The Australian Dollar Against:","Australian Dollar Trade-weighted Index"
"10367","FXRTWI","Trade-weighted Index May 1970 = 100","AUS","AUS",2009-10-21,71,"D","Index","Indicative","RBA","Daily","Historical Daily Exchange Rates Of The Australian Dollar Against:","Australian Dollar Trade-weighted Index"
"10368","FXRTWI","Trade-weighted Index May 1970 = 100","AUS","AUS",2009-10-22,71.2,"D","Index","Indicative","RBA","Daily","Historical Daily Exchange Rates Of The Australian Dollar Against:","Australian Dollar Trade-weighted Index"
"10369","FXRTWI","Trade-weighted Index May 1970 = 100","AUS","AUS",2009-10-23,71.4,"D","Index","Indicative","RBA","Daily","Historical Daily Exchange Rates Of The Australian Dollar Against:","Australian Dollar Trade-weighted Index"
"10370","FXRTWI","Trade-weighted Index May 1970 = 100","AUS","AUS",2009-10-26,71.2,"D","Index","Indicative","RBA","Daily","Historical Daily Exchange Rates Of The Australian Dollar Against:","Australian Dollar Trade-weighted Index"
"10371","FXRTWI","Trade-weighted Index May 1970 = 100","AUS","AUS",2009-10-27,71.1,"D","Index","Indicative","RBA","Daily","Historical Daily Exchange Rates Of The Australian Dollar Against:","Australian Dollar Trade-weighted Index"
"10372","FXRTWI","Trade-weighted Index May 1970 = 100","AUS","AUS",2009-10-28,70.3,"D","Index","Indicative","RBA","Daily","Historical Daily Exchange Rates Of The Australian Dollar Against:","Australian Dollar Trade-weighted Index"
"10373","FXRTWI","Trade-weighted Index May 1970 = 100","AUS","AUS",2009-10-29,69.6,"D","Index","Indicative","RBA","Daily","Historical Daily Exchange Rates Of The Australian Dollar Against:","Australian Dollar Trade-weighted Index"
"10374","FXRTWI","Trade-weighted Index May 1970 = 100","AUS","AUS",2009-10-30,70.7,"D","Index","Indicative","RBA","Daily","Historical Daily Exchange Rates Of The Australian Dollar Against:","Australian Dollar Trade-weighted Index"
"10375","DLCACS","Credit; Total; Seasonally adjusted","AUS","AUS",2009-10-31,1920.671,"M","$ billion","Seasonally Adjusted","RBA","Monthly","D2 Lending And Credit Aggregates","Credit; Total; Seasonally adjusted – Includes securitisations – For series breaks see Series Breaks"
"10376","FIRMMCRT","Cash Rate Target","AUS","AUS",2009-10-31,3.21428571428571,"M","Per cent","Original","RBA","Monthly","F1.1 Interest Rates And Yields - Money Market","Cash Rate Target; monthly average"
"10377","FXRTWI","Trade-weighted Index May 1970 = 100","AUS","AUS",2009-10-31,70.7,"M","Index","Indicative","RBA","Monthly","F11 Exchange Rates","Australian Dollar Trade-weighted Index"
"10378","GRCPAISDR","Commodity prices – SDR","AUS","AUS",2009-10-31,57.6743799600875,"M","Index, 2023/24=100","Original","RBA","Monthly","I2 Commodity Prices","Index of commodity prices; All items; SDR"
"10379","A2718577A","Credits, Total goods ;","AUS","AUS",2009-11-01,15022,"M","$ Millions","Seasonally Adjusted",NA,"Monthly","TABLE 1. GOODS, Summary: Seasonally adjusted and trend estimates, Current prices",NA
"10380","A2718594C","Balance on goods ;","AUS","AUS",2009-11-01,-1682,"M","$ Millions","Seasonally Adjusted",NA,"Monthly","TABLE 1. GOODS, Summary: Seasonally adjusted and trend estimates, Current prices",NA
"10381","FXRTWI","Trade-weighted Index May 1970 = 100","AUS","AUS",2009-11-02,69.8,"D","Index","Indicative","RBA","Daily","Historical Daily Exchange Rates Of The Australian Dollar Against:","Australian Dollar Trade-weighted Index"
"10382","FXRTWI","Trade-weighted Index May 1970 = 100","AUS","AUS",2009-11-03,69.7,"D","Index","Indicative","RBA","Daily","Historical Daily Exchange Rates Of The Australian Dollar Against:","Australian Dollar Trade-weighted Index"
"10383","FXRTWI","Trade-weighted Index May 1970 = 100","AUS","AUS",2009-11-04,69.8,"D","Index","Indicative","RBA","Daily","Historical Daily Exchange Rates Of The Australian Dollar Against:","Australian Dollar Trade-weighted Index"
"10384","FXRTWI","Trade-weighted Index May 1970 = 100","AUS","AUS",2009-11-05,69.9,"D","Index","Indicative","RBA","Daily","Historical Daily Exchange Rates Of The Australian Dollar Against:","Australian Dollar Trade-weighted Index"
"10385","FXRTWI","Trade-weighted Index May 1970 = 100","AUS","AUS",2009-11-06,70.4,"D","Index","Indicative","RBA","Daily","Historical Daily Exchange Rates Of The Australian Dollar Against:","Australian Dollar Trade-weighted Index"
"10386","FXRTWI","Trade-weighted Index May 1970 = 100","AUS","AUS",2009-11-09,71.1,"D","Index","Indicative","RBA","Daily","Historical Daily Exchange Rates Of The Australian Dollar Against:","Australian Dollar Trade-weighted Index"
"10387","FXRTWI","Trade-weighted Index May 1970 = 100","AUS","AUS",2009-11-10,71.1,"D","Index","Indicative","RBA","Daily","Historical Daily Exchange Rates Of The Australian Dollar Against:","Australian Dollar Trade-weighted Index"
"10388","FXRTWI","Trade-weighted Index May 1970 = 100","AUS","AUS",2009-11-11,71.2,"D","Index","Indicative","RBA","Daily","Historical Daily Exchange Rates Of The Australian Dollar Against:","Australian Dollar Trade-weighted Index"
"10389","FXRTWI","Trade-weighted Index May 1970 = 100","AUS","AUS",2009-11-12,71.6,"D","Index","Indicative","RBA","Daily","Historical Daily Exchange Rates Of The Australian Dollar Against:","Australian Dollar Trade-weighted Index"
"10390","FXRTWI","Trade-weighted Index May 1970 = 100","AUS","AUS",2009-11-13,71.1,"D","Index","Indicative","RBA","Daily","Historical Daily Exchange Rates Of The Australian Dollar Against:","Australian Dollar Trade-weighted Index"
"10391","FXRTWI","Trade-weighted Index May 1970 = 100","AUS","AUS",2009-11-16,71.5,"D","Index","Indicative","RBA","Daily","Historical Daily Exchange Rates Of The Australian Dollar Against:","Australian Dollar Trade-weighted Index"
"10392","FXRTWI","Trade-weighted Index May 1970 = 100","AUS","AUS",2009-11-17,71.4,"D","Index","Indicative","RBA","Daily","Historical Daily Exchange Rates Of The Australian Dollar Against:","Australian Dollar Trade-weighted Index"
"10393","FXRTWI","Trade-weighted Index May 1970 = 100","AUS","AUS",2009-11-18,71,"D","Index","Indicative","RBA","Daily","Historical Daily Exchange Rates Of The Australian Dollar Against:","Australian Dollar Trade-weighted Index"
"10394","FXRTWI","Trade-weighted Index May 1970 = 100","AUS","AUS",2009-11-19,70.7,"D","Index","Indicative","RBA","Daily","Historical Daily Exchange Rates Of The Australian Dollar Against:","Australian Dollar Trade-weighted Index"
"10395","FXRTWI","Trade-weighted Index May 1970 = 100","AUS","AUS",2009-11-20,70.5,"D","Index","Indicative","RBA","Daily","Historical Daily Exchange Rates Of The Australian Dollar Against:","Australian Dollar Trade-weighted Index"
"10396","FXRTWI","Trade-weighted Index May 1970 = 100","AUS","AUS",2009-11-23,70.4,"D","Index","Indicative","RBA","Daily","Historical Daily Exchange Rates Of The Australian Dollar Against:","Australian Dollar Trade-weighted Index"
"10397","FXRTWI","Trade-weighted Index May 1970 = 100","AUS","AUS",2009-11-24,70.6,"D","Index","Indicative","RBA","Daily","Historical Daily Exchange Rates Of The Australian Dollar Against:","Australian Dollar Trade-weighted Index"
"10398","FXRTWI","Trade-weighted Index May 1970 = 100","AUS","AUS",2009-11-25,70.7,"D","Index","Indicative","RBA","Daily","Historical Daily Exchange Rates Of The Australian Dollar Against:","Australian Dollar Trade-weighted Index"
"10399","FXRTWI","Trade-weighted Index May 1970 = 100","AUS","AUS",2009-11-26,70.2,"D","Index","Indicative","RBA","Daily","Historical Daily Exchange Rates Of The Australian Dollar Against:","Australian Dollar Trade-weighted Index"
"10400","FXRTWI","Trade-weighted Index May 1970 = 100","AUS","AUS",2009-11-27,69.1,"D","Index","Indicative","RBA","Daily","Historical Daily Exchange Rates Of The Australian Dollar Against:","Australian Dollar Trade-weighted Index"
"10401","DLCACS","Credit; Total; Seasonally adjusted","AUS","AUS",2009-11-30,1916.402,"M","$ billion","Seasonally Adjusted","RBA","Monthly","D2 Lending And Credit Aggregates","Credit; Total; Seasonally adjusted – Includes securitisations – For series breaks see Series Breaks"
"10402","FIRMMCRT","Cash Rate Target","AUS","AUS",2009-11-30,3.47619047619048,"M","Per cent","Original","RBA","Monthly","F1.1 Interest Rates And Yields - Money Market","Cash Rate Target; monthly average"
"10403","FXRTWI","Trade-weighted Index May 1970 = 100","AUS","AUS",2009-11-30,69.9,"D","Index","Indicative","RBA","Daily","Historical Daily Exchange Rates Of The Australian Dollar Against:","Australian Dollar Trade-weighted Index"
"10404","FXRTWI","Trade-weighted Index May 1970 = 100","AUS","AUS",2009-11-30,69.9,"M","Index","Indicative","RBA","Monthly","F11 Exchange Rates","Australian Dollar Trade-weighted Index"
"10405","GRCPAISDR","Commodity prices – SDR","AUS","AUS",2009-11-30,59.4170394703618,"M","Index, 2023/24=100","Original","RBA","Monthly","I2 Commodity Prices","Index of commodity prices; All items; SDR"
"10406","A2302956R","South Australia ; STATE FINAL DEMAND ;","SA","SA",2009-12-01,29086,"Q","$ Millions","Seasonally Adjusted",NA,"Quarterly","Table 25. State Final Demand, Summary Components by State: Chain volume measures",NA
"10407","A2302984X","Western Australia ; STATE FINAL DEMAND ;","WA","WA",2009-12-01,53357,"Q","$ Millions","Seasonally Adjusted",NA,"Quarterly","Table 25. State Final Demand, Summary Components by State: Chain volume measures",NA
"10408","A2303012X","Tasmania ; STATE FINAL DEMAND ;","TAS","TAS",2009-12-01,9123,"Q","$ Millions","Seasonally Adjusted",NA,"Quarterly","Table 25. State Final Demand, Summary Components by State: Chain volume measures",NA
"10409","A2303040J","Northern Territory ; STATE FINAL DEMAND ;","NT","NT",2009-12-01,6379,"Q","$ Millions","Seasonally Adjusted",NA,"Quarterly","Table 25. State Final Demand, Summary Components by State: Chain volume measures",NA
"10410","A2303068K","Australian Capital Territory ; STATE FINAL DEMAND ;","ACT","ACT",2009-12-01,12105,"Q","$ Millions","Seasonally Adjusted",NA,"Quarterly","Table 25. State Final Demand, Summary Components by State: Chain volume measures",NA
"10411","A2303111F","New South Wales ; STATE FINAL DEMAND ;","NSW","NSW",2009-12-01,137212,"Q","$ Millions","Seasonally Adjusted",NA,"Quarterly","Table 25. State Final Demand, Summary Components by State: Chain volume measures",NA
"10412","A2303139J","Victoria ; STATE FINAL DEMAND ;","VIC","VIC",2009-12-01,104413,"Q","$ Millions","Seasonally Adjusted",NA,"Quarterly","Table 25. State Final Demand, Summary Components by State: Chain volume measures",NA
"10413","A2303187A","Queensland ; STATE FINAL DEMAND ;","QLD","QLD",2009-12-01,86730,"Q","$ Millions","Seasonally Adjusted",NA,"Quarterly","Table 25. State Final Demand, Summary Components by State: Chain volume measures",NA
"10414","A2304418T","Gross domestic product: Current prices ;","AUS","AUS",2009-12-01,320922,"Q","$ Millions","Seasonally Adjusted",NA,"Quarterly","Table 1. Key National Accounts Aggregates",NA
"10415","A2325846C","Index Numbers ; All groups CPI ; Australia ;","AUS","AUS",2009-12-01,94.3,"Q","Index Numbers","Original",NA,"Quarterly","TABLES 1 and 2. CPI: All Groups, Index Numbers and Percentage Changes",NA
"10416","A2718577A","Credits, Total goods ;","AUS","AUS",2009-12-01,15626,"M","$ Millions","Seasonally Adjusted",NA,"Monthly","TABLE 1. GOODS, Summary: Seasonally adjusted and trend estimates, Current prices",NA
"10417","A2718594C","Balance on goods ;","AUS","AUS",2009-12-01,-1779,"M","$ Millions","Seasonally Adjusted",NA,"Monthly","TABLE 1. GOODS, Summary: Seasonally adjusted and trend estimates, Current prices",NA
"10418","FXRTWI","Trade-weighted Index May 1970 = 100","AUS","AUS",2009-12-01,69.8,"D","Index","Indicative","RBA","Daily","Historical Daily Exchange Rates Of The Australian Dollar Against:","Australian Dollar Trade-weighted Index"
"10419","FXRTWI","Trade-weighted Index May 1970 = 100","AUS","AUS",2009-12-02,70.6,"D","Index","Indicative","RBA","Daily","Historical Daily Exchange Rates Of The Australian Dollar Against:","Australian Dollar Trade-weighted Index"
"10420","FXRTWI","Trade-weighted Index May 1970 = 100","AUS","AUS",2009-12-03,70.8,"D","Index","Indicative","RBA","Daily","Historical Daily Exchange Rates Of The Australian Dollar Against:","Australian Dollar Trade-weighted Index"
"10421","FXRTWI","Trade-weighted Index May 1970 = 100","AUS","AUS",2009-12-04,70.6,"D","Index","Indicative","RBA","Daily","Historical Daily Exchange Rates Of The Australian Dollar Against:","Australian Dollar Trade-weighted Index"
"10422","FXRTWI","Trade-weighted Index May 1970 = 100","AUS","AUS",2009-12-07,70.4,"D","Index","Indicative","RBA","Daily","Historical Daily Exchange Rates Of The Australian Dollar Against:","Australian Dollar Trade-weighted Index"
"10423","FXRTWI","Trade-weighted Index May 1970 = 100","AUS","AUS",2009-12-08,70.1,"D","Index","Indicative","RBA","Daily","Historical Daily Exchange Rates Of The Australian Dollar Against:","Australian Dollar Trade-weighted Index"
"10424","FXRTWI","Trade-weighted Index May 1970 = 100","AUS","AUS",2009-12-09,69.7,"D","Index","Indicative","RBA","Daily","Historical Daily Exchange Rates Of The Australian Dollar Against:","Australian Dollar Trade-weighted Index"
"10425","FXRTWI","Trade-weighted Index May 1970 = 100","AUS","AUS",2009-12-10,70.2,"D","Index","Indicative","RBA","Daily","Historical Daily Exchange Rates Of The Australian Dollar Against:","Australian Dollar Trade-weighted Index"
"10426","FXRTWI","Trade-weighted Index May 1970 = 100","AUS","AUS",2009-12-11,70.4,"D","Index","Indicative","RBA","Daily","Historical Daily Exchange Rates Of The Australian Dollar Against:","Australian Dollar Trade-weighted Index"
"10427","FXRTWI","Trade-weighted Index May 1970 = 100","AUS","AUS",2009-12-14,70.1,"D","Index","Indicative","RBA","Daily","Historical Daily Exchange Rates Of The Australian Dollar Against:","Australian Dollar Trade-weighted Index"
"10428","FXRTWI","Trade-weighted Index May 1970 = 100","AUS","AUS",2009-12-15,70.3,"D","Index","Indicative","RBA","Daily","Historical Daily Exchange Rates Of The Australian Dollar Against:","Australian Dollar Trade-weighted Index"
"10429","FXRTWI","Trade-weighted Index May 1970 = 100","AUS","AUS",2009-12-16,69.4,"D","Index","Indicative","RBA","Daily","Historical Daily Exchange Rates Of The Australian Dollar Against:","Australian Dollar Trade-weighted Index"
"10430","FXRTWI","Trade-weighted Index May 1970 = 100","AUS","AUS",2009-12-17,69,"D","Index","Indicative","RBA","Daily","Historical Daily Exchange Rates Of The Australian Dollar Against:","Australian Dollar Trade-weighted Index"
"10431","FXRTWI","Trade-weighted Index May 1970 = 100","AUS","AUS",2009-12-18,68.8,"D","Index","Indicative","RBA","Daily","Historical Daily Exchange Rates Of The Australian Dollar Against:","Australian Dollar Trade-weighted Index"
"10432","FXRTWI","Trade-weighted Index May 1970 = 100","AUS","AUS",2009-12-21,68.9,"D","Index","Indicative","RBA","Daily","Historical Daily Exchange Rates Of The Australian Dollar Against:","Australian Dollar Trade-weighted Index"
"10433","FXRTWI","Trade-weighted Index May 1970 = 100","AUS","AUS",2009-12-22,68.5,"D","Index","Indicative","RBA","Daily","Historical Daily Exchange Rates Of The Australian Dollar Against:","Australian Dollar Trade-weighted Index"
"10434","FXRTWI","Trade-weighted Index May 1970 = 100","AUS","AUS",2009-12-23,68.4,"D","Index","Indicative","RBA","Daily","Historical Daily Exchange Rates Of The Australian Dollar Against:","Australian Dollar Trade-weighted Index"
"10435","FXRTWI","Trade-weighted Index May 1970 = 100","AUS","AUS",2009-12-24,68.6,"D","Index","Indicative","RBA","Daily","Historical Daily Exchange Rates Of The Australian Dollar Against:","Australian Dollar Trade-weighted Index"
"10436","FXRTWI","Trade-weighted Index May 1970 = 100","AUS","AUS",2009-12-29,69.1,"D","Index","Indicative","RBA","Daily","Historical Daily Exchange Rates Of The Australian Dollar Against:","Australian Dollar Trade-weighted Index"
"10437","FXRTWI","Trade-weighted Index May 1970 = 100","AUS","AUS",2009-12-30,69.3,"D","Index","Indicative","RBA","Daily","Historical Daily Exchange Rates Of The Australian Dollar Against:","Australian Dollar Trade-weighted Index"
"10438","DLCACS","Credit; Total; Seasonally adjusted","AUS","AUS",2009-12-31,1928.323,"M","$ billion","Seasonally Adjusted","RBA","Monthly","D2 Lending And Credit Aggregates","Credit; Total; Seasonally adjusted – Includes securitisations – For series breaks see Series Breaks"
"10439","FIRMMCRT","Cash Rate Target","AUS","AUS",2009-12-31,3.73809523809524,"M","Per cent","Original","RBA","Monthly","F1.1 Interest Rates And Yields - Money Market","Cash Rate Target; monthly average"
"10440","FXRTWI","Trade-weighted Index May 1970 = 100","AUS","AUS",2009-12-31,69.7,"D","Index","Indicative","RBA","Daily","Historical Daily Exchange Rates Of The Australian Dollar Against:","Australian Dollar Trade-weighted Index"
"10441","FXRTWI","Trade-weighted Index May 1970 = 100","AUS","AUS",2009-12-31,69.7,"M","Index","Indicative","RBA","Monthly","F11 Exchange Rates","Australian Dollar Trade-weighted Index"
"10442","GCPIOCPMTMQP","Quarterly trimmed mean inflation","AUS","AUS",2009-12-31,0.8,"Q","Per cent","Seasonally Adjusted","ABS","Quarterly","G1 Consumer Price Inflation","Consumer price index; Trimmed mean; Quarterly change (in per cent)"
"10443","GRCPAISDR","Commodity prices – SDR","AUS","AUS",2009-12-31,60.4973395693823,"M","Index, 2023/24=100","Original","RBA","Monthly","I2 Commodity Prices","Index of commodity prices; All items; SDR"
"10444","A124874157C","Business Turnover Index ; Total of 13 in-scope ANZSIC divisions ; Current Price ;","AUS","AUS",2010-01-01,66.3,"M","Index Numbers","Seasonally Adjusted",NA,"Monthly","Table 01: Business turnover indicator, 13 industry summary - Monthly percentage change and index",NA
"10445","A2718577A","Credits, Total goods ;","AUS","AUS",2010-01-01,16573,"M","$ Millions","Seasonally Adjusted",NA,"Monthly","TABLE 1. GOODS, Summary: Seasonally adjusted and trend estimates, Current prices",NA
"10446","A2718594C","Balance on goods ;","AUS","AUS",2010-01-01,-822,"M","$ Millions","Seasonally Adjusted",NA,"Monthly","TABLE 1. GOODS, Summary: Seasonally adjusted and trend estimates, Current prices",NA
"10447","FXRTWI","Trade-weighted Index May 1970 = 100","AUS","AUS",2010-01-04,69.7,"D","Index","Indicative","RBA","Daily","Historical Daily Exchange Rates Of The Australian Dollar Against:","Australian Dollar Trade-weighted Index"
"10448","FXRTWI","Trade-weighted Index May 1970 = 100","AUS","AUS",2010-01-05,70.6,"D","Index","Indicative","RBA","Daily","Historical Daily Exchange Rates Of The Australian Dollar Against:","Australian Dollar Trade-weighted Index"
"10449","FXRTWI","Trade-weighted Index May 1970 = 100","AUS","AUS",2010-01-06,70.7,"D","Index","Indicative","RBA","Daily","Historical Daily Exchange Rates Of The Australian Dollar Against:","Australian Dollar Trade-weighted Index"
"10450","FXRTWI","Trade-weighted Index May 1970 = 100","AUS","AUS",2010-01-07,71.3,"D","Index","Indicative","RBA","Daily","Historical Daily Exchange Rates Of The Australian Dollar Against:","Australian Dollar Trade-weighted Index"
"10451","FXRTWI","Trade-weighted Index May 1970 = 100","AUS","AUS",2010-01-08,71,"D","Index","Indicative","RBA","Daily","Historical Daily Exchange Rates Of The Australian Dollar Against:","Australian Dollar Trade-weighted Index"
"10452","FXRTWI","Trade-weighted Index May 1970 = 100","AUS","AUS",2010-01-11,71.7,"D","Index","Indicative","RBA","Daily","Historical Daily Exchange Rates Of The Australian Dollar Against:","Australian Dollar Trade-weighted Index"
"10453","FXRTWI","Trade-weighted Index May 1970 = 100","AUS","AUS",2010-01-12,71.5,"D","Index","Indicative","RBA","Daily","Historical Daily Exchange Rates Of The Australian Dollar Against:","Australian Dollar Trade-weighted Index"
"10454","FXRTWI","Trade-weighted Index May 1970 = 100","AUS","AUS",2010-01-13,71.1,"D","Index","Indicative","RBA","Daily","Historical Daily Exchange Rates Of The Australian Dollar Against:","Australian Dollar Trade-weighted Index"
"10455","FXRTWI","Trade-weighted Index May 1970 = 100","AUS","AUS",2010-01-14,71.5,"D","Index","Indicative","RBA","Daily","Historical Daily Exchange Rates Of The Australian Dollar Against:","Australian Dollar Trade-weighted Index"
"10456","FXRTWI","Trade-weighted Index May 1970 = 100","AUS","AUS",2010-01-15,71.3,"D","Index","Indicative","RBA","Daily","Historical Daily Exchange Rates Of The Australian Dollar Against:","Australian Dollar Trade-weighted Index"
"10457","FXRTWI","Trade-weighted Index May 1970 = 100","AUS","AUS",2010-01-18,71,"D","Index","Indicative","RBA","Daily","Historical Daily Exchange Rates Of The Australian Dollar Against:","Australian Dollar Trade-weighted Index"
"10458","FXRTWI","Trade-weighted Index May 1970 = 100","AUS","AUS",2010-01-19,70.9,"D","Index","Indicative","RBA","Daily","Historical Daily Exchange Rates Of The Australian Dollar Against:","Australian Dollar Trade-weighted Index"
"10459","FXRTWI","Trade-weighted Index May 1970 = 100","AUS","AUS",2010-01-20,70.8,"D","Index","Indicative","RBA","Daily","Historical Daily Exchange Rates Of The Australian Dollar Against:","Australian Dollar Trade-weighted Index"
"10460","FXRTWI","Trade-weighted Index May 1970 = 100","AUS","AUS",2010-01-21,70.8,"D","Index","Indicative","RBA","Daily","Historical Daily Exchange Rates Of The Australian Dollar Against:","Australian Dollar Trade-weighted Index"
"10461","FXRTWI","Trade-weighted Index May 1970 = 100","AUS","AUS",2010-01-22,69.9,"D","Index","Indicative","RBA","Daily","Historical Daily Exchange Rates Of The Australian Dollar Against:","Australian Dollar Trade-weighted Index"
"10462","FXRTWI","Trade-weighted Index May 1970 = 100","AUS","AUS",2010-01-25,70.2,"D","Index","Indicative","RBA","Daily","Historical Daily Exchange Rates Of The Australian Dollar Against:","Australian Dollar Trade-weighted Index"
"10463","FXRTWI","Trade-weighted Index May 1970 = 100","AUS","AUS",2010-01-27,69.9,"D","Index","Indicative","RBA","Daily","Historical Daily Exchange Rates Of The Australian Dollar Against:","Australian Dollar Trade-weighted Index"
"10464","FXRTWI","Trade-weighted Index May 1970 = 100","AUS","AUS",2010-01-28,69.9,"D","Index","Indicative","RBA","Daily","Historical Daily Exchange Rates Of The Australian Dollar Against:","Australian Dollar Trade-weighted Index"
"10465","FXRTWI","Trade-weighted Index May 1970 = 100","AUS","AUS",2010-01-29,69.2,"D","Index","Indicative","RBA","Daily","Historical Daily Exchange Rates Of The Australian Dollar Against:","Australian Dollar Trade-weighted Index"
"10466","FXRTWI","Trade-weighted Index May 1970 = 100","AUS","AUS",2010-01-29,69.2,"M","Index","Indicative","RBA","Monthly","F11 Exchange Rates","Australian Dollar Trade-weighted Index"
"10467","DLCACS","Credit; Total; Seasonally adjusted","AUS","AUS",2010-01-31,1934.68,"M","$ billion","Seasonally Adjusted","RBA","Monthly","D2 Lending And Credit Aggregates","Credit; Total; Seasonally adjusted – Includes securitisations – For series breaks see Series Breaks"
"10468","FIRMMCRT","Cash Rate Target","AUS","AUS",2010-01-31,3.75,"M","Per cent","Original","RBA","Monthly","F1.1 Interest Rates And Yields - Money Market","Cash Rate Target; monthly average"
"10469","GRCPAISDR","Commodity prices – SDR","AUS","AUS",2010-01-31,63.2571422309598,"M","Index, 2023/24=100","Original","RBA","Monthly","I2 Commodity Prices","Index of commodity prices; All items; SDR"
"10470","A124874157C","Business Turnover Index ; Total of 13 in-scope ANZSIC divisions ; Current Price ;","AUS","AUS",2010-02-01,66.9,"M","Index Numbers","Seasonally Adjusted",NA,"Monthly","Table 01: Business turnover indicator, 13 industry summary - Monthly percentage change and index",NA
"10471","A2718577A","Credits, Total goods ;","AUS","AUS",2010-02-01,16693,"M","$ Millions","Seasonally Adjusted",NA,"Monthly","TABLE 1. GOODS, Summary: Seasonally adjusted and trend estimates, Current prices",NA
"10472","A2718594C","Balance on goods ;","AUS","AUS",2010-02-01,-957,"M","$ Millions","Seasonally Adjusted",NA,"Monthly","TABLE 1. GOODS, Summary: Seasonally adjusted and trend estimates, Current prices",NA
"10473","FXRTWI","Trade-weighted Index May 1970 = 100","AUS","AUS",2010-02-01,68.8,"D","Index","Indicative","RBA","Daily","Historical Daily Exchange Rates Of The Australian Dollar Against:","Australian Dollar Trade-weighted Index"
"10474","FXRTWI","Trade-weighted Index May 1970 = 100","AUS","AUS",2010-02-02,68.5,"D","Index","Indicative","RBA","Daily","Historical Daily Exchange Rates Of The Australian Dollar Against:","Australian Dollar Trade-weighted Index"
"10475","FXRTWI","Trade-weighted Index May 1970 = 100","AUS","AUS",2010-02-03,68.7,"D","Index","Indicative","RBA","Daily","Historical Daily Exchange Rates Of The Australian Dollar Against:","Australian Dollar Trade-weighted Index"
"10476","FXRTWI","Trade-weighted Index May 1970 = 100","AUS","AUS",2010-02-04,68.6,"D","Index","Indicative","RBA","Daily","Historical Daily Exchange Rates Of The Australian Dollar Against:","Australian Dollar Trade-weighted Index"
"10477","FXRTWI","Trade-weighted Index May 1970 = 100","AUS","AUS",2010-02-05,67.7,"D","Index","Indicative","RBA","Daily","Historical Daily Exchange Rates Of The Australian Dollar Against:","Australian Dollar Trade-weighted Index"
"10478","FXRTWI","Trade-weighted Index May 1970 = 100","AUS","AUS",2010-02-08,67.7,"D","Index","Indicative","RBA","Daily","Historical Daily Exchange Rates Of The Australian Dollar Against:","Australian Dollar Trade-weighted Index"
"10479","FXRTWI","Trade-weighted Index May 1970 = 100","AUS","AUS",2010-02-09,67.8,"D","Index","Indicative","RBA","Daily","Historical Daily Exchange Rates Of The Australian Dollar Against:","Australian Dollar Trade-weighted Index"
"10480","FXRTWI","Trade-weighted Index May 1970 = 100","AUS","AUS",2010-02-10,68.2,"D","Index","Indicative","RBA","Daily","Historical Daily Exchange Rates Of The Australian Dollar Against:","Australian Dollar Trade-weighted Index"
"10481","FXRTWI","Trade-weighted Index May 1970 = 100","AUS","AUS",2010-02-11,69.2,"D","Index","Indicative","RBA","Daily","Historical Daily Exchange Rates Of The Australian Dollar Against:","Australian Dollar Trade-weighted Index"
"10482","FXRTWI","Trade-weighted Index May 1970 = 100","AUS","AUS",2010-02-12,69.3,"D","Index","Indicative","RBA","Daily","Historical Daily Exchange Rates Of The Australian Dollar Against:","Australian Dollar Trade-weighted Index"
"10483","FXRTWI","Trade-weighted Index May 1970 = 100","AUS","AUS",2010-02-15,69.3,"D","Index","Indicative","RBA","Daily","Historical Daily Exchange Rates Of The Australian Dollar Against:","Australian Dollar Trade-weighted Index"
"10484","FXRTWI","Trade-weighted Index May 1970 = 100","AUS","AUS",2010-02-16,69.7,"D","Index","Indicative","RBA","Daily","Historical Daily Exchange Rates Of The Australian Dollar Against:","Australian Dollar Trade-weighted Index"
"10485","FXRTWI","Trade-weighted Index May 1970 = 100","AUS","AUS",2010-02-17,70.1,"D","Index","Indicative","RBA","Daily","Historical Daily Exchange Rates Of The Australian Dollar Against:","Australian Dollar Trade-weighted Index"
"10486","FXRTWI","Trade-weighted Index May 1970 = 100","AUS","AUS",2010-02-18,70,"D","Index","Indicative","RBA","Daily","Historical Daily Exchange Rates Of The Australian Dollar Against:","Australian Dollar Trade-weighted Index"
"10487","FXRTWI","Trade-weighted Index May 1970 = 100","AUS","AUS",2010-02-19,69.9,"D","Index","Indicative","RBA","Daily","Historical Daily Exchange Rates Of The Australian Dollar Against:","Australian Dollar Trade-weighted Index"
"10488","FXRTWI","Trade-weighted Index May 1970 = 100","AUS","AUS",2010-02-22,70.5,"D","Index","Indicative","RBA","Daily","Historical Daily Exchange Rates Of The Australian Dollar Against:","Australian Dollar Trade-weighted Index"
"10489","FXRTWI","Trade-weighted Index May 1970 = 100","AUS","AUS",2010-02-23,70.4,"D","Index","Indicative","RBA","Daily","Historical Daily Exchange Rates Of The Australian Dollar Against:","Australian Dollar Trade-weighted Index"
"10490","FXRTWI","Trade-weighted Index May 1970 = 100","AUS","AUS",2010-02-24,69.8,"D","Index","Indicative","RBA","Daily","Historical Daily Exchange Rates Of The Australian Dollar Against:","Australian Dollar Trade-weighted Index"
"10491","FXRTWI","Trade-weighted Index May 1970 = 100","AUS","AUS",2010-02-25,69.5,"D","Index","Indicative","RBA","Daily","Historical Daily Exchange Rates Of The Australian Dollar Against:","Australian Dollar Trade-weighted Index"
"10492","FXRTWI","Trade-weighted Index May 1970 = 100","AUS","AUS",2010-02-26,69.5,"D","Index","Indicative","RBA","Daily","Historical Daily Exchange Rates Of The Australian Dollar Against:","Australian Dollar Trade-weighted Index"
"10493","FXRTWI","Trade-weighted Index May 1970 = 100","AUS","AUS",2010-02-26,69.5,"M","Index","Indicative","RBA","Monthly","F11 Exchange Rates","Australian Dollar Trade-weighted Index"
"10494","DLCACS","Credit; Total; Seasonally adjusted","AUS","AUS",2010-02-28,1941.486,"M","$ billion","Seasonally Adjusted","RBA","Monthly","D2 Lending And Credit Aggregates","Credit; Total; Seasonally adjusted – Includes securitisations – For series breaks see Series Breaks"
"10495","FIRMMCRT","Cash Rate Target","AUS","AUS",2010-02-28,3.75,"M","Per cent","Original","RBA","Monthly","F1.1 Interest Rates And Yields - Money Market","Cash Rate Target; monthly average"
"10496","GRCPAISDR","Commodity prices – SDR","AUS","AUS",2010-02-28,65.0759766543918,"M","Index, 2023/24=100","Original","RBA","Monthly","I2 Commodity Prices","Index of commodity prices; All items; SDR"
"10497","A124874157C","Business Turnover Index ; Total of 13 in-scope ANZSIC divisions ; Current Price ;","AUS","AUS",2010-03-01,66.8,"M","Index Numbers","Seasonally Adjusted",NA,"Monthly","Table 01: Business turnover indicator, 13 industry summary - Monthly percentage change and index",NA
"10498","A2302956R","South Australia ; STATE FINAL DEMAND ;","SA","SA",2010-03-01,29177,"Q","$ Millions","Seasonally Adjusted",NA,"Quarterly","Table 25. State Final Demand, Summary Components by State: Chain volume measures",NA
"10499","A2302984X","Western Australia ; STATE FINAL DEMAND ;","WA","WA",2010-03-01,53467,"Q","$ Millions","Seasonally Adjusted",NA,"Quarterly","Table 25. State Final Demand, Summary Components by State: Chain volume measures",NA
"10500","A2303012X","Tasmania ; STATE FINAL DEMAND ;","TAS","TAS",2010-03-01,9214,"Q","$ Millions","Seasonally Adjusted",NA,"Quarterly","Table 25. State Final Demand, Summary Components by State: Chain volume measures",NA
"10501","A2303040J","Northern Territory ; STATE FINAL DEMAND ;","NT","NT",2010-03-01,6401,"Q","$ Millions","Seasonally Adjusted",NA,"Quarterly","Table 25. State Final Demand, Summary Components by State: Chain volume measures",NA
"10502","A2303068K","Australian Capital Territory ; STATE FINAL DEMAND ;","ACT","ACT",2010-03-01,12113,"Q","$ Millions","Seasonally Adjusted",NA,"Quarterly","Table 25. State Final Demand, Summary Components by State: Chain volume measures",NA
"10503","A2303111F","New South Wales ; STATE FINAL DEMAND ;","NSW","NSW",2010-03-01,137076,"Q","$ Millions","Seasonally Adjusted",NA,"Quarterly","Table 25. State Final Demand, Summary Components by State: Chain volume measures",NA
"10504","A2303139J","Victoria ; STATE FINAL DEMAND ;","VIC","VIC",2010-03-01,104821,"Q","$ Millions","Seasonally Adjusted",NA,"Quarterly","Table 25. State Final Demand, Summary Components by State: Chain volume measures",NA
"10505","A2303187A","Queensland ; STATE FINAL DEMAND ;","QLD","QLD",2010-03-01,87335,"Q","$ Millions","Seasonally Adjusted",NA,"Quarterly","Table 25. State Final Demand, Summary Components by State: Chain volume measures",NA
"10506","A2304418T","Gross domestic product: Current prices ;","AUS","AUS",2010-03-01,328426,"Q","$ Millions","Seasonally Adjusted",NA,"Quarterly","Table 1. Key National Accounts Aggregates",NA
"10507","A2325846C","Index Numbers ; All groups CPI ; Australia ;","AUS","AUS",2010-03-01,95.2,"Q","Index Numbers","Original",NA,"Quarterly","TABLES 1 and 2. CPI: All Groups, Index Numbers and Percentage Changes",NA
"10508","A2718577A","Credits, Total goods ;","AUS","AUS",2010-03-01,16992,"M","$ Millions","Seasonally Adjusted",NA,"Monthly","TABLE 1. GOODS, Summary: Seasonally adjusted and trend estimates, Current prices",NA
"10509","A2718594C","Balance on goods ;","AUS","AUS",2010-03-01,-1391,"M","$ Millions","Seasonally Adjusted",NA,"Monthly","TABLE 1. GOODS, Summary: Seasonally adjusted and trend estimates, Current prices",NA
"10510","FXRTWI","Trade-weighted Index May 1970 = 100","AUS","AUS",2010-03-01,70,"D","Index","Indicative","RBA","Daily","Historical Daily Exchange Rates Of The Australian Dollar Against:","Australian Dollar Trade-weighted Index"
"10511","FXRTWI","Trade-weighted Index May 1970 = 100","AUS","AUS",2010-03-02,70.2,"D","Index","Indicative","RBA","Daily","Historical Daily Exchange Rates Of The Australian Dollar Against:","Australian Dollar Trade-weighted Index"
"10512","FXRTWI","Trade-weighted Index May 1970 = 100","AUS","AUS",2010-03-03,70.4,"D","Index","Indicative","RBA","Daily","Historical Daily Exchange Rates Of The Australian Dollar Against:","Australian Dollar Trade-weighted Index"
"10513","FXRTWI","Trade-weighted Index May 1970 = 100","AUS","AUS",2010-03-04,70.1,"D","Index","Indicative","RBA","Daily","Historical Daily Exchange Rates Of The Australian Dollar Against:","Australian Dollar Trade-weighted Index"
"10514","FXRTWI","Trade-weighted Index May 1970 = 100","AUS","AUS",2010-03-05,70.2,"D","Index","Indicative","RBA","Daily","Historical Daily Exchange Rates Of The Australian Dollar Against:","Australian Dollar Trade-weighted Index"
"10515","FXRTWI","Trade-weighted Index May 1970 = 100","AUS","AUS",2010-03-08,70.9,"D","Index","Indicative","RBA","Daily","Historical Daily Exchange Rates Of The Australian Dollar Against:","Australian Dollar Trade-weighted Index"
"10516","FXRTWI","Trade-weighted Index May 1970 = 100","AUS","AUS",2010-03-09,70.8,"D","Index","Indicative","RBA","Daily","Historical Daily Exchange Rates Of The Australian Dollar Against:","Australian Dollar Trade-weighted Index"
"10517","FXRTWI","Trade-weighted Index May 1970 = 100","AUS","AUS",2010-03-10,71.2,"D","Index","Indicative","RBA","Daily","Historical Daily Exchange Rates Of The Australian Dollar Against:","Australian Dollar Trade-weighted Index"
"10518","FXRTWI","Trade-weighted Index May 1970 = 100","AUS","AUS",2010-03-11,71.2,"D","Index","Indicative","RBA","Daily","Historical Daily Exchange Rates Of The Australian Dollar Against:","Australian Dollar Trade-weighted Index"
"10519","FXRTWI","Trade-weighted Index May 1970 = 100","AUS","AUS",2010-03-12,71.3,"D","Index","Indicative","RBA","Daily","Historical Daily Exchange Rates Of The Australian Dollar Against:","Australian Dollar Trade-weighted Index"
"10520","FXRTWI","Trade-weighted Index May 1970 = 100","AUS","AUS",2010-03-15,71.1,"D","Index","Indicative","RBA","Daily","Historical Daily Exchange Rates Of The Australian Dollar Against:","Australian Dollar Trade-weighted Index"
"10521","FXRTWI","Trade-weighted Index May 1970 = 100","AUS","AUS",2010-03-16,71.1,"D","Index","Indicative","RBA","Daily","Historical Daily Exchange Rates Of The Australian Dollar Against:","Australian Dollar Trade-weighted Index"
"10522","FXRTWI","Trade-weighted Index May 1970 = 100","AUS","AUS",2010-03-17,71.3,"D","Index","Indicative","RBA","Daily","Historical Daily Exchange Rates Of The Australian Dollar Against:","Australian Dollar Trade-weighted Index"
"10523","FXRTWI","Trade-weighted Index May 1970 = 100","AUS","AUS",2010-03-18,71.5,"D","Index","Indicative","RBA","Daily","Historical Daily Exchange Rates Of The Australian Dollar Against:","Australian Dollar Trade-weighted Index"
"10524","FXRTWI","Trade-weighted Index May 1970 = 100","AUS","AUS",2010-03-19,71.6,"D","Index","Indicative","RBA","Daily","Historical Daily Exchange Rates Of The Australian Dollar Against:","Australian Dollar Trade-weighted Index"
"10525","FXRTWI","Trade-weighted Index May 1970 = 100","AUS","AUS",2010-03-22,71.2,"D","Index","Indicative","RBA","Daily","Historical Daily Exchange Rates Of The Australian Dollar Against:","Australian Dollar Trade-weighted Index"
"10526","FXRTWI","Trade-weighted Index May 1970 = 100","AUS","AUS",2010-03-23,71.4,"D","Index","Indicative","RBA","Daily","Historical Daily Exchange Rates Of The Australian Dollar Against:","Australian Dollar Trade-weighted Index"
"10527","FXRTWI","Trade-weighted Index May 1970 = 100","AUS","AUS",2010-03-24,71.5,"D","Index","Indicative","RBA","Daily","Historical Daily Exchange Rates Of The Australian Dollar Against:","Australian Dollar Trade-weighted Index"
"10528","FXRTWI","Trade-weighted Index May 1970 = 100","AUS","AUS",2010-03-25,71.4,"D","Index","Indicative","RBA","Daily","Historical Daily Exchange Rates Of The Australian Dollar Against:","Australian Dollar Trade-weighted Index"
"10529","FXRTWI","Trade-weighted Index May 1970 = 100","AUS","AUS",2010-03-26,71.4,"D","Index","Indicative","RBA","Daily","Historical Daily Exchange Rates Of The Australian Dollar Against:","Australian Dollar Trade-weighted Index"
"10530","FXRTWI","Trade-weighted Index May 1970 = 100","AUS","AUS",2010-03-29,71,"D","Index","Indicative","RBA","Daily","Historical Daily Exchange Rates Of The Australian Dollar Against:","Australian Dollar Trade-weighted Index"
"10531","FXRTWI","Trade-weighted Index May 1970 = 100","AUS","AUS",2010-03-30,71.7,"D","Index","Indicative","RBA","Daily","Historical Daily Exchange Rates Of The Australian Dollar Against:","Australian Dollar Trade-weighted Index"
"10532","DLCACS","Credit; Total; Seasonally adjusted","AUS","AUS",2010-03-31,1946.116,"M","$ billion","Seasonally Adjusted","RBA","Monthly","D2 Lending And Credit Aggregates","Credit; Total; Seasonally adjusted – Includes securitisations – For series breaks see Series Breaks"
"10533","FIRMMCRT","Cash Rate Target","AUS","AUS",2010-03-31,3.9775,"M","Per cent","Original","RBA","Monthly","F1.1 Interest Rates And Yields - Money Market","Cash Rate Target; monthly average"
"10534","FXRTWI","Trade-weighted Index May 1970 = 100","AUS","AUS",2010-03-31,71.7,"D","Index","Indicative","RBA","Daily","Historical Daily Exchange Rates Of The Australian Dollar Against:","Australian Dollar Trade-weighted Index"
"10535","FXRTWI","Trade-weighted Index May 1970 = 100","AUS","AUS",2010-03-31,71.7,"M","Index","Indicative","RBA","Monthly","F11 Exchange Rates","Australian Dollar Trade-weighted Index"
"10536","GCPIOCPMTMQP","Quarterly trimmed mean inflation","AUS","AUS",2010-03-31,0.8,"Q","Per cent","Seasonally Adjusted","ABS","Quarterly","G1 Consumer Price Inflation","Consumer price index; Trimmed mean; Quarterly change (in per cent)"
"10537","GRCPAISDR","Commodity prices – SDR","AUS","AUS",2010-03-31,67.1452924312352,"M","Index, 2023/24=100","Original","RBA","Monthly","I2 Commodity Prices","Index of commodity prices; All items; SDR"
"10538","A124874157C","Business Turnover Index ; Total of 13 in-scope ANZSIC divisions ; Current Price ;","AUS","AUS",2010-04-01,68.3,"M","Index Numbers","Seasonally Adjusted",NA,"Monthly","Table 01: Business turnover indicator, 13 industry summary - Monthly percentage change and index",NA
"10539","A2718577A","Credits, Total goods ;","AUS","AUS",2010-04-01,19119,"M","$ Millions","Seasonally Adjusted",NA,"Monthly","TABLE 1. GOODS, Summary: Seasonally adjusted and trend estimates, Current prices",NA
"10540","A2718594C","Balance on goods ;","AUS","AUS",2010-04-01,897,"M","$ Millions","Seasonally Adjusted",NA,"Monthly","TABLE 1. GOODS, Summary: Seasonally adjusted and trend estimates, Current prices",NA
"10541","FXRTWI","Trade-weighted Index May 1970 = 100","AUS","AUS",2010-04-01,71.6,"D","Index","Indicative","RBA","Daily","Historical Daily Exchange Rates Of The Australian Dollar Against:","Australian Dollar Trade-weighted Index"
"10542","FXRTWI","Trade-weighted Index May 1970 = 100","AUS","AUS",2010-04-06,72.1,"D","Index","Indicative","RBA","Daily","Historical Daily Exchange Rates Of The Australian Dollar Against:","Australian Dollar Trade-weighted Index"
"10543","FXRTWI","Trade-weighted Index May 1970 = 100","AUS","AUS",2010-04-07,72.4,"D","Index","Indicative","RBA","Daily","Historical Daily Exchange Rates Of The Australian Dollar Against:","Australian Dollar Trade-weighted Index"
"10544","FXRTWI","Trade-weighted Index May 1970 = 100","AUS","AUS",2010-04-08,72.4,"D","Index","Indicative","RBA","Daily","Historical Daily Exchange Rates Of The Australian Dollar Against:","Australian Dollar Trade-weighted Index"
"10545","FXRTWI","Trade-weighted Index May 1970 = 100","AUS","AUS",2010-04-09,72.4,"D","Index","Indicative","RBA","Daily","Historical Daily Exchange Rates Of The Australian Dollar Against:","Australian Dollar Trade-weighted Index"
"10546","FXRTWI","Trade-weighted Index May 1970 = 100","AUS","AUS",2010-04-12,72.4,"D","Index","Indicative","RBA","Daily","Historical Daily Exchange Rates Of The Australian Dollar Against:","Australian Dollar Trade-weighted Index"
"10547","FXRTWI","Trade-weighted Index May 1970 = 100","AUS","AUS",2010-04-13,71.9,"D","Index","Indicative","RBA","Daily","Historical Daily Exchange Rates Of The Australian Dollar Against:","Australian Dollar Trade-weighted Index"
"10548","FXRTWI","Trade-weighted Index May 1970 = 100","AUS","AUS",2010-04-14,72.4,"D","Index","Indicative","RBA","Daily","Historical Daily Exchange Rates Of The Australian Dollar Against:","Australian Dollar Trade-weighted Index"
"10549","FXRTWI","Trade-weighted Index May 1970 = 100","AUS","AUS",2010-04-15,72.4,"D","Index","Indicative","RBA","Daily","Historical Daily Exchange Rates Of The Australian Dollar Against:","Australian Dollar Trade-weighted Index"
"10550","FXRTWI","Trade-weighted Index May 1970 = 100","AUS","AUS",2010-04-16,72.2,"D","Index","Indicative","RBA","Daily","Historical Daily Exchange Rates Of The Australian Dollar Against:","Australian Dollar Trade-weighted Index"
"10551","FXRTWI","Trade-weighted Index May 1970 = 100","AUS","AUS",2010-04-19,71.5,"D","Index","Indicative","RBA","Daily","Historical Daily Exchange Rates Of The Australian Dollar Against:","Australian Dollar Trade-weighted Index"
"10552","FXRTWI","Trade-weighted Index May 1970 = 100","AUS","AUS",2010-04-20,72.1,"D","Index","Indicative","RBA","Daily","Historical Daily Exchange Rates Of The Australian Dollar Against:","Australian Dollar Trade-weighted Index"
"10553","FXRTWI","Trade-weighted Index May 1970 = 100","AUS","AUS",2010-04-21,72.5,"D","Index","Indicative","RBA","Daily","Historical Daily Exchange Rates Of The Australian Dollar Against:","Australian Dollar Trade-weighted Index"
"10554","FXRTWI","Trade-weighted Index May 1970 = 100","AUS","AUS",2010-04-22,72.1,"D","Index","Indicative","RBA","Daily","Historical Daily Exchange Rates Of The Australian Dollar Against:","Australian Dollar Trade-weighted Index"
"10555","FXRTWI","Trade-weighted Index May 1970 = 100","AUS","AUS",2010-04-23,71.8,"D","Index","Indicative","RBA","Daily","Historical Daily Exchange Rates Of The Australian Dollar Against:","Australian Dollar Trade-weighted Index"
"10556","FXRTWI","Trade-weighted Index May 1970 = 100","AUS","AUS",2010-04-27,72,"D","Index","Indicative","RBA","Daily","Historical Daily Exchange Rates Of The Australian Dollar Against:","Australian Dollar Trade-weighted Index"
"10557","FXRTWI","Trade-weighted Index May 1970 = 100","AUS","AUS",2010-04-28,71.9,"D","Index","Indicative","RBA","Daily","Historical Daily Exchange Rates Of The Australian Dollar Against:","Australian Dollar Trade-weighted Index"
"10558","FXRTWI","Trade-weighted Index May 1970 = 100","AUS","AUS",2010-04-29,72.3,"D","Index","Indicative","RBA","Daily","Historical Daily Exchange Rates Of The Australian Dollar Against:","Australian Dollar Trade-weighted Index"
"10559","DLCACS","Credit; Total; Seasonally adjusted","AUS","AUS",2010-04-30,1949.682,"M","$ billion","Seasonally Adjusted","RBA","Monthly","D2 Lending And Credit Aggregates","Credit; Total; Seasonally adjusted – Includes securitisations – For series breaks see Series Breaks"
"10560","FIRMMCRT","Cash Rate Target","AUS","AUS",2010-04-30,4.2225,"M","Per cent","Original","RBA","Monthly","F1.1 Interest Rates And Yields - Money Market","Cash Rate Target; monthly average"
"10561","FXRTWI","Trade-weighted Index May 1970 = 100","AUS","AUS",2010-04-30,72.5,"D","Index","Indicative","RBA","Daily","Historical Daily Exchange Rates Of The Australian Dollar Against:","Australian Dollar Trade-weighted Index"
"10562","FXRTWI","Trade-weighted Index May 1970 = 100","AUS","AUS",2010-04-30,72.5,"M","Index","Indicative","RBA","Monthly","F11 Exchange Rates","Australian Dollar Trade-weighted Index"
"10563","GRCPAISDR","Commodity prices – SDR","AUS","AUS",2010-04-30,77.6953480071969,"M","Index, 2023/24=100","Original","RBA","Monthly","I2 Commodity Prices","Index of commodity prices; All items; SDR"
"10564","A124874157C","Business Turnover Index ; Total of 13 in-scope ANZSIC divisions ; Current Price ;","AUS","AUS",2010-05-01,68.8,"M","Index Numbers","Seasonally Adjusted",NA,"Monthly","Table 01: Business turnover indicator, 13 industry summary - Monthly percentage change and index",NA
"10565","A2718577A","Credits, Total goods ;","AUS","AUS",2010-05-01,20149,"M","$ Millions","Seasonally Adjusted",NA,"Monthly","TABLE 1. GOODS, Summary: Seasonally adjusted and trend estimates, Current prices",NA
"10566","A2718594C","Balance on goods ;","AUS","AUS",2010-05-01,1260,"M","$ Millions","Seasonally Adjusted",NA,"Monthly","TABLE 1. GOODS, Summary: Seasonally adjusted and trend estimates, Current prices",NA
"10567","FXRTWI","Trade-weighted Index May 1970 = 100","AUS","AUS",2010-05-03,72.2,"D","Index","Indicative","RBA","Daily","Historical Daily Exchange Rates Of The Australian Dollar Against:","Australian Dollar Trade-weighted Index"
"10568","FXRTWI","Trade-weighted Index May 1970 = 100","AUS","AUS",2010-05-04,72,"D","Index","Indicative","RBA","Daily","Historical Daily Exchange Rates Of The Australian Dollar Against:","Australian Dollar Trade-weighted Index"
"10569","FXRTWI","Trade-weighted Index May 1970 = 100","AUS","AUS",2010-05-05,71.5,"D","Index","Indicative","RBA","Daily","Historical Daily Exchange Rates Of The Australian Dollar Against:","Australian Dollar Trade-weighted Index"
"10570","FXRTWI","Trade-weighted Index May 1970 = 100","AUS","AUS",2010-05-06,71.2,"D","Index","Indicative","RBA","Daily","Historical Daily Exchange Rates Of The Australian Dollar Against:","Australian Dollar Trade-weighted Index"
"10571","FXRTWI","Trade-weighted Index May 1970 = 100","AUS","AUS",2010-05-07,70.1,"D","Index","Indicative","RBA","Daily","Historical Daily Exchange Rates Of The Australian Dollar Against:","Australian Dollar Trade-weighted Index"
"10572","FXRTWI","Trade-weighted Index May 1970 = 100","AUS","AUS",2010-05-10,70.8,"D","Index","Indicative","RBA","Daily","Historical Daily Exchange Rates Of The Australian Dollar Against:","Australian Dollar Trade-weighted Index"
"10573","FXRTWI","Trade-weighted Index May 1970 = 100","AUS","AUS",2010-05-11,70.4,"D","Index","Indicative","RBA","Daily","Historical Daily Exchange Rates Of The Australian Dollar Against:","Australian Dollar Trade-weighted Index"
"10574","FXRTWI","Trade-weighted Index May 1970 = 100","AUS","AUS",2010-05-12,70.3,"D","Index","Indicative","RBA","Daily","Historical Daily Exchange Rates Of The Australian Dollar Against:","Australian Dollar Trade-weighted Index"
"10575","FXRTWI","Trade-weighted Index May 1970 = 100","AUS","AUS",2010-05-13,70.9,"D","Index","Indicative","RBA","Daily","Historical Daily Exchange Rates Of The Australian Dollar Against:","Australian Dollar Trade-weighted Index"
"10576","FXRTWI","Trade-weighted Index May 1970 = 100","AUS","AUS",2010-05-14,70.5,"D","Index","Indicative","RBA","Daily","Historical Daily Exchange Rates Of The Australian Dollar Against:","Australian Dollar Trade-weighted Index"
"10577","FXRTWI","Trade-weighted Index May 1970 = 100","AUS","AUS",2010-05-17,69.5,"D","Index","Indicative","RBA","Daily","Historical Daily Exchange Rates Of The Australian Dollar Against:","Australian Dollar Trade-weighted Index"
"10578","FXRTWI","Trade-weighted Index May 1970 = 100","AUS","AUS",2010-05-18,69.2,"D","Index","Indicative","RBA","Daily","Historical Daily Exchange Rates Of The Australian Dollar Against:","Australian Dollar Trade-weighted Index"
"10579","FXRTWI","Trade-weighted Index May 1970 = 100","AUS","AUS",2010-05-19,68.1,"D","Index","Indicative","RBA","Daily","Historical Daily Exchange Rates Of The Australian Dollar Against:","Australian Dollar Trade-weighted Index"
"10580","FXRTWI","Trade-weighted Index May 1970 = 100","AUS","AUS",2010-05-20,66.2,"D","Index","Indicative","RBA","Daily","Historical Daily Exchange Rates Of The Australian Dollar Against:","Australian Dollar Trade-weighted Index"
"10581","FXRTWI","Trade-weighted Index May 1970 = 100","AUS","AUS",2010-05-21,65.9,"D","Index","Indicative","RBA","Daily","Historical Daily Exchange Rates Of The Australian Dollar Against:","Australian Dollar Trade-weighted Index"
"10582","FXRTWI","Trade-weighted Index May 1970 = 100","AUS","AUS",2010-05-24,65.6,"D","Index","Indicative","RBA","Daily","Historical Daily Exchange Rates Of The Australian Dollar Against:","Australian Dollar Trade-weighted Index"
"10583","FXRTWI","Trade-weighted Index May 1970 = 100","AUS","AUS",2010-05-25,65.4,"D","Index","Indicative","RBA","Daily","Historical Daily Exchange Rates Of The Australian Dollar Against:","Australian Dollar Trade-weighted Index"
"10584","FXRTWI","Trade-weighted Index May 1970 = 100","AUS","AUS",2010-05-26,65.8,"D","Index","Indicative","RBA","Daily","Historical Daily Exchange Rates Of The Australian Dollar Against:","Australian Dollar Trade-weighted Index"
"10585","FXRTWI","Trade-weighted Index May 1970 = 100","AUS","AUS",2010-05-27,66.3,"D","Index","Indicative","RBA","Daily","Historical Daily Exchange Rates Of The Australian Dollar Against:","Australian Dollar Trade-weighted Index"
"10586","FXRTWI","Trade-weighted Index May 1970 = 100","AUS","AUS",2010-05-28,67.8,"D","Index","Indicative","RBA","Daily","Historical Daily Exchange Rates Of The Australian Dollar Against:","Australian Dollar Trade-weighted Index"
"10587","DLCACS","Credit; Total; Seasonally adjusted","AUS","AUS",2010-05-31,1955.773,"M","$ billion","Seasonally Adjusted","RBA","Monthly","D2 Lending And Credit Aggregates","Credit; Total; Seasonally adjusted – Includes securitisations – For series breaks see Series Breaks"
"10588","FIRMMCRT","Cash Rate Target","AUS","AUS",2010-05-31,4.475,"M","Per cent","Original","RBA","Monthly","F1.1 Interest Rates And Yields - Money Market","Cash Rate Target; monthly average"
"10589","FXRTWI","Trade-weighted Index May 1970 = 100","AUS","AUS",2010-05-31,67.5,"D","Index","Indicative","RBA","Daily","Historical Daily Exchange Rates Of The Australian Dollar Against:","Australian Dollar Trade-weighted Index"
"10590","FXRTWI","Trade-weighted Index May 1970 = 100","AUS","AUS",2010-05-31,67.5,"M","Index","Indicative","RBA","Monthly","F11 Exchange Rates","Australian Dollar Trade-weighted Index"
"10591","GRCPAISDR","Commodity prices – SDR","AUS","AUS",2010-05-31,81.0100122332108,"M","Index, 2023/24=100","Original","RBA","Monthly","I2 Commodity Prices","Index of commodity prices; All items; SDR"
"10592","A124874157C","Business Turnover Index ; Total of 13 in-scope ANZSIC divisions ; Current Price ;","AUS","AUS",2010-06-01,69,"M","Index Numbers","Seasonally Adjusted",NA,"Monthly","Table 01: Business turnover indicator, 13 industry summary - Monthly percentage change and index",NA
"10593","A2302956R","South Australia ; STATE FINAL DEMAND ;","SA","SA",2010-06-01,29410,"Q","$ Millions","Seasonally Adjusted",NA,"Quarterly","Table 25. State Final Demand, Summary Components by State: Chain volume measures",NA
"10594","A2302984X","Western Australia ; STATE FINAL DEMAND ;","WA","WA",2010-06-01,54281,"Q","$ Millions","Seasonally Adjusted",NA,"Quarterly","Table 25. State Final Demand, Summary Components by State: Chain volume measures",NA
"10595","A2303012X","Tasmania ; STATE FINAL DEMAND ;","TAS","TAS",2010-06-01,9076,"Q","$ Millions","Seasonally Adjusted",NA,"Quarterly","Table 25. State Final Demand, Summary Components by State: Chain volume measures",NA
"10596","A2303040J","Northern Territory ; STATE FINAL DEMAND ;","NT","NT",2010-06-01,6673,"Q","$ Millions","Seasonally Adjusted",NA,"Quarterly","Table 25. State Final Demand, Summary Components by State: Chain volume measures",NA
"10597","A2303068K","Australian Capital Territory ; STATE FINAL DEMAND ;","ACT","ACT",2010-06-01,13136,"Q","$ Millions","Seasonally Adjusted",NA,"Quarterly","Table 25. State Final Demand, Summary Components by State: Chain volume measures",NA
"10598","A2303111F","New South Wales ; STATE FINAL DEMAND ;","NSW","NSW",2010-06-01,137558,"Q","$ Millions","Seasonally Adjusted",NA,"Quarterly","Table 25. State Final Demand, Summary Components by State: Chain volume measures",NA
"10599","A2303139J","Victoria ; STATE FINAL DEMAND ;","VIC","VIC",2010-06-01,106911,"Q","$ Millions","Seasonally Adjusted",NA,"Quarterly","Table 25. State Final Demand, Summary Components by State: Chain volume measures",NA
"10600","A2303187A","Queensland ; STATE FINAL DEMAND ;","QLD","QLD",2010-06-01,87965,"Q","$ Millions","Seasonally Adjusted",NA,"Quarterly","Table 25. State Final Demand, Summary Components by State: Chain volume measures",NA
"10601","A2304418T","Gross domestic product: Current prices ;","AUS","AUS",2010-06-01,339996,"Q","$ Millions","Seasonally Adjusted",NA,"Quarterly","Table 1. Key National Accounts Aggregates",NA
"10602","A2325846C","Index Numbers ; All groups CPI ; Australia ;","AUS","AUS",2010-06-01,95.8,"Q","Index Numbers","Original",NA,"Quarterly","TABLES 1 and 2. CPI: All Groups, Index Numbers and Percentage Changes",NA
"10603","A2336320R","New South Wales ; Gross state product: Current prices ;","NSW","NSW",2010-06-01,416339,"Annual","$ Millions","Original",NA,"Annual","Table 1. Gross State Product, Chain volume measures and current prices",NA
"10604","A2336321T","Victoria ; Gross state product: Current prices ;","VIC","VIC",2010-06-01,310471,"Annual","$ Millions","Original",NA,"Annual","Table 1. Gross State Product, Chain volume measures and current prices",NA
"10605","A2336322V","Queensland ; Gross state product: Current prices ;","QLD","QLD",2010-06-01,242612,"Annual","$ Millions","Original",NA,"Annual","Table 1. Gross State Product, Chain volume measures and current prices",NA
"10606","A2336323W","South Australia ; Gross state product: Current prices ;","SA","SA",2010-06-01,84372,"Annual","$ Millions","Original",NA,"Annual","Table 1. Gross State Product, Chain volume measures and current prices",NA
"10607","A2336324X","Western Australia ; Gross state product: Current prices ;","WA","WA",2010-06-01,184827,"Annual","$ Millions","Original",NA,"Annual","Table 1. Gross State Product, Chain volume measures and current prices",NA
"10608","A2336325A","Tasmania ; Gross state product: Current prices ;","TAS","TAS",2010-06-01,23126,"Annual","$ Millions","Original",NA,"Annual","Table 1. Gross State Product, Chain volume measures and current prices",NA
"10609","A2336326C","Northern Territory ; Gross state product: Current prices ;","NT","NT",2010-06-01,16840,"Annual","$ Millions","Original",NA,"Annual","Table 1. Gross State Product, Chain volume measures and current prices",NA
"10610","A2336327F","Australian Capital Territory ; Gross state product: Current prices ;","ACT","ACT",2010-06-01,25735,"Annual","$ Millions","Original",NA,"Annual","Table 1. Gross State Product, Chain volume measures and current prices",NA
"10611","A2718577A","Credits, Total goods ;","AUS","AUS",2010-06-01,21208,"M","$ Millions","Seasonally Adjusted",NA,"Monthly","TABLE 1. GOODS, Summary: Seasonally adjusted and trend estimates, Current prices",NA
"10612","A2718594C","Balance on goods ;","AUS","AUS",2010-06-01,2166,"M","$ Millions","Seasonally Adjusted",NA,"Monthly","TABLE 1. GOODS, Summary: Seasonally adjusted and trend estimates, Current prices",NA
"10613","FXRTWI","Trade-weighted Index May 1970 = 100","AUS","AUS",2010-06-01,66.8,"D","Index","Indicative","RBA","Daily","Historical Daily Exchange Rates Of The Australian Dollar Against:","Australian Dollar Trade-weighted Index"
"10614","FXRTWI","Trade-weighted Index May 1970 = 100","AUS","AUS",2010-06-02,66.3,"D","Index","Indicative","RBA","Daily","Historical Daily Exchange Rates Of The Australian Dollar Against:","Australian Dollar Trade-weighted Index"
"10615","FXRTWI","Trade-weighted Index May 1970 = 100","AUS","AUS",2010-06-03,67.6,"D","Index","Indicative","RBA","Daily","Historical Daily Exchange Rates Of The Australian Dollar Against:","Australian Dollar Trade-weighted Index"
"10616","FXRTWI","Trade-weighted Index May 1970 = 100","AUS","AUS",2010-06-04,67.4,"D","Index","Indicative","RBA","Daily","Historical Daily Exchange Rates Of The Australian Dollar Against:","Australian Dollar Trade-weighted Index"
"10617","FXRTWI","Trade-weighted Index May 1970 = 100","AUS","AUS",2010-06-07,65.5,"D","Index","Indicative","RBA","Daily","Historical Daily Exchange Rates Of The Australian Dollar Against:","Australian Dollar Trade-weighted Index"
"10618","FXRTWI","Trade-weighted Index May 1970 = 100","AUS","AUS",2010-06-08,65.8,"D","Index","Indicative","RBA","Daily","Historical Daily Exchange Rates Of The Australian Dollar Against:","Australian Dollar Trade-weighted Index"
"10619","FXRTWI","Trade-weighted Index May 1970 = 100","AUS","AUS",2010-06-09,66.1,"D","Index","Indicative","RBA","Daily","Historical Daily Exchange Rates Of The Australian Dollar Against:","Australian Dollar Trade-weighted Index"
"10620","FXRTWI","Trade-weighted Index May 1970 = 100","AUS","AUS",2010-06-10,67.1,"D","Index","Indicative","RBA","Daily","Historical Daily Exchange Rates Of The Australian Dollar Against:","Australian Dollar Trade-weighted Index"
"10621","FXRTWI","Trade-weighted Index May 1970 = 100","AUS","AUS",2010-06-11,67.5,"D","Index","Indicative","RBA","Daily","Historical Daily Exchange Rates Of The Australian Dollar Against:","Australian Dollar Trade-weighted Index"
"10622","FXRTWI","Trade-weighted Index May 1970 = 100","AUS","AUS",2010-06-15,68.2,"D","Index","Indicative","RBA","Daily","Historical Daily Exchange Rates Of The Australian Dollar Against:","Australian Dollar Trade-weighted Index"
"10623","FXRTWI","Trade-weighted Index May 1970 = 100","AUS","AUS",2010-06-16,68.6,"D","Index","Indicative","RBA","Daily","Historical Daily Exchange Rates Of The Australian Dollar Against:","Australian Dollar Trade-weighted Index"
"10624","FXRTWI","Trade-weighted Index May 1970 = 100","AUS","AUS",2010-06-17,68.4,"D","Index","Indicative","RBA","Daily","Historical Daily Exchange Rates Of The Australian Dollar Against:","Australian Dollar Trade-weighted Index"
"10625","FXRTWI","Trade-weighted Index May 1970 = 100","AUS","AUS",2010-06-18,68.7,"D","Index","Indicative","RBA","Daily","Historical Daily Exchange Rates Of The Australian Dollar Against:","Australian Dollar Trade-weighted Index"
"10626","FXRTWI","Trade-weighted Index May 1970 = 100","AUS","AUS",2010-06-21,69.4,"D","Index","Indicative","RBA","Daily","Historical Daily Exchange Rates Of The Australian Dollar Against:","Australian Dollar Trade-weighted Index"
"10627","FXRTWI","Trade-weighted Index May 1970 = 100","AUS","AUS",2010-06-22,69.1,"D","Index","Indicative","RBA","Daily","Historical Daily Exchange Rates Of The Australian Dollar Against:","Australian Dollar Trade-weighted Index"
"10628","FXRTWI","Trade-weighted Index May 1970 = 100","AUS","AUS",2010-06-23,68.7,"D","Index","Indicative","RBA","Daily","Historical Daily Exchange Rates Of The Australian Dollar Against:","Australian Dollar Trade-weighted Index"
"10629","FXRTWI","Trade-weighted Index May 1970 = 100","AUS","AUS",2010-06-24,68.8,"D","Index","Indicative","RBA","Daily","Historical Daily Exchange Rates Of The Australian Dollar Against:","Australian Dollar Trade-weighted Index"
"10630","FXRTWI","Trade-weighted Index May 1970 = 100","AUS","AUS",2010-06-25,68.1,"D","Index","Indicative","RBA","Daily","Historical Daily Exchange Rates Of The Australian Dollar Against:","Australian Dollar Trade-weighted Index"
"10631","FXRTWI","Trade-weighted Index May 1970 = 100","AUS","AUS",2010-06-28,68.8,"D","Index","Indicative","RBA","Daily","Historical Daily Exchange Rates Of The Australian Dollar Against:","Australian Dollar Trade-weighted Index"
"10632","FXRTWI","Trade-weighted Index May 1970 = 100","AUS","AUS",2010-06-29,68.1,"D","Index","Indicative","RBA","Daily","Historical Daily Exchange Rates Of The Australian Dollar Against:","Australian Dollar Trade-weighted Index"
"10633","DLCACS","Credit; Total; Seasonally adjusted","AUS","AUS",2010-06-30,1960.96,"M","$ billion","Seasonally Adjusted","RBA","Monthly","D2 Lending And Credit Aggregates","Credit; Total; Seasonally adjusted – Includes securitisations – For series breaks see Series Breaks"
"10634","FIRMMCRT","Cash Rate Target","AUS","AUS",2010-06-30,4.5,"M","Per cent","Original","RBA","Monthly","F1.1 Interest Rates And Yields - Money Market","Cash Rate Target; monthly average"
"10635","FXRTWI","Trade-weighted Index May 1970 = 100","AUS","AUS",2010-06-30,67.3,"D","Index","Indicative","RBA","Daily","Historical Daily Exchange Rates Of The Australian Dollar Against:","Australian Dollar Trade-weighted Index"
"10636","FXRTWI","Trade-weighted Index May 1970 = 100","AUS","AUS",2010-06-30,67.3,"M","Index","Indicative","RBA","Monthly","F11 Exchange Rates","Australian Dollar Trade-weighted Index"
"10637","GCPIOCPMTMQP","Quarterly trimmed mean inflation","AUS","AUS",2010-06-30,0.4,"Q","Per cent","Seasonally Adjusted","ABS","Quarterly","G1 Consumer Price Inflation","Consumer price index; Trimmed mean; Quarterly change (in per cent)"
"10638","GRCPAISDR","Commodity prices – SDR","AUS","AUS",2010-06-30,82.6352321585559,"M","Index, 2023/24=100","Original","RBA","Monthly","I2 Commodity Prices","Index of commodity prices; All items; SDR"
"10639","A124874157C","Business Turnover Index ; Total of 13 in-scope ANZSIC divisions ; Current Price ;","AUS","AUS",2010-07-01,69.2,"M","Index Numbers","Seasonally Adjusted",NA,"Monthly","Table 01: Business turnover indicator, 13 industry summary - Monthly percentage change and index",NA
"10640","A2718577A","Credits, Total goods ;","AUS","AUS",2010-07-01,20773,"M","$ Millions","Seasonally Adjusted",NA,"Monthly","TABLE 1. GOODS, Summary: Seasonally adjusted and trend estimates, Current prices",NA
"10641","A2718594C","Balance on goods ;","AUS","AUS",2010-07-01,1825,"M","$ Millions","Seasonally Adjusted",NA,"Monthly","TABLE 1. GOODS, Summary: Seasonally adjusted and trend estimates, Current prices",NA
"10642","FXRTWI","Trade-weighted Index May 1970 = 100","AUS","AUS",2010-07-01,66.1,"D","Index","Indicative","RBA","Daily","Historical Daily Exchange Rates Of The Australian Dollar Against:","Australian Dollar Trade-weighted Index"
"10643","FXRTWI","Trade-weighted Index May 1970 = 100","AUS","AUS",2010-07-02,66.4,"D","Index","Indicative","RBA","Daily","Historical Daily Exchange Rates Of The Australian Dollar Against:","Australian Dollar Trade-weighted Index"
"10644","FXRTWI","Trade-weighted Index May 1970 = 100","AUS","AUS",2010-07-05,66.3,"D","Index","Indicative","RBA","Daily","Historical Daily Exchange Rates Of The Australian Dollar Against:","Australian Dollar Trade-weighted Index"
"10645","FXRTWI","Trade-weighted Index May 1970 = 100","AUS","AUS",2010-07-06,66.1,"D","Index","Indicative","RBA","Daily","Historical Daily Exchange Rates Of The Australian Dollar Against:","Australian Dollar Trade-weighted Index"
"10646","FXRTWI","Trade-weighted Index May 1970 = 100","AUS","AUS",2010-07-07,66.5,"D","Index","Indicative","RBA","Daily","Historical Daily Exchange Rates Of The Australian Dollar Against:","Australian Dollar Trade-weighted Index"
"10647","FXRTWI","Trade-weighted Index May 1970 = 100","AUS","AUS",2010-07-08,68.3,"D","Index","Indicative","RBA","Daily","Historical Daily Exchange Rates Of The Australian Dollar Against:","Australian Dollar Trade-weighted Index"
"10648","FXRTWI","Trade-weighted Index May 1970 = 100","AUS","AUS",2010-07-09,68.6,"D","Index","Indicative","RBA","Daily","Historical Daily Exchange Rates Of The Australian Dollar Against:","Australian Dollar Trade-weighted Index"
"10649","FXRTWI","Trade-weighted Index May 1970 = 100","AUS","AUS",2010-07-12,68.4,"D","Index","Indicative","RBA","Daily","Historical Daily Exchange Rates Of The Australian Dollar Against:","Australian Dollar Trade-weighted Index"
"10650","FXRTWI","Trade-weighted Index May 1970 = 100","AUS","AUS",2010-07-13,68.4,"D","Index","Indicative","RBA","Daily","Historical Daily Exchange Rates Of The Australian Dollar Against:","Australian Dollar Trade-weighted Index"
"10651","FXRTWI","Trade-weighted Index May 1970 = 100","AUS","AUS",2010-07-14,68.9,"D","Index","Indicative","RBA","Daily","Historical Daily Exchange Rates Of The Australian Dollar Against:","Australian Dollar Trade-weighted Index"
"10652","FXRTWI","Trade-weighted Index May 1970 = 100","AUS","AUS",2010-07-15,68.7,"D","Index","Indicative","RBA","Daily","Historical Daily Exchange Rates Of The Australian Dollar Against:","Australian Dollar Trade-weighted Index"
"10653","FXRTWI","Trade-weighted Index May 1970 = 100","AUS","AUS",2010-07-16,68.1,"D","Index","Indicative","RBA","Daily","Historical Daily Exchange Rates Of The Australian Dollar Against:","Australian Dollar Trade-weighted Index"
"10654","FXRTWI","Trade-weighted Index May 1970 = 100","AUS","AUS",2010-07-19,67.7,"D","Index","Indicative","RBA","Daily","Historical Daily Exchange Rates Of The Australian Dollar Against:","Australian Dollar Trade-weighted Index"
"10655","FXRTWI","Trade-weighted Index May 1970 = 100","AUS","AUS",2010-07-20,68.3,"D","Index","Indicative","RBA","Daily","Historical Daily Exchange Rates Of The Australian Dollar Against:","Australian Dollar Trade-weighted Index"
"10656","FXRTWI","Trade-weighted Index May 1970 = 100","AUS","AUS",2010-07-21,68.7,"D","Index","Indicative","RBA","Daily","Historical Daily Exchange Rates Of The Australian Dollar Against:","Australian Dollar Trade-weighted Index"
"10657","FXRTWI","Trade-weighted Index May 1970 = 100","AUS","AUS",2010-07-22,68.4,"D","Index","Indicative","RBA","Daily","Historical Daily Exchange Rates Of The Australian Dollar Against:","Australian Dollar Trade-weighted Index"
"10658","FXRTWI","Trade-weighted Index May 1970 = 100","AUS","AUS",2010-07-23,69.3,"D","Index","Indicative","RBA","Daily","Historical Daily Exchange Rates Of The Australian Dollar Against:","Australian Dollar Trade-weighted Index"
"10659","FXRTWI","Trade-weighted Index May 1970 = 100","AUS","AUS",2010-07-26,69.5,"D","Index","Indicative","RBA","Daily","Historical Daily Exchange Rates Of The Australian Dollar Against:","Australian Dollar Trade-weighted Index"
"10660","FXRTWI","Trade-weighted Index May 1970 = 100","AUS","AUS",2010-07-27,69.8,"D","Index","Indicative","RBA","Daily","Historical Daily Exchange Rates Of The Australian Dollar Against:","Australian Dollar Trade-weighted Index"
"10661","FXRTWI","Trade-weighted Index May 1970 = 100","AUS","AUS",2010-07-28,69.4,"D","Index","Indicative","RBA","Daily","Historical Daily Exchange Rates Of The Australian Dollar Against:","Australian Dollar Trade-weighted Index"
"10662","FXRTWI","Trade-weighted Index May 1970 = 100","AUS","AUS",2010-07-29,69.5,"D","Index","Indicative","RBA","Daily","Historical Daily Exchange Rates Of The Australian Dollar Against:","Australian Dollar Trade-weighted Index"
"10663","FXRTWI","Trade-weighted Index May 1970 = 100","AUS","AUS",2010-07-30,69.4,"D","Index","Indicative","RBA","Daily","Historical Daily Exchange Rates Of The Australian Dollar Against:","Australian Dollar Trade-weighted Index"
"10664","FXRTWI","Trade-weighted Index May 1970 = 100","AUS","AUS",2010-07-30,69.4,"M","Index","Indicative","RBA","Monthly","F11 Exchange Rates","Australian Dollar Trade-weighted Index"
"10665","DLCACS","Credit; Total; Seasonally adjusted","AUS","AUS",2010-07-31,1965.788,"M","$ billion","Seasonally Adjusted","RBA","Monthly","D2 Lending And Credit Aggregates","Credit; Total; Seasonally adjusted – Includes securitisations – For series breaks see Series Breaks"
"10666","FIRMMCRT","Cash Rate Target","AUS","AUS",2010-07-31,4.5,"M","Per cent","Original","RBA","Monthly","F1.1 Interest Rates And Yields - Money Market","Cash Rate Target; monthly average"
"10667","GRCPAISDR","Commodity prices – SDR","AUS","AUS",2010-07-31,83.7475412632733,"M","Index, 2023/24=100","Original","RBA","Monthly","I2 Commodity Prices","Index of commodity prices; All items; SDR"
"10668","A124874157C","Business Turnover Index ; Total of 13 in-scope ANZSIC divisions ; Current Price ;","AUS","AUS",2010-08-01,69.3,"M","Index Numbers","Seasonally Adjusted",NA,"Monthly","Table 01: Business turnover indicator, 13 industry summary - Monthly percentage change and index",NA
"10669","A2718577A","Credits, Total goods ;","AUS","AUS",2010-08-01,19898,"M","$ Millions","Seasonally Adjusted",NA,"Monthly","TABLE 1. GOODS, Summary: Seasonally adjusted and trend estimates, Current prices",NA
"10670","A2718594C","Balance on goods ;","AUS","AUS",2010-08-01,1617,"M","$ Millions","Seasonally Adjusted",NA,"Monthly","TABLE 1. GOODS, Summary: Seasonally adjusted and trend estimates, Current prices",NA
"10671","FXRTWI","Trade-weighted Index May 1970 = 100","AUS","AUS",2010-08-03,69.9,"D","Index","Indicative","RBA","Daily","Historical Daily Exchange Rates Of The Australian Dollar Against:","Australian Dollar Trade-weighted Index"
"10672","FXRTWI","Trade-weighted Index May 1970 = 100","AUS","AUS",2010-08-04,69.9,"D","Index","Indicative","RBA","Daily","Historical Daily Exchange Rates Of The Australian Dollar Against:","Australian Dollar Trade-weighted Index"
"10673","FXRTWI","Trade-weighted Index May 1970 = 100","AUS","AUS",2010-08-05,70.4,"D","Index","Indicative","RBA","Daily","Historical Daily Exchange Rates Of The Australian Dollar Against:","Australian Dollar Trade-weighted Index"
"10674","FXRTWI","Trade-weighted Index May 1970 = 100","AUS","AUS",2010-08-06,70.4,"D","Index","Indicative","RBA","Daily","Historical Daily Exchange Rates Of The Australian Dollar Against:","Australian Dollar Trade-weighted Index"
"10675","FXRTWI","Trade-weighted Index May 1970 = 100","AUS","AUS",2010-08-09,70.3,"D","Index","Indicative","RBA","Daily","Historical Daily Exchange Rates Of The Australian Dollar Against:","Australian Dollar Trade-weighted Index"
"10676","FXRTWI","Trade-weighted Index May 1970 = 100","AUS","AUS",2010-08-10,70.1,"D","Index","Indicative","RBA","Daily","Historical Daily Exchange Rates Of The Australian Dollar Against:","Australian Dollar Trade-weighted Index"
"10677","FXRTWI","Trade-weighted Index May 1970 = 100","AUS","AUS",2010-08-11,69.6,"D","Index","Indicative","RBA","Daily","Historical Daily Exchange Rates Of The Australian Dollar Against:","Australian Dollar Trade-weighted Index"
"10678","FXRTWI","Trade-weighted Index May 1970 = 100","AUS","AUS",2010-08-12,69.5,"D","Index","Indicative","RBA","Daily","Historical Daily Exchange Rates Of The Australian Dollar Against:","Australian Dollar Trade-weighted Index"
"10679","FXRTWI","Trade-weighted Index May 1970 = 100","AUS","AUS",2010-08-13,69.8,"D","Index","Indicative","RBA","Daily","Historical Daily Exchange Rates Of The Australian Dollar Against:","Australian Dollar Trade-weighted Index"
"10680","FXRTWI","Trade-weighted Index May 1970 = 100","AUS","AUS",2010-08-16,69.2,"D","Index","Indicative","RBA","Daily","Historical Daily Exchange Rates Of The Australian Dollar Against:","Australian Dollar Trade-weighted Index"
"10681","FXRTWI","Trade-weighted Index May 1970 = 100","AUS","AUS",2010-08-17,69.6,"D","Index","Indicative","RBA","Daily","Historical Daily Exchange Rates Of The Australian Dollar Against:","Australian Dollar Trade-weighted Index"
"10682","FXRTWI","Trade-weighted Index May 1970 = 100","AUS","AUS",2010-08-18,69.6,"D","Index","Indicative","RBA","Daily","Historical Daily Exchange Rates Of The Australian Dollar Against:","Australian Dollar Trade-weighted Index"
"10683","FXRTWI","Trade-weighted Index May 1970 = 100","AUS","AUS",2010-08-19,69.4,"D","Index","Indicative","RBA","Daily","Historical Daily Exchange Rates Of The Australian Dollar Against:","Australian Dollar Trade-weighted Index"
"10684","FXRTWI","Trade-weighted Index May 1970 = 100","AUS","AUS",2010-08-20,68.8,"D","Index","Indicative","RBA","Daily","Historical Daily Exchange Rates Of The Australian Dollar Against:","Australian Dollar Trade-weighted Index"
"10685","FXRTWI","Trade-weighted Index May 1970 = 100","AUS","AUS",2010-08-23,68.9,"D","Index","Indicative","RBA","Daily","Historical Daily Exchange Rates Of The Australian Dollar Against:","Australian Dollar Trade-weighted Index"
"10686","FXRTWI","Trade-weighted Index May 1970 = 100","AUS","AUS",2010-08-24,68.9,"D","Index","Indicative","RBA","Daily","Historical Daily Exchange Rates Of The Australian Dollar Against:","Australian Dollar Trade-weighted Index"
"10687","FXRTWI","Trade-weighted Index May 1970 = 100","AUS","AUS",2010-08-25,68.4,"D","Index","Indicative","RBA","Daily","Historical Daily Exchange Rates Of The Australian Dollar Against:","Australian Dollar Trade-weighted Index"
"10688","FXRTWI","Trade-weighted Index May 1970 = 100","AUS","AUS",2010-08-26,68.7,"D","Index","Indicative","RBA","Daily","Historical Daily Exchange Rates Of The Australian Dollar Against:","Australian Dollar Trade-weighted Index"
"10689","FXRTWI","Trade-weighted Index May 1970 = 100","AUS","AUS",2010-08-27,68.6,"D","Index","Indicative","RBA","Daily","Historical Daily Exchange Rates Of The Australian Dollar Against:","Australian Dollar Trade-weighted Index"
"10690","FXRTWI","Trade-weighted Index May 1970 = 100","AUS","AUS",2010-08-30,69.5,"D","Index","Indicative","RBA","Daily","Historical Daily Exchange Rates Of The Australian Dollar Against:","Australian Dollar Trade-weighted Index"
"10691","DLCACS","Credit; Total; Seasonally adjusted","AUS","AUS",2010-08-31,1968.063,"M","$ billion","Seasonally Adjusted","RBA","Monthly","D2 Lending And Credit Aggregates","Credit; Total; Seasonally adjusted – Includes securitisations – For series breaks see Series Breaks"
"10692","FIRMMCRT","Cash Rate Target","AUS","AUS",2010-08-31,4.5,"M","Per cent","Original","RBA","Monthly","F1.1 Interest Rates And Yields - Money Market","Cash Rate Target; monthly average"
"10693","FXRTWI","Trade-weighted Index May 1970 = 100","AUS","AUS",2010-08-31,69,"D","Index","Indicative","RBA","Daily","Historical Daily Exchange Rates Of The Australian Dollar Against:","Australian Dollar Trade-weighted Index"
"10694","FXRTWI","Trade-weighted Index May 1970 = 100","AUS","AUS",2010-08-31,69,"M","Index","Indicative","RBA","Monthly","F11 Exchange Rates","Australian Dollar Trade-weighted Index"
"10695","GRCPAISDR","Commodity prices – SDR","AUS","AUS",2010-08-31,86.0405621756574,"M","Index, 2023/24=100","Original","RBA","Monthly","I2 Commodity Prices","Index of commodity prices; All items; SDR"
"10696","A124874157C","Business Turnover Index ; Total of 13 in-scope ANZSIC divisions ; Current Price ;","AUS","AUS",2010-09-01,69.5,"M","Index Numbers","Seasonally Adjusted",NA,"Monthly","Table 01: Business turnover indicator, 13 industry summary - Monthly percentage change and index",NA
"10697","A2302956R","South Australia ; STATE FINAL DEMAND ;","SA","SA",2010-09-01,29571,"Q","$ Millions","Seasonally Adjusted",NA,"Quarterly","Table 25. State Final Demand, Summary Components by State: Chain volume measures",NA
"10698","A2302984X","Western Australia ; STATE FINAL DEMAND ;","WA","WA",2010-09-01,54568,"Q","$ Millions","Seasonally Adjusted",NA,"Quarterly","Table 25. State Final Demand, Summary Components by State: Chain volume measures",NA
"10699","A2303012X","Tasmania ; STATE FINAL DEMAND ;","TAS","TAS",2010-09-01,9238,"Q","$ Millions","Seasonally Adjusted",NA,"Quarterly","Table 25. State Final Demand, Summary Components by State: Chain volume measures",NA
"10700","A2303040J","Northern Territory ; STATE FINAL DEMAND ;","NT","NT",2010-09-01,6489,"Q","$ Millions","Seasonally Adjusted",NA,"Quarterly","Table 25. State Final Demand, Summary Components by State: Chain volume measures",NA
"10701","A2303068K","Australian Capital Territory ; STATE FINAL DEMAND ;","ACT","ACT",2010-09-01,12318,"Q","$ Millions","Seasonally Adjusted",NA,"Quarterly","Table 25. State Final Demand, Summary Components by State: Chain volume measures",NA
"10702","A2303111F","New South Wales ; STATE FINAL DEMAND ;","NSW","NSW",2010-09-01,139355,"Q","$ Millions","Seasonally Adjusted",NA,"Quarterly","Table 25. State Final Demand, Summary Components by State: Chain volume measures",NA
"10703","A2303139J","Victoria ; STATE FINAL DEMAND ;","VIC","VIC",2010-09-01,107396,"Q","$ Millions","Seasonally Adjusted",NA,"Quarterly","Table 25. State Final Demand, Summary Components by State: Chain volume measures",NA
"10704","A2303187A","Queensland ; STATE FINAL DEMAND ;","QLD","QLD",2010-09-01,88349,"Q","$ Millions","Seasonally Adjusted",NA,"Quarterly","Table 25. State Final Demand, Summary Components by State: Chain volume measures",NA
"10705","A2304418T","Gross domestic product: Current prices ;","AUS","AUS",2010-09-01,344952,"Q","$ Millions","Seasonally Adjusted",NA,"Quarterly","Table 1. Key National Accounts Aggregates",NA
"10706","A2325846C","Index Numbers ; All groups CPI ; Australia ;","AUS","AUS",2010-09-01,96.5,"Q","Index Numbers","Original",NA,"Quarterly","TABLES 1 and 2. CPI: All Groups, Index Numbers and Percentage Changes",NA
"10707","A2718577A","Credits, Total goods ;","AUS","AUS",2010-09-01,19706,"M","$ Millions","Seasonally Adjusted",NA,"Monthly","TABLE 1. GOODS, Summary: Seasonally adjusted and trend estimates, Current prices",NA
"10708","A2718594C","Balance on goods ;","AUS","AUS",2010-09-01,1657,"M","$ Millions","Seasonally Adjusted",NA,"Monthly","TABLE 1. GOODS, Summary: Seasonally adjusted and trend estimates, Current prices",NA
"10709","FXRTWI","Trade-weighted Index May 1970 = 100","AUS","AUS",2010-09-01,69.6,"D","Index","Indicative","RBA","Daily","Historical Daily Exchange Rates Of The Australian Dollar Against:","Australian Dollar Trade-weighted Index"
"10710","FXRTWI","Trade-weighted Index May 1970 = 100","AUS","AUS",2010-09-02,69.9,"D","Index","Indicative","RBA","Daily","Historical Daily Exchange Rates Of The Australian Dollar Against:","Australian Dollar Trade-weighted Index"
"10711","FXRTWI","Trade-weighted Index May 1970 = 100","AUS","AUS",2010-09-03,69.9,"D","Index","Indicative","RBA","Daily","Historical Daily Exchange Rates Of The Australian Dollar Against:","Australian Dollar Trade-weighted Index"
"10712","FXRTWI","Trade-weighted Index May 1970 = 100","AUS","AUS",2010-09-06,70.5,"D","Index","Indicative","RBA","Daily","Historical Daily Exchange Rates Of The Australian Dollar Against:","Australian Dollar Trade-weighted Index"
"10713","FXRTWI","Trade-weighted Index May 1970 = 100","AUS","AUS",2010-09-07,70.3,"D","Index","Indicative","RBA","Daily","Historical Daily Exchange Rates Of The Australian Dollar Against:","Australian Dollar Trade-weighted Index"
"10714","FXRTWI","Trade-weighted Index May 1970 = 100","AUS","AUS",2010-09-08,70.3,"D","Index","Indicative","RBA","Daily","Historical Daily Exchange Rates Of The Australian Dollar Against:","Australian Dollar Trade-weighted Index"
"10715","FXRTWI","Trade-weighted Index May 1970 = 100","AUS","AUS",2010-09-09,70.8,"D","Index","Indicative","RBA","Daily","Historical Daily Exchange Rates Of The Australian Dollar Against:","Australian Dollar Trade-weighted Index"
"10716","FXRTWI","Trade-weighted Index May 1970 = 100","AUS","AUS",2010-09-10,70.9,"D","Index","Indicative","RBA","Daily","Historical Daily Exchange Rates Of The Australian Dollar Against:","Australian Dollar Trade-weighted Index"
"10717","FXRTWI","Trade-weighted Index May 1970 = 100","AUS","AUS",2010-09-13,71.3,"D","Index","Indicative","RBA","Daily","Historical Daily Exchange Rates Of The Australian Dollar Against:","Australian Dollar Trade-weighted Index"
"10718","FXRTWI","Trade-weighted Index May 1970 = 100","AUS","AUS",2010-09-14,71.4,"D","Index","Indicative","RBA","Daily","Historical Daily Exchange Rates Of The Australian Dollar Against:","Australian Dollar Trade-weighted Index"
"10719","FXRTWI","Trade-weighted Index May 1970 = 100","AUS","AUS",2010-09-15,71.8,"D","Index","Indicative","RBA","Daily","Historical Daily Exchange Rates Of The Australian Dollar Against:","Australian Dollar Trade-weighted Index"
"10720","FXRTWI","Trade-weighted Index May 1970 = 100","AUS","AUS",2010-09-16,71.6,"D","Index","Indicative","RBA","Daily","Historical Daily Exchange Rates Of The Australian Dollar Against:","Australian Dollar Trade-weighted Index"
"10721","FXRTWI","Trade-weighted Index May 1970 = 100","AUS","AUS",2010-09-17,72.3,"D","Index","Indicative","RBA","Daily","Historical Daily Exchange Rates Of The Australian Dollar Against:","Australian Dollar Trade-weighted Index"
"10722","FXRTWI","Trade-weighted Index May 1970 = 100","AUS","AUS",2010-09-20,72.3,"D","Index","Indicative","RBA","Daily","Historical Daily Exchange Rates Of The Australian Dollar Against:","Australian Dollar Trade-weighted Index"
"10723","FXRTWI","Trade-weighted Index May 1970 = 100","AUS","AUS",2010-09-21,72.3,"D","Index","Indicative","RBA","Daily","Historical Daily Exchange Rates Of The Australian Dollar Against:","Australian Dollar Trade-weighted Index"
"10724","FXRTWI","Trade-weighted Index May 1970 = 100","AUS","AUS",2010-09-22,72.7,"D","Index","Indicative","RBA","Daily","Historical Daily Exchange Rates Of The Australian Dollar Against:","Australian Dollar Trade-weighted Index"
"10725","FXRTWI","Trade-weighted Index May 1970 = 100","AUS","AUS",2010-09-23,72.7,"D","Index","Indicative","RBA","Daily","Historical Daily Exchange Rates Of The Australian Dollar Against:","Australian Dollar Trade-weighted Index"
"10726","FXRTWI","Trade-weighted Index May 1970 = 100","AUS","AUS",2010-09-24,72.3,"D","Index","Indicative","RBA","Daily","Historical Daily Exchange Rates Of The Australian Dollar Against:","Australian Dollar Trade-weighted Index"
"10727","FXRTWI","Trade-weighted Index May 1970 = 100","AUS","AUS",2010-09-27,72.6,"D","Index","Indicative","RBA","Daily","Historical Daily Exchange Rates Of The Australian Dollar Against:","Australian Dollar Trade-weighted Index"
"10728","FXRTWI","Trade-weighted Index May 1970 = 100","AUS","AUS",2010-09-28,72.6,"D","Index","Indicative","RBA","Daily","Historical Daily Exchange Rates Of The Australian Dollar Against:","Australian Dollar Trade-weighted Index"
"10729","FXRTWI","Trade-weighted Index May 1970 = 100","AUS","AUS",2010-09-29,73,"D","Index","Indicative","RBA","Daily","Historical Daily Exchange Rates Of The Australian Dollar Against:","Australian Dollar Trade-weighted Index"
"10730","DLCACS","Credit; Total; Seasonally adjusted","AUS","AUS",2010-09-30,1970.129,"M","$ billion","Seasonally Adjusted","RBA","Monthly","D2 Lending And Credit Aggregates","Credit; Total; Seasonally adjusted – Includes securitisations – For series breaks see Series Breaks"
"10731","FIRMMCRT","Cash Rate Target","AUS","AUS",2010-09-30,4.5,"M","Per cent","Original","RBA","Monthly","F1.1 Interest Rates And Yields - Money Market","Cash Rate Target; monthly average"
"10732","FXRTWI","Trade-weighted Index May 1970 = 100","AUS","AUS",2010-09-30,72.9,"D","Index","Indicative","RBA","Daily","Historical Daily Exchange Rates Of The Australian Dollar Against:","Australian Dollar Trade-weighted Index"
"10733","FXRTWI","Trade-weighted Index May 1970 = 100","AUS","AUS",2010-09-30,72.9,"M","Index","Indicative","RBA","Monthly","F11 Exchange Rates","Australian Dollar Trade-weighted Index"
"10734","GCPIOCPMTMQP","Quarterly trimmed mean inflation","AUS","AUS",2010-09-30,0.6,"Q","Per cent","Seasonally Adjusted","ABS","Quarterly","G1 Consumer Price Inflation","Consumer price index; Trimmed mean; Quarterly change (in per cent)"
"10735","GRCPAISDR","Commodity prices – SDR","AUS","AUS",2010-09-30,86.1522554076196,"M","Index, 2023/24=100","Original","RBA","Monthly","I2 Commodity Prices","Index of commodity prices; All items; SDR"
"10736","A124874157C","Business Turnover Index ; Total of 13 in-scope ANZSIC divisions ; Current Price ;","AUS","AUS",2010-10-01,70,"M","Index Numbers","Seasonally Adjusted",NA,"Monthly","Table 01: Business turnover indicator, 13 industry summary - Monthly percentage change and index",NA
"10737","A2718577A","Credits, Total goods ;","AUS","AUS",2010-10-01,20118,"M","$ Millions","Seasonally Adjusted",NA,"Monthly","TABLE 1. GOODS, Summary: Seasonally adjusted and trend estimates, Current prices",NA
"10738","A2718594C","Balance on goods ;","AUS","AUS",2010-10-01,1756,"M","$ Millions","Seasonally Adjusted",NA,"Monthly","TABLE 1. GOODS, Summary: Seasonally adjusted and trend estimates, Current prices",NA
"10739","FXRTWI","Trade-weighted Index May 1970 = 100","AUS","AUS",2010-10-01,72.7,"D","Index","Indicative","RBA","Daily","Historical Daily Exchange Rates Of The Australian Dollar Against:","Australian Dollar Trade-weighted Index"
"10740","FXRTWI","Trade-weighted Index May 1970 = 100","AUS","AUS",2010-10-05,72.2,"D","Index","Indicative","RBA","Daily","Historical Daily Exchange Rates Of The Australian Dollar Against:","Australian Dollar Trade-weighted Index"
"10741","FXRTWI","Trade-weighted Index May 1970 = 100","AUS","AUS",2010-10-06,72.7,"D","Index","Indicative","RBA","Daily","Historical Daily Exchange Rates Of The Australian Dollar Against:","Australian Dollar Trade-weighted Index"
"10742","FXRTWI","Trade-weighted Index May 1970 = 100","AUS","AUS",2010-10-07,73.5,"D","Index","Indicative","RBA","Daily","Historical Daily Exchange Rates Of The Australian Dollar Against:","Australian Dollar Trade-weighted Index"
"10743","FXRTWI","Trade-weighted Index May 1970 = 100","AUS","AUS",2010-10-08,73.4,"D","Index","Indicative","RBA","Daily","Historical Daily Exchange Rates Of The Australian Dollar Against:","Australian Dollar Trade-weighted Index"
"10744","FXRTWI","Trade-weighted Index May 1970 = 100","AUS","AUS",2010-10-11,73.5,"D","Index","Indicative","RBA","Daily","Historical Daily Exchange Rates Of The Australian Dollar Against:","Australian Dollar Trade-weighted Index"
"10745","FXRTWI","Trade-weighted Index May 1970 = 100","AUS","AUS",2010-10-12,73.1,"D","Index","Indicative","RBA","Daily","Historical Daily Exchange Rates Of The Australian Dollar Against:","Australian Dollar Trade-weighted Index"
"10746","FXRTWI","Trade-weighted Index May 1970 = 100","AUS","AUS",2010-10-13,73.5,"D","Index","Indicative","RBA","Daily","Historical Daily Exchange Rates Of The Australian Dollar Against:","Australian Dollar Trade-weighted Index"
"10747","FXRTWI","Trade-weighted Index May 1970 = 100","AUS","AUS",2010-10-14,73.8,"D","Index","Indicative","RBA","Daily","Historical Daily Exchange Rates Of The Australian Dollar Against:","Australian Dollar Trade-weighted Index"
"10748","FXRTWI","Trade-weighted Index May 1970 = 100","AUS","AUS",2010-10-15,73.6,"D","Index","Indicative","RBA","Daily","Historical Daily Exchange Rates Of The Australian Dollar Against:","Australian Dollar Trade-weighted Index"
"10749","FXRTWI","Trade-weighted Index May 1970 = 100","AUS","AUS",2010-10-18,73.3,"D","Index","Indicative","RBA","Daily","Historical Daily Exchange Rates Of The Australian Dollar Against:","Australian Dollar Trade-weighted Index"
"10750","FXRTWI","Trade-weighted Index May 1970 = 100","AUS","AUS",2010-10-19,73.5,"D","Index","Indicative","RBA","Daily","Historical Daily Exchange Rates Of The Australian Dollar Against:","Australian Dollar Trade-weighted Index"
"10751","FXRTWI","Trade-weighted Index May 1970 = 100","AUS","AUS",2010-10-20,72.9,"D","Index","Indicative","RBA","Daily","Historical Daily Exchange Rates Of The Australian Dollar Against:","Australian Dollar Trade-weighted Index"
"10752","FXRTWI","Trade-weighted Index May 1970 = 100","AUS","AUS",2010-10-21,73.2,"D","Index","Indicative","RBA","Daily","Historical Daily Exchange Rates Of The Australian Dollar Against:","Australian Dollar Trade-weighted Index"
"10753","FXRTWI","Trade-weighted Index May 1970 = 100","AUS","AUS",2010-10-22,73.3,"D","Index","Indicative","RBA","Daily","Historical Daily Exchange Rates Of The Australian Dollar Against:","Australian Dollar Trade-weighted Index"
"10754","FXRTWI","Trade-weighted Index May 1970 = 100","AUS","AUS",2010-10-25,73.8,"D","Index","Indicative","RBA","Daily","Historical Daily Exchange Rates Of The Australian Dollar Against:","Australian Dollar Trade-weighted Index"
"10755","FXRTWI","Trade-weighted Index May 1970 = 100","AUS","AUS",2010-10-26,73.7,"D","Index","Indicative","RBA","Daily","Historical Daily Exchange Rates Of The Australian Dollar Against:","Australian Dollar Trade-weighted Index"
"10756","FXRTWI","Trade-weighted Index May 1970 = 100","AUS","AUS",2010-10-27,72.8,"D","Index","Indicative","RBA","Daily","Historical Daily Exchange Rates Of The Australian Dollar Against:","Australian Dollar Trade-weighted Index"
"10757","FXRTWI","Trade-weighted Index May 1970 = 100","AUS","AUS",2010-10-28,72.9,"D","Index","Indicative","RBA","Daily","Historical Daily Exchange Rates Of The Australian Dollar Against:","Australian Dollar Trade-weighted Index"
"10758","FXRTWI","Trade-weighted Index May 1970 = 100","AUS","AUS",2010-10-29,72.7,"D","Index","Indicative","RBA","Daily","Historical Daily Exchange Rates Of The Australian Dollar Against:","Australian Dollar Trade-weighted Index"
"10759","FXRTWI","Trade-weighted Index May 1970 = 100","AUS","AUS",2010-10-29,72.7,"M","Index","Indicative","RBA","Monthly","F11 Exchange Rates","Australian Dollar Trade-weighted Index"
"10760","DLCACS","Credit; Total; Seasonally adjusted","AUS","AUS",2010-10-31,1975.84,"M","$ billion","Seasonally Adjusted","RBA","Monthly","D2 Lending And Credit Aggregates","Credit; Total; Seasonally adjusted – Includes securitisations – For series breaks see Series Breaks"
"10761","FIRMMCRT","Cash Rate Target","AUS","AUS",2010-10-31,4.5,"M","Per cent","Original","RBA","Monthly","F1.1 Interest Rates And Yields - Money Market","Cash Rate Target; monthly average"
"10762","GRCPAISDR","Commodity prices – SDR","AUS","AUS",2010-10-31,83.5272090430921,"M","Index, 2023/24=100","Original","RBA","Monthly","I2 Commodity Prices","Index of commodity prices; All items; SDR"
"10763","A124874157C","Business Turnover Index ; Total of 13 in-scope ANZSIC divisions ; Current Price ;","AUS","AUS",2010-11-01,70,"M","Index Numbers","Seasonally Adjusted",NA,"Monthly","Table 01: Business turnover indicator, 13 industry summary - Monthly percentage change and index",NA
"10764","A2718577A","Credits, Total goods ;","AUS","AUS",2010-11-01,20303,"M","$ Millions","Seasonally Adjusted",NA,"Monthly","TABLE 1. GOODS, Summary: Seasonally adjusted and trend estimates, Current prices",NA
"10765","A2718594C","Balance on goods ;","AUS","AUS",2010-11-01,2072,"M","$ Millions","Seasonally Adjusted",NA,"Monthly","TABLE 1. GOODS, Summary: Seasonally adjusted and trend estimates, Current prices",NA
"10766","FXRTWI","Trade-weighted Index May 1970 = 100","AUS","AUS",2010-11-01,73.4,"D","Index","Indicative","RBA","Daily","Historical Daily Exchange Rates Of The Australian Dollar Against:","Australian Dollar Trade-weighted Index"
"10767","FXRTWI","Trade-weighted Index May 1970 = 100","AUS","AUS",2010-11-02,74.1,"D","Index","Indicative","RBA","Daily","Historical Daily Exchange Rates Of The Australian Dollar Against:","Australian Dollar Trade-weighted Index"
"10768","FXRTWI","Trade-weighted Index May 1970 = 100","AUS","AUS",2010-11-03,73.9,"D","Index","Indicative","RBA","Daily","Historical Daily Exchange Rates Of The Australian Dollar Against:","Australian Dollar Trade-weighted Index"
"10769","FXRTWI","Trade-weighted Index May 1970 = 100","AUS","AUS",2010-11-04,74.4,"D","Index","Indicative","RBA","Daily","Historical Daily Exchange Rates Of The Australian Dollar Against:","Australian Dollar Trade-weighted Index"
"10770","FXRTWI","Trade-weighted Index May 1970 = 100","AUS","AUS",2010-11-05,74.9,"D","Index","Indicative","RBA","Daily","Historical Daily Exchange Rates Of The Australian Dollar Against:","Australian Dollar Trade-weighted Index"
"10771","FXRTWI","Trade-weighted Index May 1970 = 100","AUS","AUS",2010-11-08,75.1,"D","Index","Indicative","RBA","Daily","Historical Daily Exchange Rates Of The Australian Dollar Against:","Australian Dollar Trade-weighted Index"
"10772","FXRTWI","Trade-weighted Index May 1970 = 100","AUS","AUS",2010-11-09,75,"D","Index","Indicative","RBA","Daily","Historical Daily Exchange Rates Of The Australian Dollar Against:","Australian Dollar Trade-weighted Index"
"10773","FXRTWI","Trade-weighted Index May 1970 = 100","AUS","AUS",2010-11-10,74.6,"D","Index","Indicative","RBA","Daily","Historical Daily Exchange Rates Of The Australian Dollar Against:","Australian Dollar Trade-weighted Index"
"10774","FXRTWI","Trade-weighted Index May 1970 = 100","AUS","AUS",2010-11-11,74.5,"D","Index","Indicative","RBA","Daily","Historical Daily Exchange Rates Of The Australian Dollar Against:","Australian Dollar Trade-weighted Index"
"10775","FXRTWI","Trade-weighted Index May 1970 = 100","AUS","AUS",2010-11-12,74.1,"D","Index","Indicative","RBA","Daily","Historical Daily Exchange Rates Of The Australian Dollar Against:","Australian Dollar Trade-weighted Index"
"10776","FXRTWI","Trade-weighted Index May 1970 = 100","AUS","AUS",2010-11-15,73.7,"D","Index","Indicative","RBA","Daily","Historical Daily Exchange Rates Of The Australian Dollar Against:","Australian Dollar Trade-weighted Index"
"10777","FXRTWI","Trade-weighted Index May 1970 = 100","AUS","AUS",2010-11-16,73.8,"D","Index","Indicative","RBA","Daily","Historical Daily Exchange Rates Of The Australian Dollar Against:","Australian Dollar Trade-weighted Index"
"10778","FXRTWI","Trade-weighted Index May 1970 = 100","AUS","AUS",2010-11-17,73.3,"D","Index","Indicative","RBA","Daily","Historical Daily Exchange Rates Of The Australian Dollar Against:","Australian Dollar Trade-weighted Index"
"10779","FXRTWI","Trade-weighted Index May 1970 = 100","AUS","AUS",2010-11-18,73.8,"D","Index","Indicative","RBA","Daily","Historical Daily Exchange Rates Of The Australian Dollar Against:","Australian Dollar Trade-weighted Index"
"10780","FXRTWI","Trade-weighted Index May 1970 = 100","AUS","AUS",2010-11-19,73.8,"D","Index","Indicative","RBA","Daily","Historical Daily Exchange Rates Of The Australian Dollar Against:","Australian Dollar Trade-weighted Index"
"10781","FXRTWI","Trade-weighted Index May 1970 = 100","AUS","AUS",2010-11-22,74.2,"D","Index","Indicative","RBA","Daily","Historical Daily Exchange Rates Of The Australian Dollar Against:","Australian Dollar Trade-weighted Index"
"10782","FXRTWI","Trade-weighted Index May 1970 = 100","AUS","AUS",2010-11-23,73.9,"D","Index","Indicative","RBA","Daily","Historical Daily Exchange Rates Of The Australian Dollar Against:","Australian Dollar Trade-weighted Index"
"10783","FXRTWI","Trade-weighted Index May 1970 = 100","AUS","AUS",2010-11-24,73.7,"D","Index","Indicative","RBA","Daily","Historical Daily Exchange Rates Of The Australian Dollar Against:","Australian Dollar Trade-weighted Index"
"10784","FXRTWI","Trade-weighted Index May 1970 = 100","AUS","AUS",2010-11-25,73.7,"D","Index","Indicative","RBA","Daily","Historical Daily Exchange Rates Of The Australian Dollar Against:","Australian Dollar Trade-weighted Index"
"10785","FXRTWI","Trade-weighted Index May 1970 = 100","AUS","AUS",2010-11-26,73.5,"D","Index","Indicative","RBA","Daily","Historical Daily Exchange Rates Of The Australian Dollar Against:","Australian Dollar Trade-weighted Index"
"10786","FXRTWI","Trade-weighted Index May 1970 = 100","AUS","AUS",2010-11-29,73,"D","Index","Indicative","RBA","Daily","Historical Daily Exchange Rates Of The Australian Dollar Against:","Australian Dollar Trade-weighted Index"
"10787","DLCACS","Credit; Total; Seasonally adjusted","AUS","AUS",2010-11-30,1981.601,"M","$ billion","Seasonally Adjusted","RBA","Monthly","D2 Lending And Credit Aggregates","Credit; Total; Seasonally adjusted – Includes securitisations – For series breaks see Series Breaks"
"10788","FIRMMCRT","Cash Rate Target","AUS","AUS",2010-11-30,4.7275,"M","Per cent","Original","RBA","Monthly","F1.1 Interest Rates And Yields - Money Market","Cash Rate Target; monthly average"
"10789","FXRTWI","Trade-weighted Index May 1970 = 100","AUS","AUS",2010-11-30,73,"D","Index","Indicative","RBA","Daily","Historical Daily Exchange Rates Of The Australian Dollar Against:","Australian Dollar Trade-weighted Index"
"10790","FXRTWI","Trade-weighted Index May 1970 = 100","AUS","AUS",2010-11-30,73,"M","Index","Indicative","RBA","Monthly","F11 Exchange Rates","Australian Dollar Trade-weighted Index"
"10791","GRCPAISDR","Commodity prices – SDR","AUS","AUS",2010-11-30,85.4166980184424,"M","Index, 2023/24=100","Original","RBA","Monthly","I2 Commodity Prices","Index of commodity prices; All items; SDR"
"10792","A124874157C","Business Turnover Index ; Total of 13 in-scope ANZSIC divisions ; Current Price ;","AUS","AUS",2010-12-01,70.8,"M","Index Numbers","Seasonally Adjusted",NA,"Monthly","Table 01: Business turnover indicator, 13 industry summary - Monthly percentage change and index",NA
"10793","A2302956R","South Australia ; STATE FINAL DEMAND ;","SA","SA",2010-12-01,29808,"Q","$ Millions","Seasonally Adjusted",NA,"Quarterly","Table 25. State Final Demand, Summary Components by State: Chain volume measures",NA
"10794","A2302984X","Western Australia ; STATE FINAL DEMAND ;","WA","WA",2010-12-01,55916,"Q","$ Millions","Seasonally Adjusted",NA,"Quarterly","Table 25. State Final Demand, Summary Components by State: Chain volume measures",NA
"10795","A2303012X","Tasmania ; STATE FINAL DEMAND ;","TAS","TAS",2010-12-01,9283,"Q","$ Millions","Seasonally Adjusted",NA,"Quarterly","Table 25. State Final Demand, Summary Components by State: Chain volume measures",NA
"10796","A2303040J","Northern Territory ; STATE FINAL DEMAND ;","NT","NT",2010-12-01,6507,"Q","$ Millions","Seasonally Adjusted",NA,"Quarterly","Table 25. State Final Demand, Summary Components by State: Chain volume measures",NA
"10797","A2303068K","Australian Capital Territory ; STATE FINAL DEMAND ;","ACT","ACT",2010-12-01,12463,"Q","$ Millions","Seasonally Adjusted",NA,"Quarterly","Table 25. State Final Demand, Summary Components by State: Chain volume measures",NA
"10798","A2303111F","New South Wales ; STATE FINAL DEMAND ;","NSW","NSW",2010-12-01,139267,"Q","$ Millions","Seasonally Adjusted",NA,"Quarterly","Table 25. State Final Demand, Summary Components by State: Chain volume measures",NA
"10799","A2303139J","Victoria ; STATE FINAL DEMAND ;","VIC","VIC",2010-12-01,107444,"Q","$ Millions","Seasonally Adjusted",NA,"Quarterly","Table 25. State Final Demand, Summary Components by State: Chain volume measures",NA
"10800","A2303187A","Queensland ; STATE FINAL DEMAND ;","QLD","QLD",2010-12-01,89781,"Q","$ Millions","Seasonally Adjusted",NA,"Quarterly","Table 25. State Final Demand, Summary Components by State: Chain volume measures",NA
"10801","A2304418T","Gross domestic product: Current prices ;","AUS","AUS",2010-12-01,351088,"Q","$ Millions","Seasonally Adjusted",NA,"Quarterly","Table 1. Key National Accounts Aggregates",NA
"10802","A2325846C","Index Numbers ; All groups CPI ; Australia ;","AUS","AUS",2010-12-01,96.9,"Q","Index Numbers","Original",NA,"Quarterly","TABLES 1 and 2. CPI: All Groups, Index Numbers and Percentage Changes",NA
"10803","A2718577A","Credits, Total goods ;","AUS","AUS",2010-12-01,20092,"M","$ Millions","Seasonally Adjusted",NA,"Monthly","TABLE 1. GOODS, Summary: Seasonally adjusted and trend estimates, Current prices",NA
"10804","A2718594C","Balance on goods ;","AUS","AUS",2010-12-01,1647,"M","$ Millions","Seasonally Adjusted",NA,"Monthly","TABLE 1. GOODS, Summary: Seasonally adjusted and trend estimates, Current prices",NA
"10805","FXRTWI","Trade-weighted Index May 1970 = 100","AUS","AUS",2010-12-01,72.6,"D","Index","Indicative","RBA","Daily","Historical Daily Exchange Rates Of The Australian Dollar Against:","Australian Dollar Trade-weighted Index"
"10806","FXRTWI","Trade-weighted Index May 1970 = 100","AUS","AUS",2010-12-02,73,"D","Index","Indicative","RBA","Daily","Historical Daily Exchange Rates Of The Australian Dollar Against:","Australian Dollar Trade-weighted Index"
"10807","FXRTWI","Trade-weighted Index May 1970 = 100","AUS","AUS",2010-12-03,73.6,"D","Index","Indicative","RBA","Daily","Historical Daily Exchange Rates Of The Australian Dollar Against:","Australian Dollar Trade-weighted Index"
"10808","FXRTWI","Trade-weighted Index May 1970 = 100","AUS","AUS",2010-12-06,74.2,"D","Index","Indicative","RBA","Daily","Historical Daily Exchange Rates Of The Australian Dollar Against:","Australian Dollar Trade-weighted Index"
"10809","FXRTWI","Trade-weighted Index May 1970 = 100","AUS","AUS",2010-12-07,74.3,"D","Index","Indicative","RBA","Daily","Historical Daily Exchange Rates Of The Australian Dollar Against:","Australian Dollar Trade-weighted Index"
"10810","FXRTWI","Trade-weighted Index May 1970 = 100","AUS","AUS",2010-12-08,74,"D","Index","Indicative","RBA","Daily","Historical Daily Exchange Rates Of The Australian Dollar Against:","Australian Dollar Trade-weighted Index"
"10811","FXRTWI","Trade-weighted Index May 1970 = 100","AUS","AUS",2010-12-09,74.4,"D","Index","Indicative","RBA","Daily","Historical Daily Exchange Rates Of The Australian Dollar Against:","Australian Dollar Trade-weighted Index"
"10812","FXRTWI","Trade-weighted Index May 1970 = 100","AUS","AUS",2010-12-10,74.3,"D","Index","Indicative","RBA","Daily","Historical Daily Exchange Rates Of The Australian Dollar Against:","Australian Dollar Trade-weighted Index"
"10813","FXRTWI","Trade-weighted Index May 1970 = 100","AUS","AUS",2010-12-13,74.3,"D","Index","Indicative","RBA","Daily","Historical Daily Exchange Rates Of The Australian Dollar Against:","Australian Dollar Trade-weighted Index"
"10814","FXRTWI","Trade-weighted Index May 1970 = 100","AUS","AUS",2010-12-14,74.8,"D","Index","Indicative","RBA","Daily","Historical Daily Exchange Rates Of The Australian Dollar Against:","Australian Dollar Trade-weighted Index"
"10815","FXRTWI","Trade-weighted Index May 1970 = 100","AUS","AUS",2010-12-15,75.1,"D","Index","Indicative","RBA","Daily","Historical Daily Exchange Rates Of The Australian Dollar Against:","Australian Dollar Trade-weighted Index"
"10816","FXRTWI","Trade-weighted Index May 1970 = 100","AUS","AUS",2010-12-16,74.7,"D","Index","Indicative","RBA","Daily","Historical Daily Exchange Rates Of The Australian Dollar Against:","Australian Dollar Trade-weighted Index"
"10817","FXRTWI","Trade-weighted Index May 1970 = 100","AUS","AUS",2010-12-17,74.8,"D","Index","Indicative","RBA","Daily","Historical Daily Exchange Rates Of The Australian Dollar Against:","Australian Dollar Trade-weighted Index"
"10818","FXRTWI","Trade-weighted Index May 1970 = 100","AUS","AUS",2010-12-20,74.8,"D","Index","Indicative","RBA","Daily","Historical Daily Exchange Rates Of The Australian Dollar Against:","Australian Dollar Trade-weighted Index"
"10819","FXRTWI","Trade-weighted Index May 1970 = 100","AUS","AUS",2010-12-21,75.3,"D","Index","Indicative","RBA","Daily","Historical Daily Exchange Rates Of The Australian Dollar Against:","Australian Dollar Trade-weighted Index"
"10820","FXRTWI","Trade-weighted Index May 1970 = 100","AUS","AUS",2010-12-22,75.4,"D","Index","Indicative","RBA","Daily","Historical Daily Exchange Rates Of The Australian Dollar Against:","Australian Dollar Trade-weighted Index"
"10821","FXRTWI","Trade-weighted Index May 1970 = 100","AUS","AUS",2010-12-23,75.5,"D","Index","Indicative","RBA","Daily","Historical Daily Exchange Rates Of The Australian Dollar Against:","Australian Dollar Trade-weighted Index"
"10822","FXRTWI","Trade-weighted Index May 1970 = 100","AUS","AUS",2010-12-24,75.6,"D","Index","Indicative","RBA","Daily","Historical Daily Exchange Rates Of The Australian Dollar Against:","Australian Dollar Trade-weighted Index"
"10823","FXRTWI","Trade-weighted Index May 1970 = 100","AUS","AUS",2010-12-29,75.9,"D","Index","Indicative","RBA","Daily","Historical Daily Exchange Rates Of The Australian Dollar Against:","Australian Dollar Trade-weighted Index"
"10824","FXRTWI","Trade-weighted Index May 1970 = 100","AUS","AUS",2010-12-30,76,"D","Index","Indicative","RBA","Daily","Historical Daily Exchange Rates Of The Australian Dollar Against:","Australian Dollar Trade-weighted Index"
"10825","DLCACS","Credit; Total; Seasonally adjusted","AUS","AUS",2010-12-31,1987.014,"M","$ billion","Seasonally Adjusted","RBA","Monthly","D2 Lending And Credit Aggregates","Credit; Total; Seasonally adjusted – Includes securitisations – For series breaks see Series Breaks"
"10826","FIRMMCRT","Cash Rate Target","AUS","AUS",2010-12-31,4.75,"M","Per cent","Original","RBA","Monthly","F1.1 Interest Rates And Yields - Money Market","Cash Rate Target; monthly average"
"10827","FXRTWI","Trade-weighted Index May 1970 = 100","AUS","AUS",2010-12-31,75.8,"D","Index","Indicative","RBA","Daily","Historical Daily Exchange Rates Of The Australian Dollar Against:","Australian Dollar Trade-weighted Index"
"10828","FXRTWI","Trade-weighted Index May 1970 = 100","AUS","AUS",2010-12-31,75.8,"M","Index","Indicative","RBA","Monthly","F11 Exchange Rates","Australian Dollar Trade-weighted Index"
"10829","GCPIOCPMTMQP","Quarterly trimmed mean inflation","AUS","AUS",2010-12-31,0.4,"Q","Per cent","Seasonally Adjusted","ABS","Quarterly","G1 Consumer Price Inflation","Consumer price index; Trimmed mean; Quarterly change (in per cent)"
"10830","GRCPAISDR","Commodity prices – SDR","AUS","AUS",2010-12-31,90.0013599001465,"M","Index, 2023/24=100","Original","RBA","Monthly","I2 Commodity Prices","Index of commodity prices; All items; SDR"
"10831","A124874157C","Business Turnover Index ; Total of 13 in-scope ANZSIC divisions ; Current Price ;","AUS","AUS",2011-01-01,71,"M","Index Numbers","Seasonally Adjusted",NA,"Monthly","Table 01: Business turnover indicator, 13 industry summary - Monthly percentage change and index",NA
"10832","A2718577A","Credits, Total goods ;","AUS","AUS",2011-01-01,19862,"M","$ Millions","Seasonally Adjusted",NA,"Monthly","TABLE 1. GOODS, Summary: Seasonally adjusted and trend estimates, Current prices",NA
"10833","A2718594C","Balance on goods ;","AUS","AUS",2011-01-01,1905,"M","$ Millions","Seasonally Adjusted",NA,"Monthly","TABLE 1. GOODS, Summary: Seasonally adjusted and trend estimates, Current prices",NA
"10834","FXRTWI","Trade-weighted Index May 1970 = 100","AUS","AUS",2011-01-04,75.3,"D","Index","Indicative","RBA","Daily","Historical Daily Exchange Rates Of The Australian Dollar Against:","Australian Dollar Trade-weighted Index"
"10835","FXRTWI","Trade-weighted Index May 1970 = 100","AUS","AUS",2011-01-05,74.9,"D","Index","Indicative","RBA","Daily","Historical Daily Exchange Rates Of The Australian Dollar Against:","Australian Dollar Trade-weighted Index"
"10836","FXRTWI","Trade-weighted Index May 1970 = 100","AUS","AUS",2011-01-06,74.8,"D","Index","Indicative","RBA","Daily","Historical Daily Exchange Rates Of The Australian Dollar Against:","Australian Dollar Trade-weighted Index"
"10837","FXRTWI","Trade-weighted Index May 1970 = 100","AUS","AUS",2011-01-07,74.8,"D","Index","Indicative","RBA","Daily","Historical Daily Exchange Rates Of The Australian Dollar Against:","Australian Dollar Trade-weighted Index"
"10838","FXRTWI","Trade-weighted Index May 1970 = 100","AUS","AUS",2011-01-10,74.9,"D","Index","Indicative","RBA","Daily","Historical Daily Exchange Rates Of The Australian Dollar Against:","Australian Dollar Trade-weighted Index"
"10839","FXRTWI","Trade-weighted Index May 1970 = 100","AUS","AUS",2011-01-11,74.1,"D","Index","Indicative","RBA","Daily","Historical Daily Exchange Rates Of The Australian Dollar Against:","Australian Dollar Trade-weighted Index"
"10840","FXRTWI","Trade-weighted Index May 1970 = 100","AUS","AUS",2011-01-12,74,"D","Index","Indicative","RBA","Daily","Historical Daily Exchange Rates Of The Australian Dollar Against:","Australian Dollar Trade-weighted Index"
"10841","FXRTWI","Trade-weighted Index May 1970 = 100","AUS","AUS",2011-01-13,74.5,"D","Index","Indicative","RBA","Daily","Historical Daily Exchange Rates Of The Australian Dollar Against:","Australian Dollar Trade-weighted Index"
"10842","FXRTWI","Trade-weighted Index May 1970 = 100","AUS","AUS",2011-01-14,74.4,"D","Index","Indicative","RBA","Daily","Historical Daily Exchange Rates Of The Australian Dollar Against:","Australian Dollar Trade-weighted Index"
"10843","FXRTWI","Trade-weighted Index May 1970 = 100","AUS","AUS",2011-01-17,73.8,"D","Index","Indicative","RBA","Daily","Historical Daily Exchange Rates Of The Australian Dollar Against:","Australian Dollar Trade-weighted Index"
"10844","FXRTWI","Trade-weighted Index May 1970 = 100","AUS","AUS",2011-01-18,74.2,"D","Index","Indicative","RBA","Daily","Historical Daily Exchange Rates Of The Australian Dollar Against:","Australian Dollar Trade-weighted Index"
"10845","FXRTWI","Trade-weighted Index May 1970 = 100","AUS","AUS",2011-01-19,74.7,"D","Index","Indicative","RBA","Daily","Historical Daily Exchange Rates Of The Australian Dollar Against:","Australian Dollar Trade-weighted Index"
"10846","FXRTWI","Trade-weighted Index May 1970 = 100","AUS","AUS",2011-01-20,74.3,"D","Index","Indicative","RBA","Daily","Historical Daily Exchange Rates Of The Australian Dollar Against:","Australian Dollar Trade-weighted Index"
"10847","FXRTWI","Trade-weighted Index May 1970 = 100","AUS","AUS",2011-01-21,73.7,"D","Index","Indicative","RBA","Daily","Historical Daily Exchange Rates Of The Australian Dollar Against:","Australian Dollar Trade-weighted Index"
"10848","FXRTWI","Trade-weighted Index May 1970 = 100","AUS","AUS",2011-01-24,73.8,"D","Index","Indicative","RBA","Daily","Historical Daily Exchange Rates Of The Australian Dollar Against:","Australian Dollar Trade-weighted Index"
"10849","FXRTWI","Trade-weighted Index May 1970 = 100","AUS","AUS",2011-01-25,74.2,"D","Index","Indicative","RBA","Daily","Historical Daily Exchange Rates Of The Australian Dollar Against:","Australian Dollar Trade-weighted Index"
"10850","FXRTWI","Trade-weighted Index May 1970 = 100","AUS","AUS",2011-01-27,74.1,"D","Index","Indicative","RBA","Daily","Historical Daily Exchange Rates Of The Australian Dollar Against:","Australian Dollar Trade-weighted Index"
"10851","FXRTWI","Trade-weighted Index May 1970 = 100","AUS","AUS",2011-01-28,73.7,"D","Index","Indicative","RBA","Daily","Historical Daily Exchange Rates Of The Australian Dollar Against:","Australian Dollar Trade-weighted Index"
"10852","DLCACS","Credit; Total; Seasonally adjusted","AUS","AUS",2011-01-31,1991.846,"M","$ billion","Seasonally Adjusted","RBA","Monthly","D2 Lending And Credit Aggregates","Credit; Total; Seasonally adjusted – Includes securitisations – For series breaks see Series Breaks"
"10853","FIRMMCRT","Cash Rate Target","AUS","AUS",2011-01-31,4.75,"M","Per cent","Original","RBA","Monthly","F1.1 Interest Rates And Yields - Money Market","Cash Rate Target; monthly average"
"10854","FXRTWI","Trade-weighted Index May 1970 = 100","AUS","AUS",2011-01-31,74,"D","Index","Indicative","RBA","Daily","Historical Daily Exchange Rates Of The Australian Dollar Against:","Australian Dollar Trade-weighted Index"
"10855","FXRTWI","Trade-weighted Index May 1970 = 100","AUS","AUS",2011-01-31,74,"M","Index","Indicative","RBA","Monthly","F11 Exchange Rates","Australian Dollar Trade-weighted Index"
"10856","GRCPAISDR","Commodity prices – SDR","AUS","AUS",2011-01-31,93.1473513222377,"M","Index, 2023/24=100","Original","RBA","Monthly","I2 Commodity Prices","Index of commodity prices; All items; SDR"
"10857","A124874157C","Business Turnover Index ; Total of 13 in-scope ANZSIC divisions ; Current Price ;","AUS","AUS",2011-02-01,71.2,"M","Index Numbers","Seasonally Adjusted",NA,"Monthly","Table 01: Business turnover indicator, 13 industry summary - Monthly percentage change and index",NA
"10858","A2718577A","Credits, Total goods ;","AUS","AUS",2011-02-01,19390,"M","$ Millions","Seasonally Adjusted",NA,"Monthly","TABLE 1. GOODS, Summary: Seasonally adjusted and trend estimates, Current prices",NA
"10859","A2718594C","Balance on goods ;","AUS","AUS",2011-02-01,440,"M","$ Millions","Seasonally Adjusted",NA,"Monthly","TABLE 1. GOODS, Summary: Seasonally adjusted and trend estimates, Current prices",NA
"10860","FXRTWI","Trade-weighted Index May 1970 = 100","AUS","AUS",2011-02-01,74.6,"D","Index","Indicative","RBA","Daily","Historical Daily Exchange Rates Of The Australian Dollar Against:","Australian Dollar Trade-weighted Index"
"10861","FXRTWI","Trade-weighted Index May 1970 = 100","AUS","AUS",2011-02-02,75,"D","Index","Indicative","RBA","Daily","Historical Daily Exchange Rates Of The Australian Dollar Against:","Australian Dollar Trade-weighted Index"
"10862","FXRTWI","Trade-weighted Index May 1970 = 100","AUS","AUS",2011-02-03,74.9,"D","Index","Indicative","RBA","Daily","Historical Daily Exchange Rates Of The Australian Dollar Against:","Australian Dollar Trade-weighted Index"
"10863","FXRTWI","Trade-weighted Index May 1970 = 100","AUS","AUS",2011-02-04,75.6,"D","Index","Indicative","RBA","Daily","Historical Daily Exchange Rates Of The Australian Dollar Against:","Australian Dollar Trade-weighted Index"
"10864","FXRTWI","Trade-weighted Index May 1970 = 100","AUS","AUS",2011-02-07,75.3,"D","Index","Indicative","RBA","Daily","Historical Daily Exchange Rates Of The Australian Dollar Against:","Australian Dollar Trade-weighted Index"
"10865","FXRTWI","Trade-weighted Index May 1970 = 100","AUS","AUS",2011-02-08,75.3,"D","Index","Indicative","RBA","Daily","Historical Daily Exchange Rates Of The Australian Dollar Against:","Australian Dollar Trade-weighted Index"
"10866","FXRTWI","Trade-weighted Index May 1970 = 100","AUS","AUS",2011-02-09,75.3,"D","Index","Indicative","RBA","Daily","Historical Daily Exchange Rates Of The Australian Dollar Against:","Australian Dollar Trade-weighted Index"
"10867","FXRTWI","Trade-weighted Index May 1970 = 100","AUS","AUS",2011-02-10,74.9,"D","Index","Indicative","RBA","Daily","Historical Daily Exchange Rates Of The Australian Dollar Against:","Australian Dollar Trade-weighted Index"
"10868","FXRTWI","Trade-weighted Index May 1970 = 100","AUS","AUS",2011-02-11,74.7,"D","Index","Indicative","RBA","Daily","Historical Daily Exchange Rates Of The Australian Dollar Against:","Australian Dollar Trade-weighted Index"
"10869","FXRTWI","Trade-weighted Index May 1970 = 100","AUS","AUS",2011-02-14,75.1,"D","Index","Indicative","RBA","Daily","Historical Daily Exchange Rates Of The Australian Dollar Against:","Australian Dollar Trade-weighted Index"
"10870","FXRTWI","Trade-weighted Index May 1970 = 100","AUS","AUS",2011-02-15,75.1,"D","Index","Indicative","RBA","Daily","Historical Daily Exchange Rates Of The Australian Dollar Against:","Australian Dollar Trade-weighted Index"
"10871","FXRTWI","Trade-weighted Index May 1970 = 100","AUS","AUS",2011-02-16,74.8,"D","Index","Indicative","RBA","Daily","Historical Daily Exchange Rates Of The Australian Dollar Against:","Australian Dollar Trade-weighted Index"
"10872","FXRTWI","Trade-weighted Index May 1970 = 100","AUS","AUS",2011-02-17,75,"D","Index","Indicative","RBA","Daily","Historical Daily Exchange Rates Of The Australian Dollar Against:","Australian Dollar Trade-weighted Index"
"10873","FXRTWI","Trade-weighted Index May 1970 = 100","AUS","AUS",2011-02-18,75.5,"D","Index","Indicative","RBA","Daily","Historical Daily Exchange Rates Of The Australian Dollar Against:","Australian Dollar Trade-weighted Index"
"10874","FXRTWI","Trade-weighted Index May 1970 = 100","AUS","AUS",2011-02-21,75.3,"D","Index","Indicative","RBA","Daily","Historical Daily Exchange Rates Of The Australian Dollar Against:","Australian Dollar Trade-weighted Index"
"10875","FXRTWI","Trade-weighted Index May 1970 = 100","AUS","AUS",2011-02-22,75,"D","Index","Indicative","RBA","Daily","Historical Daily Exchange Rates Of The Australian Dollar Against:","Australian Dollar Trade-weighted Index"
"10876","FXRTWI","Trade-weighted Index May 1970 = 100","AUS","AUS",2011-02-23,74.7,"D","Index","Indicative","RBA","Daily","Historical Daily Exchange Rates Of The Australian Dollar Against:","Australian Dollar Trade-weighted Index"
"10877","FXRTWI","Trade-weighted Index May 1970 = 100","AUS","AUS",2011-02-24,75,"D","Index","Indicative","RBA","Daily","Historical Daily Exchange Rates Of The Australian Dollar Against:","Australian Dollar Trade-weighted Index"
"10878","FXRTWI","Trade-weighted Index May 1970 = 100","AUS","AUS",2011-02-25,75.4,"D","Index","Indicative","RBA","Daily","Historical Daily Exchange Rates Of The Australian Dollar Against:","Australian Dollar Trade-weighted Index"
"10879","DLCACS","Credit; Total; Seasonally adjusted","AUS","AUS",2011-02-28,2001.538,"M","$ billion","Seasonally Adjusted","RBA","Monthly","D2 Lending And Credit Aggregates","Credit; Total; Seasonally adjusted – Includes securitisations – For series breaks see Series Breaks"
"10880","FIRMMCRT","Cash Rate Target","AUS","AUS",2011-02-28,4.75,"M","Per cent","Original","RBA","Monthly","F1.1 Interest Rates And Yields - Money Market","Cash Rate Target; monthly average"
"10881","FXRTWI","Trade-weighted Index May 1970 = 100","AUS","AUS",2011-02-28,75.5,"D","Index","Indicative","RBA","Daily","Historical Daily Exchange Rates Of The Australian Dollar Against:","Australian Dollar Trade-weighted Index"
"10882","FXRTWI","Trade-weighted Index May 1970 = 100","AUS","AUS",2011-02-28,75.5,"M","Index","Indicative","RBA","Monthly","F11 Exchange Rates","Australian Dollar Trade-weighted Index"
"10883","GRCPAISDR","Commodity prices – SDR","AUS","AUS",2011-02-28,96.6042684173368,"M","Index, 2023/24=100","Original","RBA","Monthly","I2 Commodity Prices","Index of commodity prices; All items; SDR"
"10884","A124874157C","Business Turnover Index ; Total of 13 in-scope ANZSIC divisions ; Current Price ;","AUS","AUS",2011-03-01,74.4,"M","Index Numbers","Seasonally Adjusted",NA,"Monthly","Table 01: Business turnover indicator, 13 industry summary - Monthly percentage change and index",NA
"10885","A2302956R","South Australia ; STATE FINAL DEMAND ;","SA","SA",2011-03-01,29621,"Q","$ Millions","Seasonally Adjusted",NA,"Quarterly","Table 25. State Final Demand, Summary Components by State: Chain volume measures",NA
"10886","A2302984X","Western Australia ; STATE FINAL DEMAND ;","WA","WA",2011-03-01,58701,"Q","$ Millions","Seasonally Adjusted",NA,"Quarterly","Table 25. State Final Demand, Summary Components by State: Chain volume measures",NA
"10887","A2303012X","Tasmania ; STATE FINAL DEMAND ;","TAS","TAS",2011-03-01,9325,"Q","$ Millions","Seasonally Adjusted",NA,"Quarterly","Table 25. State Final Demand, Summary Components by State: Chain volume measures",NA
"10888","A2303040J","Northern Territory ; STATE FINAL DEMAND ;","NT","NT",2011-03-01,6546,"Q","$ Millions","Seasonally Adjusted",NA,"Quarterly","Table 25. State Final Demand, Summary Components by State: Chain volume measures",NA
"10889","A2303068K","Australian Capital Territory ; STATE FINAL DEMAND ;","ACT","ACT",2011-03-01,13420,"Q","$ Millions","Seasonally Adjusted",NA,"Quarterly","Table 25. State Final Demand, Summary Components by State: Chain volume measures",NA
"10890","A2303111F","New South Wales ; STATE FINAL DEMAND ;","NSW","NSW",2011-03-01,140029,"Q","$ Millions","Seasonally Adjusted",NA,"Quarterly","Table 25. State Final Demand, Summary Components by State: Chain volume measures",NA
"10891","A2303139J","Victoria ; STATE FINAL DEMAND ;","VIC","VIC",2011-03-01,107841,"Q","$ Millions","Seasonally Adjusted",NA,"Quarterly","Table 25. State Final Demand, Summary Components by State: Chain volume measures",NA
"10892","A2303187A","Queensland ; STATE FINAL DEMAND ;","QLD","QLD",2011-03-01,91574,"Q","$ Millions","Seasonally Adjusted",NA,"Quarterly","Table 25. State Final Demand, Summary Components by State: Chain volume measures",NA
"10893","A2304418T","Gross domestic product: Current prices ;","AUS","AUS",2011-03-01,356844,"Q","$ Millions","Seasonally Adjusted",NA,"Quarterly","Table 1. Key National Accounts Aggregates",NA
"10894","A2325846C","Index Numbers ; All groups CPI ; Australia ;","AUS","AUS",2011-03-01,98.3,"Q","Index Numbers","Original",NA,"Quarterly","TABLES 1 and 2. CPI: All Groups, Index Numbers and Percentage Changes",NA
"10895","A2718577A","Credits, Total goods ;","AUS","AUS",2011-03-01,21932,"M","$ Millions","Seasonally Adjusted",NA,"Monthly","TABLE 1. GOODS, Summary: Seasonally adjusted and trend estimates, Current prices",NA
"10896","A2718594C","Balance on goods ;","AUS","AUS",2011-03-01,2665,"M","$ Millions","Seasonally Adjusted",NA,"Monthly","TABLE 1. GOODS, Summary: Seasonally adjusted and trend estimates, Current prices",NA
"10897","FXRTWI","Trade-weighted Index May 1970 = 100","AUS","AUS",2011-03-01,75.4,"D","Index","Indicative","RBA","Daily","Historical Daily Exchange Rates Of The Australian Dollar Against:","Australian Dollar Trade-weighted Index"
"10898","FXRTWI","Trade-weighted Index May 1970 = 100","AUS","AUS",2011-03-02,75,"D","Index","Indicative","RBA","Daily","Historical Daily Exchange Rates Of The Australian Dollar Against:","Australian Dollar Trade-weighted Index"
"10899","FXRTWI","Trade-weighted Index May 1970 = 100","AUS","AUS",2011-03-03,75.3,"D","Index","Indicative","RBA","Daily","Historical Daily Exchange Rates Of The Australian Dollar Against:","Australian Dollar Trade-weighted Index"
"10900","FXRTWI","Trade-weighted Index May 1970 = 100","AUS","AUS",2011-03-04,75.2,"D","Index","Indicative","RBA","Daily","Historical Daily Exchange Rates Of The Australian Dollar Against:","Australian Dollar Trade-weighted Index"
"10901","FXRTWI","Trade-weighted Index May 1970 = 100","AUS","AUS",2011-03-07,75.1,"D","Index","Indicative","RBA","Daily","Historical Daily Exchange Rates Of The Australian Dollar Against:","Australian Dollar Trade-weighted Index"
"10902","FXRTWI","Trade-weighted Index May 1970 = 100","AUS","AUS",2011-03-08,75,"D","Index","Indicative","RBA","Daily","Historical Daily Exchange Rates Of The Australian Dollar Against:","Australian Dollar Trade-weighted Index"
"10903","FXRTWI","Trade-weighted Index May 1970 = 100","AUS","AUS",2011-03-09,74.8,"D","Index","Indicative","RBA","Daily","Historical Daily Exchange Rates Of The Australian Dollar Against:","Australian Dollar Trade-weighted Index"
"10904","FXRTWI","Trade-weighted Index May 1970 = 100","AUS","AUS",2011-03-10,74.7,"D","Index","Indicative","RBA","Daily","Historical Daily Exchange Rates Of The Australian Dollar Against:","Australian Dollar Trade-weighted Index"
"10905","FXRTWI","Trade-weighted Index May 1970 = 100","AUS","AUS",2011-03-11,74.7,"D","Index","Indicative","RBA","Daily","Historical Daily Exchange Rates Of The Australian Dollar Against:","Australian Dollar Trade-weighted Index"
"10906","FXRTWI","Trade-weighted Index May 1970 = 100","AUS","AUS",2011-03-14,74.9,"D","Index","Indicative","RBA","Daily","Historical Daily Exchange Rates Of The Australian Dollar Against:","Australian Dollar Trade-weighted Index"
"10907","FXRTWI","Trade-weighted Index May 1970 = 100","AUS","AUS",2011-03-15,74,"D","Index","Indicative","RBA","Daily","Historical Daily Exchange Rates Of The Australian Dollar Against:","Australian Dollar Trade-weighted Index"
"10908","FXRTWI","Trade-weighted Index May 1970 = 100","AUS","AUS",2011-03-16,73.5,"D","Index","Indicative","RBA","Daily","Historical Daily Exchange Rates Of The Australian Dollar Against:","Australian Dollar Trade-weighted Index"
"10909","FXRTWI","Trade-weighted Index May 1970 = 100","AUS","AUS",2011-03-17,72.5,"D","Index","Indicative","RBA","Daily","Historical Daily Exchange Rates Of The Australian Dollar Against:","Australian Dollar Trade-weighted Index"
"10910","FXRTWI","Trade-weighted Index May 1970 = 100","AUS","AUS",2011-03-18,73.7,"D","Index","Indicative","RBA","Daily","Historical Daily Exchange Rates Of The Australian Dollar Against:","Australian Dollar Trade-weighted Index"
"10911","FXRTWI","Trade-weighted Index May 1970 = 100","AUS","AUS",2011-03-21,74,"D","Index","Indicative","RBA","Daily","Historical Daily Exchange Rates Of The Australian Dollar Against:","Australian Dollar Trade-weighted Index"
"10912","FXRTWI","Trade-weighted Index May 1970 = 100","AUS","AUS",2011-03-22,74.2,"D","Index","Indicative","RBA","Daily","Historical Daily Exchange Rates Of The Australian Dollar Against:","Australian Dollar Trade-weighted Index"
"10913","FXRTWI","Trade-weighted Index May 1970 = 100","AUS","AUS",2011-03-23,74.5,"D","Index","Indicative","RBA","Daily","Historical Daily Exchange Rates Of The Australian Dollar Against:","Australian Dollar Trade-weighted Index"
"10914","FXRTWI","Trade-weighted Index May 1970 = 100","AUS","AUS",2011-03-24,74.8,"D","Index","Indicative","RBA","Daily","Historical Daily Exchange Rates Of The Australian Dollar Against:","Australian Dollar Trade-weighted Index"
"10915","FXRTWI","Trade-weighted Index May 1970 = 100","AUS","AUS",2011-03-25,75.2,"D","Index","Indicative","RBA","Daily","Historical Daily Exchange Rates Of The Australian Dollar Against:","Australian Dollar Trade-weighted Index"
"10916","FXRTWI","Trade-weighted Index May 1970 = 100","AUS","AUS",2011-03-28,75.9,"D","Index","Indicative","RBA","Daily","Historical Daily Exchange Rates Of The Australian Dollar Against:","Australian Dollar Trade-weighted Index"
"10917","FXRTWI","Trade-weighted Index May 1970 = 100","AUS","AUS",2011-03-29,75.8,"D","Index","Indicative","RBA","Daily","Historical Daily Exchange Rates Of The Australian Dollar Against:","Australian Dollar Trade-weighted Index"
"10918","FXRTWI","Trade-weighted Index May 1970 = 100","AUS","AUS",2011-03-30,76.4,"D","Index","Indicative","RBA","Daily","Historical Daily Exchange Rates Of The Australian Dollar Against:","Australian Dollar Trade-weighted Index"
"10919","DLCACS","Credit; Total; Seasonally adjusted","AUS","AUS",2011-03-31,2012.133,"M","$ billion","Seasonally Adjusted","RBA","Monthly","D2 Lending And Credit Aggregates","Credit; Total; Seasonally adjusted – Includes securitisations – For series breaks see Series Breaks"
"10920","FIRMMCRT","Cash Rate Target","AUS","AUS",2011-03-31,4.75,"M","Per cent","Original","RBA","Monthly","F1.1 Interest Rates And Yields - Money Market","Cash Rate Target; monthly average"
"10921","FXRTWI","Trade-weighted Index May 1970 = 100","AUS","AUS",2011-03-31,76.3,"D","Index","Indicative","RBA","Daily","Historical Daily Exchange Rates Of The Australian Dollar Against:","Australian Dollar Trade-weighted Index"
"10922","FXRTWI","Trade-weighted Index May 1970 = 100","AUS","AUS",2011-03-31,76.3,"M","Index","Indicative","RBA","Monthly","F11 Exchange Rates","Australian Dollar Trade-weighted Index"
"10923","GCPIOCPMTMQP","Quarterly trimmed mean inflation","AUS","AUS",2011-03-31,0.8,"Q","Per cent","Seasonally Adjusted","ABS","Quarterly","G1 Consumer Price Inflation","Consumer price index; Trimmed mean; Quarterly change (in per cent)"
"10924","GRCPAISDR","Commodity prices – SDR","AUS","AUS",2011-03-31,97.1325272874354,"M","Index, 2023/24=100","Original","RBA","Monthly","I2 Commodity Prices","Index of commodity prices; All items; SDR"
"10925","A124874157C","Business Turnover Index ; Total of 13 in-scope ANZSIC divisions ; Current Price ;","AUS","AUS",2011-04-01,73.6,"M","Index Numbers","Seasonally Adjusted",NA,"Monthly","Table 01: Business turnover indicator, 13 industry summary - Monthly percentage change and index",NA
"10926","A2718577A","Credits, Total goods ;","AUS","AUS",2011-04-01,21198,"M","$ Millions","Seasonally Adjusted",NA,"Monthly","TABLE 1. GOODS, Summary: Seasonally adjusted and trend estimates, Current prices",NA
"10927","A2718594C","Balance on goods ;","AUS","AUS",2011-04-01,1978,"M","$ Millions","Seasonally Adjusted",NA,"Monthly","TABLE 1. GOODS, Summary: Seasonally adjusted and trend estimates, Current prices",NA
"10928","FXRTWI","Trade-weighted Index May 1970 = 100","AUS","AUS",2011-04-01,76.4,"D","Index","Indicative","RBA","Daily","Historical Daily Exchange Rates Of The Australian Dollar Against:","Australian Dollar Trade-weighted Index"
"10929","FXRTWI","Trade-weighted Index May 1970 = 100","AUS","AUS",2011-04-04,76.6,"D","Index","Indicative","RBA","Daily","Historical Daily Exchange Rates Of The Australian Dollar Against:","Australian Dollar Trade-weighted Index"
"10930","FXRTWI","Trade-weighted Index May 1970 = 100","AUS","AUS",2011-04-05,76.3,"D","Index","Indicative","RBA","Daily","Historical Daily Exchange Rates Of The Australian Dollar Against:","Australian Dollar Trade-weighted Index"
"10931","FXRTWI","Trade-weighted Index May 1970 = 100","AUS","AUS",2011-04-06,76.5,"D","Index","Indicative","RBA","Daily","Historical Daily Exchange Rates Of The Australian Dollar Against:","Australian Dollar Trade-weighted Index"
"10932","FXRTWI","Trade-weighted Index May 1970 = 100","AUS","AUS",2011-04-07,77.2,"D","Index","Indicative","RBA","Daily","Historical Daily Exchange Rates Of The Australian Dollar Against:","Australian Dollar Trade-weighted Index"
"10933","FXRTWI","Trade-weighted Index May 1970 = 100","AUS","AUS",2011-04-08,77.5,"D","Index","Indicative","RBA","Daily","Historical Daily Exchange Rates Of The Australian Dollar Against:","Australian Dollar Trade-weighted Index"
"10934","FXRTWI","Trade-weighted Index May 1970 = 100","AUS","AUS",2011-04-11,77.7,"D","Index","Indicative","RBA","Daily","Historical Daily Exchange Rates Of The Australian Dollar Against:","Australian Dollar Trade-weighted Index"
"10935","FXRTWI","Trade-weighted Index May 1970 = 100","AUS","AUS",2011-04-12,76.8,"D","Index","Indicative","RBA","Daily","Historical Daily Exchange Rates Of The Australian Dollar Against:","Australian Dollar Trade-weighted Index"
"10936","FXRTWI","Trade-weighted Index May 1970 = 100","AUS","AUS",2011-04-13,77,"D","Index","Indicative","RBA","Daily","Historical Daily Exchange Rates Of The Australian Dollar Against:","Australian Dollar Trade-weighted Index"
"10937","FXRTWI","Trade-weighted Index May 1970 = 100","AUS","AUS",2011-04-14,77.2,"D","Index","Indicative","RBA","Daily","Historical Daily Exchange Rates Of The Australian Dollar Against:","Australian Dollar Trade-weighted Index"
"10938","FXRTWI","Trade-weighted Index May 1970 = 100","AUS","AUS",2011-04-15,77.2,"D","Index","Indicative","RBA","Daily","Historical Daily Exchange Rates Of The Australian Dollar Against:","Australian Dollar Trade-weighted Index"
"10939","FXRTWI","Trade-weighted Index May 1970 = 100","AUS","AUS",2011-04-18,77.4,"D","Index","Indicative","RBA","Daily","Historical Daily Exchange Rates Of The Australian Dollar Against:","Australian Dollar Trade-weighted Index"
"10940","FXRTWI","Trade-weighted Index May 1970 = 100","AUS","AUS",2011-04-19,76.9,"D","Index","Indicative","RBA","Daily","Historical Daily Exchange Rates Of The Australian Dollar Against:","Australian Dollar Trade-weighted Index"
"10941","FXRTWI","Trade-weighted Index May 1970 = 100","AUS","AUS",2011-04-20,77.5,"D","Index","Indicative","RBA","Daily","Historical Daily Exchange Rates Of The Australian Dollar Against:","Australian Dollar Trade-weighted Index"
"10942","FXRTWI","Trade-weighted Index May 1970 = 100","AUS","AUS",2011-04-21,78.4,"D","Index","Indicative","RBA","Daily","Historical Daily Exchange Rates Of The Australian Dollar Against:","Australian Dollar Trade-weighted Index"
"10943","FXRTWI","Trade-weighted Index May 1970 = 100","AUS","AUS",2011-04-27,78.7,"D","Index","Indicative","RBA","Daily","Historical Daily Exchange Rates Of The Australian Dollar Against:","Australian Dollar Trade-weighted Index"
"10944","FXRTWI","Trade-weighted Index May 1970 = 100","AUS","AUS",2011-04-28,79.1,"D","Index","Indicative","RBA","Daily","Historical Daily Exchange Rates Of The Australian Dollar Against:","Australian Dollar Trade-weighted Index"
"10945","FXRTWI","Trade-weighted Index May 1970 = 100","AUS","AUS",2011-04-29,78.9,"D","Index","Indicative","RBA","Daily","Historical Daily Exchange Rates Of The Australian Dollar Against:","Australian Dollar Trade-weighted Index"
"10946","FXRTWI","Trade-weighted Index May 1970 = 100","AUS","AUS",2011-04-29,78.9,"M","Index","Indicative","RBA","Monthly","F11 Exchange Rates","Australian Dollar Trade-weighted Index"
"10947","DLCACS","Credit; Total; Seasonally adjusted","AUS","AUS",2011-04-30,2011.79,"M","$ billion","Seasonally Adjusted","RBA","Monthly","D2 Lending And Credit Aggregates","Credit; Total; Seasonally adjusted – Includes securitisations – For series breaks see Series Breaks"
"10948","FIRMMCRT","Cash Rate Target","AUS","AUS",2011-04-30,4.75,"M","Per cent","Original","RBA","Monthly","F1.1 Interest Rates And Yields - Money Market","Cash Rate Target; monthly average"
"10949","GRCPAISDR","Commodity prices – SDR","AUS","AUS",2011-04-30,102.277975353066,"M","Index, 2023/24=100","Original","RBA","Monthly","I2 Commodity Prices","Index of commodity prices; All items; SDR"
"10950","A124874157C","Business Turnover Index ; Total of 13 in-scope ANZSIC divisions ; Current Price ;","AUS","AUS",2011-05-01,73.4,"M","Index Numbers","Seasonally Adjusted",NA,"Monthly","Table 01: Business turnover indicator, 13 industry summary - Monthly percentage change and index",NA
"10951","A2718577A","Credits, Total goods ;","AUS","AUS",2011-05-01,21923,"M","$ Millions","Seasonally Adjusted",NA,"Monthly","TABLE 1. GOODS, Summary: Seasonally adjusted and trend estimates, Current prices",NA
"10952","A2718594C","Balance on goods ;","AUS","AUS",2011-05-01,2346,"M","$ Millions","Seasonally Adjusted",NA,"Monthly","TABLE 1. GOODS, Summary: Seasonally adjusted and trend estimates, Current prices",NA
"10953","FXRTWI","Trade-weighted Index May 1970 = 100","AUS","AUS",2011-05-02,79.2,"D","Index","Indicative","RBA","Daily","Historical Daily Exchange Rates Of The Australian Dollar Against:","Australian Dollar Trade-weighted Index"
"10954","FXRTWI","Trade-weighted Index May 1970 = 100","AUS","AUS",2011-05-03,78.9,"D","Index","Indicative","RBA","Daily","Historical Daily Exchange Rates Of The Australian Dollar Against:","Australian Dollar Trade-weighted Index"
"10955","FXRTWI","Trade-weighted Index May 1970 = 100","AUS","AUS",2011-05-04,78.5,"D","Index","Indicative","RBA","Daily","Historical Daily Exchange Rates Of The Australian Dollar Against:","Australian Dollar Trade-weighted Index"
"10956","FXRTWI","Trade-weighted Index May 1970 = 100","AUS","AUS",2011-05-05,77.7,"D","Index","Indicative","RBA","Daily","Historical Daily Exchange Rates Of The Australian Dollar Against:","Australian Dollar Trade-weighted Index"
"10957","FXRTWI","Trade-weighted Index May 1970 = 100","AUS","AUS",2011-05-06,77.8,"D","Index","Indicative","RBA","Daily","Historical Daily Exchange Rates Of The Australian Dollar Against:","Australian Dollar Trade-weighted Index"
"10958","FXRTWI","Trade-weighted Index May 1970 = 100","AUS","AUS",2011-05-09,78.3,"D","Index","Indicative","RBA","Daily","Historical Daily Exchange Rates Of The Australian Dollar Against:","Australian Dollar Trade-weighted Index"
"10959","FXRTWI","Trade-weighted Index May 1970 = 100","AUS","AUS",2011-05-10,78.2,"D","Index","Indicative","RBA","Daily","Historical Daily Exchange Rates Of The Australian Dollar Against:","Australian Dollar Trade-weighted Index"
"10960","FXRTWI","Trade-weighted Index May 1970 = 100","AUS","AUS",2011-05-11,79,"D","Index","Indicative","RBA","Daily","Historical Daily Exchange Rates Of The Australian Dollar Against:","Australian Dollar Trade-weighted Index"
"10961","FXRTWI","Trade-weighted Index May 1970 = 100","AUS","AUS",2011-05-12,77.5,"D","Index","Indicative","RBA","Daily","Historical Daily Exchange Rates Of The Australian Dollar Against:","Australian Dollar Trade-weighted Index"
"10962","FXRTWI","Trade-weighted Index May 1970 = 100","AUS","AUS",2011-05-13,77.8,"D","Index","Indicative","RBA","Daily","Historical Daily Exchange Rates Of The Australian Dollar Against:","Australian Dollar Trade-weighted Index"
"10963","FXRTWI","Trade-weighted Index May 1970 = 100","AUS","AUS",2011-05-16,77.3,"D","Index","Indicative","RBA","Daily","Historical Daily Exchange Rates Of The Australian Dollar Against:","Australian Dollar Trade-weighted Index"
"10964","FXRTWI","Trade-weighted Index May 1970 = 100","AUS","AUS",2011-05-17,77.7,"D","Index","Indicative","RBA","Daily","Historical Daily Exchange Rates Of The Australian Dollar Against:","Australian Dollar Trade-weighted Index"
"10965","FXRTWI","Trade-weighted Index May 1970 = 100","AUS","AUS",2011-05-18,77.7,"D","Index","Indicative","RBA","Daily","Historical Daily Exchange Rates Of The Australian Dollar Against:","Australian Dollar Trade-weighted Index"
"10966","FXRTWI","Trade-weighted Index May 1970 = 100","AUS","AUS",2011-05-19,77.8,"D","Index","Indicative","RBA","Daily","Historical Daily Exchange Rates Of The Australian Dollar Against:","Australian Dollar Trade-weighted Index"
"10967","FXRTWI","Trade-weighted Index May 1970 = 100","AUS","AUS",2011-05-20,77.9,"D","Index","Indicative","RBA","Daily","Historical Daily Exchange Rates Of The Australian Dollar Against:","Australian Dollar Trade-weighted Index"
"10968","FXRTWI","Trade-weighted Index May 1970 = 100","AUS","AUS",2011-05-23,77.5,"D","Index","Indicative","RBA","Daily","Historical Daily Exchange Rates Of The Australian Dollar Against:","Australian Dollar Trade-weighted Index"
"10969","FXRTWI","Trade-weighted Index May 1970 = 100","AUS","AUS",2011-05-24,77.4,"D","Index","Indicative","RBA","Daily","Historical Daily Exchange Rates Of The Australian Dollar Against:","Australian Dollar Trade-weighted Index"
"10970","FXRTWI","Trade-weighted Index May 1970 = 100","AUS","AUS",2011-05-25,76.9,"D","Index","Indicative","RBA","Daily","Historical Daily Exchange Rates Of The Australian Dollar Against:","Australian Dollar Trade-weighted Index"
"10971","FXRTWI","Trade-weighted Index May 1970 = 100","AUS","AUS",2011-05-26,77.6,"D","Index","Indicative","RBA","Daily","Historical Daily Exchange Rates Of The Australian Dollar Against:","Australian Dollar Trade-weighted Index"
"10972","FXRTWI","Trade-weighted Index May 1970 = 100","AUS","AUS",2011-05-27,77.9,"D","Index","Indicative","RBA","Daily","Historical Daily Exchange Rates Of The Australian Dollar Against:","Australian Dollar Trade-weighted Index"
"10973","FXRTWI","Trade-weighted Index May 1970 = 100","AUS","AUS",2011-05-30,77.7,"D","Index","Indicative","RBA","Daily","Historical Daily Exchange Rates Of The Australian Dollar Against:","Australian Dollar Trade-weighted Index"
"10974","DLCACS","Credit; Total; Seasonally adjusted","AUS","AUS",2011-05-31,2016.484,"M","$ billion","Seasonally Adjusted","RBA","Monthly","D2 Lending And Credit Aggregates","Credit; Total; Seasonally adjusted – Includes securitisations – For series breaks see Series Breaks"
"10975","FIRMMCRT","Cash Rate Target","AUS","AUS",2011-05-31,4.75,"M","Per cent","Original","RBA","Monthly","F1.1 Interest Rates And Yields - Money Market","Cash Rate Target; monthly average"
"10976","FXRTWI","Trade-weighted Index May 1970 = 100","AUS","AUS",2011-05-31,77.8,"D","Index","Indicative","RBA","Daily","Historical Daily Exchange Rates Of The Australian Dollar Against:","Australian Dollar Trade-weighted Index"
"10977","FXRTWI","Trade-weighted Index May 1970 = 100","AUS","AUS",2011-05-31,77.8,"M","Index","Indicative","RBA","Monthly","F11 Exchange Rates","Australian Dollar Trade-weighted Index"
"10978","GRCPAISDR","Commodity prices – SDR","AUS","AUS",2011-05-31,104.925915182394,"M","Index, 2023/24=100","Original","RBA","Monthly","I2 Commodity Prices","Index of commodity prices; All items; SDR"
"10979","A124874157C","Business Turnover Index ; Total of 13 in-scope ANZSIC divisions ; Current Price ;","AUS","AUS",2011-06-01,73.9,"M","Index Numbers","Seasonally Adjusted",NA,"Monthly","Table 01: Business turnover indicator, 13 industry summary - Monthly percentage change and index",NA
"10980","A2302956R","South Australia ; STATE FINAL DEMAND ;","SA","SA",2011-06-01,29783,"Q","$ Millions","Seasonally Adjusted",NA,"Quarterly","Table 25. State Final Demand, Summary Components by State: Chain volume measures",NA
"10981","A2302984X","Western Australia ; STATE FINAL DEMAND ;","WA","WA",2011-06-01,59288,"Q","$ Millions","Seasonally Adjusted",NA,"Quarterly","Table 25. State Final Demand, Summary Components by State: Chain volume measures",NA
"10982","A2303012X","Tasmania ; STATE FINAL DEMAND ;","TAS","TAS",2011-06-01,9245,"Q","$ Millions","Seasonally Adjusted",NA,"Quarterly","Table 25. State Final Demand, Summary Components by State: Chain volume measures",NA
"10983","A2303040J","Northern Territory ; STATE FINAL DEMAND ;","NT","NT",2011-06-01,6512,"Q","$ Millions","Seasonally Adjusted",NA,"Quarterly","Table 25. State Final Demand, Summary Components by State: Chain volume measures",NA
"10984","A2303068K","Australian Capital Territory ; STATE FINAL DEMAND ;","ACT","ACT",2011-06-01,12975,"Q","$ Millions","Seasonally Adjusted",NA,"Quarterly","Table 25. State Final Demand, Summary Components by State: Chain volume measures",NA
"10985","A2303111F","New South Wales ; STATE FINAL DEMAND ;","NSW","NSW",2011-06-01,139843,"Q","$ Millions","Seasonally Adjusted",NA,"Quarterly","Table 25. State Final Demand, Summary Components by State: Chain volume measures",NA
"10986","A2303139J","Victoria ; STATE FINAL DEMAND ;","VIC","VIC",2011-06-01,108309,"Q","$ Millions","Seasonally Adjusted",NA,"Quarterly","Table 25. State Final Demand, Summary Components by State: Chain volume measures",NA
"10987","A2303187A","Queensland ; STATE FINAL DEMAND ;","QLD","QLD",2011-06-01,93549,"Q","$ Millions","Seasonally Adjusted",NA,"Quarterly","Table 25. State Final Demand, Summary Components by State: Chain volume measures",NA
"10988","A2304418T","Gross domestic product: Current prices ;","AUS","AUS",2011-06-01,365825,"Q","$ Millions","Seasonally Adjusted",NA,"Quarterly","Table 1. Key National Accounts Aggregates",NA
"10989","A2325846C","Index Numbers ; All groups CPI ; Australia ;","AUS","AUS",2011-06-01,99.2,"Q","Index Numbers","Original",NA,"Quarterly","TABLES 1 and 2. CPI: All Groups, Index Numbers and Percentage Changes",NA
"10990","A2336320R","New South Wales ; Gross state product: Current prices ;","NSW","NSW",2011-06-01,444807,"Annual","$ Millions","Original",NA,"Annual","Table 1. Gross State Product, Chain volume measures and current prices",NA
"10991","A2336321T","Victoria ; Gross state product: Current prices ;","VIC","VIC",2011-06-01,332215,"Annual","$ Millions","Original",NA,"Annual","Table 1. Gross State Product, Chain volume measures and current prices",NA
"10992","A2336322V","Queensland ; Gross state product: Current prices ;","QLD","QLD",2011-06-01,258329,"Annual","$ Millions","Original",NA,"Annual","Table 1. Gross State Product, Chain volume measures and current prices",NA
"10993","A2336323W","South Australia ; Gross state product: Current prices ;","SA","SA",2011-06-01,90653,"Annual","$ Millions","Original",NA,"Annual","Table 1. Gross State Product, Chain volume measures and current prices",NA
"10994","A2336324X","Western Australia ; Gross state product: Current prices ;","WA","WA",2011-06-01,221732,"Annual","$ Millions","Original",NA,"Annual","Table 1. Gross State Product, Chain volume measures and current prices",NA
"10995","A2336325A","Tasmania ; Gross state product: Current prices ;","TAS","TAS",2011-06-01,24685,"Annual","$ Millions","Original",NA,"Annual","Table 1. Gross State Product, Chain volume measures and current prices",NA
"10996","A2336326C","Northern Territory ; Gross state product: Current prices ;","NT","NT",2011-06-01,18546,"Annual","$ Millions","Original",NA,"Annual","Table 1. Gross State Product, Chain volume measures and current prices",NA
"10997","A2336327F","Australian Capital Territory ; Gross state product: Current prices ;","ACT","ACT",2011-06-01,27592,"Annual","$ Millions","Original",NA,"Annual","Table 1. Gross State Product, Chain volume measures and current prices",NA
"10998","A2718577A","Credits, Total goods ;","AUS","AUS",2011-06-01,21454,"M","$ Millions","Seasonally Adjusted",NA,"Monthly","TABLE 1. GOODS, Summary: Seasonally adjusted and trend estimates, Current prices",NA
"10999","A2718594C","Balance on goods ;","AUS","AUS",2011-06-01,1733,"M","$ Millions","Seasonally Adjusted",NA,"Monthly","TABLE 1. GOODS, Summary: Seasonally adjusted and trend estimates, Current prices",NA
"11000","FXRTWI","Trade-weighted Index May 1970 = 100","AUS","AUS",2011-06-01,78,"D","Index","Indicative","RBA","Daily","Historical Daily Exchange Rates Of The Australian Dollar Against:","Australian Dollar Trade-weighted Index"
"11001","FXRTWI","Trade-weighted Index May 1970 = 100","AUS","AUS",2011-06-02,77.3,"D","Index","Indicative","RBA","Daily","Historical Daily Exchange Rates Of The Australian Dollar Against:","Australian Dollar Trade-weighted Index"
"11002","FXRTWI","Trade-weighted Index May 1970 = 100","AUS","AUS",2011-06-03,77.4,"D","Index","Indicative","RBA","Daily","Historical Daily Exchange Rates Of The Australian Dollar Against:","Australian Dollar Trade-weighted Index"
"11003","FXRTWI","Trade-weighted Index May 1970 = 100","AUS","AUS",2011-06-06,77.7,"D","Index","Indicative","RBA","Daily","Historical Daily Exchange Rates Of The Australian Dollar Against:","Australian Dollar Trade-weighted Index"
"11004","FXRTWI","Trade-weighted Index May 1970 = 100","AUS","AUS",2011-06-07,77.4,"D","Index","Indicative","RBA","Daily","Historical Daily Exchange Rates Of The Australian Dollar Against:","Australian Dollar Trade-weighted Index"
"11005","FXRTWI","Trade-weighted Index May 1970 = 100","AUS","AUS",2011-06-08,77.2,"D","Index","Indicative","RBA","Daily","Historical Daily Exchange Rates Of The Australian Dollar Against:","Australian Dollar Trade-weighted Index"
"11006","FXRTWI","Trade-weighted Index May 1970 = 100","AUS","AUS",2011-06-09,76.6,"D","Index","Indicative","RBA","Daily","Historical Daily Exchange Rates Of The Australian Dollar Against:","Australian Dollar Trade-weighted Index"
"11007","FXRTWI","Trade-weighted Index May 1970 = 100","AUS","AUS",2011-06-10,76.8,"D","Index","Indicative","RBA","Daily","Historical Daily Exchange Rates Of The Australian Dollar Against:","Australian Dollar Trade-weighted Index"
"11008","FXRTWI","Trade-weighted Index May 1970 = 100","AUS","AUS",2011-06-14,77.2,"D","Index","Indicative","RBA","Daily","Historical Daily Exchange Rates Of The Australian Dollar Against:","Australian Dollar Trade-weighted Index"
"11009","FXRTWI","Trade-weighted Index May 1970 = 100","AUS","AUS",2011-06-15,77.7,"D","Index","Indicative","RBA","Daily","Historical Daily Exchange Rates Of The Australian Dollar Against:","Australian Dollar Trade-weighted Index"
"11010","FXRTWI","Trade-weighted Index May 1970 = 100","AUS","AUS",2011-06-16,76.9,"D","Index","Indicative","RBA","Daily","Historical Daily Exchange Rates Of The Australian Dollar Against:","Australian Dollar Trade-weighted Index"
"11011","FXRTWI","Trade-weighted Index May 1970 = 100","AUS","AUS",2011-06-17,76.8,"D","Index","Indicative","RBA","Daily","Historical Daily Exchange Rates Of The Australian Dollar Against:","Australian Dollar Trade-weighted Index"
"11012","FXRTWI","Trade-weighted Index May 1970 = 100","AUS","AUS",2011-06-20,76.8,"D","Index","Indicative","RBA","Daily","Historical Daily Exchange Rates Of The Australian Dollar Against:","Australian Dollar Trade-weighted Index"
"11013","FXRTWI","Trade-weighted Index May 1970 = 100","AUS","AUS",2011-06-21,76.8,"D","Index","Indicative","RBA","Daily","Historical Daily Exchange Rates Of The Australian Dollar Against:","Australian Dollar Trade-weighted Index"
"11014","FXRTWI","Trade-weighted Index May 1970 = 100","AUS","AUS",2011-06-22,76.9,"D","Index","Indicative","RBA","Daily","Historical Daily Exchange Rates Of The Australian Dollar Against:","Australian Dollar Trade-weighted Index"
"11015","FXRTWI","Trade-weighted Index May 1970 = 100","AUS","AUS",2011-06-23,76.7,"D","Index","Indicative","RBA","Daily","Historical Daily Exchange Rates Of The Australian Dollar Against:","Australian Dollar Trade-weighted Index"
"11016","FXRTWI","Trade-weighted Index May 1970 = 100","AUS","AUS",2011-06-24,76.7,"D","Index","Indicative","RBA","Daily","Historical Daily Exchange Rates Of The Australian Dollar Against:","Australian Dollar Trade-weighted Index"
"11017","FXRTWI","Trade-weighted Index May 1970 = 100","AUS","AUS",2011-06-27,76.2,"D","Index","Indicative","RBA","Daily","Historical Daily Exchange Rates Of The Australian Dollar Against:","Australian Dollar Trade-weighted Index"
"11018","FXRTWI","Trade-weighted Index May 1970 = 100","AUS","AUS",2011-06-28,76.2,"D","Index","Indicative","RBA","Daily","Historical Daily Exchange Rates Of The Australian Dollar Against:","Australian Dollar Trade-weighted Index"
"11019","FXRTWI","Trade-weighted Index May 1970 = 100","AUS","AUS",2011-06-29,76.9,"D","Index","Indicative","RBA","Daily","Historical Daily Exchange Rates Of The Australian Dollar Against:","Australian Dollar Trade-weighted Index"
"11020","DLCACS","Credit; Total; Seasonally adjusted","AUS","AUS",2011-06-30,2015.414,"M","$ billion","Seasonally Adjusted","RBA","Monthly","D2 Lending And Credit Aggregates","Credit; Total; Seasonally adjusted – Includes securitisations – For series breaks see Series Breaks"
"11021","FIRMMCRT","Cash Rate Target","AUS","AUS",2011-06-30,4.75,"M","Per cent","Original","RBA","Monthly","F1.1 Interest Rates And Yields - Money Market","Cash Rate Target; monthly average"
"11022","FXRTWI","Trade-weighted Index May 1970 = 100","AUS","AUS",2011-06-30,77.8,"D","Index","Indicative","RBA","Daily","Historical Daily Exchange Rates Of The Australian Dollar Against:","Australian Dollar Trade-weighted Index"
"11023","FXRTWI","Trade-weighted Index May 1970 = 100","AUS","AUS",2011-06-30,77.8,"M","Index","Indicative","RBA","Monthly","F11 Exchange Rates","Australian Dollar Trade-weighted Index"
"11024","GCPIOCPMTMQP","Quarterly trimmed mean inflation","AUS","AUS",2011-06-30,0.8,"Q","Per cent","Seasonally Adjusted","ABS","Quarterly","G1 Consumer Price Inflation","Consumer price index; Trimmed mean; Quarterly change (in per cent)"
"11025","GRCPAISDR","Commodity prices – SDR","AUS","AUS",2011-06-30,105.228365998982,"M","Index, 2023/24=100","Original","RBA","Monthly","I2 Commodity Prices","Index of commodity prices; All items; SDR"
"11026","A124874157C","Business Turnover Index ; Total of 13 in-scope ANZSIC divisions ; Current Price ;","AUS","AUS",2011-07-01,75,"M","Index Numbers","Seasonally Adjusted",NA,"Monthly","Table 01: Business turnover indicator, 13 industry summary - Monthly percentage change and index",NA
"11027","A2718577A","Credits, Total goods ;","AUS","AUS",2011-07-01,21764,"M","$ Millions","Seasonally Adjusted",NA,"Monthly","TABLE 1. GOODS, Summary: Seasonally adjusted and trend estimates, Current prices",NA
"11028","A2718594C","Balance on goods ;","AUS","AUS",2011-07-01,1328,"M","$ Millions","Seasonally Adjusted",NA,"Monthly","TABLE 1. GOODS, Summary: Seasonally adjusted and trend estimates, Current prices",NA
"11029","FXRTWI","Trade-weighted Index May 1970 = 100","AUS","AUS",2011-07-01,77.6,"D","Index","Indicative","RBA","Daily","Historical Daily Exchange Rates Of The Australian Dollar Against:","Australian Dollar Trade-weighted Index"
"11030","FXRTWI","Trade-weighted Index May 1970 = 100","AUS","AUS",2011-07-04,77.6,"D","Index","Indicative","RBA","Daily","Historical Daily Exchange Rates Of The Australian Dollar Against:","Australian Dollar Trade-weighted Index"
"11031","FXRTWI","Trade-weighted Index May 1970 = 100","AUS","AUS",2011-07-05,77.4,"D","Index","Indicative","RBA","Daily","Historical Daily Exchange Rates Of The Australian Dollar Against:","Australian Dollar Trade-weighted Index"
"11032","FXRTWI","Trade-weighted Index May 1970 = 100","AUS","AUS",2011-07-06,77.7,"D","Index","Indicative","RBA","Daily","Historical Daily Exchange Rates Of The Australian Dollar Against:","Australian Dollar Trade-weighted Index"
"11033","FXRTWI","Trade-weighted Index May 1970 = 100","AUS","AUS",2011-07-07,77.9,"D","Index","Indicative","RBA","Daily","Historical Daily Exchange Rates Of The Australian Dollar Against:","Australian Dollar Trade-weighted Index"
"11034","FXRTWI","Trade-weighted Index May 1970 = 100","AUS","AUS",2011-07-08,78.1,"D","Index","Indicative","RBA","Daily","Historical Daily Exchange Rates Of The Australian Dollar Against:","Australian Dollar Trade-weighted Index"
"11035","FXRTWI","Trade-weighted Index May 1970 = 100","AUS","AUS",2011-07-11,77.7,"D","Index","Indicative","RBA","Daily","Historical Daily Exchange Rates Of The Australian Dollar Against:","Australian Dollar Trade-weighted Index"
"11036","FXRTWI","Trade-weighted Index May 1970 = 100","AUS","AUS",2011-07-12,77.2,"D","Index","Indicative","RBA","Daily","Historical Daily Exchange Rates Of The Australian Dollar Against:","Australian Dollar Trade-weighted Index"
"11037","FXRTWI","Trade-weighted Index May 1970 = 100","AUS","AUS",2011-07-13,77.2,"D","Index","Indicative","RBA","Daily","Historical Daily Exchange Rates Of The Australian Dollar Against:","Australian Dollar Trade-weighted Index"
"11038","FXRTWI","Trade-weighted Index May 1970 = 100","AUS","AUS",2011-07-14,77.4,"D","Index","Indicative","RBA","Daily","Historical Daily Exchange Rates Of The Australian Dollar Against:","Australian Dollar Trade-weighted Index"
"11039","FXRTWI","Trade-weighted Index May 1970 = 100","AUS","AUS",2011-07-15,77.3,"D","Index","Indicative","RBA","Daily","Historical Daily Exchange Rates Of The Australian Dollar Against:","Australian Dollar Trade-weighted Index"
"11040","FXRTWI","Trade-weighted Index May 1970 = 100","AUS","AUS",2011-07-18,76.7,"D","Index","Indicative","RBA","Daily","Historical Daily Exchange Rates Of The Australian Dollar Against:","Australian Dollar Trade-weighted Index"
"11041","FXRTWI","Trade-weighted Index May 1970 = 100","AUS","AUS",2011-07-19,76.7,"D","Index","Indicative","RBA","Daily","Historical Daily Exchange Rates Of The Australian Dollar Against:","Australian Dollar Trade-weighted Index"
"11042","FXRTWI","Trade-weighted Index May 1970 = 100","AUS","AUS",2011-07-20,77.3,"D","Index","Indicative","RBA","Daily","Historical Daily Exchange Rates Of The Australian Dollar Against:","Australian Dollar Trade-weighted Index"
"11043","FXRTWI","Trade-weighted Index May 1970 = 100","AUS","AUS",2011-07-21,77.3,"D","Index","Indicative","RBA","Daily","Historical Daily Exchange Rates Of The Australian Dollar Against:","Australian Dollar Trade-weighted Index"
"11044","FXRTWI","Trade-weighted Index May 1970 = 100","AUS","AUS",2011-07-22,77.8,"D","Index","Indicative","RBA","Daily","Historical Daily Exchange Rates Of The Australian Dollar Against:","Australian Dollar Trade-weighted Index"
"11045","FXRTWI","Trade-weighted Index May 1970 = 100","AUS","AUS",2011-07-25,77.7,"D","Index","Indicative","RBA","Daily","Historical Daily Exchange Rates Of The Australian Dollar Against:","Australian Dollar Trade-weighted Index"
"11046","FXRTWI","Trade-weighted Index May 1970 = 100","AUS","AUS",2011-07-26,78.1,"D","Index","Indicative","RBA","Daily","Historical Daily Exchange Rates Of The Australian Dollar Against:","Australian Dollar Trade-weighted Index"
"11047","FXRTWI","Trade-weighted Index May 1970 = 100","AUS","AUS",2011-07-27,78.8,"D","Index","Indicative","RBA","Daily","Historical Daily Exchange Rates Of The Australian Dollar Against:","Australian Dollar Trade-weighted Index"
"11048","FXRTWI","Trade-weighted Index May 1970 = 100","AUS","AUS",2011-07-28,79,"D","Index","Indicative","RBA","Daily","Historical Daily Exchange Rates Of The Australian Dollar Against:","Australian Dollar Trade-weighted Index"
"11049","FXRTWI","Trade-weighted Index May 1970 = 100","AUS","AUS",2011-07-29,78.4,"D","Index","Indicative","RBA","Daily","Historical Daily Exchange Rates Of The Australian Dollar Against:","Australian Dollar Trade-weighted Index"
"11050","FXRTWI","Trade-weighted Index May 1970 = 100","AUS","AUS",2011-07-29,78.4,"M","Index","Indicative","RBA","Monthly","F11 Exchange Rates","Australian Dollar Trade-weighted Index"
"11051","DLCACS","Credit; Total; Seasonally adjusted","AUS","AUS",2011-07-31,2021.491,"M","$ billion","Seasonally Adjusted","RBA","Monthly","D2 Lending And Credit Aggregates","Credit; Total; Seasonally adjusted – Includes securitisations – For series breaks see Series Breaks"
"11052","FIRMMCRT","Cash Rate Target","AUS","AUS",2011-07-31,4.75,"M","Per cent","Original","RBA","Monthly","F1.1 Interest Rates And Yields - Money Market","Cash Rate Target; monthly average"
"11053","GRCPAISDR","Commodity prices – SDR","AUS","AUS",2011-07-31,105.585340192719,"M","Index, 2023/24=100","Original","RBA","Monthly","I2 Commodity Prices","Index of commodity prices; All items; SDR"
"11054","A124874157C","Business Turnover Index ; Total of 13 in-scope ANZSIC divisions ; Current Price ;","AUS","AUS",2011-08-01,76,"M","Index Numbers","Seasonally Adjusted",NA,"Monthly","Table 01: Business turnover indicator, 13 industry summary - Monthly percentage change and index",NA
"11055","A2718577A","Credits, Total goods ;","AUS","AUS",2011-08-01,23487,"M","$ Millions","Seasonally Adjusted",NA,"Monthly","TABLE 1. GOODS, Summary: Seasonally adjusted and trend estimates, Current prices",NA
"11056","A2718594C","Balance on goods ;","AUS","AUS",2011-08-01,2669,"M","$ Millions","Seasonally Adjusted",NA,"Monthly","TABLE 1. GOODS, Summary: Seasonally adjusted and trend estimates, Current prices",NA
"11057","FXRTWI","Trade-weighted Index May 1970 = 100","AUS","AUS",2011-08-02,78.1,"D","Index","Indicative","RBA","Daily","Historical Daily Exchange Rates Of The Australian Dollar Against:","Australian Dollar Trade-weighted Index"
"11058","FXRTWI","Trade-weighted Index May 1970 = 100","AUS","AUS",2011-08-03,77,"D","Index","Indicative","RBA","Daily","Historical Daily Exchange Rates Of The Australian Dollar Against:","Australian Dollar Trade-weighted Index"
"11059","FXRTWI","Trade-weighted Index May 1970 = 100","AUS","AUS",2011-08-04,76.7,"D","Index","Indicative","RBA","Daily","Historical Daily Exchange Rates Of The Australian Dollar Against:","Australian Dollar Trade-weighted Index"
"11060","FXRTWI","Trade-weighted Index May 1970 = 100","AUS","AUS",2011-08-05,75.6,"D","Index","Indicative","RBA","Daily","Historical Daily Exchange Rates Of The Australian Dollar Against:","Australian Dollar Trade-weighted Index"
"11061","FXRTWI","Trade-weighted Index May 1970 = 100","AUS","AUS",2011-08-08,74.2,"D","Index","Indicative","RBA","Daily","Historical Daily Exchange Rates Of The Australian Dollar Against:","Australian Dollar Trade-weighted Index"
"11062","FXRTWI","Trade-weighted Index May 1970 = 100","AUS","AUS",2011-08-09,73.4,"D","Index","Indicative","RBA","Daily","Historical Daily Exchange Rates Of The Australian Dollar Against:","Australian Dollar Trade-weighted Index"
"11063","FXRTWI","Trade-weighted Index May 1970 = 100","AUS","AUS",2011-08-10,74.3,"D","Index","Indicative","RBA","Daily","Historical Daily Exchange Rates Of The Australian Dollar Against:","Australian Dollar Trade-weighted Index"
"11064","FXRTWI","Trade-weighted Index May 1970 = 100","AUS","AUS",2011-08-11,73.8,"D","Index","Indicative","RBA","Daily","Historical Daily Exchange Rates Of The Australian Dollar Against:","Australian Dollar Trade-weighted Index"
"11065","FXRTWI","Trade-weighted Index May 1970 = 100","AUS","AUS",2011-08-12,74,"D","Index","Indicative","RBA","Daily","Historical Daily Exchange Rates Of The Australian Dollar Against:","Australian Dollar Trade-weighted Index"
"11066","FXRTWI","Trade-weighted Index May 1970 = 100","AUS","AUS",2011-08-15,74.8,"D","Index","Indicative","RBA","Daily","Historical Daily Exchange Rates Of The Australian Dollar Against:","Australian Dollar Trade-weighted Index"
"11067","FXRTWI","Trade-weighted Index May 1970 = 100","AUS","AUS",2011-08-16,75,"D","Index","Indicative","RBA","Daily","Historical Daily Exchange Rates Of The Australian Dollar Against:","Australian Dollar Trade-weighted Index"
"11068","FXRTWI","Trade-weighted Index May 1970 = 100","AUS","AUS",2011-08-17,75.1,"D","Index","Indicative","RBA","Daily","Historical Daily Exchange Rates Of The Australian Dollar Against:","Australian Dollar Trade-weighted Index"
"11069","FXRTWI","Trade-weighted Index May 1970 = 100","AUS","AUS",2011-08-18,75.3,"D","Index","Indicative","RBA","Daily","Historical Daily Exchange Rates Of The Australian Dollar Against:","Australian Dollar Trade-weighted Index"
"11070","FXRTWI","Trade-weighted Index May 1970 = 100","AUS","AUS",2011-08-19,74.3,"D","Index","Indicative","RBA","Daily","Historical Daily Exchange Rates Of The Australian Dollar Against:","Australian Dollar Trade-weighted Index"
"11071","FXRTWI","Trade-weighted Index May 1970 = 100","AUS","AUS",2011-08-22,74.7,"D","Index","Indicative","RBA","Daily","Historical Daily Exchange Rates Of The Australian Dollar Against:","Australian Dollar Trade-weighted Index"
"11072","FXRTWI","Trade-weighted Index May 1970 = 100","AUS","AUS",2011-08-23,75,"D","Index","Indicative","RBA","Daily","Historical Daily Exchange Rates Of The Australian Dollar Against:","Australian Dollar Trade-weighted Index"
"11073","FXRTWI","Trade-weighted Index May 1970 = 100","AUS","AUS",2011-08-24,75.2,"D","Index","Indicative","RBA","Daily","Historical Daily Exchange Rates Of The Australian Dollar Against:","Australian Dollar Trade-weighted Index"
"11074","FXRTWI","Trade-weighted Index May 1970 = 100","AUS","AUS",2011-08-25,75,"D","Index","Indicative","RBA","Daily","Historical Daily Exchange Rates Of The Australian Dollar Against:","Australian Dollar Trade-weighted Index"
"11075","FXRTWI","Trade-weighted Index May 1970 = 100","AUS","AUS",2011-08-26,75.4,"D","Index","Indicative","RBA","Daily","Historical Daily Exchange Rates Of The Australian Dollar Against:","Australian Dollar Trade-weighted Index"
"11076","FXRTWI","Trade-weighted Index May 1970 = 100","AUS","AUS",2011-08-29,76,"D","Index","Indicative","RBA","Daily","Historical Daily Exchange Rates Of The Australian Dollar Against:","Australian Dollar Trade-weighted Index"
"11077","FXRTWI","Trade-weighted Index May 1970 = 100","AUS","AUS",2011-08-30,76.4,"D","Index","Indicative","RBA","Daily","Historical Daily Exchange Rates Of The Australian Dollar Against:","Australian Dollar Trade-weighted Index"
"11078","DLCACS","Credit; Total; Seasonally adjusted","AUS","AUS",2011-08-31,2029.501,"M","$ billion","Seasonally Adjusted","RBA","Monthly","D2 Lending And Credit Aggregates","Credit; Total; Seasonally adjusted – Includes securitisations – For series breaks see Series Breaks"
"11079","FIRMMCRT","Cash Rate Target","AUS","AUS",2011-08-31,4.75,"M","Per cent","Original","RBA","Monthly","F1.1 Interest Rates And Yields - Money Market","Cash Rate Target; monthly average"
"11080","FXRTWI","Trade-weighted Index May 1970 = 100","AUS","AUS",2011-08-31,76.5,"D","Index","Indicative","RBA","Daily","Historical Daily Exchange Rates Of The Australian Dollar Against:","Australian Dollar Trade-weighted Index"
"11081","FXRTWI","Trade-weighted Index May 1970 = 100","AUS","AUS",2011-08-31,76.5,"M","Index","Indicative","RBA","Monthly","F11 Exchange Rates","Australian Dollar Trade-weighted Index"
"11082","GRCPAISDR","Commodity prices – SDR","AUS","AUS",2011-08-31,104.620396564203,"M","Index, 2023/24=100","Original","RBA","Monthly","I2 Commodity Prices","Index of commodity prices; All items; SDR"
"11083","A124874157C","Business Turnover Index ; Total of 13 in-scope ANZSIC divisions ; Current Price ;","AUS","AUS",2011-09-01,76.6,"M","Index Numbers","Seasonally Adjusted",NA,"Monthly","Table 01: Business turnover indicator, 13 industry summary - Monthly percentage change and index",NA
"11084","A2302956R","South Australia ; STATE FINAL DEMAND ;","SA","SA",2011-09-01,29826,"Q","$ Millions","Seasonally Adjusted",NA,"Quarterly","Table 25. State Final Demand, Summary Components by State: Chain volume measures",NA
"11085","A2302984X","Western Australia ; STATE FINAL DEMAND ;","WA","WA",2011-09-01,64313,"Q","$ Millions","Seasonally Adjusted",NA,"Quarterly","Table 25. State Final Demand, Summary Components by State: Chain volume measures",NA
"11086","A2303012X","Tasmania ; STATE FINAL DEMAND ;","TAS","TAS",2011-09-01,9342,"Q","$ Millions","Seasonally Adjusted",NA,"Quarterly","Table 25. State Final Demand, Summary Components by State: Chain volume measures",NA
"11087","A2303040J","Northern Territory ; STATE FINAL DEMAND ;","NT","NT",2011-09-01,6663,"Q","$ Millions","Seasonally Adjusted",NA,"Quarterly","Table 25. State Final Demand, Summary Components by State: Chain volume measures",NA
"11088","A2303068K","Australian Capital Territory ; STATE FINAL DEMAND ;","ACT","ACT",2011-09-01,13637,"Q","$ Millions","Seasonally Adjusted",NA,"Quarterly","Table 25. State Final Demand, Summary Components by State: Chain volume measures",NA
"11089","A2303111F","New South Wales ; STATE FINAL DEMAND ;","NSW","NSW",2011-09-01,140519,"Q","$ Millions","Seasonally Adjusted",NA,"Quarterly","Table 25. State Final Demand, Summary Components by State: Chain volume measures",NA
"11090","A2303139J","Victoria ; STATE FINAL DEMAND ;","VIC","VIC",2011-09-01,108763,"Q","$ Millions","Seasonally Adjusted",NA,"Quarterly","Table 25. State Final Demand, Summary Components by State: Chain volume measures",NA
"11091","A2303187A","Queensland ; STATE FINAL DEMAND ;","QLD","QLD",2011-09-01,97418,"Q","$ Millions","Seasonally Adjusted",NA,"Quarterly","Table 25. State Final Demand, Summary Components by State: Chain volume measures",NA
"11092","A2304418T","Gross domestic product: Current prices ;","AUS","AUS",2011-09-01,372318,"Q","$ Millions","Seasonally Adjusted",NA,"Quarterly","Table 1. Key National Accounts Aggregates",NA
"11093","A2325846C","Index Numbers ; All groups CPI ; Australia ;","AUS","AUS",2011-09-01,99.8,"Q","Index Numbers","Original",NA,"Quarterly","TABLES 1 and 2. CPI: All Groups, Index Numbers and Percentage Changes",NA
"11094","A2718577A","Credits, Total goods ;","AUS","AUS",2011-09-01,23034,"M","$ Millions","Seasonally Adjusted",NA,"Monthly","TABLE 1. GOODS, Summary: Seasonally adjusted and trend estimates, Current prices",NA
"11095","A2718594C","Balance on goods ;","AUS","AUS",2011-09-01,2011,"M","$ Millions","Seasonally Adjusted",NA,"Monthly","TABLE 1. GOODS, Summary: Seasonally adjusted and trend estimates, Current prices",NA
"11096","FXRTWI","Trade-weighted Index May 1970 = 100","AUS","AUS",2011-09-01,76.6,"D","Index","Indicative","RBA","Daily","Historical Daily Exchange Rates Of The Australian Dollar Against:","Australian Dollar Trade-weighted Index"
"11097","FXRTWI","Trade-weighted Index May 1970 = 100","AUS","AUS",2011-09-02,76.7,"D","Index","Indicative","RBA","Daily","Historical Daily Exchange Rates Of The Australian Dollar Against:","Australian Dollar Trade-weighted Index"
"11098","FXRTWI","Trade-weighted Index May 1970 = 100","AUS","AUS",2011-09-05,76,"D","Index","Indicative","RBA","Daily","Historical Daily Exchange Rates Of The Australian Dollar Against:","Australian Dollar Trade-weighted Index"
"11099","FXRTWI","Trade-weighted Index May 1970 = 100","AUS","AUS",2011-09-06,75.7,"D","Index","Indicative","RBA","Daily","Historical Daily Exchange Rates Of The Australian Dollar Against:","Australian Dollar Trade-weighted Index"
"11100","FXRTWI","Trade-weighted Index May 1970 = 100","AUS","AUS",2011-09-07,76.4,"D","Index","Indicative","RBA","Daily","Historical Daily Exchange Rates Of The Australian Dollar Against:","Australian Dollar Trade-weighted Index"
"11101","FXRTWI","Trade-weighted Index May 1970 = 100","AUS","AUS",2011-09-08,76.4,"D","Index","Indicative","RBA","Daily","Historical Daily Exchange Rates Of The Australian Dollar Against:","Australian Dollar Trade-weighted Index"
"11102","FXRTWI","Trade-weighted Index May 1970 = 100","AUS","AUS",2011-09-09,76.7,"D","Index","Indicative","RBA","Daily","Historical Daily Exchange Rates Of The Australian Dollar Against:","Australian Dollar Trade-weighted Index"
"11103","FXRTWI","Trade-weighted Index May 1970 = 100","AUS","AUS",2011-09-12,75.2,"D","Index","Indicative","RBA","Daily","Historical Daily Exchange Rates Of The Australian Dollar Against:","Australian Dollar Trade-weighted Index"
"11104","FXRTWI","Trade-weighted Index May 1970 = 100","AUS","AUS",2011-09-13,75.2,"D","Index","Indicative","RBA","Daily","Historical Daily Exchange Rates Of The Australian Dollar Against:","Australian Dollar Trade-weighted Index"
"11105","FXRTWI","Trade-weighted Index May 1970 = 100","AUS","AUS",2011-09-14,74.6,"D","Index","Indicative","RBA","Daily","Historical Daily Exchange Rates Of The Australian Dollar Against:","Australian Dollar Trade-weighted Index"
"11106","FXRTWI","Trade-weighted Index May 1970 = 100","AUS","AUS",2011-09-15,74.6,"D","Index","Indicative","RBA","Daily","Historical Daily Exchange Rates Of The Australian Dollar Against:","Australian Dollar Trade-weighted Index"
"11107","FXRTWI","Trade-weighted Index May 1970 = 100","AUS","AUS",2011-09-16,75.3,"D","Index","Indicative","RBA","Daily","Historical Daily Exchange Rates Of The Australian Dollar Against:","Australian Dollar Trade-weighted Index"
"11108","FXRTWI","Trade-weighted Index May 1970 = 100","AUS","AUS",2011-09-19,74.8,"D","Index","Indicative","RBA","Daily","Historical Daily Exchange Rates Of The Australian Dollar Against:","Australian Dollar Trade-weighted Index"
"11109","FXRTWI","Trade-weighted Index May 1970 = 100","AUS","AUS",2011-09-20,74.8,"D","Index","Indicative","RBA","Daily","Historical Daily Exchange Rates Of The Australian Dollar Against:","Australian Dollar Trade-weighted Index"
"11110","FXRTWI","Trade-weighted Index May 1970 = 100","AUS","AUS",2011-09-21,75.2,"D","Index","Indicative","RBA","Daily","Historical Daily Exchange Rates Of The Australian Dollar Against:","Australian Dollar Trade-weighted Index"
"11111","FXRTWI","Trade-weighted Index May 1970 = 100","AUS","AUS",2011-09-22,74.1,"D","Index","Indicative","RBA","Daily","Historical Daily Exchange Rates Of The Australian Dollar Against:","Australian Dollar Trade-weighted Index"
"11112","FXRTWI","Trade-weighted Index May 1970 = 100","AUS","AUS",2011-09-23,72.3,"D","Index","Indicative","RBA","Daily","Historical Daily Exchange Rates Of The Australian Dollar Against:","Australian Dollar Trade-weighted Index"
"11113","FXRTWI","Trade-weighted Index May 1970 = 100","AUS","AUS",2011-09-26,71.9,"D","Index","Indicative","RBA","Daily","Historical Daily Exchange Rates Of The Australian Dollar Against:","Australian Dollar Trade-weighted Index"
"11114","FXRTWI","Trade-weighted Index May 1970 = 100","AUS","AUS",2011-09-27,73.1,"D","Index","Indicative","RBA","Daily","Historical Daily Exchange Rates Of The Australian Dollar Against:","Australian Dollar Trade-weighted Index"
"11115","FXRTWI","Trade-weighted Index May 1970 = 100","AUS","AUS",2011-09-28,72.8,"D","Index","Indicative","RBA","Daily","Historical Daily Exchange Rates Of The Australian Dollar Against:","Australian Dollar Trade-weighted Index"
"11116","FXRTWI","Trade-weighted Index May 1970 = 100","AUS","AUS",2011-09-29,72.5,"D","Index","Indicative","RBA","Daily","Historical Daily Exchange Rates Of The Australian Dollar Against:","Australian Dollar Trade-weighted Index"
"11117","DLCACS","Credit; Total; Seasonally adjusted","AUS","AUS",2011-09-30,2039.48,"M","$ billion","Seasonally Adjusted","RBA","Monthly","D2 Lending And Credit Aggregates","Credit; Total; Seasonally adjusted – Includes securitisations – For series breaks see Series Breaks"
"11118","FIRMMCRT","Cash Rate Target","AUS","AUS",2011-09-30,4.75,"M","Per cent","Original","RBA","Monthly","F1.1 Interest Rates And Yields - Money Market","Cash Rate Target; monthly average"
"11119","FXRTWI","Trade-weighted Index May 1970 = 100","AUS","AUS",2011-09-30,72.4,"D","Index","Indicative","RBA","Daily","Historical Daily Exchange Rates Of The Australian Dollar Against:","Australian Dollar Trade-weighted Index"
"11120","FXRTWI","Trade-weighted Index May 1970 = 100","AUS","AUS",2011-09-30,72.4,"M","Index","Indicative","RBA","Monthly","F11 Exchange Rates","Australian Dollar Trade-weighted Index"
"11121","GCPIOCPMTMQP","Quarterly trimmed mean inflation","AUS","AUS",2011-09-30,0.4,"Q","Per cent","Seasonally Adjusted","ABS","Quarterly","G1 Consumer Price Inflation","Consumer price index; Trimmed mean; Quarterly change (in per cent)"
"11122","GRCPAISDR","Commodity prices – SDR","AUS","AUS",2011-09-30,103.939525158248,"M","Index, 2023/24=100","Original","RBA","Monthly","I2 Commodity Prices","Index of commodity prices; All items; SDR"
"11123","A124874157C","Business Turnover Index ; Total of 13 in-scope ANZSIC divisions ; Current Price ;","AUS","AUS",2011-10-01,77.8,"M","Index Numbers","Seasonally Adjusted",NA,"Monthly","Table 01: Business turnover indicator, 13 industry summary - Monthly percentage change and index",NA
"11124","A2718577A","Credits, Total goods ;","AUS","AUS",2011-10-01,23115,"M","$ Millions","Seasonally Adjusted",NA,"Monthly","TABLE 1. GOODS, Summary: Seasonally adjusted and trend estimates, Current prices",NA
"11125","A2718594C","Balance on goods ;","AUS","AUS",2011-10-01,1783,"M","$ Millions","Seasonally Adjusted",NA,"Monthly","TABLE 1. GOODS, Summary: Seasonally adjusted and trend estimates, Current prices",NA
"11126","FXRTWI","Trade-weighted Index May 1970 = 100","AUS","AUS",2011-10-04,70.8,"D","Index","Indicative","RBA","Daily","Historical Daily Exchange Rates Of The Australian Dollar Against:","Australian Dollar Trade-weighted Index"
"11127","FXRTWI","Trade-weighted Index May 1970 = 100","AUS","AUS",2011-10-05,71,"D","Index","Indicative","RBA","Daily","Historical Daily Exchange Rates Of The Australian Dollar Against:","Australian Dollar Trade-weighted Index"
"11128","FXRTWI","Trade-weighted Index May 1970 = 100","AUS","AUS",2011-10-06,71.7,"D","Index","Indicative","RBA","Daily","Historical Daily Exchange Rates Of The Australian Dollar Against:","Australian Dollar Trade-weighted Index"
"11129","FXRTWI","Trade-weighted Index May 1970 = 100","AUS","AUS",2011-10-07,72.5,"D","Index","Indicative","RBA","Daily","Historical Daily Exchange Rates Of The Australian Dollar Against:","Australian Dollar Trade-weighted Index"
"11130","FXRTWI","Trade-weighted Index May 1970 = 100","AUS","AUS",2011-10-10,72.7,"D","Index","Indicative","RBA","Daily","Historical Daily Exchange Rates Of The Australian Dollar Against:","Australian Dollar Trade-weighted Index"
"11131","FXRTWI","Trade-weighted Index May 1970 = 100","AUS","AUS",2011-10-11,73.4,"D","Index","Indicative","RBA","Daily","Historical Daily Exchange Rates Of The Australian Dollar Against:","Australian Dollar Trade-weighted Index"
"11132","FXRTWI","Trade-weighted Index May 1970 = 100","AUS","AUS",2011-10-12,73.3,"D","Index","Indicative","RBA","Daily","Historical Daily Exchange Rates Of The Australian Dollar Against:","Australian Dollar Trade-weighted Index"
"11133","FXRTWI","Trade-weighted Index May 1970 = 100","AUS","AUS",2011-10-13,75,"D","Index","Indicative","RBA","Daily","Historical Daily Exchange Rates Of The Australian Dollar Against:","Australian Dollar Trade-weighted Index"
"11134","FXRTWI","Trade-weighted Index May 1970 = 100","AUS","AUS",2011-10-14,75,"D","Index","Indicative","RBA","Daily","Historical Daily Exchange Rates Of The Australian Dollar Against:","Australian Dollar Trade-weighted Index"
"11135","FXRTWI","Trade-weighted Index May 1970 = 100","AUS","AUS",2011-10-17,75.6,"D","Index","Indicative","RBA","Daily","Historical Daily Exchange Rates Of The Australian Dollar Against:","Australian Dollar Trade-weighted Index"
"11136","FXRTWI","Trade-weighted Index May 1970 = 100","AUS","AUS",2011-10-18,74.9,"D","Index","Indicative","RBA","Daily","Historical Daily Exchange Rates Of The Australian Dollar Against:","Australian Dollar Trade-weighted Index"
"11137","FXRTWI","Trade-weighted Index May 1970 = 100","AUS","AUS",2011-10-19,75.6,"D","Index","Indicative","RBA","Daily","Historical Daily Exchange Rates Of The Australian Dollar Against:","Australian Dollar Trade-weighted Index"
"11138","FXRTWI","Trade-weighted Index May 1970 = 100","AUS","AUS",2011-10-20,74.9,"D","Index","Indicative","RBA","Daily","Historical Daily Exchange Rates Of The Australian Dollar Against:","Australian Dollar Trade-weighted Index"
"11139","FXRTWI","Trade-weighted Index May 1970 = 100","AUS","AUS",2011-10-21,75.2,"D","Index","Indicative","RBA","Daily","Historical Daily Exchange Rates Of The Australian Dollar Against:","Australian Dollar Trade-weighted Index"
"11140","FXRTWI","Trade-weighted Index May 1970 = 100","AUS","AUS",2011-10-24,76.2,"D","Index","Indicative","RBA","Daily","Historical Daily Exchange Rates Of The Australian Dollar Against:","Australian Dollar Trade-weighted Index"
"11141","FXRTWI","Trade-weighted Index May 1970 = 100","AUS","AUS",2011-10-25,76.5,"D","Index","Indicative","RBA","Daily","Historical Daily Exchange Rates Of The Australian Dollar Against:","Australian Dollar Trade-weighted Index"
"11142","FXRTWI","Trade-weighted Index May 1970 = 100","AUS","AUS",2011-10-26,75.8,"D","Index","Indicative","RBA","Daily","Historical Daily Exchange Rates Of The Australian Dollar Against:","Australian Dollar Trade-weighted Index"
"11143","FXRTWI","Trade-weighted Index May 1970 = 100","AUS","AUS",2011-10-27,76.5,"D","Index","Indicative","RBA","Daily","Historical Daily Exchange Rates Of The Australian Dollar Against:","Australian Dollar Trade-weighted Index"
"11144","FXRTWI","Trade-weighted Index May 1970 = 100","AUS","AUS",2011-10-28,77.3,"D","Index","Indicative","RBA","Daily","Historical Daily Exchange Rates Of The Australian Dollar Against:","Australian Dollar Trade-weighted Index"
"11145","DLCACS","Credit; Total; Seasonally adjusted","AUS","AUS",2011-10-31,2046.237,"M","$ billion","Seasonally Adjusted","RBA","Monthly","D2 Lending And Credit Aggregates","Credit; Total; Seasonally adjusted – Includes securitisations – For series breaks see Series Breaks"
"11146","FIRMMCRT","Cash Rate Target","AUS","AUS",2011-10-31,4.75,"M","Per cent","Original","RBA","Monthly","F1.1 Interest Rates And Yields - Money Market","Cash Rate Target; monthly average"
"11147","FXRTWI","Trade-weighted Index May 1970 = 100","AUS","AUS",2011-10-31,76.9,"D","Index","Indicative","RBA","Daily","Historical Daily Exchange Rates Of The Australian Dollar Against:","Australian Dollar Trade-weighted Index"
"11148","FXRTWI","Trade-weighted Index May 1970 = 100","AUS","AUS",2011-10-31,76.9,"M","Index","Indicative","RBA","Monthly","F11 Exchange Rates","Australian Dollar Trade-weighted Index"
"11149","GRCPAISDR","Commodity prices – SDR","AUS","AUS",2011-10-31,100.019475160198,"M","Index, 2023/24=100","Original","RBA","Monthly","I2 Commodity Prices","Index of commodity prices; All items; SDR"
"11150","A124874157C","Business Turnover Index ; Total of 13 in-scope ANZSIC divisions ; Current Price ;","AUS","AUS",2011-11-01,77.9,"M","Index Numbers","Seasonally Adjusted",NA,"Monthly","Table 01: Business turnover indicator, 13 industry summary - Monthly percentage change and index",NA
"11151","A2718577A","Credits, Total goods ;","AUS","AUS",2011-11-01,22904,"M","$ Millions","Seasonally Adjusted",NA,"Monthly","TABLE 1. GOODS, Summary: Seasonally adjusted and trend estimates, Current prices",NA
"11152","A2718594C","Balance on goods ;","AUS","AUS",2011-11-01,1319,"M","$ Millions","Seasonally Adjusted",NA,"Monthly","TABLE 1. GOODS, Summary: Seasonally adjusted and trend estimates, Current prices",NA
"11153","FXRTWI","Trade-weighted Index May 1970 = 100","AUS","AUS",2011-11-01,76.6,"D","Index","Indicative","RBA","Daily","Historical Daily Exchange Rates Of The Australian Dollar Against:","Australian Dollar Trade-weighted Index"
"11154","FXRTWI","Trade-weighted Index May 1970 = 100","AUS","AUS",2011-11-02,76.1,"D","Index","Indicative","RBA","Daily","Historical Daily Exchange Rates Of The Australian Dollar Against:","Australian Dollar Trade-weighted Index"
"11155","FXRTWI","Trade-weighted Index May 1970 = 100","AUS","AUS",2011-11-03,75.5,"D","Index","Indicative","RBA","Daily","Historical Daily Exchange Rates Of The Australian Dollar Against:","Australian Dollar Trade-weighted Index"
"11156","FXRTWI","Trade-weighted Index May 1970 = 100","AUS","AUS",2011-11-04,76.1,"D","Index","Indicative","RBA","Daily","Historical Daily Exchange Rates Of The Australian Dollar Against:","Australian Dollar Trade-weighted Index"
"11157","FXRTWI","Trade-weighted Index May 1970 = 100","AUS","AUS",2011-11-07,76,"D","Index","Indicative","RBA","Daily","Historical Daily Exchange Rates Of The Australian Dollar Against:","Australian Dollar Trade-weighted Index"
"11158","FXRTWI","Trade-weighted Index May 1970 = 100","AUS","AUS",2011-11-08,75.8,"D","Index","Indicative","RBA","Daily","Historical Daily Exchange Rates Of The Australian Dollar Against:","Australian Dollar Trade-weighted Index"
"11159","FXRTWI","Trade-weighted Index May 1970 = 100","AUS","AUS",2011-11-09,75.9,"D","Index","Indicative","RBA","Daily","Historical Daily Exchange Rates Of The Australian Dollar Against:","Australian Dollar Trade-weighted Index"
"11160","FXRTWI","Trade-weighted Index May 1970 = 100","AUS","AUS",2011-11-10,74.9,"D","Index","Indicative","RBA","Daily","Historical Daily Exchange Rates Of The Australian Dollar Against:","Australian Dollar Trade-weighted Index"
"11161","FXRTWI","Trade-weighted Index May 1970 = 100","AUS","AUS",2011-11-11,74.8,"D","Index","Indicative","RBA","Daily","Historical Daily Exchange Rates Of The Australian Dollar Against:","Australian Dollar Trade-weighted Index"
"11162","FXRTWI","Trade-weighted Index May 1970 = 100","AUS","AUS",2011-11-14,75.5,"D","Index","Indicative","RBA","Daily","Historical Daily Exchange Rates Of The Australian Dollar Against:","Australian Dollar Trade-weighted Index"
"11163","FXRTWI","Trade-weighted Index May 1970 = 100","AUS","AUS",2011-11-15,75,"D","Index","Indicative","RBA","Daily","Historical Daily Exchange Rates Of The Australian Dollar Against:","Australian Dollar Trade-weighted Index"
"11164","FXRTWI","Trade-weighted Index May 1970 = 100","AUS","AUS",2011-11-16,74.6,"D","Index","Indicative","RBA","Daily","Historical Daily Exchange Rates Of The Australian Dollar Against:","Australian Dollar Trade-weighted Index"
"11165","FXRTWI","Trade-weighted Index May 1970 = 100","AUS","AUS",2011-11-17,74.6,"D","Index","Indicative","RBA","Daily","Historical Daily Exchange Rates Of The Australian Dollar Against:","Australian Dollar Trade-weighted Index"
"11166","FXRTWI","Trade-weighted Index May 1970 = 100","AUS","AUS",2011-11-18,74,"D","Index","Indicative","RBA","Daily","Historical Daily Exchange Rates Of The Australian Dollar Against:","Australian Dollar Trade-weighted Index"
"11167","FXRTWI","Trade-weighted Index May 1970 = 100","AUS","AUS",2011-11-21,73.9,"D","Index","Indicative","RBA","Daily","Historical Daily Exchange Rates Of The Australian Dollar Against:","Australian Dollar Trade-weighted Index"
"11168","FXRTWI","Trade-weighted Index May 1970 = 100","AUS","AUS",2011-11-22,73.2,"D","Index","Indicative","RBA","Daily","Historical Daily Exchange Rates Of The Australian Dollar Against:","Australian Dollar Trade-weighted Index"
"11169","FXRTWI","Trade-weighted Index May 1970 = 100","AUS","AUS",2011-11-23,72.6,"D","Index","Indicative","RBA","Daily","Historical Daily Exchange Rates Of The Australian Dollar Against:","Australian Dollar Trade-weighted Index"
"11170","FXRTWI","Trade-weighted Index May 1970 = 100","AUS","AUS",2011-11-24,72.5,"D","Index","Indicative","RBA","Daily","Historical Daily Exchange Rates Of The Australian Dollar Against:","Australian Dollar Trade-weighted Index"
"11171","FXRTWI","Trade-weighted Index May 1970 = 100","AUS","AUS",2011-11-25,72.4,"D","Index","Indicative","RBA","Daily","Historical Daily Exchange Rates Of The Australian Dollar Against:","Australian Dollar Trade-weighted Index"
"11172","FXRTWI","Trade-weighted Index May 1970 = 100","AUS","AUS",2011-11-28,73.4,"D","Index","Indicative","RBA","Daily","Historical Daily Exchange Rates Of The Australian Dollar Against:","Australian Dollar Trade-weighted Index"
"11173","FXRTWI","Trade-weighted Index May 1970 = 100","AUS","AUS",2011-11-29,74.1,"D","Index","Indicative","RBA","Daily","Historical Daily Exchange Rates Of The Australian Dollar Against:","Australian Dollar Trade-weighted Index"
"11174","DLCACS","Credit; Total; Seasonally adjusted","AUS","AUS",2011-11-30,2052.887,"M","$ billion","Seasonally Adjusted","RBA","Monthly","D2 Lending And Credit Aggregates","Credit; Total; Seasonally adjusted – Includes securitisations – For series breaks see Series Breaks"
"11175","FIRMMCRT","Cash Rate Target","AUS","AUS",2011-11-30,4.5125,"M","Per cent","Original","RBA","Monthly","F1.1 Interest Rates And Yields - Money Market","Cash Rate Target; monthly average"
"11176","FXRTWI","Trade-weighted Index May 1970 = 100","AUS","AUS",2011-11-30,74.6,"D","Index","Indicative","RBA","Daily","Historical Daily Exchange Rates Of The Australian Dollar Against:","Australian Dollar Trade-weighted Index"
"11177","FXRTWI","Trade-weighted Index May 1970 = 100","AUS","AUS",2011-11-30,74.6,"M","Index","Indicative","RBA","Monthly","F11 Exchange Rates","Australian Dollar Trade-weighted Index"
"11178","GRCPAISDR","Commodity prices – SDR","AUS","AUS",2011-11-30,95.5683592234772,"M","Index, 2023/24=100","Original","RBA","Monthly","I2 Commodity Prices","Index of commodity prices; All items; SDR"
"11179","A124874157C","Business Turnover Index ; Total of 13 in-scope ANZSIC divisions ; Current Price ;","AUS","AUS",2011-12-01,77.6,"M","Index Numbers","Seasonally Adjusted",NA,"Monthly","Table 01: Business turnover indicator, 13 industry summary - Monthly percentage change and index",NA
"11180","A2302956R","South Australia ; STATE FINAL DEMAND ;","SA","SA",2011-12-01,29996,"Q","$ Millions","Seasonally Adjusted",NA,"Quarterly","Table 25. State Final Demand, Summary Components by State: Chain volume measures",NA
"11181","A2302984X","Western Australia ; STATE FINAL DEMAND ;","WA","WA",2011-12-01,62124,"Q","$ Millions","Seasonally Adjusted",NA,"Quarterly","Table 25. State Final Demand, Summary Components by State: Chain volume measures",NA
"11182","A2303012X","Tasmania ; STATE FINAL DEMAND ;","TAS","TAS",2011-12-01,9185,"Q","$ Millions","Seasonally Adjusted",NA,"Quarterly","Table 25. State Final Demand, Summary Components by State: Chain volume measures",NA
"11183","A2303040J","Northern Territory ; STATE FINAL DEMAND ;","NT","NT",2011-12-01,7009,"Q","$ Millions","Seasonally Adjusted",NA,"Quarterly","Table 25. State Final Demand, Summary Components by State: Chain volume measures",NA
"11184","A2303068K","Australian Capital Territory ; STATE FINAL DEMAND ;","ACT","ACT",2011-12-01,13846,"Q","$ Millions","Seasonally Adjusted",NA,"Quarterly","Table 25. State Final Demand, Summary Components by State: Chain volume measures",NA
"11185","A2303111F","New South Wales ; STATE FINAL DEMAND ;","NSW","NSW",2011-12-01,141376,"Q","$ Millions","Seasonally Adjusted",NA,"Quarterly","Table 25. State Final Demand, Summary Components by State: Chain volume measures",NA
"11186","A2303139J","Victoria ; STATE FINAL DEMAND ;","VIC","VIC",2011-12-01,109509,"Q","$ Millions","Seasonally Adjusted",NA,"Quarterly","Table 25. State Final Demand, Summary Components by State: Chain volume measures",NA
"11187","A2303187A","Queensland ; STATE FINAL DEMAND ;","QLD","QLD",2011-12-01,98475,"Q","$ Millions","Seasonally Adjusted",NA,"Quarterly","Table 25. State Final Demand, Summary Components by State: Chain volume measures",NA
"11188","A2304418T","Gross domestic product: Current prices ;","AUS","AUS",2011-12-01,373222,"Q","$ Millions","Seasonally Adjusted",NA,"Quarterly","Table 1. Key National Accounts Aggregates",NA
"11189","A2325846C","Index Numbers ; All groups CPI ; Australia ;","AUS","AUS",2011-12-01,99.8,"Q","Index Numbers","Original",NA,"Quarterly","TABLES 1 and 2. CPI: All Groups, Index Numbers and Percentage Changes",NA
"11190","A2718577A","Credits, Total goods ;","AUS","AUS",2011-12-01,22897,"M","$ Millions","Seasonally Adjusted",NA,"Monthly","TABLE 1. GOODS, Summary: Seasonally adjusted and trend estimates, Current prices",NA
"11191","A2718594C","Balance on goods ;","AUS","AUS",2011-12-01,1778,"M","$ Millions","Seasonally Adjusted",NA,"Monthly","TABLE 1. GOODS, Summary: Seasonally adjusted and trend estimates, Current prices",NA
"11192","FXRTWI","Trade-weighted Index May 1970 = 100","AUS","AUS",2011-12-01,75.9,"D","Index","Indicative","RBA","Daily","Historical Daily Exchange Rates Of The Australian Dollar Against:","Australian Dollar Trade-weighted Index"
"11193","FXRTWI","Trade-weighted Index May 1970 = 100","AUS","AUS",2011-12-02,75.7,"D","Index","Indicative","RBA","Daily","Historical Daily Exchange Rates Of The Australian Dollar Against:","Australian Dollar Trade-weighted Index"
"11194","FXRTWI","Trade-weighted Index May 1970 = 100","AUS","AUS",2011-12-05,75.7,"D","Index","Indicative","RBA","Daily","Historical Daily Exchange Rates Of The Australian Dollar Against:","Australian Dollar Trade-weighted Index"
"11195","FXRTWI","Trade-weighted Index May 1970 = 100","AUS","AUS",2011-12-06,75.4,"D","Index","Indicative","RBA","Daily","Historical Daily Exchange Rates Of The Australian Dollar Against:","Australian Dollar Trade-weighted Index"
"11196","FXRTWI","Trade-weighted Index May 1970 = 100","AUS","AUS",2011-12-07,76,"D","Index","Indicative","RBA","Daily","Historical Daily Exchange Rates Of The Australian Dollar Against:","Australian Dollar Trade-weighted Index"
"11197","FXRTWI","Trade-weighted Index May 1970 = 100","AUS","AUS",2011-12-08,76,"D","Index","Indicative","RBA","Daily","Historical Daily Exchange Rates Of The Australian Dollar Against:","Australian Dollar Trade-weighted Index"
"11198","FXRTWI","Trade-weighted Index May 1970 = 100","AUS","AUS",2011-12-09,75.3,"D","Index","Indicative","RBA","Daily","Historical Daily Exchange Rates Of The Australian Dollar Against:","Australian Dollar Trade-weighted Index"
"11199","FXRTWI","Trade-weighted Index May 1970 = 100","AUS","AUS",2011-12-12,75.5,"D","Index","Indicative","RBA","Daily","Historical Daily Exchange Rates Of The Australian Dollar Against:","Australian Dollar Trade-weighted Index"
"11200","FXRTWI","Trade-weighted Index May 1970 = 100","AUS","AUS",2011-12-13,75.3,"D","Index","Indicative","RBA","Daily","Historical Daily Exchange Rates Of The Australian Dollar Against:","Australian Dollar Trade-weighted Index"
"11201","FXRTWI","Trade-weighted Index May 1970 = 100","AUS","AUS",2011-12-14,75,"D","Index","Indicative","RBA","Daily","Historical Daily Exchange Rates Of The Australian Dollar Against:","Australian Dollar Trade-weighted Index"
"11202","FXRTWI","Trade-weighted Index May 1970 = 100","AUS","AUS",2011-12-15,74.3,"D","Index","Indicative","RBA","Daily","Historical Daily Exchange Rates Of The Australian Dollar Against:","Australian Dollar Trade-weighted Index"
"11203","FXRTWI","Trade-weighted Index May 1970 = 100","AUS","AUS",2011-12-16,74.6,"D","Index","Indicative","RBA","Daily","Historical Daily Exchange Rates Of The Australian Dollar Against:","Australian Dollar Trade-weighted Index"
"11204","FXRTWI","Trade-weighted Index May 1970 = 100","AUS","AUS",2011-12-19,74.2,"D","Index","Indicative","RBA","Daily","Historical Daily Exchange Rates Of The Australian Dollar Against:","Australian Dollar Trade-weighted Index"
"11205","FXRTWI","Trade-weighted Index May 1970 = 100","AUS","AUS",2011-12-20,74.3,"D","Index","Indicative","RBA","Daily","Historical Daily Exchange Rates Of The Australian Dollar Against:","Australian Dollar Trade-weighted Index"
"11206","FXRTWI","Trade-weighted Index May 1970 = 100","AUS","AUS",2011-12-21,75.5,"D","Index","Indicative","RBA","Daily","Historical Daily Exchange Rates Of The Australian Dollar Against:","Australian Dollar Trade-weighted Index"
"11207","FXRTWI","Trade-weighted Index May 1970 = 100","AUS","AUS",2011-12-22,75.2,"D","Index","Indicative","RBA","Daily","Historical Daily Exchange Rates Of The Australian Dollar Against:","Australian Dollar Trade-weighted Index"
"11208","FXRTWI","Trade-weighted Index May 1970 = 100","AUS","AUS",2011-12-23,75.7,"D","Index","Indicative","RBA","Daily","Historical Daily Exchange Rates Of The Australian Dollar Against:","Australian Dollar Trade-weighted Index"
"11209","FXRTWI","Trade-weighted Index May 1970 = 100","AUS","AUS",2011-12-28,75.7,"D","Index","Indicative","RBA","Daily","Historical Daily Exchange Rates Of The Australian Dollar Against:","Australian Dollar Trade-weighted Index"
"11210","FXRTWI","Trade-weighted Index May 1970 = 100","AUS","AUS",2011-12-29,75.5,"D","Index","Indicative","RBA","Daily","Historical Daily Exchange Rates Of The Australian Dollar Against:","Australian Dollar Trade-weighted Index"
"11211","FXRTWI","Trade-weighted Index May 1970 = 100","AUS","AUS",2011-12-30,75.8,"D","Index","Indicative","RBA","Daily","Historical Daily Exchange Rates Of The Australian Dollar Against:","Australian Dollar Trade-weighted Index"
"11212","FXRTWI","Trade-weighted Index May 1970 = 100","AUS","AUS",2011-12-30,75.8,"M","Index","Indicative","RBA","Monthly","F11 Exchange Rates","Australian Dollar Trade-weighted Index"
"11213","DLCACS","Credit; Total; Seasonally adjusted","AUS","AUS",2011-12-31,2058.649,"M","$ billion","Seasonally Adjusted","RBA","Monthly","D2 Lending And Credit Aggregates","Credit; Total; Seasonally adjusted – Includes securitisations – For series breaks see Series Breaks"
"11214","FIRMMCRT","Cash Rate Target","AUS","AUS",2011-12-31,4.3,"M","Per cent","Original","RBA","Monthly","F1.1 Interest Rates And Yields - Money Market","Cash Rate Target; monthly average"
"11215","GCPIOCPMTMQP","Quarterly trimmed mean inflation","AUS","AUS",2011-12-31,0.6,"Q","Per cent","Seasonally Adjusted","ABS","Quarterly","G1 Consumer Price Inflation","Consumer price index; Trimmed mean; Quarterly change (in per cent)"
"11216","GRCPAISDR","Commodity prices – SDR","AUS","AUS",2011-12-31,93.7409045738206,"M","Index, 2023/24=100","Original","RBA","Monthly","I2 Commodity Prices","Index of commodity prices; All items; SDR"
"11217","A124874157C","Business Turnover Index ; Total of 13 in-scope ANZSIC divisions ; Current Price ;","AUS","AUS",2012-01-01,75.8,"M","Index Numbers","Seasonally Adjusted",NA,"Monthly","Table 01: Business turnover indicator, 13 industry summary - Monthly percentage change and index",NA
"11218","A2718577A","Credits, Total goods ;","AUS","AUS",2012-01-01,20582,"M","$ Millions","Seasonally Adjusted",NA,"Monthly","TABLE 1. GOODS, Summary: Seasonally adjusted and trend estimates, Current prices",NA
"11219","A2718594C","Balance on goods ;","AUS","AUS",2012-01-01,-1488,"M","$ Millions","Seasonally Adjusted",NA,"Monthly","TABLE 1. GOODS, Summary: Seasonally adjusted and trend estimates, Current prices",NA
"11220","FXRTWI","Trade-weighted Index May 1970 = 100","AUS","AUS",2012-01-03,76.5,"D","Index","Indicative","RBA","Daily","Historical Daily Exchange Rates Of The Australian Dollar Against:","Australian Dollar Trade-weighted Index"
"11221","FXRTWI","Trade-weighted Index May 1970 = 100","AUS","AUS",2012-01-04,76.8,"D","Index","Indicative","RBA","Daily","Historical Daily Exchange Rates Of The Australian Dollar Against:","Australian Dollar Trade-weighted Index"
"11222","FXRTWI","Trade-weighted Index May 1970 = 100","AUS","AUS",2012-01-05,76.7,"D","Index","Indicative","RBA","Daily","Historical Daily Exchange Rates Of The Australian Dollar Against:","Australian Dollar Trade-weighted Index"
"11223","FXRTWI","Trade-weighted Index May 1970 = 100","AUS","AUS",2012-01-06,76.2,"D","Index","Indicative","RBA","Daily","Historical Daily Exchange Rates Of The Australian Dollar Against:","Australian Dollar Trade-weighted Index"
"11224","FXRTWI","Trade-weighted Index May 1970 = 100","AUS","AUS",2012-01-09,76,"D","Index","Indicative","RBA","Daily","Historical Daily Exchange Rates Of The Australian Dollar Against:","Australian Dollar Trade-weighted Index"
"11225","FXRTWI","Trade-weighted Index May 1970 = 100","AUS","AUS",2012-01-10,76.7,"D","Index","Indicative","RBA","Daily","Historical Daily Exchange Rates Of The Australian Dollar Against:","Australian Dollar Trade-weighted Index"
"11226","FXRTWI","Trade-weighted Index May 1970 = 100","AUS","AUS",2012-01-11,76.6,"D","Index","Indicative","RBA","Daily","Historical Daily Exchange Rates Of The Australian Dollar Against:","Australian Dollar Trade-weighted Index"
"11227","FXRTWI","Trade-weighted Index May 1970 = 100","AUS","AUS",2012-01-12,76.7,"D","Index","Indicative","RBA","Daily","Historical Daily Exchange Rates Of The Australian Dollar Against:","Australian Dollar Trade-weighted Index"
"11228","FXRTWI","Trade-weighted Index May 1970 = 100","AUS","AUS",2012-01-13,76.7,"D","Index","Indicative","RBA","Daily","Historical Daily Exchange Rates Of The Australian Dollar Against:","Australian Dollar Trade-weighted Index"
"11229","FXRTWI","Trade-weighted Index May 1970 = 100","AUS","AUS",2012-01-16,76.6,"D","Index","Indicative","RBA","Daily","Historical Daily Exchange Rates Of The Australian Dollar Against:","Australian Dollar Trade-weighted Index"
"11230","FXRTWI","Trade-weighted Index May 1970 = 100","AUS","AUS",2012-01-17,77.1,"D","Index","Indicative","RBA","Daily","Historical Daily Exchange Rates Of The Australian Dollar Against:","Australian Dollar Trade-weighted Index"
"11231","FXRTWI","Trade-weighted Index May 1970 = 100","AUS","AUS",2012-01-18,77.1,"D","Index","Indicative","RBA","Daily","Historical Daily Exchange Rates Of The Australian Dollar Against:","Australian Dollar Trade-weighted Index"
"11232","FXRTWI","Trade-weighted Index May 1970 = 100","AUS","AUS",2012-01-19,76.9,"D","Index","Indicative","RBA","Daily","Historical Daily Exchange Rates Of The Australian Dollar Against:","Australian Dollar Trade-weighted Index"
"11233","FXRTWI","Trade-weighted Index May 1970 = 100","AUS","AUS",2012-01-20,76.9,"D","Index","Indicative","RBA","Daily","Historical Daily Exchange Rates Of The Australian Dollar Against:","Australian Dollar Trade-weighted Index"
"11234","FXRTWI","Trade-weighted Index May 1970 = 100","AUS","AUS",2012-01-23,77.6,"D","Index","Indicative","RBA","Daily","Historical Daily Exchange Rates Of The Australian Dollar Against:","Australian Dollar Trade-weighted Index"
"11235","FXRTWI","Trade-weighted Index May 1970 = 100","AUS","AUS",2012-01-24,77.5,"D","Index","Indicative","RBA","Daily","Historical Daily Exchange Rates Of The Australian Dollar Against:","Australian Dollar Trade-weighted Index"
"11236","FXRTWI","Trade-weighted Index May 1970 = 100","AUS","AUS",2012-01-25,77.7,"D","Index","Indicative","RBA","Daily","Historical Daily Exchange Rates Of The Australian Dollar Against:","Australian Dollar Trade-weighted Index"
"11237","FXRTWI","Trade-weighted Index May 1970 = 100","AUS","AUS",2012-01-27,78,"D","Index","Indicative","RBA","Daily","Historical Daily Exchange Rates Of The Australian Dollar Against:","Australian Dollar Trade-weighted Index"
"11238","FXRTWI","Trade-weighted Index May 1970 = 100","AUS","AUS",2012-01-30,77.7,"D","Index","Indicative","RBA","Daily","Historical Daily Exchange Rates Of The Australian Dollar Against:","Australian Dollar Trade-weighted Index"
"11239","DLCACS","Credit; Total; Seasonally adjusted","AUS","AUS",2012-01-31,2062.401,"M","$ billion","Seasonally Adjusted","RBA","Monthly","D2 Lending And Credit Aggregates","Credit; Total; Seasonally adjusted – Includes securitisations – For series breaks see Series Breaks"
"11240","FIRMMCRT","Cash Rate Target","AUS","AUS",2012-01-31,4.25,"M","Per cent","Original","RBA","Monthly","F1.1 Interest Rates And Yields - Money Market","Cash Rate Target; monthly average"
"11241","FXRTWI","Trade-weighted Index May 1970 = 100","AUS","AUS",2012-01-31,77.9,"D","Index","Indicative","RBA","Daily","Historical Daily Exchange Rates Of The Australian Dollar Against:","Australian Dollar Trade-weighted Index"
"11242","FXRTWI","Trade-weighted Index May 1970 = 100","AUS","AUS",2012-01-31,77.9,"M","Index","Indicative","RBA","Monthly","F11 Exchange Rates","Australian Dollar Trade-weighted Index"
"11243","GRCPAISDR","Commodity prices – SDR","AUS","AUS",2012-01-31,93.9944321473288,"M","Index, 2023/24=100","Original","RBA","Monthly","I2 Commodity Prices","Index of commodity prices; All items; SDR"
"11244","A124874157C","Business Turnover Index ; Total of 13 in-scope ANZSIC divisions ; Current Price ;","AUS","AUS",2012-02-01,76,"M","Index Numbers","Seasonally Adjusted",NA,"Monthly","Table 01: Business turnover indicator, 13 industry summary - Monthly percentage change and index",NA
"11245","A2718577A","Credits, Total goods ;","AUS","AUS",2012-02-01,20551,"M","$ Millions","Seasonally Adjusted",NA,"Monthly","TABLE 1. GOODS, Summary: Seasonally adjusted and trend estimates, Current prices",NA
"11246","A2718594C","Balance on goods ;","AUS","AUS",2012-02-01,7,"M","$ Millions","Seasonally Adjusted",NA,"Monthly","TABLE 1. GOODS, Summary: Seasonally adjusted and trend estimates, Current prices",NA
"11247","FXRTWI","Trade-weighted Index May 1970 = 100","AUS","AUS",2012-02-01,77.8,"D","Index","Indicative","RBA","Daily","Historical Daily Exchange Rates Of The Australian Dollar Against:","Australian Dollar Trade-weighted Index"
"11248","FXRTWI","Trade-weighted Index May 1970 = 100","AUS","AUS",2012-02-02,78.3,"D","Index","Indicative","RBA","Daily","Historical Daily Exchange Rates Of The Australian Dollar Against:","Australian Dollar Trade-weighted Index"
"11249","FXRTWI","Trade-weighted Index May 1970 = 100","AUS","AUS",2012-02-03,78.1,"D","Index","Indicative","RBA","Daily","Historical Daily Exchange Rates Of The Australian Dollar Against:","Australian Dollar Trade-weighted Index"
"11250","FXRTWI","Trade-weighted Index May 1970 = 100","AUS","AUS",2012-02-06,78.4,"D","Index","Indicative","RBA","Daily","Historical Daily Exchange Rates Of The Australian Dollar Against:","Australian Dollar Trade-weighted Index"
"11251","FXRTWI","Trade-weighted Index May 1970 = 100","AUS","AUS",2012-02-07,78.9,"D","Index","Indicative","RBA","Daily","Historical Daily Exchange Rates Of The Australian Dollar Against:","Australian Dollar Trade-weighted Index"
"11252","FXRTWI","Trade-weighted Index May 1970 = 100","AUS","AUS",2012-02-08,78.8,"D","Index","Indicative","RBA","Daily","Historical Daily Exchange Rates Of The Australian Dollar Against:","Australian Dollar Trade-weighted Index"
"11253","FXRTWI","Trade-weighted Index May 1970 = 100","AUS","AUS",2012-02-09,78.9,"D","Index","Indicative","RBA","Daily","Historical Daily Exchange Rates Of The Australian Dollar Against:","Australian Dollar Trade-weighted Index"
"11254","FXRTWI","Trade-weighted Index May 1970 = 100","AUS","AUS",2012-02-10,78.5,"D","Index","Indicative","RBA","Daily","Historical Daily Exchange Rates Of The Australian Dollar Against:","Australian Dollar Trade-weighted Index"
"11255","FXRTWI","Trade-weighted Index May 1970 = 100","AUS","AUS",2012-02-13,78.6,"D","Index","Indicative","RBA","Daily","Historical Daily Exchange Rates Of The Australian Dollar Against:","Australian Dollar Trade-weighted Index"
"11256","FXRTWI","Trade-weighted Index May 1970 = 100","AUS","AUS",2012-02-14,78.4,"D","Index","Indicative","RBA","Daily","Historical Daily Exchange Rates Of The Australian Dollar Against:","Australian Dollar Trade-weighted Index"
"11257","FXRTWI","Trade-weighted Index May 1970 = 100","AUS","AUS",2012-02-15,78.8,"D","Index","Indicative","RBA","Daily","Historical Daily Exchange Rates Of The Australian Dollar Against:","Australian Dollar Trade-weighted Index"
"11258","FXRTWI","Trade-weighted Index May 1970 = 100","AUS","AUS",2012-02-16,78.6,"D","Index","Indicative","RBA","Daily","Historical Daily Exchange Rates Of The Australian Dollar Against:","Australian Dollar Trade-weighted Index"
"11259","FXRTWI","Trade-weighted Index May 1970 = 100","AUS","AUS",2012-02-17,79.2,"D","Index","Indicative","RBA","Daily","Historical Daily Exchange Rates Of The Australian Dollar Against:","Australian Dollar Trade-weighted Index"
"11260","FXRTWI","Trade-weighted Index May 1970 = 100","AUS","AUS",2012-02-20,79.1,"D","Index","Indicative","RBA","Daily","Historical Daily Exchange Rates Of The Australian Dollar Against:","Australian Dollar Trade-weighted Index"
"11261","FXRTWI","Trade-weighted Index May 1970 = 100","AUS","AUS",2012-02-21,78.7,"D","Index","Indicative","RBA","Daily","Historical Daily Exchange Rates Of The Australian Dollar Against:","Australian Dollar Trade-weighted Index"
"11262","FXRTWI","Trade-weighted Index May 1970 = 100","AUS","AUS",2012-02-22,78.4,"D","Index","Indicative","RBA","Daily","Historical Daily Exchange Rates Of The Australian Dollar Against:","Australian Dollar Trade-weighted Index"
"11263","FXRTWI","Trade-weighted Index May 1970 = 100","AUS","AUS",2012-02-23,78.3,"D","Index","Indicative","RBA","Daily","Historical Daily Exchange Rates Of The Australian Dollar Against:","Australian Dollar Trade-weighted Index"
"11264","FXRTWI","Trade-weighted Index May 1970 = 100","AUS","AUS",2012-02-24,78.8,"D","Index","Indicative","RBA","Daily","Historical Daily Exchange Rates Of The Australian Dollar Against:","Australian Dollar Trade-weighted Index"
"11265","FXRTWI","Trade-weighted Index May 1970 = 100","AUS","AUS",2012-02-27,78.6,"D","Index","Indicative","RBA","Daily","Historical Daily Exchange Rates Of The Australian Dollar Against:","Australian Dollar Trade-weighted Index"
"11266","FXRTWI","Trade-weighted Index May 1970 = 100","AUS","AUS",2012-02-28,79.1,"D","Index","Indicative","RBA","Daily","Historical Daily Exchange Rates Of The Australian Dollar Against:","Australian Dollar Trade-weighted Index"
"11267","DLCACS","Credit; Total; Seasonally adjusted","AUS","AUS",2012-02-29,2070.831,"M","$ billion","Seasonally Adjusted","RBA","Monthly","D2 Lending And Credit Aggregates","Credit; Total; Seasonally adjusted – Includes securitisations – For series breaks see Series Breaks"
"11268","FIRMMCRT","Cash Rate Target","AUS","AUS",2012-02-29,4.25,"M","Per cent","Original","RBA","Monthly","F1.1 Interest Rates And Yields - Money Market","Cash Rate Target; monthly average"
"11269","FXRTWI","Trade-weighted Index May 1970 = 100","AUS","AUS",2012-02-29,79.2,"D","Index","Indicative","RBA","Daily","Historical Daily Exchange Rates Of The Australian Dollar Against:","Australian Dollar Trade-weighted Index"
"11270","FXRTWI","Trade-weighted Index May 1970 = 100","AUS","AUS",2012-02-29,79.2,"M","Index","Indicative","RBA","Monthly","F11 Exchange Rates","Australian Dollar Trade-weighted Index"
"11271","GRCPAISDR","Commodity prices – SDR","AUS","AUS",2012-02-29,94.1346928936501,"M","Index, 2023/24=100","Original","RBA","Monthly","I2 Commodity Prices","Index of commodity prices; All items; SDR"
"11272","A124874157C","Business Turnover Index ; Total of 13 in-scope ANZSIC divisions ; Current Price ;","AUS","AUS",2012-03-01,76.4,"M","Index Numbers","Seasonally Adjusted",NA,"Monthly","Table 01: Business turnover indicator, 13 industry summary - Monthly percentage change and index",NA
"11273","A2302956R","South Australia ; STATE FINAL DEMAND ;","SA","SA",2012-03-01,30388,"Q","$ Millions","Seasonally Adjusted",NA,"Quarterly","Table 25. State Final Demand, Summary Components by State: Chain volume measures",NA
"11274","A2302984X","Western Australia ; STATE FINAL DEMAND ;","WA","WA",2012-03-01,68024,"Q","$ Millions","Seasonally Adjusted",NA,"Quarterly","Table 25. State Final Demand, Summary Components by State: Chain volume measures",NA
"11275","A2303012X","Tasmania ; STATE FINAL DEMAND ;","TAS","TAS",2012-03-01,9061,"Q","$ Millions","Seasonally Adjusted",NA,"Quarterly","Table 25. State Final Demand, Summary Components by State: Chain volume measures",NA
"11276","A2303040J","Northern Territory ; STATE FINAL DEMAND ;","NT","NT",2012-03-01,7493,"Q","$ Millions","Seasonally Adjusted",NA,"Quarterly","Table 25. State Final Demand, Summary Components by State: Chain volume measures",NA
"11277","A2303068K","Australian Capital Territory ; STATE FINAL DEMAND ;","ACT","ACT",2012-03-01,13502,"Q","$ Millions","Seasonally Adjusted",NA,"Quarterly","Table 25. State Final Demand, Summary Components by State: Chain volume measures",NA
"11278","A2303111F","New South Wales ; STATE FINAL DEMAND ;","NSW","NSW",2012-03-01,142085,"Q","$ Millions","Seasonally Adjusted",NA,"Quarterly","Table 25. State Final Demand, Summary Components by State: Chain volume measures",NA
"11279","A2303139J","Victoria ; STATE FINAL DEMAND ;","VIC","VIC",2012-03-01,110228,"Q","$ Millions","Seasonally Adjusted",NA,"Quarterly","Table 25. State Final Demand, Summary Components by State: Chain volume measures",NA
"11280","A2303187A","Queensland ; STATE FINAL DEMAND ;","QLD","QLD",2012-03-01,99159,"Q","$ Millions","Seasonally Adjusted",NA,"Quarterly","Table 25. State Final Demand, Summary Components by State: Chain volume measures",NA
"11281","A2304418T","Gross domestic product: Current prices ;","AUS","AUS",2012-03-01,374230,"Q","$ Millions","Seasonally Adjusted",NA,"Quarterly","Table 1. Key National Accounts Aggregates",NA
"11282","A2325846C","Index Numbers ; All groups CPI ; Australia ;","AUS","AUS",2012-03-01,99.9,"Q","Index Numbers","Original",NA,"Quarterly","TABLES 1 and 2. CPI: All Groups, Index Numbers and Percentage Changes",NA
"11283","A2718577A","Credits, Total goods ;","AUS","AUS",2012-03-01,20792,"M","$ Millions","Seasonally Adjusted",NA,"Monthly","TABLE 1. GOODS, Summary: Seasonally adjusted and trend estimates, Current prices",NA
"11284","A2718594C","Balance on goods ;","AUS","AUS",2012-03-01,-954,"M","$ Millions","Seasonally Adjusted",NA,"Monthly","TABLE 1. GOODS, Summary: Seasonally adjusted and trend estimates, Current prices",NA
"11285","FXRTWI","Trade-weighted Index May 1970 = 100","AUS","AUS",2012-03-01,79,"D","Index","Indicative","RBA","Daily","Historical Daily Exchange Rates Of The Australian Dollar Against:","Australian Dollar Trade-weighted Index"
"11286","FXRTWI","Trade-weighted Index May 1970 = 100","AUS","AUS",2012-03-02,79.3,"D","Index","Indicative","RBA","Daily","Historical Daily Exchange Rates Of The Australian Dollar Against:","Australian Dollar Trade-weighted Index"
"11287","FXRTWI","Trade-weighted Index May 1970 = 100","AUS","AUS",2012-03-05,79,"D","Index","Indicative","RBA","Daily","Historical Daily Exchange Rates Of The Australian Dollar Against:","Australian Dollar Trade-weighted Index"
"11288","FXRTWI","Trade-weighted Index May 1970 = 100","AUS","AUS",2012-03-06,78.4,"D","Index","Indicative","RBA","Daily","Historical Daily Exchange Rates Of The Australian Dollar Against:","Australian Dollar Trade-weighted Index"
"11289","FXRTWI","Trade-weighted Index May 1970 = 100","AUS","AUS",2012-03-07,77.9,"D","Index","Indicative","RBA","Daily","Historical Daily Exchange Rates Of The Australian Dollar Against:","Australian Dollar Trade-weighted Index"
"11290","FXRTWI","Trade-weighted Index May 1970 = 100","AUS","AUS",2012-03-08,78.3,"D","Index","Indicative","RBA","Daily","Historical Daily Exchange Rates Of The Australian Dollar Against:","Australian Dollar Trade-weighted Index"
"11291","FXRTWI","Trade-weighted Index May 1970 = 100","AUS","AUS",2012-03-09,78.6,"D","Index","Indicative","RBA","Daily","Historical Daily Exchange Rates Of The Australian Dollar Against:","Australian Dollar Trade-weighted Index"
"11292","FXRTWI","Trade-weighted Index May 1970 = 100","AUS","AUS",2012-03-12,78.1,"D","Index","Indicative","RBA","Daily","Historical Daily Exchange Rates Of The Australian Dollar Against:","Australian Dollar Trade-weighted Index"
"11293","FXRTWI","Trade-weighted Index May 1970 = 100","AUS","AUS",2012-03-13,78.1,"D","Index","Indicative","RBA","Daily","Historical Daily Exchange Rates Of The Australian Dollar Against:","Australian Dollar Trade-weighted Index"
"11294","FXRTWI","Trade-weighted Index May 1970 = 100","AUS","AUS",2012-03-14,78.3,"D","Index","Indicative","RBA","Daily","Historical Daily Exchange Rates Of The Australian Dollar Against:","Australian Dollar Trade-weighted Index"
"11295","FXRTWI","Trade-weighted Index May 1970 = 100","AUS","AUS",2012-03-15,78,"D","Index","Indicative","RBA","Daily","Historical Daily Exchange Rates Of The Australian Dollar Against:","Australian Dollar Trade-weighted Index"
"11296","FXRTWI","Trade-weighted Index May 1970 = 100","AUS","AUS",2012-03-16,78.3,"D","Index","Indicative","RBA","Daily","Historical Daily Exchange Rates Of The Australian Dollar Against:","Australian Dollar Trade-weighted Index"
"11297","FXRTWI","Trade-weighted Index May 1970 = 100","AUS","AUS",2012-03-19,78.6,"D","Index","Indicative","RBA","Daily","Historical Daily Exchange Rates Of The Australian Dollar Against:","Australian Dollar Trade-weighted Index"
"11298","FXRTWI","Trade-weighted Index May 1970 = 100","AUS","AUS",2012-03-20,78.4,"D","Index","Indicative","RBA","Daily","Historical Daily Exchange Rates Of The Australian Dollar Against:","Australian Dollar Trade-weighted Index"
"11299","FXRTWI","Trade-weighted Index May 1970 = 100","AUS","AUS",2012-03-21,77.9,"D","Index","Indicative","RBA","Daily","Historical Daily Exchange Rates Of The Australian Dollar Against:","Australian Dollar Trade-weighted Index"
"11300","FXRTWI","Trade-weighted Index May 1970 = 100","AUS","AUS",2012-03-22,77.2,"D","Index","Indicative","RBA","Daily","Historical Daily Exchange Rates Of The Australian Dollar Against:","Australian Dollar Trade-weighted Index"
"11301","FXRTWI","Trade-weighted Index May 1970 = 100","AUS","AUS",2012-03-23,77.2,"D","Index","Indicative","RBA","Daily","Historical Daily Exchange Rates Of The Australian Dollar Against:","Australian Dollar Trade-weighted Index"
"11302","FXRTWI","Trade-weighted Index May 1970 = 100","AUS","AUS",2012-03-26,77.6,"D","Index","Indicative","RBA","Daily","Historical Daily Exchange Rates Of The Australian Dollar Against:","Australian Dollar Trade-weighted Index"
"11303","FXRTWI","Trade-weighted Index May 1970 = 100","AUS","AUS",2012-03-27,77.9,"D","Index","Indicative","RBA","Daily","Historical Daily Exchange Rates Of The Australian Dollar Against:","Australian Dollar Trade-weighted Index"
"11304","FXRTWI","Trade-weighted Index May 1970 = 100","AUS","AUS",2012-03-28,77.3,"D","Index","Indicative","RBA","Daily","Historical Daily Exchange Rates Of The Australian Dollar Against:","Australian Dollar Trade-weighted Index"
"11305","FXRTWI","Trade-weighted Index May 1970 = 100","AUS","AUS",2012-03-29,76.9,"D","Index","Indicative","RBA","Daily","Historical Daily Exchange Rates Of The Australian Dollar Against:","Australian Dollar Trade-weighted Index"
"11306","FXRTWI","Trade-weighted Index May 1970 = 100","AUS","AUS",2012-03-30,76.9,"D","Index","Indicative","RBA","Daily","Historical Daily Exchange Rates Of The Australian Dollar Against:","Australian Dollar Trade-weighted Index"
"11307","FXRTWI","Trade-weighted Index May 1970 = 100","AUS","AUS",2012-03-30,76.9,"M","Index","Indicative","RBA","Monthly","F11 Exchange Rates","Australian Dollar Trade-weighted Index"
"11308","DLCACS","Credit; Total; Seasonally adjusted","AUS","AUS",2012-03-31,2081.203,"M","$ billion","Seasonally Adjusted","RBA","Monthly","D2 Lending And Credit Aggregates","Credit; Total; Seasonally adjusted – Includes securitisations – For series breaks see Series Breaks"
"11309","FIRMMCRT","Cash Rate Target","AUS","AUS",2012-03-31,4.25,"M","Per cent","Original","RBA","Monthly","F1.1 Interest Rates And Yields - Money Market","Cash Rate Target; monthly average"
"11310","GCPIOCPMTMQP","Quarterly trimmed mean inflation","AUS","AUS",2012-03-31,0.4,"Q","Per cent","Seasonally Adjusted","ABS","Quarterly","G1 Consumer Price Inflation","Consumer price index; Trimmed mean; Quarterly change (in per cent)"
"11311","GRCPAISDR","Commodity prices – SDR","AUS","AUS",2012-03-31,95.3608728449203,"M","Index, 2023/24=100","Original","RBA","Monthly","I2 Commodity Prices","Index of commodity prices; All items; SDR"
"11312","A124874157C","Business Turnover Index ; Total of 13 in-scope ANZSIC divisions ; Current Price ;","AUS","AUS",2012-04-01,78.3,"M","Index Numbers","Seasonally Adjusted",NA,"Monthly","Table 01: Business turnover indicator, 13 industry summary - Monthly percentage change and index",NA
"11313","A2718577A","Credits, Total goods ;","AUS","AUS",2012-04-01,21733,"M","$ Millions","Seasonally Adjusted",NA,"Monthly","TABLE 1. GOODS, Summary: Seasonally adjusted and trend estimates, Current prices",NA
"11314","A2718594C","Balance on goods ;","AUS","AUS",2012-04-01,56,"M","$ Millions","Seasonally Adjusted",NA,"Monthly","TABLE 1. GOODS, Summary: Seasonally adjusted and trend estimates, Current prices",NA
"11315","FXRTWI","Trade-weighted Index May 1970 = 100","AUS","AUS",2012-04-02,76.9,"D","Index","Indicative","RBA","Daily","Historical Daily Exchange Rates Of The Australian Dollar Against:","Australian Dollar Trade-weighted Index"
"11316","FXRTWI","Trade-weighted Index May 1970 = 100","AUS","AUS",2012-04-03,76.7,"D","Index","Indicative","RBA","Daily","Historical Daily Exchange Rates Of The Australian Dollar Against:","Australian Dollar Trade-weighted Index"
"11317","FXRTWI","Trade-weighted Index May 1970 = 100","AUS","AUS",2012-04-04,76.2,"D","Index","Indicative","RBA","Daily","Historical Daily Exchange Rates Of The Australian Dollar Against:","Australian Dollar Trade-weighted Index"
"11318","FXRTWI","Trade-weighted Index May 1970 = 100","AUS","AUS",2012-04-05,76.4,"D","Index","Indicative","RBA","Daily","Historical Daily Exchange Rates Of The Australian Dollar Against:","Australian Dollar Trade-weighted Index"
"11319","FXRTWI","Trade-weighted Index May 1970 = 100","AUS","AUS",2012-04-10,76.5,"D","Index","Indicative","RBA","Daily","Historical Daily Exchange Rates Of The Australian Dollar Against:","Australian Dollar Trade-weighted Index"
"11320","FXRTWI","Trade-weighted Index May 1970 = 100","AUS","AUS",2012-04-11,76.3,"D","Index","Indicative","RBA","Daily","Historical Daily Exchange Rates Of The Australian Dollar Against:","Australian Dollar Trade-weighted Index"
"11321","FXRTWI","Trade-weighted Index May 1970 = 100","AUS","AUS",2012-04-12,76.8,"D","Index","Indicative","RBA","Daily","Historical Daily Exchange Rates Of The Australian Dollar Against:","Australian Dollar Trade-weighted Index"
"11322","FXRTWI","Trade-weighted Index May 1970 = 100","AUS","AUS",2012-04-13,76.8,"D","Index","Indicative","RBA","Daily","Historical Daily Exchange Rates Of The Australian Dollar Against:","Australian Dollar Trade-weighted Index"
"11323","FXRTWI","Trade-weighted Index May 1970 = 100","AUS","AUS",2012-04-16,76.6,"D","Index","Indicative","RBA","Daily","Historical Daily Exchange Rates Of The Australian Dollar Against:","Australian Dollar Trade-weighted Index"
"11324","FXRTWI","Trade-weighted Index May 1970 = 100","AUS","AUS",2012-04-17,76.4,"D","Index","Indicative","RBA","Daily","Historical Daily Exchange Rates Of The Australian Dollar Against:","Australian Dollar Trade-weighted Index"
"11325","FXRTWI","Trade-weighted Index May 1970 = 100","AUS","AUS",2012-04-18,77,"D","Index","Indicative","RBA","Daily","Historical Daily Exchange Rates Of The Australian Dollar Against:","Australian Dollar Trade-weighted Index"
"11326","FXRTWI","Trade-weighted Index May 1970 = 100","AUS","AUS",2012-04-19,76.7,"D","Index","Indicative","RBA","Daily","Historical Daily Exchange Rates Of The Australian Dollar Against:","Australian Dollar Trade-weighted Index"
"11327","FXRTWI","Trade-weighted Index May 1970 = 100","AUS","AUS",2012-04-20,76.6,"D","Index","Indicative","RBA","Daily","Historical Daily Exchange Rates Of The Australian Dollar Against:","Australian Dollar Trade-weighted Index"
"11328","FXRTWI","Trade-weighted Index May 1970 = 100","AUS","AUS",2012-04-23,76.5,"D","Index","Indicative","RBA","Daily","Historical Daily Exchange Rates Of The Australian Dollar Against:","Australian Dollar Trade-weighted Index"
"11329","FXRTWI","Trade-weighted Index May 1970 = 100","AUS","AUS",2012-04-24,76,"D","Index","Indicative","RBA","Daily","Historical Daily Exchange Rates Of The Australian Dollar Against:","Australian Dollar Trade-weighted Index"
"11330","FXRTWI","Trade-weighted Index May 1970 = 100","AUS","AUS",2012-04-26,76.8,"D","Index","Indicative","RBA","Daily","Historical Daily Exchange Rates Of The Australian Dollar Against:","Australian Dollar Trade-weighted Index"
"11331","FXRTWI","Trade-weighted Index May 1970 = 100","AUS","AUS",2012-04-27,76.7,"D","Index","Indicative","RBA","Daily","Historical Daily Exchange Rates Of The Australian Dollar Against:","Australian Dollar Trade-weighted Index"
"11332","DLCACS","Credit; Total; Seasonally adjusted","AUS","AUS",2012-04-30,2090.539,"M","$ billion","Seasonally Adjusted","RBA","Monthly","D2 Lending And Credit Aggregates","Credit; Total; Seasonally adjusted – Includes securitisations – For series breaks see Series Breaks"
"11333","FIRMMCRT","Cash Rate Target","AUS","AUS",2012-04-30,4.25,"M","Per cent","Original","RBA","Monthly","F1.1 Interest Rates And Yields - Money Market","Cash Rate Target; monthly average"
"11334","FXRTWI","Trade-weighted Index May 1970 = 100","AUS","AUS",2012-04-30,77,"D","Index","Indicative","RBA","Daily","Historical Daily Exchange Rates Of The Australian Dollar Against:","Australian Dollar Trade-weighted Index"
"11335","FXRTWI","Trade-weighted Index May 1970 = 100","AUS","AUS",2012-04-30,77,"M","Index","Indicative","RBA","Monthly","F11 Exchange Rates","Australian Dollar Trade-weighted Index"
"11336","GRCPAISDR","Commodity prices – SDR","AUS","AUS",2012-04-30,93.0791087079801,"M","Index, 2023/24=100","Original","RBA","Monthly","I2 Commodity Prices","Index of commodity prices; All items; SDR"
"11337","A124874157C","Business Turnover Index ; Total of 13 in-scope ANZSIC divisions ; Current Price ;","AUS","AUS",2012-05-01,78.2,"M","Index Numbers","Seasonally Adjusted",NA,"Monthly","Table 01: Business turnover indicator, 13 industry summary - Monthly percentage change and index",NA
"11338","A2718577A","Credits, Total goods ;","AUS","AUS",2012-05-01,22065,"M","$ Millions","Seasonally Adjusted",NA,"Monthly","TABLE 1. GOODS, Summary: Seasonally adjusted and trend estimates, Current prices",NA
"11339","A2718594C","Balance on goods ;","AUS","AUS",2012-05-01,-42,"M","$ Millions","Seasonally Adjusted",NA,"Monthly","TABLE 1. GOODS, Summary: Seasonally adjusted and trend estimates, Current prices",NA
"11340","FXRTWI","Trade-weighted Index May 1970 = 100","AUS","AUS",2012-05-01,76.2,"D","Index","Indicative","RBA","Daily","Historical Daily Exchange Rates Of The Australian Dollar Against:","Australian Dollar Trade-weighted Index"
"11341","FXRTWI","Trade-weighted Index May 1970 = 100","AUS","AUS",2012-05-02,76.3,"D","Index","Indicative","RBA","Daily","Historical Daily Exchange Rates Of The Australian Dollar Against:","Australian Dollar Trade-weighted Index"
"11342","FXRTWI","Trade-weighted Index May 1970 = 100","AUS","AUS",2012-05-03,76.1,"D","Index","Indicative","RBA","Daily","Historical Daily Exchange Rates Of The Australian Dollar Against:","Australian Dollar Trade-weighted Index"
"11343","FXRTWI","Trade-weighted Index May 1970 = 100","AUS","AUS",2012-05-04,75.9,"D","Index","Indicative","RBA","Daily","Historical Daily Exchange Rates Of The Australian Dollar Against:","Australian Dollar Trade-weighted Index"
"11344","FXRTWI","Trade-weighted Index May 1970 = 100","AUS","AUS",2012-05-07,75.2,"D","Index","Indicative","RBA","Daily","Historical Daily Exchange Rates Of The Australian Dollar Against:","Australian Dollar Trade-weighted Index"
"11345","FXRTWI","Trade-weighted Index May 1970 = 100","AUS","AUS",2012-05-08,75.5,"D","Index","Indicative","RBA","Daily","Historical Daily Exchange Rates Of The Australian Dollar Against:","Australian Dollar Trade-weighted Index"
"11346","FXRTWI","Trade-weighted Index May 1970 = 100","AUS","AUS",2012-05-09,74.8,"D","Index","Indicative","RBA","Daily","Historical Daily Exchange Rates Of The Australian Dollar Against:","Australian Dollar Trade-weighted Index"
"11347","FXRTWI","Trade-weighted Index May 1970 = 100","AUS","AUS",2012-05-10,75,"D","Index","Indicative","RBA","Daily","Historical Daily Exchange Rates Of The Australian Dollar Against:","Australian Dollar Trade-weighted Index"
"11348","FXRTWI","Trade-weighted Index May 1970 = 100","AUS","AUS",2012-05-11,74.7,"D","Index","Indicative","RBA","Daily","Historical Daily Exchange Rates Of The Australian Dollar Against:","Australian Dollar Trade-weighted Index"
"11349","FXRTWI","Trade-weighted Index May 1970 = 100","AUS","AUS",2012-05-14,74.6,"D","Index","Indicative","RBA","Daily","Historical Daily Exchange Rates Of The Australian Dollar Against:","Australian Dollar Trade-weighted Index"
"11350","FXRTWI","Trade-weighted Index May 1970 = 100","AUS","AUS",2012-05-15,74.5,"D","Index","Indicative","RBA","Daily","Historical Daily Exchange Rates Of The Australian Dollar Against:","Australian Dollar Trade-weighted Index"
"11351","FXRTWI","Trade-weighted Index May 1970 = 100","AUS","AUS",2012-05-16,74.3,"D","Index","Indicative","RBA","Daily","Historical Daily Exchange Rates Of The Australian Dollar Against:","Australian Dollar Trade-weighted Index"
"11352","FXRTWI","Trade-weighted Index May 1970 = 100","AUS","AUS",2012-05-17,74.6,"D","Index","Indicative","RBA","Daily","Historical Daily Exchange Rates Of The Australian Dollar Against:","Australian Dollar Trade-weighted Index"
"11353","FXRTWI","Trade-weighted Index May 1970 = 100","AUS","AUS",2012-05-18,73.7,"D","Index","Indicative","RBA","Daily","Historical Daily Exchange Rates Of The Australian Dollar Against:","Australian Dollar Trade-weighted Index"
"11354","FXRTWI","Trade-weighted Index May 1970 = 100","AUS","AUS",2012-05-21,73.8,"D","Index","Indicative","RBA","Daily","Historical Daily Exchange Rates Of The Australian Dollar Against:","Australian Dollar Trade-weighted Index"
"11355","FXRTWI","Trade-weighted Index May 1970 = 100","AUS","AUS",2012-05-22,74.3,"D","Index","Indicative","RBA","Daily","Historical Daily Exchange Rates Of The Australian Dollar Against:","Australian Dollar Trade-weighted Index"
"11356","FXRTWI","Trade-weighted Index May 1970 = 100","AUS","AUS",2012-05-23,73.5,"D","Index","Indicative","RBA","Daily","Historical Daily Exchange Rates Of The Australian Dollar Against:","Australian Dollar Trade-weighted Index"
"11357","FXRTWI","Trade-weighted Index May 1970 = 100","AUS","AUS",2012-05-24,73.5,"D","Index","Indicative","RBA","Daily","Historical Daily Exchange Rates Of The Australian Dollar Against:","Australian Dollar Trade-weighted Index"
"11358","FXRTWI","Trade-weighted Index May 1970 = 100","AUS","AUS",2012-05-25,73.5,"D","Index","Indicative","RBA","Daily","Historical Daily Exchange Rates Of The Australian Dollar Against:","Australian Dollar Trade-weighted Index"
"11359","FXRTWI","Trade-weighted Index May 1970 = 100","AUS","AUS",2012-05-28,74.2,"D","Index","Indicative","RBA","Daily","Historical Daily Exchange Rates Of The Australian Dollar Against:","Australian Dollar Trade-weighted Index"
"11360","FXRTWI","Trade-weighted Index May 1970 = 100","AUS","AUS",2012-05-29,74.3,"D","Index","Indicative","RBA","Daily","Historical Daily Exchange Rates Of The Australian Dollar Against:","Australian Dollar Trade-weighted Index"
"11361","FXRTWI","Trade-weighted Index May 1970 = 100","AUS","AUS",2012-05-30,74,"D","Index","Indicative","RBA","Daily","Historical Daily Exchange Rates Of The Australian Dollar Against:","Australian Dollar Trade-weighted Index"
"11362","DLCACS","Credit; Total; Seasonally adjusted","AUS","AUS",2012-05-31,2101.007,"M","$ billion","Seasonally Adjusted","RBA","Monthly","D2 Lending And Credit Aggregates","Credit; Total; Seasonally adjusted – Includes securitisations – For series breaks see Series Breaks"
"11363","FIRMMCRT","Cash Rate Target","AUS","AUS",2012-05-31,3.7725,"M","Per cent","Original","RBA","Monthly","F1.1 Interest Rates And Yields - Money Market","Cash Rate Target; monthly average"
"11364","FXRTWI","Trade-weighted Index May 1970 = 100","AUS","AUS",2012-05-31,73.6,"D","Index","Indicative","RBA","Daily","Historical Daily Exchange Rates Of The Australian Dollar Against:","Australian Dollar Trade-weighted Index"
"11365","FXRTWI","Trade-weighted Index May 1970 = 100","AUS","AUS",2012-05-31,73.6,"M","Index","Indicative","RBA","Monthly","F11 Exchange Rates","Australian Dollar Trade-weighted Index"
"11366","GRCPAISDR","Commodity prices – SDR","AUS","AUS",2012-05-31,92.0223025087473,"M","Index, 2023/24=100","Original","RBA","Monthly","I2 Commodity Prices","Index of commodity prices; All items; SDR"
"11367","A124874157C","Business Turnover Index ; Total of 13 in-scope ANZSIC divisions ; Current Price ;","AUS","AUS",2012-06-01,77.9,"M","Index Numbers","Seasonally Adjusted",NA,"Monthly","Table 01: Business turnover indicator, 13 industry summary - Monthly percentage change and index",NA
"11368","A2302956R","South Australia ; STATE FINAL DEMAND ;","SA","SA",2012-06-01,30638,"Q","$ Millions","Seasonally Adjusted",NA,"Quarterly","Table 25. State Final Demand, Summary Components by State: Chain volume measures",NA
"11369","A2302984X","Western Australia ; STATE FINAL DEMAND ;","WA","WA",2012-06-01,70050,"Q","$ Millions","Seasonally Adjusted",NA,"Quarterly","Table 25. State Final Demand, Summary Components by State: Chain volume measures",NA
"11370","A2303012X","Tasmania ; STATE FINAL DEMAND ;","TAS","TAS",2012-06-01,9069,"Q","$ Millions","Seasonally Adjusted",NA,"Quarterly","Table 25. State Final Demand, Summary Components by State: Chain volume measures",NA
"11371","A2303040J","Northern Territory ; STATE FINAL DEMAND ;","NT","NT",2012-06-01,8062,"Q","$ Millions","Seasonally Adjusted",NA,"Quarterly","Table 25. State Final Demand, Summary Components by State: Chain volume measures",NA
"11372","A2303068K","Australian Capital Territory ; STATE FINAL DEMAND ;","ACT","ACT",2012-06-01,14002,"Q","$ Millions","Seasonally Adjusted",NA,"Quarterly","Table 25. State Final Demand, Summary Components by State: Chain volume measures",NA
"11373","A2303111F","New South Wales ; STATE FINAL DEMAND ;","NSW","NSW",2012-06-01,143618,"Q","$ Millions","Seasonally Adjusted",NA,"Quarterly","Table 25. State Final Demand, Summary Components by State: Chain volume measures",NA
"11374","A2303139J","Victoria ; STATE FINAL DEMAND ;","VIC","VIC",2012-06-01,109997,"Q","$ Millions","Seasonally Adjusted",NA,"Quarterly","Table 25. State Final Demand, Summary Components by State: Chain volume measures",NA
"11375","A2303187A","Queensland ; STATE FINAL DEMAND ;","QLD","QLD",2012-06-01,101418,"Q","$ Millions","Seasonally Adjusted",NA,"Quarterly","Table 25. State Final Demand, Summary Components by State: Chain volume measures",NA
"11376","A2304418T","Gross domestic product: Current prices ;","AUS","AUS",2012-06-01,379469,"Q","$ Millions","Seasonally Adjusted",NA,"Quarterly","Table 1. Key National Accounts Aggregates",NA
"11377","A2325846C","Index Numbers ; All groups CPI ; Australia ;","AUS","AUS",2012-06-01,100.4,"Q","Index Numbers","Original",NA,"Quarterly","TABLES 1 and 2. CPI: All Groups, Index Numbers and Percentage Changes",NA
"11378","A2336320R","New South Wales ; Gross state product: Current prices ;","NSW","NSW",2012-06-01,467511,"Annual","$ Millions","Original",NA,"Annual","Table 1. Gross State Product, Chain volume measures and current prices",NA
"11379","A2336321T","Victoria ; Gross state product: Current prices ;","VIC","VIC",2012-06-01,346758,"Annual","$ Millions","Original",NA,"Annual","Table 1. Gross State Product, Chain volume measures and current prices",NA
"11380","A2336322V","Queensland ; Gross state product: Current prices ;","QLD","QLD",2012-06-01,277266,"Annual","$ Millions","Original",NA,"Annual","Table 1. Gross State Product, Chain volume measures and current prices",NA
"11381","A2336323W","South Australia ; Gross state product: Current prices ;","SA","SA",2012-06-01,92742,"Annual","$ Millions","Original",NA,"Annual","Table 1. Gross State Product, Chain volume measures and current prices",NA
"11382","A2336324X","Western Australia ; Gross state product: Current prices ;","WA","WA",2012-06-01,241445,"Annual","$ Millions","Original",NA,"Annual","Table 1. Gross State Product, Chain volume measures and current prices",NA
"11383","A2336325A","Tasmania ; Gross state product: Current prices ;","TAS","TAS",2012-06-01,25616,"Annual","$ Millions","Original",NA,"Annual","Table 1. Gross State Product, Chain volume measures and current prices",NA
"11384","A2336326C","Northern Territory ; Gross state product: Current prices ;","NT","NT",2012-06-01,19940,"Annual","$ Millions","Original",NA,"Annual","Table 1. Gross State Product, Chain volume measures and current prices",NA
"11385","A2336327F","Australian Capital Territory ; Gross state product: Current prices ;","ACT","ACT",2012-06-01,29459,"Annual","$ Millions","Original",NA,"Annual","Table 1. Gross State Product, Chain volume measures and current prices",NA
"11386","A2718577A","Credits, Total goods ;","AUS","AUS",2012-06-01,21856,"M","$ Millions","Seasonally Adjusted",NA,"Monthly","TABLE 1. GOODS, Summary: Seasonally adjusted and trend estimates, Current prices",NA
"11387","A2718594C","Balance on goods ;","AUS","AUS",2012-06-01,-291,"M","$ Millions","Seasonally Adjusted",NA,"Monthly","TABLE 1. GOODS, Summary: Seasonally adjusted and trend estimates, Current prices",NA
"11388","FXRTWI","Trade-weighted Index May 1970 = 100","AUS","AUS",2012-06-01,73.3,"D","Index","Indicative","RBA","Daily","Historical Daily Exchange Rates Of The Australian Dollar Against:","Australian Dollar Trade-weighted Index"
"11389","FXRTWI","Trade-weighted Index May 1970 = 100","AUS","AUS",2012-06-04,73.1,"D","Index","Indicative","RBA","Daily","Historical Daily Exchange Rates Of The Australian Dollar Against:","Australian Dollar Trade-weighted Index"
"11390","FXRTWI","Trade-weighted Index May 1970 = 100","AUS","AUS",2012-06-05,73.9,"D","Index","Indicative","RBA","Daily","Historical Daily Exchange Rates Of The Australian Dollar Against:","Australian Dollar Trade-weighted Index"
"11391","FXRTWI","Trade-weighted Index May 1970 = 100","AUS","AUS",2012-06-06,74.2,"D","Index","Indicative","RBA","Daily","Historical Daily Exchange Rates Of The Australian Dollar Against:","Australian Dollar Trade-weighted Index"
"11392","FXRTWI","Trade-weighted Index May 1970 = 100","AUS","AUS",2012-06-07,75,"D","Index","Indicative","RBA","Daily","Historical Daily Exchange Rates Of The Australian Dollar Against:","Australian Dollar Trade-weighted Index"
"11393","FXRTWI","Trade-weighted Index May 1970 = 100","AUS","AUS",2012-06-08,74.4,"D","Index","Indicative","RBA","Daily","Historical Daily Exchange Rates Of The Australian Dollar Against:","Australian Dollar Trade-weighted Index"
"11394","FXRTWI","Trade-weighted Index May 1970 = 100","AUS","AUS",2012-06-12,74.7,"D","Index","Indicative","RBA","Daily","Historical Daily Exchange Rates Of The Australian Dollar Against:","Australian Dollar Trade-weighted Index"
"11395","FXRTWI","Trade-weighted Index May 1970 = 100","AUS","AUS",2012-06-13,75.1,"D","Index","Indicative","RBA","Daily","Historical Daily Exchange Rates Of The Australian Dollar Against:","Australian Dollar Trade-weighted Index"
"11396","FXRTWI","Trade-weighted Index May 1970 = 100","AUS","AUS",2012-06-14,75,"D","Index","Indicative","RBA","Daily","Historical Daily Exchange Rates Of The Australian Dollar Against:","Australian Dollar Trade-weighted Index"
"11397","FXRTWI","Trade-weighted Index May 1970 = 100","AUS","AUS",2012-06-15,75.3,"D","Index","Indicative","RBA","Daily","Historical Daily Exchange Rates Of The Australian Dollar Against:","Australian Dollar Trade-weighted Index"
"11398","FXRTWI","Trade-weighted Index May 1970 = 100","AUS","AUS",2012-06-18,75.8,"D","Index","Indicative","RBA","Daily","Historical Daily Exchange Rates Of The Australian Dollar Against:","Australian Dollar Trade-weighted Index"
"11399","FXRTWI","Trade-weighted Index May 1970 = 100","AUS","AUS",2012-06-19,76,"D","Index","Indicative","RBA","Daily","Historical Daily Exchange Rates Of The Australian Dollar Against:","Australian Dollar Trade-weighted Index"
"11400","FXRTWI","Trade-weighted Index May 1970 = 100","AUS","AUS",2012-06-20,76.3,"D","Index","Indicative","RBA","Daily","Historical Daily Exchange Rates Of The Australian Dollar Against:","Australian Dollar Trade-weighted Index"
"11401","FXRTWI","Trade-weighted Index May 1970 = 100","AUS","AUS",2012-06-21,76.3,"D","Index","Indicative","RBA","Daily","Historical Daily Exchange Rates Of The Australian Dollar Against:","Australian Dollar Trade-weighted Index"
"11402","FXRTWI","Trade-weighted Index May 1970 = 100","AUS","AUS",2012-06-22,75.9,"D","Index","Indicative","RBA","Daily","Historical Daily Exchange Rates Of The Australian Dollar Against:","Australian Dollar Trade-weighted Index"
"11403","FXRTWI","Trade-weighted Index May 1970 = 100","AUS","AUS",2012-06-25,75.7,"D","Index","Indicative","RBA","Daily","Historical Daily Exchange Rates Of The Australian Dollar Against:","Australian Dollar Trade-weighted Index"
"11404","FXRTWI","Trade-weighted Index May 1970 = 100","AUS","AUS",2012-06-26,75.7,"D","Index","Indicative","RBA","Daily","Historical Daily Exchange Rates Of The Australian Dollar Against:","Australian Dollar Trade-weighted Index"
"11405","FXRTWI","Trade-weighted Index May 1970 = 100","AUS","AUS",2012-06-27,75.9,"D","Index","Indicative","RBA","Daily","Historical Daily Exchange Rates Of The Australian Dollar Against:","Australian Dollar Trade-weighted Index"
"11406","FXRTWI","Trade-weighted Index May 1970 = 100","AUS","AUS",2012-06-28,76.2,"D","Index","Indicative","RBA","Daily","Historical Daily Exchange Rates Of The Australian Dollar Against:","Australian Dollar Trade-weighted Index"
"11407","FXRTWI","Trade-weighted Index May 1970 = 100","AUS","AUS",2012-06-29,76.5,"D","Index","Indicative","RBA","Daily","Historical Daily Exchange Rates Of The Australian Dollar Against:","Australian Dollar Trade-weighted Index"
"11408","FXRTWI","Trade-weighted Index May 1970 = 100","AUS","AUS",2012-06-29,76.5,"M","Index","Indicative","RBA","Monthly","F11 Exchange Rates","Australian Dollar Trade-weighted Index"
"11409","DLCACS","Credit; Total; Seasonally adjusted","AUS","AUS",2012-06-30,2106.483,"M","$ billion","Seasonally Adjusted","RBA","Monthly","D2 Lending And Credit Aggregates","Credit; Total; Seasonally adjusted – Includes securitisations – For series breaks see Series Breaks"
"11410","FIRMMCRT","Cash Rate Target","AUS","AUS",2012-06-30,3.5375,"M","Per cent","Original","RBA","Monthly","F1.1 Interest Rates And Yields - Money Market","Cash Rate Target; monthly average"
"11411","GCPIOCPMTMQP","Quarterly trimmed mean inflation","AUS","AUS",2012-06-30,0.5,"Q","Per cent","Seasonally Adjusted","ABS","Quarterly","G1 Consumer Price Inflation","Consumer price index; Trimmed mean; Quarterly change (in per cent)"
"11412","GRCPAISDR","Commodity prices – SDR","AUS","AUS",2012-06-30,90.6089715289466,"M","Index, 2023/24=100","Original","RBA","Monthly","I2 Commodity Prices","Index of commodity prices; All items; SDR"
"11413","A124874157C","Business Turnover Index ; Total of 13 in-scope ANZSIC divisions ; Current Price ;","AUS","AUS",2012-07-01,77.3,"M","Index Numbers","Seasonally Adjusted",NA,"Monthly","Table 01: Business turnover indicator, 13 industry summary - Monthly percentage change and index",NA
"11414","A2718577A","Credits, Total goods ;","AUS","AUS",2012-07-01,21257,"M","$ Millions","Seasonally Adjusted",NA,"Monthly","TABLE 1. GOODS, Summary: Seasonally adjusted and trend estimates, Current prices",NA
"11415","A2718594C","Balance on goods ;","AUS","AUS",2012-07-01,-249,"M","$ Millions","Seasonally Adjusted",NA,"Monthly","TABLE 1. GOODS, Summary: Seasonally adjusted and trend estimates, Current prices",NA
"11416","FXRTWI","Trade-weighted Index May 1970 = 100","AUS","AUS",2012-07-02,76.7,"D","Index","Indicative","RBA","Daily","Historical Daily Exchange Rates Of The Australian Dollar Against:","Australian Dollar Trade-weighted Index"
"11417","FXRTWI","Trade-weighted Index May 1970 = 100","AUS","AUS",2012-07-03,76.9,"D","Index","Indicative","RBA","Daily","Historical Daily Exchange Rates Of The Australian Dollar Against:","Australian Dollar Trade-weighted Index"
"11418","FXRTWI","Trade-weighted Index May 1970 = 100","AUS","AUS",2012-07-04,77,"D","Index","Indicative","RBA","Daily","Historical Daily Exchange Rates Of The Australian Dollar Against:","Australian Dollar Trade-weighted Index"
"11419","FXRTWI","Trade-weighted Index May 1970 = 100","AUS","AUS",2012-07-05,77,"D","Index","Indicative","RBA","Daily","Historical Daily Exchange Rates Of The Australian Dollar Against:","Australian Dollar Trade-weighted Index"
"11420","FXRTWI","Trade-weighted Index May 1970 = 100","AUS","AUS",2012-07-06,77.2,"D","Index","Indicative","RBA","Daily","Historical Daily Exchange Rates Of The Australian Dollar Against:","Australian Dollar Trade-weighted Index"
"11421","FXRTWI","Trade-weighted Index May 1970 = 100","AUS","AUS",2012-07-09,76.8,"D","Index","Indicative","RBA","Daily","Historical Daily Exchange Rates Of The Australian Dollar Against:","Australian Dollar Trade-weighted Index"
"11422","FXRTWI","Trade-weighted Index May 1970 = 100","AUS","AUS",2012-07-10,76.7,"D","Index","Indicative","RBA","Daily","Historical Daily Exchange Rates Of The Australian Dollar Against:","Australian Dollar Trade-weighted Index"
"11423","FXRTWI","Trade-weighted Index May 1970 = 100","AUS","AUS",2012-07-11,76.9,"D","Index","Indicative","RBA","Daily","Historical Daily Exchange Rates Of The Australian Dollar Against:","Australian Dollar Trade-weighted Index"
"11424","FXRTWI","Trade-weighted Index May 1970 = 100","AUS","AUS",2012-07-12,76.7,"D","Index","Indicative","RBA","Daily","Historical Daily Exchange Rates Of The Australian Dollar Against:","Australian Dollar Trade-weighted Index"
"11425","FXRTWI","Trade-weighted Index May 1970 = 100","AUS","AUS",2012-07-13,76.7,"D","Index","Indicative","RBA","Daily","Historical Daily Exchange Rates Of The Australian Dollar Against:","Australian Dollar Trade-weighted Index"
"11426","FXRTWI","Trade-weighted Index May 1970 = 100","AUS","AUS",2012-07-16,77,"D","Index","Indicative","RBA","Daily","Historical Daily Exchange Rates Of The Australian Dollar Against:","Australian Dollar Trade-weighted Index"
"11427","FXRTWI","Trade-weighted Index May 1970 = 100","AUS","AUS",2012-07-17,77.4,"D","Index","Indicative","RBA","Daily","Historical Daily Exchange Rates Of The Australian Dollar Against:","Australian Dollar Trade-weighted Index"
"11428","FXRTWI","Trade-weighted Index May 1970 = 100","AUS","AUS",2012-07-18,77.4,"D","Index","Indicative","RBA","Daily","Historical Daily Exchange Rates Of The Australian Dollar Against:","Australian Dollar Trade-weighted Index"
"11429","FXRTWI","Trade-weighted Index May 1970 = 100","AUS","AUS",2012-07-19,78,"D","Index","Indicative","RBA","Daily","Historical Daily Exchange Rates Of The Australian Dollar Against:","Australian Dollar Trade-weighted Index"
"11430","FXRTWI","Trade-weighted Index May 1970 = 100","AUS","AUS",2012-07-20,78.1,"D","Index","Indicative","RBA","Daily","Historical Daily Exchange Rates Of The Australian Dollar Against:","Australian Dollar Trade-weighted Index"
"11431","FXRTWI","Trade-weighted Index May 1970 = 100","AUS","AUS",2012-07-23,77.7,"D","Index","Indicative","RBA","Daily","Historical Daily Exchange Rates Of The Australian Dollar Against:","Australian Dollar Trade-weighted Index"
"11432","FXRTWI","Trade-weighted Index May 1970 = 100","AUS","AUS",2012-07-24,77.7,"D","Index","Indicative","RBA","Daily","Historical Daily Exchange Rates Of The Australian Dollar Against:","Australian Dollar Trade-weighted Index"
"11433","FXRTWI","Trade-weighted Index May 1970 = 100","AUS","AUS",2012-07-25,77.2,"D","Index","Indicative","RBA","Daily","Historical Daily Exchange Rates Of The Australian Dollar Against:","Australian Dollar Trade-weighted Index"
"11434","FXRTWI","Trade-weighted Index May 1970 = 100","AUS","AUS",2012-07-26,77.8,"D","Index","Indicative","RBA","Daily","Historical Daily Exchange Rates Of The Australian Dollar Against:","Australian Dollar Trade-weighted Index"
"11435","FXRTWI","Trade-weighted Index May 1970 = 100","AUS","AUS",2012-07-27,78.2,"D","Index","Indicative","RBA","Daily","Historical Daily Exchange Rates Of The Australian Dollar Against:","Australian Dollar Trade-weighted Index"
"11436","FXRTWI","Trade-weighted Index May 1970 = 100","AUS","AUS",2012-07-30,78.5,"D","Index","Indicative","RBA","Daily","Historical Daily Exchange Rates Of The Australian Dollar Against:","Australian Dollar Trade-weighted Index"
"11437","DLCACS","Credit; Total; Seasonally adjusted","AUS","AUS",2012-07-31,2111.614,"M","$ billion","Seasonally Adjusted","RBA","Monthly","D2 Lending And Credit Aggregates","Credit; Total; Seasonally adjusted – Includes securitisations – For series breaks see Series Breaks"
"11438","FIRMMCRT","Cash Rate Target","AUS","AUS",2012-07-31,3.5,"M","Per cent","Original","RBA","Monthly","F1.1 Interest Rates And Yields - Money Market","Cash Rate Target; monthly average"
"11439","FXRTWI","Trade-weighted Index May 1970 = 100","AUS","AUS",2012-07-31,78.9,"D","Index","Indicative","RBA","Daily","Historical Daily Exchange Rates Of The Australian Dollar Against:","Australian Dollar Trade-weighted Index"
"11440","FXRTWI","Trade-weighted Index May 1970 = 100","AUS","AUS",2012-07-31,78.9,"M","Index","Indicative","RBA","Monthly","F11 Exchange Rates","Australian Dollar Trade-weighted Index"
"11441","GRCPAISDR","Commodity prices – SDR","AUS","AUS",2012-07-31,90.5646026773703,"M","Index, 2023/24=100","Original","RBA","Monthly","I2 Commodity Prices","Index of commodity prices; All items; SDR"
"11442","A124874157C","Business Turnover Index ; Total of 13 in-scope ANZSIC divisions ; Current Price ;","AUS","AUS",2012-08-01,78,"M","Index Numbers","Seasonally Adjusted",NA,"Monthly","Table 01: Business turnover indicator, 13 industry summary - Monthly percentage change and index",NA
"11443","A2718577A","Credits, Total goods ;","AUS","AUS",2012-08-01,20139,"M","$ Millions","Seasonally Adjusted",NA,"Monthly","TABLE 1. GOODS, Summary: Seasonally adjusted and trend estimates, Current prices",NA
"11444","A2718594C","Balance on goods ;","AUS","AUS",2012-08-01,-1195,"M","$ Millions","Seasonally Adjusted",NA,"Monthly","TABLE 1. GOODS, Summary: Seasonally adjusted and trend estimates, Current prices",NA
"11445","FXRTWI","Trade-weighted Index May 1970 = 100","AUS","AUS",2012-08-01,78.6,"D","Index","Indicative","RBA","Daily","Historical Daily Exchange Rates Of The Australian Dollar Against:","Australian Dollar Trade-weighted Index"
"11446","FXRTWI","Trade-weighted Index May 1970 = 100","AUS","AUS",2012-08-02,78.6,"D","Index","Indicative","RBA","Daily","Historical Daily Exchange Rates Of The Australian Dollar Against:","Australian Dollar Trade-weighted Index"
"11447","FXRTWI","Trade-weighted Index May 1970 = 100","AUS","AUS",2012-08-03,78.7,"D","Index","Indicative","RBA","Daily","Historical Daily Exchange Rates Of The Australian Dollar Against:","Australian Dollar Trade-weighted Index"
"11448","FXRTWI","Trade-weighted Index May 1970 = 100","AUS","AUS",2012-08-07,79.1,"D","Index","Indicative","RBA","Daily","Historical Daily Exchange Rates Of The Australian Dollar Against:","Australian Dollar Trade-weighted Index"
"11449","FXRTWI","Trade-weighted Index May 1970 = 100","AUS","AUS",2012-08-08,78.9,"D","Index","Indicative","RBA","Daily","Historical Daily Exchange Rates Of The Australian Dollar Against:","Australian Dollar Trade-weighted Index"
"11450","FXRTWI","Trade-weighted Index May 1970 = 100","AUS","AUS",2012-08-09,79.1,"D","Index","Indicative","RBA","Daily","Historical Daily Exchange Rates Of The Australian Dollar Against:","Australian Dollar Trade-weighted Index"
"11451","FXRTWI","Trade-weighted Index May 1970 = 100","AUS","AUS",2012-08-10,78.8,"D","Index","Indicative","RBA","Daily","Historical Daily Exchange Rates Of The Australian Dollar Against:","Australian Dollar Trade-weighted Index"
"11452","FXRTWI","Trade-weighted Index May 1970 = 100","AUS","AUS",2012-08-13,78.9,"D","Index","Indicative","RBA","Daily","Historical Daily Exchange Rates Of The Australian Dollar Against:","Australian Dollar Trade-weighted Index"
"11453","FXRTWI","Trade-weighted Index May 1970 = 100","AUS","AUS",2012-08-14,78.7,"D","Index","Indicative","RBA","Daily","Historical Daily Exchange Rates Of The Australian Dollar Against:","Australian Dollar Trade-weighted Index"
"11454","FXRTWI","Trade-weighted Index May 1970 = 100","AUS","AUS",2012-08-15,78.5,"D","Index","Indicative","RBA","Daily","Historical Daily Exchange Rates Of The Australian Dollar Against:","Australian Dollar Trade-weighted Index"
"11455","FXRTWI","Trade-weighted Index May 1970 = 100","AUS","AUS",2012-08-16,78.7,"D","Index","Indicative","RBA","Daily","Historical Daily Exchange Rates Of The Australian Dollar Against:","Australian Dollar Trade-weighted Index"
"11456","FXRTWI","Trade-weighted Index May 1970 = 100","AUS","AUS",2012-08-17,78.5,"D","Index","Indicative","RBA","Daily","Historical Daily Exchange Rates Of The Australian Dollar Against:","Australian Dollar Trade-weighted Index"
"11457","FXRTWI","Trade-weighted Index May 1970 = 100","AUS","AUS",2012-08-20,78.4,"D","Index","Indicative","RBA","Daily","Historical Daily Exchange Rates Of The Australian Dollar Against:","Australian Dollar Trade-weighted Index"
"11458","FXRTWI","Trade-weighted Index May 1970 = 100","AUS","AUS",2012-08-21,78.5,"D","Index","Indicative","RBA","Daily","Historical Daily Exchange Rates Of The Australian Dollar Against:","Australian Dollar Trade-weighted Index"
"11459","FXRTWI","Trade-weighted Index May 1970 = 100","AUS","AUS",2012-08-22,78.1,"D","Index","Indicative","RBA","Daily","Historical Daily Exchange Rates Of The Australian Dollar Against:","Australian Dollar Trade-weighted Index"
"11460","FXRTWI","Trade-weighted Index May 1970 = 100","AUS","AUS",2012-08-23,78.4,"D","Index","Indicative","RBA","Daily","Historical Daily Exchange Rates Of The Australian Dollar Against:","Australian Dollar Trade-weighted Index"
"11461","FXRTWI","Trade-weighted Index May 1970 = 100","AUS","AUS",2012-08-24,77.9,"D","Index","Indicative","RBA","Daily","Historical Daily Exchange Rates Of The Australian Dollar Against:","Australian Dollar Trade-weighted Index"
"11462","FXRTWI","Trade-weighted Index May 1970 = 100","AUS","AUS",2012-08-27,77.6,"D","Index","Indicative","RBA","Daily","Historical Daily Exchange Rates Of The Australian Dollar Against:","Australian Dollar Trade-weighted Index"
"11463","FXRTWI","Trade-weighted Index May 1970 = 100","AUS","AUS",2012-08-28,77.6,"D","Index","Indicative","RBA","Daily","Historical Daily Exchange Rates Of The Australian Dollar Against:","Australian Dollar Trade-weighted Index"
"11464","FXRTWI","Trade-weighted Index May 1970 = 100","AUS","AUS",2012-08-29,77.5,"D","Index","Indicative","RBA","Daily","Historical Daily Exchange Rates Of The Australian Dollar Against:","Australian Dollar Trade-weighted Index"
"11465","FXRTWI","Trade-weighted Index May 1970 = 100","AUS","AUS",2012-08-30,77.3,"D","Index","Indicative","RBA","Daily","Historical Daily Exchange Rates Of The Australian Dollar Against:","Australian Dollar Trade-weighted Index"
"11466","DLCACS","Credit; Total; Seasonally adjusted","AUS","AUS",2012-08-31,2115.113,"M","$ billion","Seasonally Adjusted","RBA","Monthly","D2 Lending And Credit Aggregates","Credit; Total; Seasonally adjusted – Includes securitisations – For series breaks see Series Breaks"
"11467","FIRMMCRT","Cash Rate Target","AUS","AUS",2012-08-31,3.5,"M","Per cent","Original","RBA","Monthly","F1.1 Interest Rates And Yields - Money Market","Cash Rate Target; monthly average"
"11468","FXRTWI","Trade-weighted Index May 1970 = 100","AUS","AUS",2012-08-31,77,"D","Index","Indicative","RBA","Daily","Historical Daily Exchange Rates Of The Australian Dollar Against:","Australian Dollar Trade-weighted Index"
"11469","FXRTWI","Trade-weighted Index May 1970 = 100","AUS","AUS",2012-08-31,77,"M","Index","Indicative","RBA","Monthly","F11 Exchange Rates","Australian Dollar Trade-weighted Index"
"11470","GRCPAISDR","Commodity prices – SDR","AUS","AUS",2012-08-31,87.8600646068622,"M","Index, 2023/24=100","Original","RBA","Monthly","I2 Commodity Prices","Index of commodity prices; All items; SDR"
"11471","A124874157C","Business Turnover Index ; Total of 13 in-scope ANZSIC divisions ; Current Price ;","AUS","AUS",2012-09-01,77.9,"M","Index Numbers","Seasonally Adjusted",NA,"Monthly","Table 01: Business turnover indicator, 13 industry summary - Monthly percentage change and index",NA
"11472","A2302956R","South Australia ; STATE FINAL DEMAND ;","SA","SA",2012-09-01,30150,"Q","$ Millions","Seasonally Adjusted",NA,"Quarterly","Table 25. State Final Demand, Summary Components by State: Chain volume measures",NA
"11473","A2302984X","Western Australia ; STATE FINAL DEMAND ;","WA","WA",2012-09-01,70733,"Q","$ Millions","Seasonally Adjusted",NA,"Quarterly","Table 25. State Final Demand, Summary Components by State: Chain volume measures",NA
"11474","A2303012X","Tasmania ; STATE FINAL DEMAND ;","TAS","TAS",2012-09-01,8940,"Q","$ Millions","Seasonally Adjusted",NA,"Quarterly","Table 25. State Final Demand, Summary Components by State: Chain volume measures",NA
"11475","A2303040J","Northern Territory ; STATE FINAL DEMAND ;","NT","NT",2012-09-01,7936,"Q","$ Millions","Seasonally Adjusted",NA,"Quarterly","Table 25. State Final Demand, Summary Components by State: Chain volume measures",NA
"11476","A2303068K","Australian Capital Territory ; STATE FINAL DEMAND ;","ACT","ACT",2012-09-01,13302,"Q","$ Millions","Seasonally Adjusted",NA,"Quarterly","Table 25. State Final Demand, Summary Components by State: Chain volume measures",NA
"11477","A2303111F","New South Wales ; STATE FINAL DEMAND ;","NSW","NSW",2012-09-01,143765,"Q","$ Millions","Seasonally Adjusted",NA,"Quarterly","Table 25. State Final Demand, Summary Components by State: Chain volume measures",NA
"11478","A2303139J","Victoria ; STATE FINAL DEMAND ;","VIC","VIC",2012-09-01,111395,"Q","$ Millions","Seasonally Adjusted",NA,"Quarterly","Table 25. State Final Demand, Summary Components by State: Chain volume measures",NA
"11479","A2303187A","Queensland ; STATE FINAL DEMAND ;","QLD","QLD",2012-09-01,100233,"Q","$ Millions","Seasonally Adjusted",NA,"Quarterly","Table 25. State Final Demand, Summary Components by State: Chain volume measures",NA
"11480","A2304418T","Gross domestic product: Current prices ;","AUS","AUS",2012-09-01,380330,"Q","$ Millions","Seasonally Adjusted",NA,"Quarterly","Table 1. Key National Accounts Aggregates",NA
"11481","A2325846C","Index Numbers ; All groups CPI ; Australia ;","AUS","AUS",2012-09-01,101.8,"Q","Index Numbers","Original",NA,"Quarterly","TABLES 1 and 2. CPI: All Groups, Index Numbers and Percentage Changes",NA
"11482","A2718577A","Credits, Total goods ;","AUS","AUS",2012-09-01,19835,"M","$ Millions","Seasonally Adjusted",NA,"Monthly","TABLE 1. GOODS, Summary: Seasonally adjusted and trend estimates, Current prices",NA
"11483","A2718594C","Balance on goods ;","AUS","AUS",2012-09-01,-946,"M","$ Millions","Seasonally Adjusted",NA,"Monthly","TABLE 1. GOODS, Summary: Seasonally adjusted and trend estimates, Current prices",NA
"11484","FXRTWI","Trade-weighted Index May 1970 = 100","AUS","AUS",2012-09-03,76.6,"D","Index","Indicative","RBA","Daily","Historical Daily Exchange Rates Of The Australian Dollar Against:","Australian Dollar Trade-weighted Index"
"11485","FXRTWI","Trade-weighted Index May 1970 = 100","AUS","AUS",2012-09-04,76.6,"D","Index","Indicative","RBA","Daily","Historical Daily Exchange Rates Of The Australian Dollar Against:","Australian Dollar Trade-weighted Index"
"11486","FXRTWI","Trade-weighted Index May 1970 = 100","AUS","AUS",2012-09-05,76.3,"D","Index","Indicative","RBA","Daily","Historical Daily Exchange Rates Of The Australian Dollar Against:","Australian Dollar Trade-weighted Index"
"11487","FXRTWI","Trade-weighted Index May 1970 = 100","AUS","AUS",2012-09-06,76.3,"D","Index","Indicative","RBA","Daily","Historical Daily Exchange Rates Of The Australian Dollar Against:","Australian Dollar Trade-weighted Index"
"11488","FXRTWI","Trade-weighted Index May 1970 = 100","AUS","AUS",2012-09-07,77,"D","Index","Indicative","RBA","Daily","Historical Daily Exchange Rates Of The Australian Dollar Against:","Australian Dollar Trade-weighted Index"
"11489","FXRTWI","Trade-weighted Index May 1970 = 100","AUS","AUS",2012-09-10,76.9,"D","Index","Indicative","RBA","Daily","Historical Daily Exchange Rates Of The Australian Dollar Against:","Australian Dollar Trade-weighted Index"
"11490","FXRTWI","Trade-weighted Index May 1970 = 100","AUS","AUS",2012-09-11,76.8,"D","Index","Indicative","RBA","Daily","Historical Daily Exchange Rates Of The Australian Dollar Against:","Australian Dollar Trade-weighted Index"
"11491","FXRTWI","Trade-weighted Index May 1970 = 100","AUS","AUS",2012-09-12,77.5,"D","Index","Indicative","RBA","Daily","Historical Daily Exchange Rates Of The Australian Dollar Against:","Australian Dollar Trade-weighted Index"
"11492","FXRTWI","Trade-weighted Index May 1970 = 100","AUS","AUS",2012-09-13,77.5,"D","Index","Indicative","RBA","Daily","Historical Daily Exchange Rates Of The Australian Dollar Against:","Australian Dollar Trade-weighted Index"
"11493","FXRTWI","Trade-weighted Index May 1970 = 100","AUS","AUS",2012-09-14,77.9,"D","Index","Indicative","RBA","Daily","Historical Daily Exchange Rates Of The Australian Dollar Against:","Australian Dollar Trade-weighted Index"
"11494","FXRTWI","Trade-weighted Index May 1970 = 100","AUS","AUS",2012-09-17,77.5,"D","Index","Indicative","RBA","Daily","Historical Daily Exchange Rates Of The Australian Dollar Against:","Australian Dollar Trade-weighted Index"
"11495","FXRTWI","Trade-weighted Index May 1970 = 100","AUS","AUS",2012-09-18,77.1,"D","Index","Indicative","RBA","Daily","Historical Daily Exchange Rates Of The Australian Dollar Against:","Australian Dollar Trade-weighted Index"
"11496","FXRTWI","Trade-weighted Index May 1970 = 100","AUS","AUS",2012-09-19,77.2,"D","Index","Indicative","RBA","Daily","Historical Daily Exchange Rates Of The Australian Dollar Against:","Australian Dollar Trade-weighted Index"
"11497","FXRTWI","Trade-weighted Index May 1970 = 100","AUS","AUS",2012-09-20,76.6,"D","Index","Indicative","RBA","Daily","Historical Daily Exchange Rates Of The Australian Dollar Against:","Australian Dollar Trade-weighted Index"
"11498","FXRTWI","Trade-weighted Index May 1970 = 100","AUS","AUS",2012-09-21,77.2,"D","Index","Indicative","RBA","Daily","Historical Daily Exchange Rates Of The Australian Dollar Against:","Australian Dollar Trade-weighted Index"
"11499","FXRTWI","Trade-weighted Index May 1970 = 100","AUS","AUS",2012-09-24,76.8,"D","Index","Indicative","RBA","Daily","Historical Daily Exchange Rates Of The Australian Dollar Against:","Australian Dollar Trade-weighted Index"
"11500","FXRTWI","Trade-weighted Index May 1970 = 100","AUS","AUS",2012-09-25,76.9,"D","Index","Indicative","RBA","Daily","Historical Daily Exchange Rates Of The Australian Dollar Against:","Australian Dollar Trade-weighted Index"
"11501","FXRTWI","Trade-weighted Index May 1970 = 100","AUS","AUS",2012-09-26,76.4,"D","Index","Indicative","RBA","Daily","Historical Daily Exchange Rates Of The Australian Dollar Against:","Australian Dollar Trade-weighted Index"
"11502","FXRTWI","Trade-weighted Index May 1970 = 100","AUS","AUS",2012-09-27,76.8,"D","Index","Indicative","RBA","Daily","Historical Daily Exchange Rates Of The Australian Dollar Against:","Australian Dollar Trade-weighted Index"
"11503","FXRTWI","Trade-weighted Index May 1970 = 100","AUS","AUS",2012-09-28,76.9,"D","Index","Indicative","RBA","Daily","Historical Daily Exchange Rates Of The Australian Dollar Against:","Australian Dollar Trade-weighted Index"
"11504","FXRTWI","Trade-weighted Index May 1970 = 100","AUS","AUS",2012-09-28,76.9,"M","Index","Indicative","RBA","Monthly","F11 Exchange Rates","Australian Dollar Trade-weighted Index"
"11505","DLCACS","Credit; Total; Seasonally adjusted","AUS","AUS",2012-09-30,2120.377,"M","$ billion","Seasonally Adjusted","RBA","Monthly","D2 Lending And Credit Aggregates","Credit; Total; Seasonally adjusted – Includes securitisations – For series breaks see Series Breaks"
"11506","FIRMMCRT","Cash Rate Target","AUS","AUS",2012-09-30,3.5,"M","Per cent","Original","RBA","Monthly","F1.1 Interest Rates And Yields - Money Market","Cash Rate Target; monthly average"
"11507","GCPIOCPMTMQP","Quarterly trimmed mean inflation","AUS","AUS",2012-09-30,0.7,"Q","Per cent","Seasonally Adjusted","ABS","Quarterly","G1 Consumer Price Inflation","Consumer price index; Trimmed mean; Quarterly change (in per cent)"
"11508","GRCPAISDR","Commodity prices – SDR","AUS","AUS",2012-09-30,81.7930752769498,"M","Index, 2023/24=100","Original","RBA","Monthly","I2 Commodity Prices","Index of commodity prices; All items; SDR"
"11509","A124874157C","Business Turnover Index ; Total of 13 in-scope ANZSIC divisions ; Current Price ;","AUS","AUS",2012-10-01,78.4,"M","Index Numbers","Seasonally Adjusted",NA,"Monthly","Table 01: Business turnover indicator, 13 industry summary - Monthly percentage change and index",NA
"11510","A2718577A","Credits, Total goods ;","AUS","AUS",2012-10-01,20230,"M","$ Millions","Seasonally Adjusted",NA,"Monthly","TABLE 1. GOODS, Summary: Seasonally adjusted and trend estimates, Current prices",NA
"11511","A2718594C","Balance on goods ;","AUS","AUS",2012-10-01,-987,"M","$ Millions","Seasonally Adjusted",NA,"Monthly","TABLE 1. GOODS, Summary: Seasonally adjusted and trend estimates, Current prices",NA
"11512","FXRTWI","Trade-weighted Index May 1970 = 100","AUS","AUS",2012-10-02,75.8,"D","Index","Indicative","RBA","Daily","Historical Daily Exchange Rates Of The Australian Dollar Against:","Australian Dollar Trade-weighted Index"
"11513","FXRTWI","Trade-weighted Index May 1970 = 100","AUS","AUS",2012-10-03,75.3,"D","Index","Indicative","RBA","Daily","Historical Daily Exchange Rates Of The Australian Dollar Against:","Australian Dollar Trade-weighted Index"
"11514","FXRTWI","Trade-weighted Index May 1970 = 100","AUS","AUS",2012-10-04,75.3,"D","Index","Indicative","RBA","Daily","Historical Daily Exchange Rates Of The Australian Dollar Against:","Australian Dollar Trade-weighted Index"
"11515","FXRTWI","Trade-weighted Index May 1970 = 100","AUS","AUS",2012-10-05,75.5,"D","Index","Indicative","RBA","Daily","Historical Daily Exchange Rates Of The Australian Dollar Against:","Australian Dollar Trade-weighted Index"
"11516","FXRTWI","Trade-weighted Index May 1970 = 100","AUS","AUS",2012-10-08,74.9,"D","Index","Indicative","RBA","Daily","Historical Daily Exchange Rates Of The Australian Dollar Against:","Australian Dollar Trade-weighted Index"
"11517","FXRTWI","Trade-weighted Index May 1970 = 100","AUS","AUS",2012-10-09,75.4,"D","Index","Indicative","RBA","Daily","Historical Daily Exchange Rates Of The Australian Dollar Against:","Australian Dollar Trade-weighted Index"
"11518","FXRTWI","Trade-weighted Index May 1970 = 100","AUS","AUS",2012-10-10,75.5,"D","Index","Indicative","RBA","Daily","Historical Daily Exchange Rates Of The Australian Dollar Against:","Australian Dollar Trade-weighted Index"
"11519","FXRTWI","Trade-weighted Index May 1970 = 100","AUS","AUS",2012-10-11,75.9,"D","Index","Indicative","RBA","Daily","Historical Daily Exchange Rates Of The Australian Dollar Against:","Australian Dollar Trade-weighted Index"
"11520","FXRTWI","Trade-weighted Index May 1970 = 100","AUS","AUS",2012-10-12,75.7,"D","Index","Indicative","RBA","Daily","Historical Daily Exchange Rates Of The Australian Dollar Against:","Australian Dollar Trade-weighted Index"
"11521","FXRTWI","Trade-weighted Index May 1970 = 100","AUS","AUS",2012-10-15,75.4,"D","Index","Indicative","RBA","Daily","Historical Daily Exchange Rates Of The Australian Dollar Against:","Australian Dollar Trade-weighted Index"
"11522","FXRTWI","Trade-weighted Index May 1970 = 100","AUS","AUS",2012-10-16,75.6,"D","Index","Indicative","RBA","Daily","Historical Daily Exchange Rates Of The Australian Dollar Against:","Australian Dollar Trade-weighted Index"
"11523","FXRTWI","Trade-weighted Index May 1970 = 100","AUS","AUS",2012-10-17,75.8,"D","Index","Indicative","RBA","Daily","Historical Daily Exchange Rates Of The Australian Dollar Against:","Australian Dollar Trade-weighted Index"
"11524","FXRTWI","Trade-weighted Index May 1970 = 100","AUS","AUS",2012-10-18,76.4,"D","Index","Indicative","RBA","Daily","Historical Daily Exchange Rates Of The Australian Dollar Against:","Australian Dollar Trade-weighted Index"
"11525","FXRTWI","Trade-weighted Index May 1970 = 100","AUS","AUS",2012-10-19,76.3,"D","Index","Indicative","RBA","Daily","Historical Daily Exchange Rates Of The Australian Dollar Against:","Australian Dollar Trade-weighted Index"
"11526","FXRTWI","Trade-weighted Index May 1970 = 100","AUS","AUS",2012-10-22,76.1,"D","Index","Indicative","RBA","Daily","Historical Daily Exchange Rates Of The Australian Dollar Against:","Australian Dollar Trade-weighted Index"
"11527","FXRTWI","Trade-weighted Index May 1970 = 100","AUS","AUS",2012-10-23,76.1,"D","Index","Indicative","RBA","Daily","Historical Daily Exchange Rates Of The Australian Dollar Against:","Australian Dollar Trade-weighted Index"
"11528","FXRTWI","Trade-weighted Index May 1970 = 100","AUS","AUS",2012-10-24,76.2,"D","Index","Indicative","RBA","Daily","Historical Daily Exchange Rates Of The Australian Dollar Against:","Australian Dollar Trade-weighted Index"
"11529","FXRTWI","Trade-weighted Index May 1970 = 100","AUS","AUS",2012-10-25,76.5,"D","Index","Indicative","RBA","Daily","Historical Daily Exchange Rates Of The Australian Dollar Against:","Australian Dollar Trade-weighted Index"
"11530","FXRTWI","Trade-weighted Index May 1970 = 100","AUS","AUS",2012-10-26,76.1,"D","Index","Indicative","RBA","Daily","Historical Daily Exchange Rates Of The Australian Dollar Against:","Australian Dollar Trade-weighted Index"
"11531","FXRTWI","Trade-weighted Index May 1970 = 100","AUS","AUS",2012-10-29,76.4,"D","Index","Indicative","RBA","Daily","Historical Daily Exchange Rates Of The Australian Dollar Against:","Australian Dollar Trade-weighted Index"
"11532","FXRTWI","Trade-weighted Index May 1970 = 100","AUS","AUS",2012-10-30,76.3,"D","Index","Indicative","RBA","Daily","Historical Daily Exchange Rates Of The Australian Dollar Against:","Australian Dollar Trade-weighted Index"
"11533","DLCACS","Credit; Total; Seasonally adjusted","AUS","AUS",2012-10-31,2122.138,"M","$ billion","Seasonally Adjusted","RBA","Monthly","D2 Lending And Credit Aggregates","Credit; Total; Seasonally adjusted – Includes securitisations – For series breaks see Series Breaks"
"11534","FIRMMCRT","Cash Rate Target","AUS","AUS",2012-10-31,3.2725,"M","Per cent","Original","RBA","Monthly","F1.1 Interest Rates And Yields - Money Market","Cash Rate Target; monthly average"
"11535","FXRTWI","Trade-weighted Index May 1970 = 100","AUS","AUS",2012-10-31,76.5,"D","Index","Indicative","RBA","Daily","Historical Daily Exchange Rates Of The Australian Dollar Against:","Australian Dollar Trade-weighted Index"
"11536","FXRTWI","Trade-weighted Index May 1970 = 100","AUS","AUS",2012-10-31,76.5,"M","Index","Indicative","RBA","Monthly","F11 Exchange Rates","Australian Dollar Trade-weighted Index"
"11537","GRCPAISDR","Commodity prices – SDR","AUS","AUS",2012-10-31,79.3397824695351,"M","Index, 2023/24=100","Original","RBA","Monthly","I2 Commodity Prices","Index of commodity prices; All items; SDR"
"11538","A124874157C","Business Turnover Index ; Total of 13 in-scope ANZSIC divisions ; Current Price ;","AUS","AUS",2012-11-01,78,"M","Index Numbers","Seasonally Adjusted",NA,"Monthly","Table 01: Business turnover indicator, 13 industry summary - Monthly percentage change and index",NA
"11539","A2718577A","Credits, Total goods ;","AUS","AUS",2012-11-01,20348,"M","$ Millions","Seasonally Adjusted",NA,"Monthly","TABLE 1. GOODS, Summary: Seasonally adjusted and trend estimates, Current prices",NA
"11540","A2718594C","Balance on goods ;","AUS","AUS",2012-11-01,-1269,"M","$ Millions","Seasonally Adjusted",NA,"Monthly","TABLE 1. GOODS, Summary: Seasonally adjusted and trend estimates, Current prices",NA
"11541","FXRTWI","Trade-weighted Index May 1970 = 100","AUS","AUS",2012-11-01,76.5,"D","Index","Indicative","RBA","Daily","Historical Daily Exchange Rates Of The Australian Dollar Against:","Australian Dollar Trade-weighted Index"
"11542","FXRTWI","Trade-weighted Index May 1970 = 100","AUS","AUS",2012-11-02,76.7,"D","Index","Indicative","RBA","Daily","Historical Daily Exchange Rates Of The Australian Dollar Against:","Australian Dollar Trade-weighted Index"
"11543","FXRTWI","Trade-weighted Index May 1970 = 100","AUS","AUS",2012-11-05,76.6,"D","Index","Indicative","RBA","Daily","Historical Daily Exchange Rates Of The Australian Dollar Against:","Australian Dollar Trade-weighted Index"
"11544","FXRTWI","Trade-weighted Index May 1970 = 100","AUS","AUS",2012-11-06,77.1,"D","Index","Indicative","RBA","Daily","Historical Daily Exchange Rates Of The Australian Dollar Against:","Australian Dollar Trade-weighted Index"
"11545","FXRTWI","Trade-weighted Index May 1970 = 100","AUS","AUS",2012-11-07,77.1,"D","Index","Indicative","RBA","Daily","Historical Daily Exchange Rates Of The Australian Dollar Against:","Australian Dollar Trade-weighted Index"
"11546","FXRTWI","Trade-weighted Index May 1970 = 100","AUS","AUS",2012-11-08,77,"D","Index","Indicative","RBA","Daily","Historical Daily Exchange Rates Of The Australian Dollar Against:","Australian Dollar Trade-weighted Index"
"11547","FXRTWI","Trade-weighted Index May 1970 = 100","AUS","AUS",2012-11-09,76.9,"D","Index","Indicative","RBA","Daily","Historical Daily Exchange Rates Of The Australian Dollar Against:","Australian Dollar Trade-weighted Index"
"11548","FXRTWI","Trade-weighted Index May 1970 = 100","AUS","AUS",2012-11-12,77,"D","Index","Indicative","RBA","Daily","Historical Daily Exchange Rates Of The Australian Dollar Against:","Australian Dollar Trade-weighted Index"
"11549","FXRTWI","Trade-weighted Index May 1970 = 100","AUS","AUS",2012-11-13,76.9,"D","Index","Indicative","RBA","Daily","Historical Daily Exchange Rates Of The Australian Dollar Against:","Australian Dollar Trade-weighted Index"
"11550","FXRTWI","Trade-weighted Index May 1970 = 100","AUS","AUS",2012-11-14,77.2,"D","Index","Indicative","RBA","Daily","Historical Daily Exchange Rates Of The Australian Dollar Against:","Australian Dollar Trade-weighted Index"
"11551","FXRTWI","Trade-weighted Index May 1970 = 100","AUS","AUS",2012-11-15,76.8,"D","Index","Indicative","RBA","Daily","Historical Daily Exchange Rates Of The Australian Dollar Against:","Australian Dollar Trade-weighted Index"
"11552","FXRTWI","Trade-weighted Index May 1970 = 100","AUS","AUS",2012-11-16,76.6,"D","Index","Indicative","RBA","Daily","Historical Daily Exchange Rates Of The Australian Dollar Against:","Australian Dollar Trade-weighted Index"
"11553","FXRTWI","Trade-weighted Index May 1970 = 100","AUS","AUS",2012-11-19,76.9,"D","Index","Indicative","RBA","Daily","Historical Daily Exchange Rates Of The Australian Dollar Against:","Australian Dollar Trade-weighted Index"
"11554","FXRTWI","Trade-weighted Index May 1970 = 100","AUS","AUS",2012-11-20,77.1,"D","Index","Indicative","RBA","Daily","Historical Daily Exchange Rates Of The Australian Dollar Against:","Australian Dollar Trade-weighted Index"
"11555","FXRTWI","Trade-weighted Index May 1970 = 100","AUS","AUS",2012-11-21,76.9,"D","Index","Indicative","RBA","Daily","Historical Daily Exchange Rates Of The Australian Dollar Against:","Australian Dollar Trade-weighted Index"
"11556","FXRTWI","Trade-weighted Index May 1970 = 100","AUS","AUS",2012-11-22,77.1,"D","Index","Indicative","RBA","Daily","Historical Daily Exchange Rates Of The Australian Dollar Against:","Australian Dollar Trade-weighted Index"
"11557","FXRTWI","Trade-weighted Index May 1970 = 100","AUS","AUS",2012-11-23,77.1,"D","Index","Indicative","RBA","Daily","Historical Daily Exchange Rates Of The Australian Dollar Against:","Australian Dollar Trade-weighted Index"
"11558","FXRTWI","Trade-weighted Index May 1970 = 100","AUS","AUS",2012-11-26,77.5,"D","Index","Indicative","RBA","Daily","Historical Daily Exchange Rates Of The Australian Dollar Against:","Australian Dollar Trade-weighted Index"
"11559","FXRTWI","Trade-weighted Index May 1970 = 100","AUS","AUS",2012-11-27,77.6,"D","Index","Indicative","RBA","Daily","Historical Daily Exchange Rates Of The Australian Dollar Against:","Australian Dollar Trade-weighted Index"
"11560","FXRTWI","Trade-weighted Index May 1970 = 100","AUS","AUS",2012-11-28,77.4,"D","Index","Indicative","RBA","Daily","Historical Daily Exchange Rates Of The Australian Dollar Against:","Australian Dollar Trade-weighted Index"
"11561","FXRTWI","Trade-weighted Index May 1970 = 100","AUS","AUS",2012-11-29,77.5,"D","Index","Indicative","RBA","Daily","Historical Daily Exchange Rates Of The Australian Dollar Against:","Australian Dollar Trade-weighted Index"
"11562","DLCACS","Credit; Total; Seasonally adjusted","AUS","AUS",2012-11-30,2124.678,"M","$ billion","Seasonally Adjusted","RBA","Monthly","D2 Lending And Credit Aggregates","Credit; Total; Seasonally adjusted – Includes securitisations – For series breaks see Series Breaks"
"11563","FIRMMCRT","Cash Rate Target","AUS","AUS",2012-11-30,3.25,"M","Per cent","Original","RBA","Monthly","F1.1 Interest Rates And Yields - Money Market","Cash Rate Target; monthly average"
"11564","FXRTWI","Trade-weighted Index May 1970 = 100","AUS","AUS",2012-11-30,77.2,"D","Index","Indicative","RBA","Daily","Historical Daily Exchange Rates Of The Australian Dollar Against:","Australian Dollar Trade-weighted Index"
"11565","FXRTWI","Trade-weighted Index May 1970 = 100","AUS","AUS",2012-11-30,77.2,"M","Index","Indicative","RBA","Monthly","F11 Exchange Rates","Australian Dollar Trade-weighted Index"
"11566","GRCPAISDR","Commodity prices – SDR","AUS","AUS",2012-11-30,80.7125383622736,"M","Index, 2023/24=100","Original","RBA","Monthly","I2 Commodity Prices","Index of commodity prices; All items; SDR"
"11567","A124874157C","Business Turnover Index ; Total of 13 in-scope ANZSIC divisions ; Current Price ;","AUS","AUS",2012-12-01,78,"M","Index Numbers","Seasonally Adjusted",NA,"Monthly","Table 01: Business turnover indicator, 13 industry summary - Monthly percentage change and index",NA
"11568","A2302956R","South Australia ; STATE FINAL DEMAND ;","SA","SA",2012-12-01,30174,"Q","$ Millions","Seasonally Adjusted",NA,"Quarterly","Table 25. State Final Demand, Summary Components by State: Chain volume measures",NA
"11569","A2302984X","Western Australia ; STATE FINAL DEMAND ;","WA","WA",2012-12-01,69963,"Q","$ Millions","Seasonally Adjusted",NA,"Quarterly","Table 25. State Final Demand, Summary Components by State: Chain volume measures",NA
"11570","A2303012X","Tasmania ; STATE FINAL DEMAND ;","TAS","TAS",2012-12-01,8916,"Q","$ Millions","Seasonally Adjusted",NA,"Quarterly","Table 25. State Final Demand, Summary Components by State: Chain volume measures",NA
"11571","A2303040J","Northern Territory ; STATE FINAL DEMAND ;","NT","NT",2012-12-01,9495,"Q","$ Millions","Seasonally Adjusted",NA,"Quarterly","Table 25. State Final Demand, Summary Components by State: Chain volume measures",NA
"11572","A2303068K","Australian Capital Territory ; STATE FINAL DEMAND ;","ACT","ACT",2012-12-01,13698,"Q","$ Millions","Seasonally Adjusted",NA,"Quarterly","Table 25. State Final Demand, Summary Components by State: Chain volume measures",NA
"11573","A2303111F","New South Wales ; STATE FINAL DEMAND ;","NSW","NSW",2012-12-01,145271,"Q","$ Millions","Seasonally Adjusted",NA,"Quarterly","Table 25. State Final Demand, Summary Components by State: Chain volume measures",NA
"11574","A2303139J","Victoria ; STATE FINAL DEMAND ;","VIC","VIC",2012-12-01,109116,"Q","$ Millions","Seasonally Adjusted",NA,"Quarterly","Table 25. State Final Demand, Summary Components by State: Chain volume measures",NA
"11575","A2303187A","Queensland ; STATE FINAL DEMAND ;","QLD","QLD",2012-12-01,100322,"Q","$ Millions","Seasonally Adjusted",NA,"Quarterly","Table 25. State Final Demand, Summary Components by State: Chain volume measures",NA
"11576","A2304418T","Gross domestic product: Current prices ;","AUS","AUS",2012-12-01,381842,"Q","$ Millions","Seasonally Adjusted",NA,"Quarterly","Table 1. Key National Accounts Aggregates",NA
"11577","A2325846C","Index Numbers ; All groups CPI ; Australia ;","AUS","AUS",2012-12-01,102,"Q","Index Numbers","Original",NA,"Quarterly","TABLES 1 and 2. CPI: All Groups, Index Numbers and Percentage Changes",NA
"11578","A2718577A","Credits, Total goods ;","AUS","AUS",2012-12-01,20336,"M","$ Millions","Seasonally Adjusted",NA,"Monthly","TABLE 1. GOODS, Summary: Seasonally adjusted and trend estimates, Current prices",NA
"11579","A2718594C","Balance on goods ;","AUS","AUS",2012-12-01,-195,"M","$ Millions","Seasonally Adjusted",NA,"Monthly","TABLE 1. GOODS, Summary: Seasonally adjusted and trend estimates, Current prices",NA
"11580","FXRTWI","Trade-weighted Index May 1970 = 100","AUS","AUS",2012-12-03,77,"D","Index","Indicative","RBA","Daily","Historical Daily Exchange Rates Of The Australian Dollar Against:","Australian Dollar Trade-weighted Index"
"11581","FXRTWI","Trade-weighted Index May 1970 = 100","AUS","AUS",2012-12-04,77.2,"D","Index","Indicative","RBA","Daily","Historical Daily Exchange Rates Of The Australian Dollar Against:","Australian Dollar Trade-weighted Index"
"11582","FXRTWI","Trade-weighted Index May 1970 = 100","AUS","AUS",2012-12-05,77.4,"D","Index","Indicative","RBA","Daily","Historical Daily Exchange Rates Of The Australian Dollar Against:","Australian Dollar Trade-weighted Index"
"11583","FXRTWI","Trade-weighted Index May 1970 = 100","AUS","AUS",2012-12-06,77.3,"D","Index","Indicative","RBA","Daily","Historical Daily Exchange Rates Of The Australian Dollar Against:","Australian Dollar Trade-weighted Index"
"11584","FXRTWI","Trade-weighted Index May 1970 = 100","AUS","AUS",2012-12-07,77.5,"D","Index","Indicative","RBA","Daily","Historical Daily Exchange Rates Of The Australian Dollar Against:","Australian Dollar Trade-weighted Index"
"11585","FXRTWI","Trade-weighted Index May 1970 = 100","AUS","AUS",2012-12-10,77.5,"D","Index","Indicative","RBA","Daily","Historical Daily Exchange Rates Of The Australian Dollar Against:","Australian Dollar Trade-weighted Index"
"11586","FXRTWI","Trade-weighted Index May 1970 = 100","AUS","AUS",2012-12-11,77.5,"D","Index","Indicative","RBA","Daily","Historical Daily Exchange Rates Of The Australian Dollar Against:","Australian Dollar Trade-weighted Index"
"11587","FXRTWI","Trade-weighted Index May 1970 = 100","AUS","AUS",2012-12-12,77.8,"D","Index","Indicative","RBA","Daily","Historical Daily Exchange Rates Of The Australian Dollar Against:","Australian Dollar Trade-weighted Index"
"11588","FXRTWI","Trade-weighted Index May 1970 = 100","AUS","AUS",2012-12-13,78,"D","Index","Indicative","RBA","Daily","Historical Daily Exchange Rates Of The Australian Dollar Against:","Australian Dollar Trade-weighted Index"
"11589","FXRTWI","Trade-weighted Index May 1970 = 100","AUS","AUS",2012-12-14,78,"D","Index","Indicative","RBA","Daily","Historical Daily Exchange Rates Of The Australian Dollar Against:","Australian Dollar Trade-weighted Index"
"11590","FXRTWI","Trade-weighted Index May 1970 = 100","AUS","AUS",2012-12-17,78,"D","Index","Indicative","RBA","Daily","Historical Daily Exchange Rates Of The Australian Dollar Against:","Australian Dollar Trade-weighted Index"
"11591","FXRTWI","Trade-weighted Index May 1970 = 100","AUS","AUS",2012-12-18,77.9,"D","Index","Indicative","RBA","Daily","Historical Daily Exchange Rates Of The Australian Dollar Against:","Australian Dollar Trade-weighted Index"
"11592","FXRTWI","Trade-weighted Index May 1970 = 100","AUS","AUS",2012-12-19,77.7,"D","Index","Indicative","RBA","Daily","Historical Daily Exchange Rates Of The Australian Dollar Against:","Australian Dollar Trade-weighted Index"
"11593","FXRTWI","Trade-weighted Index May 1970 = 100","AUS","AUS",2012-12-20,77.5,"D","Index","Indicative","RBA","Daily","Historical Daily Exchange Rates Of The Australian Dollar Against:","Australian Dollar Trade-weighted Index"
"11594","FXRTWI","Trade-weighted Index May 1970 = 100","AUS","AUS",2012-12-21,77.3,"D","Index","Indicative","RBA","Daily","Historical Daily Exchange Rates Of The Australian Dollar Against:","Australian Dollar Trade-weighted Index"
"11595","FXRTWI","Trade-weighted Index May 1970 = 100","AUS","AUS",2012-12-24,77.1,"D","Index","Indicative","RBA","Daily","Historical Daily Exchange Rates Of The Australian Dollar Against:","Australian Dollar Trade-weighted Index"
"11596","FXRTWI","Trade-weighted Index May 1970 = 100","AUS","AUS",2012-12-27,76.9,"D","Index","Indicative","RBA","Daily","Historical Daily Exchange Rates Of The Australian Dollar Against:","Australian Dollar Trade-weighted Index"
"11597","FXRTWI","Trade-weighted Index May 1970 = 100","AUS","AUS",2012-12-28,77.1,"D","Index","Indicative","RBA","Daily","Historical Daily Exchange Rates Of The Australian Dollar Against:","Australian Dollar Trade-weighted Index"
"11598","DLCACS","Credit; Total; Seasonally adjusted","AUS","AUS",2012-12-31,2132.065,"M","$ billion","Seasonally Adjusted","RBA","Monthly","D2 Lending And Credit Aggregates","Credit; Total; Seasonally adjusted – Includes securitisations – For series breaks see Series Breaks"
"11599","FIRMMCRT","Cash Rate Target","AUS","AUS",2012-12-31,3.0275,"M","Per cent","Original","RBA","Monthly","F1.1 Interest Rates And Yields - Money Market","Cash Rate Target; monthly average"
"11600","FXRTWI","Trade-weighted Index May 1970 = 100","AUS","AUS",2012-12-31,77.1,"D","Index","Indicative","RBA","Daily","Historical Daily Exchange Rates Of The Australian Dollar Against:","Australian Dollar Trade-weighted Index"
"11601","FXRTWI","Trade-weighted Index May 1970 = 100","AUS","AUS",2012-12-31,77.1,"M","Index","Indicative","RBA","Monthly","F11 Exchange Rates","Australian Dollar Trade-weighted Index"
"11602","GCPIOCPMTMQP","Quarterly trimmed mean inflation","AUS","AUS",2012-12-31,0.5,"Q","Per cent","Seasonally Adjusted","ABS","Quarterly","G1 Consumer Price Inflation","Consumer price index; Trimmed mean; Quarterly change (in per cent)"
"11603","GRCPAISDR","Commodity prices – SDR","AUS","AUS",2012-12-31,81.0656846279368,"M","Index, 2023/24=100","Original","RBA","Monthly","I2 Commodity Prices","Index of commodity prices; All items; SDR"
"11604","A124874157C","Business Turnover Index ; Total of 13 in-scope ANZSIC divisions ; Current Price ;","AUS","AUS",2013-01-01,78.8,"M","Index Numbers","Seasonally Adjusted",NA,"Monthly","Table 01: Business turnover indicator, 13 industry summary - Monthly percentage change and index",NA
"11605","A2718577A","Credits, Total goods ;","AUS","AUS",2013-01-01,19999,"M","$ Millions","Seasonally Adjusted",NA,"Monthly","TABLE 1. GOODS, Summary: Seasonally adjusted and trend estimates, Current prices",NA
"11606","A2718594C","Balance on goods ;","AUS","AUS",2013-01-01,-574,"M","$ Millions","Seasonally Adjusted",NA,"Monthly","TABLE 1. GOODS, Summary: Seasonally adjusted and trend estimates, Current prices",NA
"11607","FXRTWI","Trade-weighted Index May 1970 = 100","AUS","AUS",2013-01-02,77.7,"D","Index","Indicative","RBA","Daily","Historical Daily Exchange Rates Of The Australian Dollar Against:","Australian Dollar Trade-weighted Index"
"11608","FXRTWI","Trade-weighted Index May 1970 = 100","AUS","AUS",2013-01-03,78,"D","Index","Indicative","RBA","Daily","Historical Daily Exchange Rates Of The Australian Dollar Against:","Australian Dollar Trade-weighted Index"
"11609","FXRTWI","Trade-weighted Index May 1970 = 100","AUS","AUS",2013-01-04,77.8,"D","Index","Indicative","RBA","Daily","Historical Daily Exchange Rates Of The Australian Dollar Against:","Australian Dollar Trade-weighted Index"
"11610","FXRTWI","Trade-weighted Index May 1970 = 100","AUS","AUS",2013-01-07,78.1,"D","Index","Indicative","RBA","Daily","Historical Daily Exchange Rates Of The Australian Dollar Against:","Australian Dollar Trade-weighted Index"
"11611","FXRTWI","Trade-weighted Index May 1970 = 100","AUS","AUS",2013-01-08,78,"D","Index","Indicative","RBA","Daily","Historical Daily Exchange Rates Of The Australian Dollar Against:","Australian Dollar Trade-weighted Index"
"11612","FXRTWI","Trade-weighted Index May 1970 = 100","AUS","AUS",2013-01-09,78.2,"D","Index","Indicative","RBA","Daily","Historical Daily Exchange Rates Of The Australian Dollar Against:","Australian Dollar Trade-weighted Index"
"11613","FXRTWI","Trade-weighted Index May 1970 = 100","AUS","AUS",2013-01-10,78.6,"D","Index","Indicative","RBA","Daily","Historical Daily Exchange Rates Of The Australian Dollar Against:","Australian Dollar Trade-weighted Index"
"11614","FXRTWI","Trade-weighted Index May 1970 = 100","AUS","AUS",2013-01-11,78.7,"D","Index","Indicative","RBA","Daily","Historical Daily Exchange Rates Of The Australian Dollar Against:","Australian Dollar Trade-weighted Index"
"11615","FXRTWI","Trade-weighted Index May 1970 = 100","AUS","AUS",2013-01-14,78.5,"D","Index","Indicative","RBA","Daily","Historical Daily Exchange Rates Of The Australian Dollar Against:","Australian Dollar Trade-weighted Index"
"11616","FXRTWI","Trade-weighted Index May 1970 = 100","AUS","AUS",2013-01-15,78.3,"D","Index","Indicative","RBA","Daily","Historical Daily Exchange Rates Of The Australian Dollar Against:","Australian Dollar Trade-weighted Index"
"11617","FXRTWI","Trade-weighted Index May 1970 = 100","AUS","AUS",2013-01-16,78.5,"D","Index","Indicative","RBA","Daily","Historical Daily Exchange Rates Of The Australian Dollar Against:","Australian Dollar Trade-weighted Index"
"11618","FXRTWI","Trade-weighted Index May 1970 = 100","AUS","AUS",2013-01-17,78.1,"D","Index","Indicative","RBA","Daily","Historical Daily Exchange Rates Of The Australian Dollar Against:","Australian Dollar Trade-weighted Index"
"11619","FXRTWI","Trade-weighted Index May 1970 = 100","AUS","AUS",2013-01-18,78.2,"D","Index","Indicative","RBA","Daily","Historical Daily Exchange Rates Of The Australian Dollar Against:","Australian Dollar Trade-weighted Index"
"11620","FXRTWI","Trade-weighted Index May 1970 = 100","AUS","AUS",2013-01-21,78.3,"D","Index","Indicative","RBA","Daily","Historical Daily Exchange Rates Of The Australian Dollar Against:","Australian Dollar Trade-weighted Index"
"11621","FXRTWI","Trade-weighted Index May 1970 = 100","AUS","AUS",2013-01-22,78.5,"D","Index","Indicative","RBA","Daily","Historical Daily Exchange Rates Of The Australian Dollar Against:","Australian Dollar Trade-weighted Index"
"11622","FXRTWI","Trade-weighted Index May 1970 = 100","AUS","AUS",2013-01-23,78.3,"D","Index","Indicative","RBA","Daily","Historical Daily Exchange Rates Of The Australian Dollar Against:","Australian Dollar Trade-weighted Index"
"11623","FXRTWI","Trade-weighted Index May 1970 = 100","AUS","AUS",2013-01-24,78.3,"D","Index","Indicative","RBA","Daily","Historical Daily Exchange Rates Of The Australian Dollar Against:","Australian Dollar Trade-weighted Index"
"11624","FXRTWI","Trade-weighted Index May 1970 = 100","AUS","AUS",2013-01-25,78,"D","Index","Indicative","RBA","Daily","Historical Daily Exchange Rates Of The Australian Dollar Against:","Australian Dollar Trade-weighted Index"
"11625","FXRTWI","Trade-weighted Index May 1970 = 100","AUS","AUS",2013-01-29,78.1,"D","Index","Indicative","RBA","Daily","Historical Daily Exchange Rates Of The Australian Dollar Against:","Australian Dollar Trade-weighted Index"
"11626","FXRTWI","Trade-weighted Index May 1970 = 100","AUS","AUS",2013-01-30,78.3,"D","Index","Indicative","RBA","Daily","Historical Daily Exchange Rates Of The Australian Dollar Against:","Australian Dollar Trade-weighted Index"
"11627","DLCACS","Credit; Total; Seasonally adjusted","AUS","AUS",2013-01-31,2136.593,"M","$ billion","Seasonally Adjusted","RBA","Monthly","D2 Lending And Credit Aggregates","Credit; Total; Seasonally adjusted – Includes securitisations – For series breaks see Series Breaks"
"11628","FIRMMCRT","Cash Rate Target","AUS","AUS",2013-01-31,3,"M","Per cent","Original","RBA","Monthly","F1.1 Interest Rates And Yields - Money Market","Cash Rate Target; monthly average"
"11629","FXRTWI","Trade-weighted Index May 1970 = 100","AUS","AUS",2013-01-31,77.7,"D","Index","Indicative","RBA","Daily","Historical Daily Exchange Rates Of The Australian Dollar Against:","Australian Dollar Trade-weighted Index"
"11630","FXRTWI","Trade-weighted Index May 1970 = 100","AUS","AUS",2013-01-31,77.7,"M","Index","Indicative","RBA","Monthly","F11 Exchange Rates","Australian Dollar Trade-weighted Index"
"11631","GRCPAISDR","Commodity prices – SDR","AUS","AUS",2013-01-31,85.8626261763675,"M","Index, 2023/24=100","Original","RBA","Monthly","I2 Commodity Prices","Index of commodity prices; All items; SDR"
"11632","A124874157C","Business Turnover Index ; Total of 13 in-scope ANZSIC divisions ; Current Price ;","AUS","AUS",2013-02-01,78.9,"M","Index Numbers","Seasonally Adjusted",NA,"Monthly","Table 01: Business turnover indicator, 13 industry summary - Monthly percentage change and index",NA
"11633","A2718577A","Credits, Total goods ;","AUS","AUS",2013-02-01,20541,"M","$ Millions","Seasonally Adjusted",NA,"Monthly","TABLE 1. GOODS, Summary: Seasonally adjusted and trend estimates, Current prices",NA
"11634","A2718594C","Balance on goods ;","AUS","AUS",2013-02-01,-314,"M","$ Millions","Seasonally Adjusted",NA,"Monthly","TABLE 1. GOODS, Summary: Seasonally adjusted and trend estimates, Current prices",NA
"11635","FXRTWI","Trade-weighted Index May 1970 = 100","AUS","AUS",2013-02-01,77.8,"D","Index","Indicative","RBA","Daily","Historical Daily Exchange Rates Of The Australian Dollar Against:","Australian Dollar Trade-weighted Index"
"11636","FXRTWI","Trade-weighted Index May 1970 = 100","AUS","AUS",2013-02-04,78,"D","Index","Indicative","RBA","Daily","Historical Daily Exchange Rates Of The Australian Dollar Against:","Australian Dollar Trade-weighted Index"
"11637","FXRTWI","Trade-weighted Index May 1970 = 100","AUS","AUS",2013-02-05,77.9,"D","Index","Indicative","RBA","Daily","Historical Daily Exchange Rates Of The Australian Dollar Against:","Australian Dollar Trade-weighted Index"
"11638","FXRTWI","Trade-weighted Index May 1970 = 100","AUS","AUS",2013-02-06,77.7,"D","Index","Indicative","RBA","Daily","Historical Daily Exchange Rates Of The Australian Dollar Against:","Australian Dollar Trade-weighted Index"
"11639","FXRTWI","Trade-weighted Index May 1970 = 100","AUS","AUS",2013-02-07,77.5,"D","Index","Indicative","RBA","Daily","Historical Daily Exchange Rates Of The Australian Dollar Against:","Australian Dollar Trade-weighted Index"
"11640","FXRTWI","Trade-weighted Index May 1970 = 100","AUS","AUS",2013-02-08,77.3,"D","Index","Indicative","RBA","Daily","Historical Daily Exchange Rates Of The Australian Dollar Against:","Australian Dollar Trade-weighted Index"
"11641","FXRTWI","Trade-weighted Index May 1970 = 100","AUS","AUS",2013-02-11,77.4,"D","Index","Indicative","RBA","Daily","Historical Daily Exchange Rates Of The Australian Dollar Against:","Australian Dollar Trade-weighted Index"
"11642","FXRTWI","Trade-weighted Index May 1970 = 100","AUS","AUS",2013-02-12,77.2,"D","Index","Indicative","RBA","Daily","Historical Daily Exchange Rates Of The Australian Dollar Against:","Australian Dollar Trade-weighted Index"
"11643","FXRTWI","Trade-weighted Index May 1970 = 100","AUS","AUS",2013-02-13,77.7,"D","Index","Indicative","RBA","Daily","Historical Daily Exchange Rates Of The Australian Dollar Against:","Australian Dollar Trade-weighted Index"
"11644","FXRTWI","Trade-weighted Index May 1970 = 100","AUS","AUS",2013-02-14,77.8,"D","Index","Indicative","RBA","Daily","Historical Daily Exchange Rates Of The Australian Dollar Against:","Australian Dollar Trade-weighted Index"
"11645","FXRTWI","Trade-weighted Index May 1970 = 100","AUS","AUS",2013-02-15,77.7,"D","Index","Indicative","RBA","Daily","Historical Daily Exchange Rates Of The Australian Dollar Against:","Australian Dollar Trade-weighted Index"
"11646","FXRTWI","Trade-weighted Index May 1970 = 100","AUS","AUS",2013-02-18,77.5,"D","Index","Indicative","RBA","Daily","Historical Daily Exchange Rates Of The Australian Dollar Against:","Australian Dollar Trade-weighted Index"
"11647","FXRTWI","Trade-weighted Index May 1970 = 100","AUS","AUS",2013-02-19,77.8,"D","Index","Indicative","RBA","Daily","Historical Daily Exchange Rates Of The Australian Dollar Against:","Australian Dollar Trade-weighted Index"
"11648","FXRTWI","Trade-weighted Index May 1970 = 100","AUS","AUS",2013-02-20,77.9,"D","Index","Indicative","RBA","Daily","Historical Daily Exchange Rates Of The Australian Dollar Against:","Australian Dollar Trade-weighted Index"
"11649","FXRTWI","Trade-weighted Index May 1970 = 100","AUS","AUS",2013-02-21,77.3,"D","Index","Indicative","RBA","Daily","Historical Daily Exchange Rates Of The Australian Dollar Against:","Australian Dollar Trade-weighted Index"
"11650","FXRTWI","Trade-weighted Index May 1970 = 100","AUS","AUS",2013-02-22,77.8,"D","Index","Indicative","RBA","Daily","Historical Daily Exchange Rates Of The Australian Dollar Against:","Australian Dollar Trade-weighted Index"
"11651","FXRTWI","Trade-weighted Index May 1970 = 100","AUS","AUS",2013-02-25,77.7,"D","Index","Indicative","RBA","Daily","Historical Daily Exchange Rates Of The Australian Dollar Against:","Australian Dollar Trade-weighted Index"
"11652","FXRTWI","Trade-weighted Index May 1970 = 100","AUS","AUS",2013-02-26,77.4,"D","Index","Indicative","RBA","Daily","Historical Daily Exchange Rates Of The Australian Dollar Against:","Australian Dollar Trade-weighted Index"
"11653","FXRTWI","Trade-weighted Index May 1970 = 100","AUS","AUS",2013-02-27,77,"D","Index","Indicative","RBA","Daily","Historical Daily Exchange Rates Of The Australian Dollar Against:","Australian Dollar Trade-weighted Index"
"11654","DLCACS","Credit; Total; Seasonally adjusted","AUS","AUS",2013-02-28,2140.863,"M","$ billion","Seasonally Adjusted","RBA","Monthly","D2 Lending And Credit Aggregates","Credit; Total; Seasonally adjusted – Includes securitisations – For series breaks see Series Breaks"
"11655","FIRMMCRT","Cash Rate Target","AUS","AUS",2013-02-28,3,"M","Per cent","Original","RBA","Monthly","F1.1 Interest Rates And Yields - Money Market","Cash Rate Target; monthly average"
"11656","FXRTWI","Trade-weighted Index May 1970 = 100","AUS","AUS",2013-02-28,77.4,"D","Index","Indicative","RBA","Daily","Historical Daily Exchange Rates Of The Australian Dollar Against:","Australian Dollar Trade-weighted Index"
"11657","FXRTWI","Trade-weighted Index May 1970 = 100","AUS","AUS",2013-02-28,77.4,"M","Index","Indicative","RBA","Monthly","F11 Exchange Rates","Australian Dollar Trade-weighted Index"
"11658","GRCPAISDR","Commodity prices – SDR","AUS","AUS",2013-02-28,87.7985692629224,"M","Index, 2023/24=100","Original","RBA","Monthly","I2 Commodity Prices","Index of commodity prices; All items; SDR"
"11659","A124874157C","Business Turnover Index ; Total of 13 in-scope ANZSIC divisions ; Current Price ;","AUS","AUS",2013-03-01,77.5,"M","Index Numbers","Seasonally Adjusted",NA,"Monthly","Table 01: Business turnover indicator, 13 industry summary - Monthly percentage change and index",NA
"11660","A2302956R","South Australia ; STATE FINAL DEMAND ;","SA","SA",2013-03-01,30334,"Q","$ Millions","Seasonally Adjusted",NA,"Quarterly","Table 25. State Final Demand, Summary Components by State: Chain volume measures",NA
"11661","A2302984X","Western Australia ; STATE FINAL DEMAND ;","WA","WA",2013-03-01,67399,"Q","$ Millions","Seasonally Adjusted",NA,"Quarterly","Table 25. State Final Demand, Summary Components by State: Chain volume measures",NA
"11662","A2303012X","Tasmania ; STATE FINAL DEMAND ;","TAS","TAS",2013-03-01,8903,"Q","$ Millions","Seasonally Adjusted",NA,"Quarterly","Table 25. State Final Demand, Summary Components by State: Chain volume measures",NA
"11663","A2303040J","Northern Territory ; STATE FINAL DEMAND ;","NT","NT",2013-03-01,9123,"Q","$ Millions","Seasonally Adjusted",NA,"Quarterly","Table 25. State Final Demand, Summary Components by State: Chain volume measures",NA
"11664","A2303068K","Australian Capital Territory ; STATE FINAL DEMAND ;","ACT","ACT",2013-03-01,14121,"Q","$ Millions","Seasonally Adjusted",NA,"Quarterly","Table 25. State Final Demand, Summary Components by State: Chain volume measures",NA
"11665","A2303111F","New South Wales ; STATE FINAL DEMAND ;","NSW","NSW",2013-03-01,144536,"Q","$ Millions","Seasonally Adjusted",NA,"Quarterly","Table 25. State Final Demand, Summary Components by State: Chain volume measures",NA
"11666","A2303139J","Victoria ; STATE FINAL DEMAND ;","VIC","VIC",2013-03-01,111295,"Q","$ Millions","Seasonally Adjusted",NA,"Quarterly","Table 25. State Final Demand, Summary Components by State: Chain volume measures",NA
"11667","A2303187A","Queensland ; STATE FINAL DEMAND ;","QLD","QLD",2013-03-01,100925,"Q","$ Millions","Seasonally Adjusted",NA,"Quarterly","Table 25. State Final Demand, Summary Components by State: Chain volume measures",NA
"11668","A2304418T","Gross domestic product: Current prices ;","AUS","AUS",2013-03-01,385598,"Q","$ Millions","Seasonally Adjusted",NA,"Quarterly","Table 1. Key National Accounts Aggregates",NA
"11669","A2325846C","Index Numbers ; All groups CPI ; Australia ;","AUS","AUS",2013-03-01,102.4,"Q","Index Numbers","Original",NA,"Quarterly","TABLES 1 and 2. CPI: All Groups, Index Numbers and Percentage Changes",NA
"11670","A2718577A","Credits, Total goods ;","AUS","AUS",2013-03-01,21189,"M","$ Millions","Seasonally Adjusted",NA,"Monthly","TABLE 1. GOODS, Summary: Seasonally adjusted and trend estimates, Current prices",NA
"11671","A2718594C","Balance on goods ;","AUS","AUS",2013-03-01,611,"M","$ Millions","Seasonally Adjusted",NA,"Monthly","TABLE 1. GOODS, Summary: Seasonally adjusted and trend estimates, Current prices",NA
"11672","FXRTWI","Trade-weighted Index May 1970 = 100","AUS","AUS",2013-03-01,77.2,"D","Index","Indicative","RBA","Daily","Historical Daily Exchange Rates Of The Australian Dollar Against:","Australian Dollar Trade-weighted Index"
"11673","FXRTWI","Trade-weighted Index May 1970 = 100","AUS","AUS",2013-03-04,76.7,"D","Index","Indicative","RBA","Daily","Historical Daily Exchange Rates Of The Australian Dollar Against:","Australian Dollar Trade-weighted Index"
"11674","FXRTWI","Trade-weighted Index May 1970 = 100","AUS","AUS",2013-03-05,77.4,"D","Index","Indicative","RBA","Daily","Historical Daily Exchange Rates Of The Australian Dollar Against:","Australian Dollar Trade-weighted Index"
"11675","FXRTWI","Trade-weighted Index May 1970 = 100","AUS","AUS",2013-03-06,77.6,"D","Index","Indicative","RBA","Daily","Historical Daily Exchange Rates Of The Australian Dollar Against:","Australian Dollar Trade-weighted Index"
"11676","FXRTWI","Trade-weighted Index May 1970 = 100","AUS","AUS",2013-03-07,77.6,"D","Index","Indicative","RBA","Daily","Historical Daily Exchange Rates Of The Australian Dollar Against:","Australian Dollar Trade-weighted Index"
"11677","FXRTWI","Trade-weighted Index May 1970 = 100","AUS","AUS",2013-03-08,77.7,"D","Index","Indicative","RBA","Daily","Historical Daily Exchange Rates Of The Australian Dollar Against:","Australian Dollar Trade-weighted Index"
"11678","FXRTWI","Trade-weighted Index May 1970 = 100","AUS","AUS",2013-03-11,77.7,"D","Index","Indicative","RBA","Daily","Historical Daily Exchange Rates Of The Australian Dollar Against:","Australian Dollar Trade-weighted Index"
"11679","FXRTWI","Trade-weighted Index May 1970 = 100","AUS","AUS",2013-03-12,78.2,"D","Index","Indicative","RBA","Daily","Historical Daily Exchange Rates Of The Australian Dollar Against:","Australian Dollar Trade-weighted Index"
"11680","FXRTWI","Trade-weighted Index May 1970 = 100","AUS","AUS",2013-03-13,78.3,"D","Index","Indicative","RBA","Daily","Historical Daily Exchange Rates Of The Australian Dollar Against:","Australian Dollar Trade-weighted Index"
"11681","FXRTWI","Trade-weighted Index May 1970 = 100","AUS","AUS",2013-03-14,78.9,"D","Index","Indicative","RBA","Daily","Historical Daily Exchange Rates Of The Australian Dollar Against:","Australian Dollar Trade-weighted Index"
"11682","FXRTWI","Trade-weighted Index May 1970 = 100","AUS","AUS",2013-03-15,78.9,"D","Index","Indicative","RBA","Daily","Historical Daily Exchange Rates Of The Australian Dollar Against:","Australian Dollar Trade-weighted Index"
"11683","FXRTWI","Trade-weighted Index May 1970 = 100","AUS","AUS",2013-03-18,78.8,"D","Index","Indicative","RBA","Daily","Historical Daily Exchange Rates Of The Australian Dollar Against:","Australian Dollar Trade-weighted Index"
"11684","FXRTWI","Trade-weighted Index May 1970 = 100","AUS","AUS",2013-03-19,78.9,"D","Index","Indicative","RBA","Daily","Historical Daily Exchange Rates Of The Australian Dollar Against:","Australian Dollar Trade-weighted Index"
"11685","FXRTWI","Trade-weighted Index May 1970 = 100","AUS","AUS",2013-03-20,78.9,"D","Index","Indicative","RBA","Daily","Historical Daily Exchange Rates Of The Australian Dollar Against:","Australian Dollar Trade-weighted Index"
"11686","FXRTWI","Trade-weighted Index May 1970 = 100","AUS","AUS",2013-03-21,78.9,"D","Index","Indicative","RBA","Daily","Historical Daily Exchange Rates Of The Australian Dollar Against:","Australian Dollar Trade-weighted Index"
"11687","FXRTWI","Trade-weighted Index May 1970 = 100","AUS","AUS",2013-03-22,79.2,"D","Index","Indicative","RBA","Daily","Historical Daily Exchange Rates Of The Australian Dollar Against:","Australian Dollar Trade-weighted Index"
"11688","FXRTWI","Trade-weighted Index May 1970 = 100","AUS","AUS",2013-03-25,79.2,"D","Index","Indicative","RBA","Daily","Historical Daily Exchange Rates Of The Australian Dollar Against:","Australian Dollar Trade-weighted Index"
"11689","FXRTWI","Trade-weighted Index May 1970 = 100","AUS","AUS",2013-03-26,79.3,"D","Index","Indicative","RBA","Daily","Historical Daily Exchange Rates Of The Australian Dollar Against:","Australian Dollar Trade-weighted Index"
"11690","FXRTWI","Trade-weighted Index May 1970 = 100","AUS","AUS",2013-03-27,79.4,"D","Index","Indicative","RBA","Daily","Historical Daily Exchange Rates Of The Australian Dollar Against:","Australian Dollar Trade-weighted Index"
"11691","FXRTWI","Trade-weighted Index May 1970 = 100","AUS","AUS",2013-03-28,79.1,"D","Index","Indicative","RBA","Daily","Historical Daily Exchange Rates Of The Australian Dollar Against:","Australian Dollar Trade-weighted Index"
"11692","FXRTWI","Trade-weighted Index May 1970 = 100","AUS","AUS",2013-03-29,79.1,"M","Index","Indicative","RBA","Monthly","F11 Exchange Rates","Australian Dollar Trade-weighted Index"
"11693","DLCACS","Credit; Total; Seasonally adjusted","AUS","AUS",2013-03-31,2146.611,"M","$ billion","Seasonally Adjusted","RBA","Monthly","D2 Lending And Credit Aggregates","Credit; Total; Seasonally adjusted – Includes securitisations – For series breaks see Series Breaks"
"11694","FIRMMCRT","Cash Rate Target","AUS","AUS",2013-03-31,3,"M","Per cent","Original","RBA","Monthly","F1.1 Interest Rates And Yields - Money Market","Cash Rate Target; monthly average"
"11695","GCPIOCPMTMQP","Quarterly trimmed mean inflation","AUS","AUS",2013-03-31,0.5,"Q","Per cent","Seasonally Adjusted","ABS","Quarterly","G1 Consumer Price Inflation","Consumer price index; Trimmed mean; Quarterly change (in per cent)"
"11696","GRCPAISDR","Commodity prices – SDR","AUS","AUS",2013-03-31,87.5620964712858,"M","Index, 2023/24=100","Original","RBA","Monthly","I2 Commodity Prices","Index of commodity prices; All items; SDR"
"11697","A124874157C","Business Turnover Index ; Total of 13 in-scope ANZSIC divisions ; Current Price ;","AUS","AUS",2013-04-01,78.1,"M","Index Numbers","Seasonally Adjusted",NA,"Monthly","Table 01: Business turnover indicator, 13 industry summary - Monthly percentage change and index",NA
"11698","A2718577A","Credits, Total goods ;","AUS","AUS",2013-04-01,21084,"M","$ Millions","Seasonally Adjusted",NA,"Monthly","TABLE 1. GOODS, Summary: Seasonally adjusted and trend estimates, Current prices",NA
"11699","A2718594C","Balance on goods ;","AUS","AUS",2013-04-01,462,"M","$ Millions","Seasonally Adjusted",NA,"Monthly","TABLE 1. GOODS, Summary: Seasonally adjusted and trend estimates, Current prices",NA
"11700","FXRTWI","Trade-weighted Index May 1970 = 100","AUS","AUS",2013-04-02,79,"D","Index","Indicative","RBA","Daily","Historical Daily Exchange Rates Of The Australian Dollar Against:","Australian Dollar Trade-weighted Index"
"11701","FXRTWI","Trade-weighted Index May 1970 = 100","AUS","AUS",2013-04-03,79.2,"D","Index","Indicative","RBA","Daily","Historical Daily Exchange Rates Of The Australian Dollar Against:","Australian Dollar Trade-weighted Index"
"11702","FXRTWI","Trade-weighted Index May 1970 = 100","AUS","AUS",2013-04-04,79.3,"D","Index","Indicative","RBA","Daily","Historical Daily Exchange Rates Of The Australian Dollar Against:","Australian Dollar Trade-weighted Index"
"11703","FXRTWI","Trade-weighted Index May 1970 = 100","AUS","AUS",2013-04-05,79.2,"D","Index","Indicative","RBA","Daily","Historical Daily Exchange Rates Of The Australian Dollar Against:","Australian Dollar Trade-weighted Index"
"11704","FXRTWI","Trade-weighted Index May 1970 = 100","AUS","AUS",2013-04-08,79.1,"D","Index","Indicative","RBA","Daily","Historical Daily Exchange Rates Of The Australian Dollar Against:","Australian Dollar Trade-weighted Index"
"11705","FXRTWI","Trade-weighted Index May 1970 = 100","AUS","AUS",2013-04-09,79.5,"D","Index","Indicative","RBA","Daily","Historical Daily Exchange Rates Of The Australian Dollar Against:","Australian Dollar Trade-weighted Index"
"11706","FXRTWI","Trade-weighted Index May 1970 = 100","AUS","AUS",2013-04-10,79.9,"D","Index","Indicative","RBA","Daily","Historical Daily Exchange Rates Of The Australian Dollar Against:","Australian Dollar Trade-weighted Index"
"11707","FXRTWI","Trade-weighted Index May 1970 = 100","AUS","AUS",2013-04-11,80,"D","Index","Indicative","RBA","Daily","Historical Daily Exchange Rates Of The Australian Dollar Against:","Australian Dollar Trade-weighted Index"
"11708","FXRTWI","Trade-weighted Index May 1970 = 100","AUS","AUS",2013-04-12,80.2,"D","Index","Indicative","RBA","Daily","Historical Daily Exchange Rates Of The Australian Dollar Against:","Australian Dollar Trade-weighted Index"
"11709","FXRTWI","Trade-weighted Index May 1970 = 100","AUS","AUS",2013-04-15,79.3,"D","Index","Indicative","RBA","Daily","Historical Daily Exchange Rates Of The Australian Dollar Against:","Australian Dollar Trade-weighted Index"
"11710","FXRTWI","Trade-weighted Index May 1970 = 100","AUS","AUS",2013-04-16,78.5,"D","Index","Indicative","RBA","Daily","Historical Daily Exchange Rates Of The Australian Dollar Against:","Australian Dollar Trade-weighted Index"
"11711","FXRTWI","Trade-weighted Index May 1970 = 100","AUS","AUS",2013-04-17,78.4,"D","Index","Indicative","RBA","Daily","Historical Daily Exchange Rates Of The Australian Dollar Against:","Australian Dollar Trade-weighted Index"
"11712","FXRTWI","Trade-weighted Index May 1970 = 100","AUS","AUS",2013-04-18,78.2,"D","Index","Indicative","RBA","Daily","Historical Daily Exchange Rates Of The Australian Dollar Against:","Australian Dollar Trade-weighted Index"
"11713","FXRTWI","Trade-weighted Index May 1970 = 100","AUS","AUS",2013-04-19,78.4,"D","Index","Indicative","RBA","Daily","Historical Daily Exchange Rates Of The Australian Dollar Against:","Australian Dollar Trade-weighted Index"
"11714","FXRTWI","Trade-weighted Index May 1970 = 100","AUS","AUS",2013-04-22,78.3,"D","Index","Indicative","RBA","Daily","Historical Daily Exchange Rates Of The Australian Dollar Against:","Australian Dollar Trade-weighted Index"
"11715","FXRTWI","Trade-weighted Index May 1970 = 100","AUS","AUS",2013-04-23,77.8,"D","Index","Indicative","RBA","Daily","Historical Daily Exchange Rates Of The Australian Dollar Against:","Australian Dollar Trade-weighted Index"
"11716","FXRTWI","Trade-weighted Index May 1970 = 100","AUS","AUS",2013-04-24,78,"D","Index","Indicative","RBA","Daily","Historical Daily Exchange Rates Of The Australian Dollar Against:","Australian Dollar Trade-weighted Index"
"11717","FXRTWI","Trade-weighted Index May 1970 = 100","AUS","AUS",2013-04-26,78.2,"D","Index","Indicative","RBA","Daily","Historical Daily Exchange Rates Of The Australian Dollar Against:","Australian Dollar Trade-weighted Index"
"11718","FXRTWI","Trade-weighted Index May 1970 = 100","AUS","AUS",2013-04-29,78,"D","Index","Indicative","RBA","Daily","Historical Daily Exchange Rates Of The Australian Dollar Against:","Australian Dollar Trade-weighted Index"
"11719","DLCACS","Credit; Total; Seasonally adjusted","AUS","AUS",2013-04-30,2153.927,"M","$ billion","Seasonally Adjusted","RBA","Monthly","D2 Lending And Credit Aggregates","Credit; Total; Seasonally adjusted – Includes securitisations – For series breaks see Series Breaks"
"11720","FIRMMCRT","Cash Rate Target","AUS","AUS",2013-04-30,3,"M","Per cent","Original","RBA","Monthly","F1.1 Interest Rates And Yields - Money Market","Cash Rate Target; monthly average"
"11721","FXRTWI","Trade-weighted Index May 1970 = 100","AUS","AUS",2013-04-30,78.4,"D","Index","Indicative","RBA","Daily","Historical Daily Exchange Rates Of The Australian Dollar Against:","Australian Dollar Trade-weighted Index"
"11722","FXRTWI","Trade-weighted Index May 1970 = 100","AUS","AUS",2013-04-30,78.4,"M","Index","Indicative","RBA","Monthly","F11 Exchange Rates","Australian Dollar Trade-weighted Index"
"11723","GRCPAISDR","Commodity prices – SDR","AUS","AUS",2013-04-30,86.6089745042297,"M","Index, 2023/24=100","Original","RBA","Monthly","I2 Commodity Prices","Index of commodity prices; All items; SDR"
"11724","A124874157C","Business Turnover Index ; Total of 13 in-scope ANZSIC divisions ; Current Price ;","AUS","AUS",2013-05-01,78.7,"M","Index Numbers","Seasonally Adjusted",NA,"Monthly","Table 01: Business turnover indicator, 13 industry summary - Monthly percentage change and index",NA
"11725","A2718577A","Credits, Total goods ;","AUS","AUS",2013-05-01,22031,"M","$ Millions","Seasonally Adjusted",NA,"Monthly","TABLE 1. GOODS, Summary: Seasonally adjusted and trend estimates, Current prices",NA
"11726","A2718594C","Balance on goods ;","AUS","AUS",2013-05-01,877,"M","$ Millions","Seasonally Adjusted",NA,"Monthly","TABLE 1. GOODS, Summary: Seasonally adjusted and trend estimates, Current prices",NA
"11727","FXRTWI","Trade-weighted Index May 1970 = 100","AUS","AUS",2013-05-01,78.2,"D","Index","Indicative","RBA","Daily","Historical Daily Exchange Rates Of The Australian Dollar Against:","Australian Dollar Trade-weighted Index"
"11728","FXRTWI","Trade-weighted Index May 1970 = 100","AUS","AUS",2013-05-02,77.2,"D","Index","Indicative","RBA","Daily","Historical Daily Exchange Rates Of The Australian Dollar Against:","Australian Dollar Trade-weighted Index"
"11729","FXRTWI","Trade-weighted Index May 1970 = 100","AUS","AUS",2013-05-03,77.7,"D","Index","Indicative","RBA","Daily","Historical Daily Exchange Rates Of The Australian Dollar Against:","Australian Dollar Trade-weighted Index"
"11730","FXRTWI","Trade-weighted Index May 1970 = 100","AUS","AUS",2013-05-06,77.8,"D","Index","Indicative","RBA","Daily","Historical Daily Exchange Rates Of The Australian Dollar Against:","Australian Dollar Trade-weighted Index"
"11731","FXRTWI","Trade-weighted Index May 1970 = 100","AUS","AUS",2013-05-07,77.1,"D","Index","Indicative","RBA","Daily","Historical Daily Exchange Rates Of The Australian Dollar Against:","Australian Dollar Trade-weighted Index"
"11732","FXRTWI","Trade-weighted Index May 1970 = 100","AUS","AUS",2013-05-08,77.1,"D","Index","Indicative","RBA","Daily","Historical Daily Exchange Rates Of The Australian Dollar Against:","Australian Dollar Trade-weighted Index"
"11733","FXRTWI","Trade-weighted Index May 1970 = 100","AUS","AUS",2013-05-09,77.3,"D","Index","Indicative","RBA","Daily","Historical Daily Exchange Rates Of The Australian Dollar Against:","Australian Dollar Trade-weighted Index"
"11734","FXRTWI","Trade-weighted Index May 1970 = 100","AUS","AUS",2013-05-10,76.6,"D","Index","Indicative","RBA","Daily","Historical Daily Exchange Rates Of The Australian Dollar Against:","Australian Dollar Trade-weighted Index"
"11735","FXRTWI","Trade-weighted Index May 1970 = 100","AUS","AUS",2013-05-13,76.3,"D","Index","Indicative","RBA","Daily","Historical Daily Exchange Rates Of The Australian Dollar Against:","Australian Dollar Trade-weighted Index"
"11736","FXRTWI","Trade-weighted Index May 1970 = 100","AUS","AUS",2013-05-14,76.1,"D","Index","Indicative","RBA","Daily","Historical Daily Exchange Rates Of The Australian Dollar Against:","Australian Dollar Trade-weighted Index"
"11737","FXRTWI","Trade-weighted Index May 1970 = 100","AUS","AUS",2013-05-15,75.7,"D","Index","Indicative","RBA","Daily","Historical Daily Exchange Rates Of The Australian Dollar Against:","Australian Dollar Trade-weighted Index"
"11738","FXRTWI","Trade-weighted Index May 1970 = 100","AUS","AUS",2013-05-16,75.5,"D","Index","Indicative","RBA","Daily","Historical Daily Exchange Rates Of The Australian Dollar Against:","Australian Dollar Trade-weighted Index"
"11739","FXRTWI","Trade-weighted Index May 1970 = 100","AUS","AUS",2013-05-17,74.8,"D","Index","Indicative","RBA","Daily","Historical Daily Exchange Rates Of The Australian Dollar Against:","Australian Dollar Trade-weighted Index"
"11740","FXRTWI","Trade-weighted Index May 1970 = 100","AUS","AUS",2013-05-20,75,"D","Index","Indicative","RBA","Daily","Historical Daily Exchange Rates Of The Australian Dollar Against:","Australian Dollar Trade-weighted Index"
"11741","FXRTWI","Trade-weighted Index May 1970 = 100","AUS","AUS",2013-05-21,75.3,"D","Index","Indicative","RBA","Daily","Historical Daily Exchange Rates Of The Australian Dollar Against:","Australian Dollar Trade-weighted Index"
"11742","FXRTWI","Trade-weighted Index May 1970 = 100","AUS","AUS",2013-05-22,74.9,"D","Index","Indicative","RBA","Daily","Historical Daily Exchange Rates Of The Australian Dollar Against:","Australian Dollar Trade-weighted Index"
"11743","FXRTWI","Trade-weighted Index May 1970 = 100","AUS","AUS",2013-05-23,74,"D","Index","Indicative","RBA","Daily","Historical Daily Exchange Rates Of The Australian Dollar Against:","Australian Dollar Trade-weighted Index"
"11744","FXRTWI","Trade-weighted Index May 1970 = 100","AUS","AUS",2013-05-24,74.3,"D","Index","Indicative","RBA","Daily","Historical Daily Exchange Rates Of The Australian Dollar Against:","Australian Dollar Trade-weighted Index"
"11745","FXRTWI","Trade-weighted Index May 1970 = 100","AUS","AUS",2013-05-27,73.8,"D","Index","Indicative","RBA","Daily","Historical Daily Exchange Rates Of The Australian Dollar Against:","Australian Dollar Trade-weighted Index"
"11746","FXRTWI","Trade-weighted Index May 1970 = 100","AUS","AUS",2013-05-28,74.1,"D","Index","Indicative","RBA","Daily","Historical Daily Exchange Rates Of The Australian Dollar Against:","Australian Dollar Trade-weighted Index"
"11747","FXRTWI","Trade-weighted Index May 1970 = 100","AUS","AUS",2013-05-29,73.5,"D","Index","Indicative","RBA","Daily","Historical Daily Exchange Rates Of The Australian Dollar Against:","Australian Dollar Trade-weighted Index"
"11748","FXRTWI","Trade-weighted Index May 1970 = 100","AUS","AUS",2013-05-30,74.2,"D","Index","Indicative","RBA","Daily","Historical Daily Exchange Rates Of The Australian Dollar Against:","Australian Dollar Trade-weighted Index"
"11749","DLCACS","Credit; Total; Seasonally adjusted","AUS","AUS",2013-05-31,2162.001,"M","$ billion","Seasonally Adjusted","RBA","Monthly","D2 Lending And Credit Aggregates","Credit; Total; Seasonally adjusted – Includes securitisations – For series breaks see Series Breaks"
"11750","FIRMMCRT","Cash Rate Target","AUS","AUS",2013-05-31,2.8,"M","Per cent","Original","RBA","Monthly","F1.1 Interest Rates And Yields - Money Market","Cash Rate Target; monthly average"
"11751","FXRTWI","Trade-weighted Index May 1970 = 100","AUS","AUS",2013-05-31,74,"D","Index","Indicative","RBA","Daily","Historical Daily Exchange Rates Of The Australian Dollar Against:","Australian Dollar Trade-weighted Index"
"11752","FXRTWI","Trade-weighted Index May 1970 = 100","AUS","AUS",2013-05-31,74,"M","Index","Indicative","RBA","Monthly","F11 Exchange Rates","Australian Dollar Trade-weighted Index"
"11753","GRCPAISDR","Commodity prices – SDR","AUS","AUS",2013-05-31,84.2527078161165,"M","Index, 2023/24=100","Original","RBA","Monthly","I2 Commodity Prices","Index of commodity prices; All items; SDR"
"11754","A124874157C","Business Turnover Index ; Total of 13 in-scope ANZSIC divisions ; Current Price ;","AUS","AUS",2013-06-01,79.8,"M","Index Numbers","Seasonally Adjusted",NA,"Monthly","Table 01: Business turnover indicator, 13 industry summary - Monthly percentage change and index",NA
"11755","A2302956R","South Australia ; STATE FINAL DEMAND ;","SA","SA",2013-06-01,30210,"Q","$ Millions","Seasonally Adjusted",NA,"Quarterly","Table 25. State Final Demand, Summary Components by State: Chain volume measures",NA
"11756","A2302984X","Western Australia ; STATE FINAL DEMAND ;","WA","WA",2013-06-01,68335,"Q","$ Millions","Seasonally Adjusted",NA,"Quarterly","Table 25. State Final Demand, Summary Components by State: Chain volume measures",NA
"11757","A2303012X","Tasmania ; STATE FINAL DEMAND ;","TAS","TAS",2013-06-01,8807,"Q","$ Millions","Seasonally Adjusted",NA,"Quarterly","Table 25. State Final Demand, Summary Components by State: Chain volume measures",NA
"11758","A2303040J","Northern Territory ; STATE FINAL DEMAND ;","NT","NT",2013-06-01,9075,"Q","$ Millions","Seasonally Adjusted",NA,"Quarterly","Table 25. State Final Demand, Summary Components by State: Chain volume measures",NA
"11759","A2303068K","Australian Capital Territory ; STATE FINAL DEMAND ;","ACT","ACT",2013-06-01,13742,"Q","$ Millions","Seasonally Adjusted",NA,"Quarterly","Table 25. State Final Demand, Summary Components by State: Chain volume measures",NA
"11760","A2303111F","New South Wales ; STATE FINAL DEMAND ;","NSW","NSW",2013-06-01,143770,"Q","$ Millions","Seasonally Adjusted",NA,"Quarterly","Table 25. State Final Demand, Summary Components by State: Chain volume measures",NA
"11761","A2303139J","Victoria ; STATE FINAL DEMAND ;","VIC","VIC",2013-06-01,111203,"Q","$ Millions","Seasonally Adjusted",NA,"Quarterly","Table 25. State Final Demand, Summary Components by State: Chain volume measures",NA
"11762","A2303187A","Queensland ; STATE FINAL DEMAND ;","QLD","QLD",2013-06-01,100353,"Q","$ Millions","Seasonally Adjusted",NA,"Quarterly","Table 25. State Final Demand, Summary Components by State: Chain volume measures",NA
"11763","A2304418T","Gross domestic product: Current prices ;","AUS","AUS",2013-06-01,389846,"Q","$ Millions","Seasonally Adjusted",NA,"Quarterly","Table 1. Key National Accounts Aggregates",NA
"11764","A2325846C","Index Numbers ; All groups CPI ; Australia ;","AUS","AUS",2013-06-01,102.8,"Q","Index Numbers","Original",NA,"Quarterly","TABLES 1 and 2. CPI: All Groups, Index Numbers and Percentage Changes",NA
"11765","A2336320R","New South Wales ; Gross state product: Current prices ;","NSW","NSW",2013-06-01,483366,"Annual","$ Millions","Original",NA,"Annual","Table 1. Gross State Product, Chain volume measures and current prices",NA
"11766","A2336321T","Victoria ; Gross state product: Current prices ;","VIC","VIC",2013-06-01,354590,"Annual","$ Millions","Original",NA,"Annual","Table 1. Gross State Product, Chain volume measures and current prices",NA
"11767","A2336322V","Queensland ; Gross state product: Current prices ;","QLD","QLD",2013-06-01,280897,"Annual","$ Millions","Original",NA,"Annual","Table 1. Gross State Product, Chain volume measures and current prices",NA
"11768","A2336323W","South Australia ; Gross state product: Current prices ;","SA","SA",2013-06-01,94561,"Annual","$ Millions","Original",NA,"Annual","Table 1. Gross State Product, Chain volume measures and current prices",NA
"11769","A2336324X","Western Australia ; Gross state product: Current prices ;","WA","WA",2013-06-01,245777,"Annual","$ Millions","Original",NA,"Annual","Table 1. Gross State Product, Chain volume measures and current prices",NA
"11770","A2336325A","Tasmania ; Gross state product: Current prices ;","TAS","TAS",2013-06-01,25586,"Annual","$ Millions","Original",NA,"Annual","Table 1. Gross State Product, Chain volume measures and current prices",NA
"11771","A2336326C","Northern Territory ; Gross state product: Current prices ;","NT","NT",2013-06-01,21503,"Annual","$ Millions","Original",NA,"Annual","Table 1. Gross State Product, Chain volume measures and current prices",NA
"11772","A2336327F","Australian Capital Territory ; Gross state product: Current prices ;","ACT","ACT",2013-06-01,30993,"Annual","$ Millions","Original",NA,"Annual","Table 1. Gross State Product, Chain volume measures and current prices",NA
"11773","A2718577A","Credits, Total goods ;","AUS","AUS",2013-06-01,21820,"M","$ Millions","Seasonally Adjusted",NA,"Monthly","TABLE 1. GOODS, Summary: Seasonally adjusted and trend estimates, Current prices",NA
"11774","A2718594C","Balance on goods ;","AUS","AUS",2013-06-01,816,"M","$ Millions","Seasonally Adjusted",NA,"Monthly","TABLE 1. GOODS, Summary: Seasonally adjusted and trend estimates, Current prices",NA
"11775","FXRTWI","Trade-weighted Index May 1970 = 100","AUS","AUS",2013-06-03,73.9,"D","Index","Indicative","RBA","Daily","Historical Daily Exchange Rates Of The Australian Dollar Against:","Australian Dollar Trade-weighted Index"
"11776","FXRTWI","Trade-weighted Index May 1970 = 100","AUS","AUS",2013-06-04,74.4,"D","Index","Indicative","RBA","Daily","Historical Daily Exchange Rates Of The Australian Dollar Against:","Australian Dollar Trade-weighted Index"
"11777","FXRTWI","Trade-weighted Index May 1970 = 100","AUS","AUS",2013-06-05,73.5,"D","Index","Indicative","RBA","Daily","Historical Daily Exchange Rates Of The Australian Dollar Against:","Australian Dollar Trade-weighted Index"
"11778","FXRTWI","Trade-weighted Index May 1970 = 100","AUS","AUS",2013-06-06,72.2,"D","Index","Indicative","RBA","Daily","Historical Daily Exchange Rates Of The Australian Dollar Against:","Australian Dollar Trade-weighted Index"
"11779","FXRTWI","Trade-weighted Index May 1970 = 100","AUS","AUS",2013-06-07,72.2,"D","Index","Indicative","RBA","Daily","Historical Daily Exchange Rates Of The Australian Dollar Against:","Australian Dollar Trade-weighted Index"
"11780","FXRTWI","Trade-weighted Index May 1970 = 100","AUS","AUS",2013-06-11,72,"D","Index","Indicative","RBA","Daily","Historical Daily Exchange Rates Of The Australian Dollar Against:","Australian Dollar Trade-weighted Index"
"11781","FXRTWI","Trade-weighted Index May 1970 = 100","AUS","AUS",2013-06-12,71.9,"D","Index","Indicative","RBA","Daily","Historical Daily Exchange Rates Of The Australian Dollar Against:","Australian Dollar Trade-weighted Index"
"11782","FXRTWI","Trade-weighted Index May 1970 = 100","AUS","AUS",2013-06-13,71.9,"D","Index","Indicative","RBA","Daily","Historical Daily Exchange Rates Of The Australian Dollar Against:","Australian Dollar Trade-weighted Index"
"11783","FXRTWI","Trade-weighted Index May 1970 = 100","AUS","AUS",2013-06-14,72.6,"D","Index","Indicative","RBA","Daily","Historical Daily Exchange Rates Of The Australian Dollar Against:","Australian Dollar Trade-weighted Index"
"11784","FXRTWI","Trade-weighted Index May 1970 = 100","AUS","AUS",2013-06-17,73,"D","Index","Indicative","RBA","Daily","Historical Daily Exchange Rates Of The Australian Dollar Against:","Australian Dollar Trade-weighted Index"
"11785","FXRTWI","Trade-weighted Index May 1970 = 100","AUS","AUS",2013-06-18,72.3,"D","Index","Indicative","RBA","Daily","Historical Daily Exchange Rates Of The Australian Dollar Against:","Australian Dollar Trade-weighted Index"
"11786","FXRTWI","Trade-weighted Index May 1970 = 100","AUS","AUS",2013-06-19,72.1,"D","Index","Indicative","RBA","Daily","Historical Daily Exchange Rates Of The Australian Dollar Against:","Australian Dollar Trade-weighted Index"
"11787","FXRTWI","Trade-weighted Index May 1970 = 100","AUS","AUS",2013-06-20,70.8,"D","Index","Indicative","RBA","Daily","Historical Daily Exchange Rates Of The Australian Dollar Against:","Australian Dollar Trade-weighted Index"
"11788","FXRTWI","Trade-weighted Index May 1970 = 100","AUS","AUS",2013-06-21,70.9,"D","Index","Indicative","RBA","Daily","Historical Daily Exchange Rates Of The Australian Dollar Against:","Australian Dollar Trade-weighted Index"
"11789","FXRTWI","Trade-weighted Index May 1970 = 100","AUS","AUS",2013-06-24,70.9,"D","Index","Indicative","RBA","Daily","Historical Daily Exchange Rates Of The Australian Dollar Against:","Australian Dollar Trade-weighted Index"
"11790","FXRTWI","Trade-weighted Index May 1970 = 100","AUS","AUS",2013-06-25,71.2,"D","Index","Indicative","RBA","Daily","Historical Daily Exchange Rates Of The Australian Dollar Against:","Australian Dollar Trade-weighted Index"
"11791","FXRTWI","Trade-weighted Index May 1970 = 100","AUS","AUS",2013-06-26,71.3,"D","Index","Indicative","RBA","Daily","Historical Daily Exchange Rates Of The Australian Dollar Against:","Australian Dollar Trade-weighted Index"
"11792","FXRTWI","Trade-weighted Index May 1970 = 100","AUS","AUS",2013-06-27,71.7,"D","Index","Indicative","RBA","Daily","Historical Daily Exchange Rates Of The Australian Dollar Against:","Australian Dollar Trade-weighted Index"
"11793","FXRTWI","Trade-weighted Index May 1970 = 100","AUS","AUS",2013-06-28,71.4,"D","Index","Indicative","RBA","Daily","Historical Daily Exchange Rates Of The Australian Dollar Against:","Australian Dollar Trade-weighted Index"
"11794","FXRTWI","Trade-weighted Index May 1970 = 100","AUS","AUS",2013-06-28,71.4,"M","Index","Indicative","RBA","Monthly","F11 Exchange Rates","Australian Dollar Trade-weighted Index"
"11795","DLCACS","Credit; Total; Seasonally adjusted","AUS","AUS",2013-06-30,2168.618,"M","$ billion","Seasonally Adjusted","RBA","Monthly","D2 Lending And Credit Aggregates","Credit; Total; Seasonally adjusted – Includes securitisations – For series breaks see Series Breaks"
"11796","FIRMMCRT","Cash Rate Target","AUS","AUS",2013-06-30,2.75,"M","Per cent","Original","RBA","Monthly","F1.1 Interest Rates And Yields - Money Market","Cash Rate Target; monthly average"
"11797","GCPIOCPMTMQP","Quarterly trimmed mean inflation","AUS","AUS",2013-06-30,0.6,"Q","Per cent","Seasonally Adjusted","ABS","Quarterly","G1 Consumer Price Inflation","Consumer price index; Trimmed mean; Quarterly change (in per cent)"
"11798","GRCPAISDR","Commodity prices – SDR","AUS","AUS",2013-06-30,79.6530779292446,"M","Index, 2023/24=100","Original","RBA","Monthly","I2 Commodity Prices","Index of commodity prices; All items; SDR"
"11799","A124874157C","Business Turnover Index ; Total of 13 in-scope ANZSIC divisions ; Current Price ;","AUS","AUS",2013-07-01,79.3,"M","Index Numbers","Seasonally Adjusted",NA,"Monthly","Table 01: Business turnover indicator, 13 industry summary - Monthly percentage change and index",NA
"11800","A2718577A","Credits, Total goods ;","AUS","AUS",2013-07-01,21870,"M","$ Millions","Seasonally Adjusted",NA,"Monthly","TABLE 1. GOODS, Summary: Seasonally adjusted and trend estimates, Current prices",NA
"11801","A2718594C","Balance on goods ;","AUS","AUS",2013-07-01,179,"M","$ Millions","Seasonally Adjusted",NA,"Monthly","TABLE 1. GOODS, Summary: Seasonally adjusted and trend estimates, Current prices",NA
"11802","FXRTWI","Trade-weighted Index May 1970 = 100","AUS","AUS",2013-07-01,70.8,"D","Index","Indicative","RBA","Daily","Historical Daily Exchange Rates Of The Australian Dollar Against:","Australian Dollar Trade-weighted Index"
"11803","FXRTWI","Trade-weighted Index May 1970 = 100","AUS","AUS",2013-07-02,70.7,"D","Index","Indicative","RBA","Daily","Historical Daily Exchange Rates Of The Australian Dollar Against:","Australian Dollar Trade-weighted Index"
"11804","FXRTWI","Trade-weighted Index May 1970 = 100","AUS","AUS",2013-07-03,70.3,"D","Index","Indicative","RBA","Daily","Historical Daily Exchange Rates Of The Australian Dollar Against:","Australian Dollar Trade-weighted Index"
"11805","FXRTWI","Trade-weighted Index May 1970 = 100","AUS","AUS",2013-07-04,70.4,"D","Index","Indicative","RBA","Daily","Historical Daily Exchange Rates Of The Australian Dollar Against:","Australian Dollar Trade-weighted Index"
"11806","FXRTWI","Trade-weighted Index May 1970 = 100","AUS","AUS",2013-07-05,70.7,"D","Index","Indicative","RBA","Daily","Historical Daily Exchange Rates Of The Australian Dollar Against:","Australian Dollar Trade-weighted Index"
"11807","FXRTWI","Trade-weighted Index May 1970 = 100","AUS","AUS",2013-07-08,70.4,"D","Index","Indicative","RBA","Daily","Historical Daily Exchange Rates Of The Australian Dollar Against:","Australian Dollar Trade-weighted Index"
"11808","FXRTWI","Trade-weighted Index May 1970 = 100","AUS","AUS",2013-07-09,70.8,"D","Index","Indicative","RBA","Daily","Historical Daily Exchange Rates Of The Australian Dollar Against:","Australian Dollar Trade-weighted Index"
"11809","FXRTWI","Trade-weighted Index May 1970 = 100","AUS","AUS",2013-07-10,71.2,"D","Index","Indicative","RBA","Daily","Historical Daily Exchange Rates Of The Australian Dollar Against:","Australian Dollar Trade-weighted Index"
"11810","FXRTWI","Trade-weighted Index May 1970 = 100","AUS","AUS",2013-07-11,71.3,"D","Index","Indicative","RBA","Daily","Historical Daily Exchange Rates Of The Australian Dollar Against:","Australian Dollar Trade-weighted Index"
"11811","FXRTWI","Trade-weighted Index May 1970 = 100","AUS","AUS",2013-07-12,70.6,"D","Index","Indicative","RBA","Daily","Historical Daily Exchange Rates Of The Australian Dollar Against:","Australian Dollar Trade-weighted Index"
"11812","FXRTWI","Trade-weighted Index May 1970 = 100","AUS","AUS",2013-07-15,70.1,"D","Index","Indicative","RBA","Daily","Historical Daily Exchange Rates Of The Australian Dollar Against:","Australian Dollar Trade-weighted Index"
"11813","FXRTWI","Trade-weighted Index May 1970 = 100","AUS","AUS",2013-07-16,70.8,"D","Index","Indicative","RBA","Daily","Historical Daily Exchange Rates Of The Australian Dollar Against:","Australian Dollar Trade-weighted Index"
"11814","FXRTWI","Trade-weighted Index May 1970 = 100","AUS","AUS",2013-07-17,70.9,"D","Index","Indicative","RBA","Daily","Historical Daily Exchange Rates Of The Australian Dollar Against:","Australian Dollar Trade-weighted Index"
"11815","FXRTWI","Trade-weighted Index May 1970 = 100","AUS","AUS",2013-07-18,70.7,"D","Index","Indicative","RBA","Daily","Historical Daily Exchange Rates Of The Australian Dollar Against:","Australian Dollar Trade-weighted Index"
"11816","FXRTWI","Trade-weighted Index May 1970 = 100","AUS","AUS",2013-07-19,70.7,"D","Index","Indicative","RBA","Daily","Historical Daily Exchange Rates Of The Australian Dollar Against:","Australian Dollar Trade-weighted Index"
"11817","FXRTWI","Trade-weighted Index May 1970 = 100","AUS","AUS",2013-07-22,70.9,"D","Index","Indicative","RBA","Daily","Historical Daily Exchange Rates Of The Australian Dollar Against:","Australian Dollar Trade-weighted Index"
"11818","FXRTWI","Trade-weighted Index May 1970 = 100","AUS","AUS",2013-07-23,71.1,"D","Index","Indicative","RBA","Daily","Historical Daily Exchange Rates Of The Australian Dollar Against:","Australian Dollar Trade-weighted Index"
"11819","FXRTWI","Trade-weighted Index May 1970 = 100","AUS","AUS",2013-07-24,71.1,"D","Index","Indicative","RBA","Daily","Historical Daily Exchange Rates Of The Australian Dollar Against:","Australian Dollar Trade-weighted Index"
"11820","FXRTWI","Trade-weighted Index May 1970 = 100","AUS","AUS",2013-07-25,70.4,"D","Index","Indicative","RBA","Daily","Historical Daily Exchange Rates Of The Australian Dollar Against:","Australian Dollar Trade-weighted Index"
"11821","FXRTWI","Trade-weighted Index May 1970 = 100","AUS","AUS",2013-07-26,71,"D","Index","Indicative","RBA","Daily","Historical Daily Exchange Rates Of The Australian Dollar Against:","Australian Dollar Trade-weighted Index"
"11822","FXRTWI","Trade-weighted Index May 1970 = 100","AUS","AUS",2013-07-29,70.8,"D","Index","Indicative","RBA","Daily","Historical Daily Exchange Rates Of The Australian Dollar Against:","Australian Dollar Trade-weighted Index"
"11823","FXRTWI","Trade-weighted Index May 1970 = 100","AUS","AUS",2013-07-30,69.6,"D","Index","Indicative","RBA","Daily","Historical Daily Exchange Rates Of The Australian Dollar Against:","Australian Dollar Trade-weighted Index"
"11824","DLCACS","Credit; Total; Seasonally adjusted","AUS","AUS",2013-07-31,2175.377,"M","$ billion","Seasonally Adjusted","RBA","Monthly","D2 Lending And Credit Aggregates","Credit; Total; Seasonally adjusted – Includes securitisations – For series breaks see Series Breaks"
"11825","FIRMMCRT","Cash Rate Target","AUS","AUS",2013-07-31,2.75,"M","Per cent","Original","RBA","Monthly","F1.1 Interest Rates And Yields - Money Market","Cash Rate Target; monthly average"
"11826","FXRTWI","Trade-weighted Index May 1970 = 100","AUS","AUS",2013-07-31,69.4,"D","Index","Indicative","RBA","Daily","Historical Daily Exchange Rates Of The Australian Dollar Against:","Australian Dollar Trade-weighted Index"
"11827","FXRTWI","Trade-weighted Index May 1970 = 100","AUS","AUS",2013-07-31,69.4,"M","Index","Indicative","RBA","Monthly","F11 Exchange Rates","Australian Dollar Trade-weighted Index"
"11828","GRCPAISDR","Commodity prices – SDR","AUS","AUS",2013-07-31,79.842208041781,"M","Index, 2023/24=100","Original","RBA","Monthly","I2 Commodity Prices","Index of commodity prices; All items; SDR"
"11829","A124874157C","Business Turnover Index ; Total of 13 in-scope ANZSIC divisions ; Current Price ;","AUS","AUS",2013-08-01,80.1,"M","Index Numbers","Seasonally Adjusted",NA,"Monthly","Table 01: Business turnover indicator, 13 industry summary - Monthly percentage change and index",NA
"11830","A2718577A","Credits, Total goods ;","AUS","AUS",2013-08-01,22997,"M","$ Millions","Seasonally Adjusted",NA,"Monthly","TABLE 1. GOODS, Summary: Seasonally adjusted and trend estimates, Current prices",NA
"11831","A2718594C","Balance on goods ;","AUS","AUS",2013-08-01,433,"M","$ Millions","Seasonally Adjusted",NA,"Monthly","TABLE 1. GOODS, Summary: Seasonally adjusted and trend estimates, Current prices",NA
"11832","FXRTWI","Trade-weighted Index May 1970 = 100","AUS","AUS",2013-08-01,68.9,"D","Index","Indicative","RBA","Daily","Historical Daily Exchange Rates Of The Australian Dollar Against:","Australian Dollar Trade-weighted Index"
"11833","FXRTWI","Trade-weighted Index May 1970 = 100","AUS","AUS",2013-08-02,68.7,"D","Index","Indicative","RBA","Daily","Historical Daily Exchange Rates Of The Australian Dollar Against:","Australian Dollar Trade-weighted Index"
"11834","FXRTWI","Trade-weighted Index May 1970 = 100","AUS","AUS",2013-08-06,69,"D","Index","Indicative","RBA","Daily","Historical Daily Exchange Rates Of The Australian Dollar Against:","Australian Dollar Trade-weighted Index"
"11835","FXRTWI","Trade-weighted Index May 1970 = 100","AUS","AUS",2013-08-07,68.7,"D","Index","Indicative","RBA","Daily","Historical Daily Exchange Rates Of The Australian Dollar Against:","Australian Dollar Trade-weighted Index"
"11836","FXRTWI","Trade-weighted Index May 1970 = 100","AUS","AUS",2013-08-08,69.4,"D","Index","Indicative","RBA","Daily","Historical Daily Exchange Rates Of The Australian Dollar Against:","Australian Dollar Trade-weighted Index"
"11837","FXRTWI","Trade-weighted Index May 1970 = 100","AUS","AUS",2013-08-09,69.7,"D","Index","Indicative","RBA","Daily","Historical Daily Exchange Rates Of The Australian Dollar Against:","Australian Dollar Trade-weighted Index"
"11838","FXRTWI","Trade-weighted Index May 1970 = 100","AUS","AUS",2013-08-12,70.3,"D","Index","Indicative","RBA","Daily","Historical Daily Exchange Rates Of The Australian Dollar Against:","Australian Dollar Trade-weighted Index"
"11839","FXRTWI","Trade-weighted Index May 1970 = 100","AUS","AUS",2013-08-13,69.9,"D","Index","Indicative","RBA","Daily","Historical Daily Exchange Rates Of The Australian Dollar Against:","Australian Dollar Trade-weighted Index"
"11840","FXRTWI","Trade-weighted Index May 1970 = 100","AUS","AUS",2013-08-14,69.9,"D","Index","Indicative","RBA","Daily","Historical Daily Exchange Rates Of The Australian Dollar Against:","Australian Dollar Trade-weighted Index"
"11841","FXRTWI","Trade-weighted Index May 1970 = 100","AUS","AUS",2013-08-15,70.3,"D","Index","Indicative","RBA","Daily","Historical Daily Exchange Rates Of The Australian Dollar Against:","Australian Dollar Trade-weighted Index"
"11842","FXRTWI","Trade-weighted Index May 1970 = 100","AUS","AUS",2013-08-16,70.1,"D","Index","Indicative","RBA","Daily","Historical Daily Exchange Rates Of The Australian Dollar Against:","Australian Dollar Trade-weighted Index"
"11843","FXRTWI","Trade-weighted Index May 1970 = 100","AUS","AUS",2013-08-19,70.7,"D","Index","Indicative","RBA","Daily","Historical Daily Exchange Rates Of The Australian Dollar Against:","Australian Dollar Trade-weighted Index"
"11844","FXRTWI","Trade-weighted Index May 1970 = 100","AUS","AUS",2013-08-20,69.6,"D","Index","Indicative","RBA","Daily","Historical Daily Exchange Rates Of The Australian Dollar Against:","Australian Dollar Trade-weighted Index"
"11845","FXRTWI","Trade-weighted Index May 1970 = 100","AUS","AUS",2013-08-21,69.5,"D","Index","Indicative","RBA","Daily","Historical Daily Exchange Rates Of The Australian Dollar Against:","Australian Dollar Trade-weighted Index"
"11846","FXRTWI","Trade-weighted Index May 1970 = 100","AUS","AUS",2013-08-22,69.5,"D","Index","Indicative","RBA","Daily","Historical Daily Exchange Rates Of The Australian Dollar Against:","Australian Dollar Trade-weighted Index"
"11847","FXRTWI","Trade-weighted Index May 1970 = 100","AUS","AUS",2013-08-23,69.6,"D","Index","Indicative","RBA","Daily","Historical Daily Exchange Rates Of The Australian Dollar Against:","Australian Dollar Trade-weighted Index"
"11848","FXRTWI","Trade-weighted Index May 1970 = 100","AUS","AUS",2013-08-26,69.7,"D","Index","Indicative","RBA","Daily","Historical Daily Exchange Rates Of The Australian Dollar Against:","Australian Dollar Trade-weighted Index"
"11849","FXRTWI","Trade-weighted Index May 1970 = 100","AUS","AUS",2013-08-27,69.2,"D","Index","Indicative","RBA","Daily","Historical Daily Exchange Rates Of The Australian Dollar Against:","Australian Dollar Trade-weighted Index"
"11850","FXRTWI","Trade-weighted Index May 1970 = 100","AUS","AUS",2013-08-28,69,"D","Index","Indicative","RBA","Daily","Historical Daily Exchange Rates Of The Australian Dollar Against:","Australian Dollar Trade-weighted Index"
"11851","FXRTWI","Trade-weighted Index May 1970 = 100","AUS","AUS",2013-08-29,69.3,"D","Index","Indicative","RBA","Daily","Historical Daily Exchange Rates Of The Australian Dollar Against:","Australian Dollar Trade-weighted Index"
"11852","FXRTWI","Trade-weighted Index May 1970 = 100","AUS","AUS",2013-08-30,69.2,"D","Index","Indicative","RBA","Daily","Historical Daily Exchange Rates Of The Australian Dollar Against:","Australian Dollar Trade-weighted Index"
"11853","FXRTWI","Trade-weighted Index May 1970 = 100","AUS","AUS",2013-08-30,69.2,"M","Index","Indicative","RBA","Monthly","F11 Exchange Rates","Australian Dollar Trade-weighted Index"
"11854","DLCACS","Credit; Total; Seasonally adjusted","AUS","AUS",2013-08-31,2182.999,"M","$ billion","Seasonally Adjusted","RBA","Monthly","D2 Lending And Credit Aggregates","Credit; Total; Seasonally adjusted – Includes securitisations – For series breaks see Series Breaks"
"11855","FIRMMCRT","Cash Rate Target","AUS","AUS",2013-08-31,2.55,"M","Per cent","Original","RBA","Monthly","F1.1 Interest Rates And Yields - Money Market","Cash Rate Target; monthly average"
"11856","GRCPAISDR","Commodity prices – SDR","AUS","AUS",2013-08-31,79.1112167901439,"M","Index, 2023/24=100","Original","RBA","Monthly","I2 Commodity Prices","Index of commodity prices; All items; SDR"
"11857","A124874157C","Business Turnover Index ; Total of 13 in-scope ANZSIC divisions ; Current Price ;","AUS","AUS",2013-09-01,81,"M","Index Numbers","Seasonally Adjusted",NA,"Monthly","Table 01: Business turnover indicator, 13 industry summary - Monthly percentage change and index",NA
"11858","A2302956R","South Australia ; STATE FINAL DEMAND ;","SA","SA",2013-09-01,30576,"Q","$ Millions","Seasonally Adjusted",NA,"Quarterly","Table 25. State Final Demand, Summary Components by State: Chain volume measures",NA
"11859","A2302984X","Western Australia ; STATE FINAL DEMAND ;","WA","WA",2013-09-01,69152,"Q","$ Millions","Seasonally Adjusted",NA,"Quarterly","Table 25. State Final Demand, Summary Components by State: Chain volume measures",NA
"11860","A2303012X","Tasmania ; STATE FINAL DEMAND ;","TAS","TAS",2013-09-01,8982,"Q","$ Millions","Seasonally Adjusted",NA,"Quarterly","Table 25. State Final Demand, Summary Components by State: Chain volume measures",NA
"11861","A2303040J","Northern Territory ; STATE FINAL DEMAND ;","NT","NT",2013-09-01,9406,"Q","$ Millions","Seasonally Adjusted",NA,"Quarterly","Table 25. State Final Demand, Summary Components by State: Chain volume measures",NA
"11862","A2303068K","Australian Capital Territory ; STATE FINAL DEMAND ;","ACT","ACT",2013-09-01,13882,"Q","$ Millions","Seasonally Adjusted",NA,"Quarterly","Table 25. State Final Demand, Summary Components by State: Chain volume measures",NA
"11863","A2303111F","New South Wales ; STATE FINAL DEMAND ;","NSW","NSW",2013-09-01,144934,"Q","$ Millions","Seasonally Adjusted",NA,"Quarterly","Table 25. State Final Demand, Summary Components by State: Chain volume measures",NA
"11864","A2303139J","Victoria ; STATE FINAL DEMAND ;","VIC","VIC",2013-09-01,112033,"Q","$ Millions","Seasonally Adjusted",NA,"Quarterly","Table 25. State Final Demand, Summary Components by State: Chain volume measures",NA
"11865","A2303187A","Queensland ; STATE FINAL DEMAND ;","QLD","QLD",2013-09-01,101439,"Q","$ Millions","Seasonally Adjusted",NA,"Quarterly","Table 25. State Final Demand, Summary Components by State: Chain volume measures",NA
"11866","A2304418T","Gross domestic product: Current prices ;","AUS","AUS",2013-09-01,393946,"Q","$ Millions","Seasonally Adjusted",NA,"Quarterly","Table 1. Key National Accounts Aggregates",NA
"11867","A2325846C","Index Numbers ; All groups CPI ; Australia ;","AUS","AUS",2013-09-01,104,"Q","Index Numbers","Original",NA,"Quarterly","TABLES 1 and 2. CPI: All Groups, Index Numbers and Percentage Changes",NA
"11868","A2718577A","Credits, Total goods ;","AUS","AUS",2013-09-01,22771,"M","$ Millions","Seasonally Adjusted",NA,"Monthly","TABLE 1. GOODS, Summary: Seasonally adjusted and trend estimates, Current prices",NA
"11869","A2718594C","Balance on goods ;","AUS","AUS",2013-09-01,1018,"M","$ Millions","Seasonally Adjusted",NA,"Monthly","TABLE 1. GOODS, Summary: Seasonally adjusted and trend estimates, Current prices",NA
"11870","FXRTWI","Trade-weighted Index May 1970 = 100","AUS","AUS",2013-09-02,69.3,"D","Index","Indicative","RBA","Daily","Historical Daily Exchange Rates Of The Australian Dollar Against:","Australian Dollar Trade-weighted Index"
"11871","FXRTWI","Trade-weighted Index May 1970 = 100","AUS","AUS",2013-09-03,69.9,"D","Index","Indicative","RBA","Daily","Historical Daily Exchange Rates Of The Australian Dollar Against:","Australian Dollar Trade-weighted Index"
"11872","FXRTWI","Trade-weighted Index May 1970 = 100","AUS","AUS",2013-09-04,70.5,"D","Index","Indicative","RBA","Daily","Historical Daily Exchange Rates Of The Australian Dollar Against:","Australian Dollar Trade-weighted Index"
"11873","FXRTWI","Trade-weighted Index May 1970 = 100","AUS","AUS",2013-09-05,71,"D","Index","Indicative","RBA","Daily","Historical Daily Exchange Rates Of The Australian Dollar Against:","Australian Dollar Trade-weighted Index"
"11874","FXRTWI","Trade-weighted Index May 1970 = 100","AUS","AUS",2013-09-06,70.8,"D","Index","Indicative","RBA","Daily","Historical Daily Exchange Rates Of The Australian Dollar Against:","Australian Dollar Trade-weighted Index"
"11875","FXRTWI","Trade-weighted Index May 1970 = 100","AUS","AUS",2013-09-09,71,"D","Index","Indicative","RBA","Daily","Historical Daily Exchange Rates Of The Australian Dollar Against:","Australian Dollar Trade-weighted Index"
"11876","FXRTWI","Trade-weighted Index May 1970 = 100","AUS","AUS",2013-09-10,71.5,"D","Index","Indicative","RBA","Daily","Historical Daily Exchange Rates Of The Australian Dollar Against:","Australian Dollar Trade-weighted Index"
"11877","FXRTWI","Trade-weighted Index May 1970 = 100","AUS","AUS",2013-09-11,71.8,"D","Index","Indicative","RBA","Daily","Historical Daily Exchange Rates Of The Australian Dollar Against:","Australian Dollar Trade-weighted Index"
"11878","FXRTWI","Trade-weighted Index May 1970 = 100","AUS","AUS",2013-09-12,71.2,"D","Index","Indicative","RBA","Daily","Historical Daily Exchange Rates Of The Australian Dollar Against:","Australian Dollar Trade-weighted Index"
"11879","FXRTWI","Trade-weighted Index May 1970 = 100","AUS","AUS",2013-09-13,71.2,"D","Index","Indicative","RBA","Daily","Historical Daily Exchange Rates Of The Australian Dollar Against:","Australian Dollar Trade-weighted Index"
"11880","FXRTWI","Trade-weighted Index May 1970 = 100","AUS","AUS",2013-09-16,71.6,"D","Index","Indicative","RBA","Daily","Historical Daily Exchange Rates Of The Australian Dollar Against:","Australian Dollar Trade-weighted Index"
"11881","FXRTWI","Trade-weighted Index May 1970 = 100","AUS","AUS",2013-09-17,71.6,"D","Index","Indicative","RBA","Daily","Historical Daily Exchange Rates Of The Australian Dollar Against:","Australian Dollar Trade-weighted Index"
"11882","FXRTWI","Trade-weighted Index May 1970 = 100","AUS","AUS",2013-09-18,71.8,"D","Index","Indicative","RBA","Daily","Historical Daily Exchange Rates Of The Australian Dollar Against:","Australian Dollar Trade-weighted Index"
"11883","FXRTWI","Trade-weighted Index May 1970 = 100","AUS","AUS",2013-09-19,72.3,"D","Index","Indicative","RBA","Daily","Historical Daily Exchange Rates Of The Australian Dollar Against:","Australian Dollar Trade-weighted Index"
"11884","FXRTWI","Trade-weighted Index May 1970 = 100","AUS","AUS",2013-09-20,72.2,"D","Index","Indicative","RBA","Daily","Historical Daily Exchange Rates Of The Australian Dollar Against:","Australian Dollar Trade-weighted Index"
"11885","FXRTWI","Trade-weighted Index May 1970 = 100","AUS","AUS",2013-09-23,72,"D","Index","Indicative","RBA","Daily","Historical Daily Exchange Rates Of The Australian Dollar Against:","Australian Dollar Trade-weighted Index"
"11886","FXRTWI","Trade-weighted Index May 1970 = 100","AUS","AUS",2013-09-24,71.9,"D","Index","Indicative","RBA","Daily","Historical Daily Exchange Rates Of The Australian Dollar Against:","Australian Dollar Trade-weighted Index"
"11887","FXRTWI","Trade-weighted Index May 1970 = 100","AUS","AUS",2013-09-25,71.8,"D","Index","Indicative","RBA","Daily","Historical Daily Exchange Rates Of The Australian Dollar Against:","Australian Dollar Trade-weighted Index"
"11888","FXRTWI","Trade-weighted Index May 1970 = 100","AUS","AUS",2013-09-26,71.7,"D","Index","Indicative","RBA","Daily","Historical Daily Exchange Rates Of The Australian Dollar Against:","Australian Dollar Trade-weighted Index"
"11889","FXRTWI","Trade-weighted Index May 1970 = 100","AUS","AUS",2013-09-27,71.5,"D","Index","Indicative","RBA","Daily","Historical Daily Exchange Rates Of The Australian Dollar Against:","Australian Dollar Trade-weighted Index"
"11890","DLCACS","Credit; Total; Seasonally adjusted","AUS","AUS",2013-09-30,2189.567,"M","$ billion","Seasonally Adjusted","RBA","Monthly","D2 Lending And Credit Aggregates","Credit; Total; Seasonally adjusted – Includes securitisations – For series breaks see Series Breaks"
"11891","FIRMMCRT","Cash Rate Target","AUS","AUS",2013-09-30,2.5,"M","Per cent","Original","RBA","Monthly","F1.1 Interest Rates And Yields - Money Market","Cash Rate Target; monthly average"
"11892","FXRTWI","Trade-weighted Index May 1970 = 100","AUS","AUS",2013-09-30,71.2,"D","Index","Indicative","RBA","Daily","Historical Daily Exchange Rates Of The Australian Dollar Against:","Australian Dollar Trade-weighted Index"
"11893","FXRTWI","Trade-weighted Index May 1970 = 100","AUS","AUS",2013-09-30,71.2,"M","Index","Indicative","RBA","Monthly","F11 Exchange Rates","Australian Dollar Trade-weighted Index"
"11894","GCPIOCPMTMQP","Quarterly trimmed mean inflation","AUS","AUS",2013-09-30,0.7,"Q","Per cent","Seasonally Adjusted","ABS","Quarterly","G1 Consumer Price Inflation","Consumer price index; Trimmed mean; Quarterly change (in per cent)"
"11895","GRCPAISDR","Commodity prices – SDR","AUS","AUS",2013-09-30,79.9297586226039,"M","Index, 2023/24=100","Original","RBA","Monthly","I2 Commodity Prices","Index of commodity prices; All items; SDR"
"11896","A124874157C","Business Turnover Index ; Total of 13 in-scope ANZSIC divisions ; Current Price ;","AUS","AUS",2013-10-01,79.6,"M","Index Numbers","Seasonally Adjusted",NA,"Monthly","Table 01: Business turnover indicator, 13 industry summary - Monthly percentage change and index",NA
"11897","A2718577A","Credits, Total goods ;","AUS","AUS",2013-10-01,22706,"M","$ Millions","Seasonally Adjusted",NA,"Monthly","TABLE 1. GOODS, Summary: Seasonally adjusted and trend estimates, Current prices",NA
"11898","A2718594C","Balance on goods ;","AUS","AUS",2013-10-01,898,"M","$ Millions","Seasonally Adjusted",NA,"Monthly","TABLE 1. GOODS, Summary: Seasonally adjusted and trend estimates, Current prices",NA
"11899","FXRTWI","Trade-weighted Index May 1970 = 100","AUS","AUS",2013-10-01,71.7,"D","Index","Indicative","RBA","Daily","Historical Daily Exchange Rates Of The Australian Dollar Against:","Australian Dollar Trade-weighted Index"
"11900","FXRTWI","Trade-weighted Index May 1970 = 100","AUS","AUS",2013-10-02,71.6,"D","Index","Indicative","RBA","Daily","Historical Daily Exchange Rates Of The Australian Dollar Against:","Australian Dollar Trade-weighted Index"
"11901","FXRTWI","Trade-weighted Index May 1970 = 100","AUS","AUS",2013-10-03,71.6,"D","Index","Indicative","RBA","Daily","Historical Daily Exchange Rates Of The Australian Dollar Against:","Australian Dollar Trade-weighted Index"
"11902","FXRTWI","Trade-weighted Index May 1970 = 100","AUS","AUS",2013-10-04,71.8,"D","Index","Indicative","RBA","Daily","Historical Daily Exchange Rates Of The Australian Dollar Against:","Australian Dollar Trade-weighted Index"
"11903","FXRTWI","Trade-weighted Index May 1970 = 100","AUS","AUS",2013-10-08,71.9,"D","Index","Indicative","RBA","Daily","Historical Daily Exchange Rates Of The Australian Dollar Against:","Australian Dollar Trade-weighted Index"
"11904","FXRTWI","Trade-weighted Index May 1970 = 100","AUS","AUS",2013-10-09,72,"D","Index","Indicative","RBA","Daily","Historical Daily Exchange Rates Of The Australian Dollar Against:","Australian Dollar Trade-weighted Index"
"11905","FXRTWI","Trade-weighted Index May 1970 = 100","AUS","AUS",2013-10-10,71.8,"D","Index","Indicative","RBA","Daily","Historical Daily Exchange Rates Of The Australian Dollar Against:","Australian Dollar Trade-weighted Index"
"11906","FXRTWI","Trade-weighted Index May 1970 = 100","AUS","AUS",2013-10-11,72.3,"D","Index","Indicative","RBA","Daily","Historical Daily Exchange Rates Of The Australian Dollar Against:","Australian Dollar Trade-weighted Index"
"11907","FXRTWI","Trade-weighted Index May 1970 = 100","AUS","AUS",2013-10-14,72.2,"D","Index","Indicative","RBA","Daily","Historical Daily Exchange Rates Of The Australian Dollar Against:","Australian Dollar Trade-weighted Index"
"11908","FXRTWI","Trade-weighted Index May 1970 = 100","AUS","AUS",2013-10-15,72.6,"D","Index","Indicative","RBA","Daily","Historical Daily Exchange Rates Of The Australian Dollar Against:","Australian Dollar Trade-weighted Index"
"11909","FXRTWI","Trade-weighted Index May 1970 = 100","AUS","AUS",2013-10-16,72.6,"D","Index","Indicative","RBA","Daily","Historical Daily Exchange Rates Of The Australian Dollar Against:","Australian Dollar Trade-weighted Index"
"11910","FXRTWI","Trade-weighted Index May 1970 = 100","AUS","AUS",2013-10-17,72.6,"D","Index","Indicative","RBA","Daily","Historical Daily Exchange Rates Of The Australian Dollar Against:","Australian Dollar Trade-weighted Index"
"11911","FXRTWI","Trade-weighted Index May 1970 = 100","AUS","AUS",2013-10-18,73,"D","Index","Indicative","RBA","Daily","Historical Daily Exchange Rates Of The Australian Dollar Against:","Australian Dollar Trade-weighted Index"
"11912","FXRTWI","Trade-weighted Index May 1970 = 100","AUS","AUS",2013-10-21,73.4,"D","Index","Indicative","RBA","Daily","Historical Daily Exchange Rates Of The Australian Dollar Against:","Australian Dollar Trade-weighted Index"
"11913","FXRTWI","Trade-weighted Index May 1970 = 100","AUS","AUS",2013-10-22,73.3,"D","Index","Indicative","RBA","Daily","Historical Daily Exchange Rates Of The Australian Dollar Against:","Australian Dollar Trade-weighted Index"
"11914","FXRTWI","Trade-weighted Index May 1970 = 100","AUS","AUS",2013-10-23,73.1,"D","Index","Indicative","RBA","Daily","Historical Daily Exchange Rates Of The Australian Dollar Against:","Australian Dollar Trade-weighted Index"
"11915","FXRTWI","Trade-weighted Index May 1970 = 100","AUS","AUS",2013-10-24,73,"D","Index","Indicative","RBA","Daily","Historical Daily Exchange Rates Of The Australian Dollar Against:","Australian Dollar Trade-weighted Index"
"11916","FXRTWI","Trade-weighted Index May 1970 = 100","AUS","AUS",2013-10-25,72.7,"D","Index","Indicative","RBA","Daily","Historical Daily Exchange Rates Of The Australian Dollar Against:","Australian Dollar Trade-weighted Index"
"11917","FXRTWI","Trade-weighted Index May 1970 = 100","AUS","AUS",2013-10-28,72.8,"D","Index","Indicative","RBA","Daily","Historical Daily Exchange Rates Of The Australian Dollar Against:","Australian Dollar Trade-weighted Index"
"11918","FXRTWI","Trade-weighted Index May 1970 = 100","AUS","AUS",2013-10-29,72.1,"D","Index","Indicative","RBA","Daily","Historical Daily Exchange Rates Of The Australian Dollar Against:","Australian Dollar Trade-weighted Index"
"11919","FXRTWI","Trade-weighted Index May 1970 = 100","AUS","AUS",2013-10-30,72,"D","Index","Indicative","RBA","Daily","Historical Daily Exchange Rates Of The Australian Dollar Against:","Australian Dollar Trade-weighted Index"
"11920","DLCACS","Credit; Total; Seasonally adjusted","AUS","AUS",2013-10-31,2195.375,"M","$ billion","Seasonally Adjusted","RBA","Monthly","D2 Lending And Credit Aggregates","Credit; Total; Seasonally adjusted – Includes securitisations – For series breaks see Series Breaks"
"11921","FIRMMCRT","Cash Rate Target","AUS","AUS",2013-10-31,2.5,"M","Per cent","Original","RBA","Monthly","F1.1 Interest Rates And Yields - Money Market","Cash Rate Target; monthly average"
"11922","FXRTWI","Trade-weighted Index May 1970 = 100","AUS","AUS",2013-10-31,72.1,"D","Index","Indicative","RBA","Daily","Historical Daily Exchange Rates Of The Australian Dollar Against:","Australian Dollar Trade-weighted Index"
"11923","FXRTWI","Trade-weighted Index May 1970 = 100","AUS","AUS",2013-10-31,72.1,"M","Index","Indicative","RBA","Monthly","F11 Exchange Rates","Australian Dollar Trade-weighted Index"
"11924","GRCPAISDR","Commodity prices – SDR","AUS","AUS",2013-10-31,78.8247517239966,"M","Index, 2023/24=100","Original","RBA","Monthly","I2 Commodity Prices","Index of commodity prices; All items; SDR"
"11925","A124874157C","Business Turnover Index ; Total of 13 in-scope ANZSIC divisions ; Current Price ;","AUS","AUS",2013-11-01,80.8,"M","Index Numbers","Seasonally Adjusted",NA,"Monthly","Table 01: Business turnover indicator, 13 industry summary - Monthly percentage change and index",NA
"11926","A2718577A","Credits, Total goods ;","AUS","AUS",2013-11-01,22413,"M","$ Millions","Seasonally Adjusted",NA,"Monthly","TABLE 1. GOODS, Summary: Seasonally adjusted and trend estimates, Current prices",NA
"11927","A2718594C","Balance on goods ;","AUS","AUS",2013-11-01,925,"M","$ Millions","Seasonally Adjusted",NA,"Monthly","TABLE 1. GOODS, Summary: Seasonally adjusted and trend estimates, Current prices",NA
"11928","FXRTWI","Trade-weighted Index May 1970 = 100","AUS","AUS",2013-11-01,72.2,"D","Index","Indicative","RBA","Daily","Historical Daily Exchange Rates Of The Australian Dollar Against:","Australian Dollar Trade-weighted Index"
"11929","FXRTWI","Trade-weighted Index May 1970 = 100","AUS","AUS",2013-11-04,72.4,"D","Index","Indicative","RBA","Daily","Historical Daily Exchange Rates Of The Australian Dollar Against:","Australian Dollar Trade-weighted Index"
"11930","FXRTWI","Trade-weighted Index May 1970 = 100","AUS","AUS",2013-11-05,72.2,"D","Index","Indicative","RBA","Daily","Historical Daily Exchange Rates Of The Australian Dollar Against:","Australian Dollar Trade-weighted Index"
"11931","FXRTWI","Trade-weighted Index May 1970 = 100","AUS","AUS",2013-11-06,72.5,"D","Index","Indicative","RBA","Daily","Historical Daily Exchange Rates Of The Australian Dollar Against:","Australian Dollar Trade-weighted Index"
"11932","FXRTWI","Trade-weighted Index May 1970 = 100","AUS","AUS",2013-11-07,72.2,"D","Index","Indicative","RBA","Daily","Historical Daily Exchange Rates Of The Australian Dollar Against:","Australian Dollar Trade-weighted Index"
"11933","FXRTWI","Trade-weighted Index May 1970 = 100","AUS","AUS",2013-11-08,72.2,"D","Index","Indicative","RBA","Daily","Historical Daily Exchange Rates Of The Australian Dollar Against:","Australian Dollar Trade-weighted Index"
"11934","FXRTWI","Trade-weighted Index May 1970 = 100","AUS","AUS",2013-11-11,71.8,"D","Index","Indicative","RBA","Daily","Historical Daily Exchange Rates Of The Australian Dollar Against:","Australian Dollar Trade-weighted Index"
"11935","FXRTWI","Trade-weighted Index May 1970 = 100","AUS","AUS",2013-11-12,71.6,"D","Index","Indicative","RBA","Daily","Historical Daily Exchange Rates Of The Australian Dollar Against:","Australian Dollar Trade-weighted Index"
"11936","FXRTWI","Trade-weighted Index May 1970 = 100","AUS","AUS",2013-11-13,71.4,"D","Index","Indicative","RBA","Daily","Historical Daily Exchange Rates Of The Australian Dollar Against:","Australian Dollar Trade-weighted Index"
"11937","FXRTWI","Trade-weighted Index May 1970 = 100","AUS","AUS",2013-11-14,71.5,"D","Index","Indicative","RBA","Daily","Historical Daily Exchange Rates Of The Australian Dollar Against:","Australian Dollar Trade-weighted Index"
"11938","FXRTWI","Trade-weighted Index May 1970 = 100","AUS","AUS",2013-11-15,71.6,"D","Index","Indicative","RBA","Daily","Historical Daily Exchange Rates Of The Australian Dollar Against:","Australian Dollar Trade-weighted Index"
"11939","FXRTWI","Trade-weighted Index May 1970 = 100","AUS","AUS",2013-11-18,71.9,"D","Index","Indicative","RBA","Daily","Historical Daily Exchange Rates Of The Australian Dollar Against:","Australian Dollar Trade-weighted Index"
"11940","FXRTWI","Trade-weighted Index May 1970 = 100","AUS","AUS",2013-11-19,71.7,"D","Index","Indicative","RBA","Daily","Historical Daily Exchange Rates Of The Australian Dollar Against:","Australian Dollar Trade-weighted Index"
"11941","FXRTWI","Trade-weighted Index May 1970 = 100","AUS","AUS",2013-11-20,71.9,"D","Index","Indicative","RBA","Daily","Historical Daily Exchange Rates Of The Australian Dollar Against:","Australian Dollar Trade-weighted Index"
"11942","FXRTWI","Trade-weighted Index May 1970 = 100","AUS","AUS",2013-11-21,71.3,"D","Index","Indicative","RBA","Daily","Historical Daily Exchange Rates Of The Australian Dollar Against:","Australian Dollar Trade-weighted Index"
"11943","FXRTWI","Trade-weighted Index May 1970 = 100","AUS","AUS",2013-11-22,70.5,"D","Index","Indicative","RBA","Daily","Historical Daily Exchange Rates Of The Australian Dollar Against:","Australian Dollar Trade-weighted Index"
"11944","FXRTWI","Trade-weighted Index May 1970 = 100","AUS","AUS",2013-11-25,70.2,"D","Index","Indicative","RBA","Daily","Historical Daily Exchange Rates Of The Australian Dollar Against:","Australian Dollar Trade-weighted Index"
"11945","FXRTWI","Trade-weighted Index May 1970 = 100","AUS","AUS",2013-11-26,70.5,"D","Index","Indicative","RBA","Daily","Historical Daily Exchange Rates Of The Australian Dollar Against:","Australian Dollar Trade-weighted Index"
"11946","FXRTWI","Trade-weighted Index May 1970 = 100","AUS","AUS",2013-11-27,70,"D","Index","Indicative","RBA","Daily","Historical Daily Exchange Rates Of The Australian Dollar Against:","Australian Dollar Trade-weighted Index"
"11947","FXRTWI","Trade-weighted Index May 1970 = 100","AUS","AUS",2013-11-28,70.2,"D","Index","Indicative","RBA","Daily","Historical Daily Exchange Rates Of The Australian Dollar Against:","Australian Dollar Trade-weighted Index"
"11948","FXRTWI","Trade-weighted Index May 1970 = 100","AUS","AUS",2013-11-29,69.8,"D","Index","Indicative","RBA","Daily","Historical Daily Exchange Rates Of The Australian Dollar Against:","Australian Dollar Trade-weighted Index"
"11949","FXRTWI","Trade-weighted Index May 1970 = 100","AUS","AUS",2013-11-29,69.8,"M","Index","Indicative","RBA","Monthly","F11 Exchange Rates","Australian Dollar Trade-weighted Index"
"11950","DLCACS","Credit; Total; Seasonally adjusted","AUS","AUS",2013-11-30,2204.812,"M","$ billion","Seasonally Adjusted","RBA","Monthly","D2 Lending And Credit Aggregates","Credit; Total; Seasonally adjusted – Includes securitisations – For series breaks see Series Breaks"
"11951","FIRMMCRT","Cash Rate Target","AUS","AUS",2013-11-30,2.5,"M","Per cent","Original","RBA","Monthly","F1.1 Interest Rates And Yields - Money Market","Cash Rate Target; monthly average"
"11952","GRCPAISDR","Commodity prices – SDR","AUS","AUS",2013-11-30,78.6196416286311,"M","Index, 2023/24=100","Original","RBA","Monthly","I2 Commodity Prices","Index of commodity prices; All items; SDR"
"11953","A124874157C","Business Turnover Index ; Total of 13 in-scope ANZSIC divisions ; Current Price ;","AUS","AUS",2013-12-01,81.2,"M","Index Numbers","Seasonally Adjusted",NA,"Monthly","Table 01: Business turnover indicator, 13 industry summary - Monthly percentage change and index",NA
"11954","A2302956R","South Australia ; STATE FINAL DEMAND ;","SA","SA",2013-12-01,30345,"Q","$ Millions","Seasonally Adjusted",NA,"Quarterly","Table 25. State Final Demand, Summary Components by State: Chain volume measures",NA
"11955","A2302984X","Western Australia ; STATE FINAL DEMAND ;","WA","WA",2013-12-01,67978,"Q","$ Millions","Seasonally Adjusted",NA,"Quarterly","Table 25. State Final Demand, Summary Components by State: Chain volume measures",NA
"11956","A2303012X","Tasmania ; STATE FINAL DEMAND ;","TAS","TAS",2013-12-01,9024,"Q","$ Millions","Seasonally Adjusted",NA,"Quarterly","Table 25. State Final Demand, Summary Components by State: Chain volume measures",NA
"11957","A2303040J","Northern Territory ; STATE FINAL DEMAND ;","NT","NT",2013-12-01,9337,"Q","$ Millions","Seasonally Adjusted",NA,"Quarterly","Table 25. State Final Demand, Summary Components by State: Chain volume measures",NA
"11958","A2303068K","Australian Capital Territory ; STATE FINAL DEMAND ;","ACT","ACT",2013-12-01,13978,"Q","$ Millions","Seasonally Adjusted",NA,"Quarterly","Table 25. State Final Demand, Summary Components by State: Chain volume measures",NA
"11959","A2303111F","New South Wales ; STATE FINAL DEMAND ;","NSW","NSW",2013-12-01,146280,"Q","$ Millions","Seasonally Adjusted",NA,"Quarterly","Table 25. State Final Demand, Summary Components by State: Chain volume measures",NA
"11960","A2303139J","Victoria ; STATE FINAL DEMAND ;","VIC","VIC",2013-12-01,112132,"Q","$ Millions","Seasonally Adjusted",NA,"Quarterly","Table 25. State Final Demand, Summary Components by State: Chain volume measures",NA
"11961","A2303187A","Queensland ; STATE FINAL DEMAND ;","QLD","QLD",2013-12-01,102537,"Q","$ Millions","Seasonally Adjusted",NA,"Quarterly","Table 25. State Final Demand, Summary Components by State: Chain volume measures",NA
"11962","A2304418T","Gross domestic product: Current prices ;","AUS","AUS",2013-12-01,400058,"Q","$ Millions","Seasonally Adjusted",NA,"Quarterly","Table 1. Key National Accounts Aggregates",NA
"11963","A2325846C","Index Numbers ; All groups CPI ; Australia ;","AUS","AUS",2013-12-01,104.8,"Q","Index Numbers","Original",NA,"Quarterly","TABLES 1 and 2. CPI: All Groups, Index Numbers and Percentage Changes",NA
"11964","A2718577A","Credits, Total goods ;","AUS","AUS",2013-12-01,23559,"M","$ Millions","Seasonally Adjusted",NA,"Monthly","TABLE 1. GOODS, Summary: Seasonally adjusted and trend estimates, Current prices",NA
"11965","A2718594C","Balance on goods ;","AUS","AUS",2013-12-01,1655,"M","$ Millions","Seasonally Adjusted",NA,"Monthly","TABLE 1. GOODS, Summary: Seasonally adjusted and trend estimates, Current prices",NA
"11966","FXRTWI","Trade-weighted Index May 1970 = 100","AUS","AUS",2013-12-02,70.3,"D","Index","Indicative","RBA","Daily","Historical Daily Exchange Rates Of The Australian Dollar Against:","Australian Dollar Trade-weighted Index"
"11967","FXRTWI","Trade-weighted Index May 1970 = 100","AUS","AUS",2013-12-03,69.8,"D","Index","Indicative","RBA","Daily","Historical Daily Exchange Rates Of The Australian Dollar Against:","Australian Dollar Trade-weighted Index"
"11968","FXRTWI","Trade-weighted Index May 1970 = 100","AUS","AUS",2013-12-04,69.7,"D","Index","Indicative","RBA","Daily","Historical Daily Exchange Rates Of The Australian Dollar Against:","Australian Dollar Trade-weighted Index"
"11969","FXRTWI","Trade-weighted Index May 1970 = 100","AUS","AUS",2013-12-05,69.4,"D","Index","Indicative","RBA","Daily","Historical Daily Exchange Rates Of The Australian Dollar Against:","Australian Dollar Trade-weighted Index"
"11970","FXRTWI","Trade-weighted Index May 1970 = 100","AUS","AUS",2013-12-06,69.5,"D","Index","Indicative","RBA","Daily","Historical Daily Exchange Rates Of The Australian Dollar Against:","Australian Dollar Trade-weighted Index"
"11971","FXRTWI","Trade-weighted Index May 1970 = 100","AUS","AUS",2013-12-09,69.8,"D","Index","Indicative","RBA","Daily","Historical Daily Exchange Rates Of The Australian Dollar Against:","Australian Dollar Trade-weighted Index"
"11972","FXRTWI","Trade-weighted Index May 1970 = 100","AUS","AUS",2013-12-10,69.7,"D","Index","Indicative","RBA","Daily","Historical Daily Exchange Rates Of The Australian Dollar Against:","Australian Dollar Trade-weighted Index"
"11973","FXRTWI","Trade-weighted Index May 1970 = 100","AUS","AUS",2013-12-11,69.9,"D","Index","Indicative","RBA","Daily","Historical Daily Exchange Rates Of The Australian Dollar Against:","Australian Dollar Trade-weighted Index"
"11974","FXRTWI","Trade-weighted Index May 1970 = 100","AUS","AUS",2013-12-12,69.1,"D","Index","Indicative","RBA","Daily","Historical Daily Exchange Rates Of The Australian Dollar Against:","Australian Dollar Trade-weighted Index"
"11975","FXRTWI","Trade-weighted Index May 1970 = 100","AUS","AUS",2013-12-13,68.6,"D","Index","Indicative","RBA","Daily","Historical Daily Exchange Rates Of The Australian Dollar Against:","Australian Dollar Trade-weighted Index"
"11976","FXRTWI","Trade-weighted Index May 1970 = 100","AUS","AUS",2013-12-16,68.7,"D","Index","Indicative","RBA","Daily","Historical Daily Exchange Rates Of The Australian Dollar Against:","Australian Dollar Trade-weighted Index"
"11977","FXRTWI","Trade-weighted Index May 1970 = 100","AUS","AUS",2013-12-17,68.6,"D","Index","Indicative","RBA","Daily","Historical Daily Exchange Rates Of The Australian Dollar Against:","Australian Dollar Trade-weighted Index"
"11978","FXRTWI","Trade-weighted Index May 1970 = 100","AUS","AUS",2013-12-18,68.3,"D","Index","Indicative","RBA","Daily","Historical Daily Exchange Rates Of The Australian Dollar Against:","Australian Dollar Trade-weighted Index"
"11979","FXRTWI","Trade-weighted Index May 1970 = 100","AUS","AUS",2013-12-19,68.1,"D","Index","Indicative","RBA","Daily","Historical Daily Exchange Rates Of The Australian Dollar Against:","Australian Dollar Trade-weighted Index"
"11980","FXRTWI","Trade-weighted Index May 1970 = 100","AUS","AUS",2013-12-20,68.4,"D","Index","Indicative","RBA","Daily","Historical Daily Exchange Rates Of The Australian Dollar Against:","Australian Dollar Trade-weighted Index"
"11981","FXRTWI","Trade-weighted Index May 1970 = 100","AUS","AUS",2013-12-23,69,"D","Index","Indicative","RBA","Daily","Historical Daily Exchange Rates Of The Australian Dollar Against:","Australian Dollar Trade-weighted Index"
"11982","FXRTWI","Trade-weighted Index May 1970 = 100","AUS","AUS",2013-12-24,68.8,"D","Index","Indicative","RBA","Daily","Historical Daily Exchange Rates Of The Australian Dollar Against:","Australian Dollar Trade-weighted Index"
"11983","FXRTWI","Trade-weighted Index May 1970 = 100","AUS","AUS",2013-12-27,68.7,"D","Index","Indicative","RBA","Daily","Historical Daily Exchange Rates Of The Australian Dollar Against:","Australian Dollar Trade-weighted Index"
"11984","FXRTWI","Trade-weighted Index May 1970 = 100","AUS","AUS",2013-12-30,68.4,"D","Index","Indicative","RBA","Daily","Historical Daily Exchange Rates Of The Australian Dollar Against:","Australian Dollar Trade-weighted Index"
"11985","DLCACS","Credit; Total; Seasonally adjusted","AUS","AUS",2013-12-31,2218.866,"M","$ billion","Seasonally Adjusted","RBA","Monthly","D2 Lending And Credit Aggregates","Credit; Total; Seasonally adjusted – Includes securitisations – For series breaks see Series Breaks"
"11986","FIRMMCRT","Cash Rate Target","AUS","AUS",2013-12-31,2.5,"M","Per cent","Original","RBA","Monthly","F1.1 Interest Rates And Yields - Money Market","Cash Rate Target; monthly average"
"11987","FXRTWI","Trade-weighted Index May 1970 = 100","AUS","AUS",2013-12-31,68.9,"D","Index","Indicative","RBA","Daily","Historical Daily Exchange Rates Of The Australian Dollar Against:","Australian Dollar Trade-weighted Index"
"11988","FXRTWI","Trade-weighted Index May 1970 = 100","AUS","AUS",2013-12-31,68.9,"M","Index","Indicative","RBA","Monthly","F11 Exchange Rates","Australian Dollar Trade-weighted Index"
"11989","GCPIOCPMTMQP","Quarterly trimmed mean inflation","AUS","AUS",2013-12-31,0.8,"Q","Per cent","Seasonally Adjusted","ABS","Quarterly","G1 Consumer Price Inflation","Consumer price index; Trimmed mean; Quarterly change (in per cent)"
"11990","GRCPAISDR","Commodity prices – SDR","AUS","AUS",2013-12-31,79.0509644325117,"M","Index, 2023/24=100","Original","RBA","Monthly","I2 Commodity Prices","Index of commodity prices; All items; SDR"
"11991","A124874157C","Business Turnover Index ; Total of 13 in-scope ANZSIC divisions ; Current Price ;","AUS","AUS",2014-01-01,82.4,"M","Index Numbers","Seasonally Adjusted",NA,"Monthly","Table 01: Business turnover indicator, 13 industry summary - Monthly percentage change and index",NA
"11992","A2718577A","Credits, Total goods ;","AUS","AUS",2014-01-01,24078,"M","$ Millions","Seasonally Adjusted",NA,"Monthly","TABLE 1. GOODS, Summary: Seasonally adjusted and trend estimates, Current prices",NA
"11993","A2718594C","Balance on goods ;","AUS","AUS",2014-01-01,2098,"M","$ Millions","Seasonally Adjusted",NA,"Monthly","TABLE 1. GOODS, Summary: Seasonally adjusted and trend estimates, Current prices",NA
"11994","FXRTWI","Trade-weighted Index May 1970 = 100","AUS","AUS",2014-01-02,68.6,"D","Index","Indicative","RBA","Daily","F11.1 Exchange Rates","Australian Dollar Trade-weighted Index"
"11995","FXRTWI","Trade-weighted Index May 1970 = 100","AUS","AUS",2014-01-03,69.2,"D","Index","Indicative","RBA","Daily","F11.1 Exchange Rates","Australian Dollar Trade-weighted Index"
"11996","FXRTWI","Trade-weighted Index May 1970 = 100","AUS","AUS",2014-01-06,69.1,"D","Index","Indicative","RBA","Daily","F11.1 Exchange Rates","Australian Dollar Trade-weighted Index"
"11997","FXRTWI","Trade-weighted Index May 1970 = 100","AUS","AUS",2014-01-07,68.9,"D","Index","Indicative","RBA","Daily","F11.1 Exchange Rates","Australian Dollar Trade-weighted Index"
"11998","FXRTWI","Trade-weighted Index May 1970 = 100","AUS","AUS",2014-01-08,68.9,"D","Index","Indicative","RBA","Daily","F11.1 Exchange Rates","Australian Dollar Trade-weighted Index"
"11999","FXRTWI","Trade-weighted Index May 1970 = 100","AUS","AUS",2014-01-09,68.6,"D","Index","Indicative","RBA","Daily","F11.1 Exchange Rates","Australian Dollar Trade-weighted Index"
"12000","FXRTWI","Trade-weighted Index May 1970 = 100","AUS","AUS",2014-01-10,68.7,"D","Index","Indicative","RBA","Daily","F11.1 Exchange Rates","Australian Dollar Trade-weighted Index"
"12001","FXRTWI","Trade-weighted Index May 1970 = 100","AUS","AUS",2014-01-13,69.4,"D","Index","Indicative","RBA","Daily","F11.1 Exchange Rates","Australian Dollar Trade-weighted Index"
"12002","FXRTWI","Trade-weighted Index May 1970 = 100","AUS","AUS",2014-01-14,69.4,"D","Index","Indicative","RBA","Daily","F11.1 Exchange Rates","Australian Dollar Trade-weighted Index"
"12003","FXRTWI","Trade-weighted Index May 1970 = 100","AUS","AUS",2014-01-15,68.7,"D","Index","Indicative","RBA","Daily","F11.1 Exchange Rates","Australian Dollar Trade-weighted Index"
"12004","FXRTWI","Trade-weighted Index May 1970 = 100","AUS","AUS",2014-01-16,68,"D","Index","Indicative","RBA","Daily","F11.1 Exchange Rates","Australian Dollar Trade-weighted Index"
"12005","FXRTWI","Trade-weighted Index May 1970 = 100","AUS","AUS",2014-01-17,68,"D","Index","Indicative","RBA","Daily","F11.1 Exchange Rates","Australian Dollar Trade-weighted Index"
"12006","FXRTWI","Trade-weighted Index May 1970 = 100","AUS","AUS",2014-01-20,67.8,"D","Index","Indicative","RBA","Daily","F11.1 Exchange Rates","Australian Dollar Trade-weighted Index"
"12007","FXRTWI","Trade-weighted Index May 1970 = 100","AUS","AUS",2014-01-21,68.1,"D","Index","Indicative","RBA","Daily","F11.1 Exchange Rates","Australian Dollar Trade-weighted Index"
"12008","FXRTWI","Trade-weighted Index May 1970 = 100","AUS","AUS",2014-01-22,68.5,"D","Index","Indicative","RBA","Daily","F11.1 Exchange Rates","Australian Dollar Trade-weighted Index"
"12009","FXRTWI","Trade-weighted Index May 1970 = 100","AUS","AUS",2014-01-23,68,"D","Index","Indicative","RBA","Daily","F11.1 Exchange Rates","Australian Dollar Trade-weighted Index"
"12010","FXRTWI","Trade-weighted Index May 1970 = 100","AUS","AUS",2014-01-24,67.2,"D","Index","Indicative","RBA","Daily","F11.1 Exchange Rates","Australian Dollar Trade-weighted Index"
"12011","FXRTWI","Trade-weighted Index May 1970 = 100","AUS","AUS",2014-01-28,67.8,"D","Index","Indicative","RBA","Daily","F11.1 Exchange Rates","Australian Dollar Trade-weighted Index"
"12012","FXRTWI","Trade-weighted Index May 1970 = 100","AUS","AUS",2014-01-29,67.9,"D","Index","Indicative","RBA","Daily","F11.1 Exchange Rates","Australian Dollar Trade-weighted Index"
"12013","FXRTWI","Trade-weighted Index May 1970 = 100","AUS","AUS",2014-01-30,67.4,"D","Index","Indicative","RBA","Daily","F11.1 Exchange Rates","Australian Dollar Trade-weighted Index"
"12014","DLCACS","Credit; Total; Seasonally adjusted","AUS","AUS",2014-01-31,2222.976,"M","$ billion","Seasonally Adjusted","RBA","Monthly","D2 Lending And Credit Aggregates","Credit; Total; Seasonally adjusted – Includes securitisations – For series breaks see Series Breaks"
"12015","FIRMMCRT","Cash Rate Target","AUS","AUS",2014-01-31,2.5,"M","Per cent","Original","RBA","Monthly","F1.1 Interest Rates And Yields - Money Market","Cash Rate Target; monthly average"
"12016","FXRTWI","Trade-weighted Index May 1970 = 100","AUS","AUS",2014-01-31,67.7,"D","Index","Indicative","RBA","Daily","F11.1 Exchange Rates","Australian Dollar Trade-weighted Index"
"12017","FXRTWI","Trade-weighted Index May 1970 = 100","AUS","AUS",2014-01-31,67.7,"M","Index","Indicative","RBA","Monthly","F11 Exchange Rates","Australian Dollar Trade-weighted Index"
"12018","GRCPAISDR","Commodity prices – SDR","AUS","AUS",2014-01-31,78.2370019357029,"M","Index, 2023/24=100","Original","RBA","Monthly","I2 Commodity Prices","Index of commodity prices; All items; SDR"
"12019","A124874157C","Business Turnover Index ; Total of 13 in-scope ANZSIC divisions ; Current Price ;","AUS","AUS",2014-02-01,82.5,"M","Index Numbers","Seasonally Adjusted",NA,"Monthly","Table 01: Business turnover indicator, 13 industry summary - Monthly percentage change and index",NA
"12020","A2718577A","Credits, Total goods ;","AUS","AUS",2014-02-01,24133,"M","$ Millions","Seasonally Adjusted",NA,"Monthly","TABLE 1. GOODS, Summary: Seasonally adjusted and trend estimates, Current prices",NA
"12021","A2718594C","Balance on goods ;","AUS","AUS",2014-02-01,1941,"M","$ Millions","Seasonally Adjusted",NA,"Monthly","TABLE 1. GOODS, Summary: Seasonally adjusted and trend estimates, Current prices",NA
"12022","FXRTWI","Trade-weighted Index May 1970 = 100","AUS","AUS",2014-02-03,67.7,"D","Index","Indicative","RBA","Daily","F11.1 Exchange Rates","Australian Dollar Trade-weighted Index"
"12023","FXRTWI","Trade-weighted Index May 1970 = 100","AUS","AUS",2014-02-04,68.6,"D","Index","Indicative","RBA","Daily","F11.1 Exchange Rates","Australian Dollar Trade-weighted Index"
"12024","FXRTWI","Trade-weighted Index May 1970 = 100","AUS","AUS",2014-02-05,68.6,"D","Index","Indicative","RBA","Daily","F11.1 Exchange Rates","Australian Dollar Trade-weighted Index"
"12025","FXRTWI","Trade-weighted Index May 1970 = 100","AUS","AUS",2014-02-06,69.1,"D","Index","Indicative","RBA","Daily","F11.1 Exchange Rates","Australian Dollar Trade-weighted Index"
"12026","FXRTWI","Trade-weighted Index May 1970 = 100","AUS","AUS",2014-02-07,68.9,"D","Index","Indicative","RBA","Daily","F11.1 Exchange Rates","Australian Dollar Trade-weighted Index"
"12027","FXRTWI","Trade-weighted Index May 1970 = 100","AUS","AUS",2014-02-10,68.8,"D","Index","Indicative","RBA","Daily","F11.1 Exchange Rates","Australian Dollar Trade-weighted Index"
"12028","FXRTWI","Trade-weighted Index May 1970 = 100","AUS","AUS",2014-02-11,69.4,"D","Index","Indicative","RBA","Daily","F11.1 Exchange Rates","Australian Dollar Trade-weighted Index"
"12029","FXRTWI","Trade-weighted Index May 1970 = 100","AUS","AUS",2014-02-12,69.7,"D","Index","Indicative","RBA","Daily","F11.1 Exchange Rates","Australian Dollar Trade-weighted Index"
"12030","FXRTWI","Trade-weighted Index May 1970 = 100","AUS","AUS",2014-02-13,68.7,"D","Index","Indicative","RBA","Daily","F11.1 Exchange Rates","Australian Dollar Trade-weighted Index"
"12031","FXRTWI","Trade-weighted Index May 1970 = 100","AUS","AUS",2014-02-14,69.1,"D","Index","Indicative","RBA","Daily","F11.1 Exchange Rates","Australian Dollar Trade-weighted Index"
"12032","FXRTWI","Trade-weighted Index May 1970 = 100","AUS","AUS",2014-02-17,69.3,"D","Index","Indicative","RBA","Daily","F11.1 Exchange Rates","Australian Dollar Trade-weighted Index"
"12033","FXRTWI","Trade-weighted Index May 1970 = 100","AUS","AUS",2014-02-18,69.5,"D","Index","Indicative","RBA","Daily","F11.1 Exchange Rates","Australian Dollar Trade-weighted Index"
"12034","FXRTWI","Trade-weighted Index May 1970 = 100","AUS","AUS",2014-02-19,69.2,"D","Index","Indicative","RBA","Daily","F11.1 Exchange Rates","Australian Dollar Trade-weighted Index"
"12035","FXRTWI","Trade-weighted Index May 1970 = 100","AUS","AUS",2014-02-20,68.8,"D","Index","Indicative","RBA","Daily","F11.1 Exchange Rates","Australian Dollar Trade-weighted Index"
"12036","FXRTWI","Trade-weighted Index May 1970 = 100","AUS","AUS",2014-02-21,69.2,"D","Index","Indicative","RBA","Daily","F11.1 Exchange Rates","Australian Dollar Trade-weighted Index"
"12037","FXRTWI","Trade-weighted Index May 1970 = 100","AUS","AUS",2014-02-24,69,"D","Index","Indicative","RBA","Daily","F11.1 Exchange Rates","Australian Dollar Trade-weighted Index"
"12038","FXRTWI","Trade-weighted Index May 1970 = 100","AUS","AUS",2014-02-25,69.5,"D","Index","Indicative","RBA","Daily","F11.1 Exchange Rates","Australian Dollar Trade-weighted Index"
"12039","FXRTWI","Trade-weighted Index May 1970 = 100","AUS","AUS",2014-02-26,69.3,"D","Index","Indicative","RBA","Daily","F11.1 Exchange Rates","Australian Dollar Trade-weighted Index"
"12040","FXRTWI","Trade-weighted Index May 1970 = 100","AUS","AUS",2014-02-27,68.8,"D","Index","Indicative","RBA","Daily","F11.1 Exchange Rates","Australian Dollar Trade-weighted Index"
"12041","DLCACS","Credit; Total; Seasonally adjusted","AUS","AUS",2014-02-28,2232.182,"M","$ billion","Seasonally Adjusted","RBA","Monthly","D2 Lending And Credit Aggregates","Credit; Total; Seasonally adjusted – Includes securitisations – For series breaks see Series Breaks"
"12042","FIRMMCRT","Cash Rate Target","AUS","AUS",2014-02-28,2.5,"M","Per cent","Original","RBA","Monthly","F1.1 Interest Rates And Yields - Money Market","Cash Rate Target; monthly average"
"12043","FXRTWI","Trade-weighted Index May 1970 = 100","AUS","AUS",2014-02-28,68.9,"D","Index","Indicative","RBA","Daily","F11.1 Exchange Rates","Australian Dollar Trade-weighted Index"
"12044","FXRTWI","Trade-weighted Index May 1970 = 100","AUS","AUS",2014-02-28,68.9,"M","Index","Indicative","RBA","Monthly","F11 Exchange Rates","Australian Dollar Trade-weighted Index"
"12045","GRCPAISDR","Commodity prices – SDR","AUS","AUS",2014-02-28,77.3500147143617,"M","Index, 2023/24=100","Original","RBA","Monthly","I2 Commodity Prices","Index of commodity prices; All items; SDR"
"12046","A124874157C","Business Turnover Index ; Total of 13 in-scope ANZSIC divisions ; Current Price ;","AUS","AUS",2014-03-01,82,"M","Index Numbers","Seasonally Adjusted",NA,"Monthly","Table 01: Business turnover indicator, 13 industry summary - Monthly percentage change and index",NA
"12047","A2302956R","South Australia ; STATE FINAL DEMAND ;","SA","SA",2014-03-01,30198,"Q","$ Millions","Seasonally Adjusted",NA,"Quarterly","Table 25. State Final Demand, Summary Components by State: Chain volume measures",NA
"12048","A2302984X","Western Australia ; STATE FINAL DEMAND ;","WA","WA",2014-03-01,68724,"Q","$ Millions","Seasonally Adjusted",NA,"Quarterly","Table 25. State Final Demand, Summary Components by State: Chain volume measures",NA
"12049","A2303012X","Tasmania ; STATE FINAL DEMAND ;","TAS","TAS",2014-03-01,9074,"Q","$ Millions","Seasonally Adjusted",NA,"Quarterly","Table 25. State Final Demand, Summary Components by State: Chain volume measures",NA
"12050","A2303040J","Northern Territory ; STATE FINAL DEMAND ;","NT","NT",2014-03-01,8166,"Q","$ Millions","Seasonally Adjusted",NA,"Quarterly","Table 25. State Final Demand, Summary Components by State: Chain volume measures",NA
"12051","A2303068K","Australian Capital Territory ; STATE FINAL DEMAND ;","ACT","ACT",2014-03-01,13638,"Q","$ Millions","Seasonally Adjusted",NA,"Quarterly","Table 25. State Final Demand, Summary Components by State: Chain volume measures",NA
"12052","A2303111F","New South Wales ; STATE FINAL DEMAND ;","NSW","NSW",2014-03-01,149610,"Q","$ Millions","Seasonally Adjusted",NA,"Quarterly","Table 25. State Final Demand, Summary Components by State: Chain volume measures",NA
"12053","A2303139J","Victoria ; STATE FINAL DEMAND ;","VIC","VIC",2014-03-01,112558,"Q","$ Millions","Seasonally Adjusted",NA,"Quarterly","Table 25. State Final Demand, Summary Components by State: Chain volume measures",NA
"12054","A2303187A","Queensland ; STATE FINAL DEMAND ;","QLD","QLD",2014-03-01,100371,"Q","$ Millions","Seasonally Adjusted",NA,"Quarterly","Table 25. State Final Demand, Summary Components by State: Chain volume measures",NA
"12055","A2304418T","Gross domestic product: Current prices ;","AUS","AUS",2014-03-01,403271,"Q","$ Millions","Seasonally Adjusted",NA,"Quarterly","Table 1. Key National Accounts Aggregates",NA
"12056","A2325846C","Index Numbers ; All groups CPI ; Australia ;","AUS","AUS",2014-03-01,105.4,"Q","Index Numbers","Original",NA,"Quarterly","TABLES 1 and 2. CPI: All Groups, Index Numbers and Percentage Changes",NA
"12057","A2718577A","Credits, Total goods ;","AUS","AUS",2014-03-01,23581,"M","$ Millions","Seasonally Adjusted",NA,"Monthly","TABLE 1. GOODS, Summary: Seasonally adjusted and trend estimates, Current prices",NA
"12058","A2718594C","Balance on goods ;","AUS","AUS",2014-03-01,1536,"M","$ Millions","Seasonally Adjusted",NA,"Monthly","TABLE 1. GOODS, Summary: Seasonally adjusted and trend estimates, Current prices",NA
"12059","FXRTWI","Trade-weighted Index May 1970 = 100","AUS","AUS",2014-03-03,68.5,"D","Index","Indicative","RBA","Daily","F11.1 Exchange Rates","Australian Dollar Trade-weighted Index"
"12060","FXRTWI","Trade-weighted Index May 1970 = 100","AUS","AUS",2014-03-04,68.7,"D","Index","Indicative","RBA","Daily","F11.1 Exchange Rates","Australian Dollar Trade-weighted Index"
"12061","FXRTWI","Trade-weighted Index May 1970 = 100","AUS","AUS",2014-03-05,68.9,"D","Index","Indicative","RBA","Daily","F11.1 Exchange Rates","Australian Dollar Trade-weighted Index"
"12062","FXRTWI","Trade-weighted Index May 1970 = 100","AUS","AUS",2014-03-06,69.2,"D","Index","Indicative","RBA","Daily","F11.1 Exchange Rates","Australian Dollar Trade-weighted Index"
"12063","FXRTWI","Trade-weighted Index May 1970 = 100","AUS","AUS",2014-03-07,69.7,"D","Index","Indicative","RBA","Daily","F11.1 Exchange Rates","Australian Dollar Trade-weighted Index"
"12064","FXRTWI","Trade-weighted Index May 1970 = 100","AUS","AUS",2014-03-10,69.4,"D","Index","Indicative","RBA","Daily","F11.1 Exchange Rates","Australian Dollar Trade-weighted Index"
"12065","FXRTWI","Trade-weighted Index May 1970 = 100","AUS","AUS",2014-03-11,69.3,"D","Index","Indicative","RBA","Daily","F11.1 Exchange Rates","Australian Dollar Trade-weighted Index"
"12066","FXRTWI","Trade-weighted Index May 1970 = 100","AUS","AUS",2014-03-12,68.9,"D","Index","Indicative","RBA","Daily","F11.1 Exchange Rates","Australian Dollar Trade-weighted Index"
"12067","FXRTWI","Trade-weighted Index May 1970 = 100","AUS","AUS",2014-03-13,69.6,"D","Index","Indicative","RBA","Daily","F11.1 Exchange Rates","Australian Dollar Trade-weighted Index"
"12068","FXRTWI","Trade-weighted Index May 1970 = 100","AUS","AUS",2014-03-14,69.1,"D","Index","Indicative","RBA","Daily","F11.1 Exchange Rates","Australian Dollar Trade-weighted Index"
"12069","FXRTWI","Trade-weighted Index May 1970 = 100","AUS","AUS",2014-03-17,69.4,"D","Index","Indicative","RBA","Daily","F11.1 Exchange Rates","Australian Dollar Trade-weighted Index"
"12070","FXRTWI","Trade-weighted Index May 1970 = 100","AUS","AUS",2014-03-18,69.7,"D","Index","Indicative","RBA","Daily","F11.1 Exchange Rates","Australian Dollar Trade-weighted Index"
"12071","FXRTWI","Trade-weighted Index May 1970 = 100","AUS","AUS",2014-03-19,70,"D","Index","Indicative","RBA","Daily","F11.1 Exchange Rates","Australian Dollar Trade-weighted Index"
"12072","FXRTWI","Trade-weighted Index May 1970 = 100","AUS","AUS",2014-03-20,69.6,"D","Index","Indicative","RBA","Daily","F11.1 Exchange Rates","Australian Dollar Trade-weighted Index"
"12073","FXRTWI","Trade-weighted Index May 1970 = 100","AUS","AUS",2014-03-21,70,"D","Index","Indicative","RBA","Daily","F11.1 Exchange Rates","Australian Dollar Trade-weighted Index"
"12074","FXRTWI","Trade-weighted Index May 1970 = 100","AUS","AUS",2014-03-24,70.1,"D","Index","Indicative","RBA","Daily","F11.1 Exchange Rates","Australian Dollar Trade-weighted Index"
"12075","FXRTWI","Trade-weighted Index May 1970 = 100","AUS","AUS",2014-03-25,70.3,"D","Index","Indicative","RBA","Daily","F11.1 Exchange Rates","Australian Dollar Trade-weighted Index"
"12076","FXRTWI","Trade-weighted Index May 1970 = 100","AUS","AUS",2014-03-26,70.8,"D","Index","Indicative","RBA","Daily","F11.1 Exchange Rates","Australian Dollar Trade-weighted Index"
"12077","FXRTWI","Trade-weighted Index May 1970 = 100","AUS","AUS",2014-03-27,71.1,"D","Index","Indicative","RBA","Daily","F11.1 Exchange Rates","Australian Dollar Trade-weighted Index"
"12078","FXRTWI","Trade-weighted Index May 1970 = 100","AUS","AUS",2014-03-28,71.3,"D","Index","Indicative","RBA","Daily","F11.1 Exchange Rates","Australian Dollar Trade-weighted Index"
"12079","DLCACS","Credit; Total; Seasonally adjusted","AUS","AUS",2014-03-31,2242.316,"M","$ billion","Seasonally Adjusted","RBA","Monthly","D2 Lending And Credit Aggregates","Credit; Total; Seasonally adjusted – Includes securitisations – For series breaks see Series Breaks"
"12080","FIRMMCRT","Cash Rate Target","AUS","AUS",2014-03-31,2.5,"M","Per cent","Original","RBA","Monthly","F1.1 Interest Rates And Yields - Money Market","Cash Rate Target; monthly average"
"12081","FXRTWI","Trade-weighted Index May 1970 = 100","AUS","AUS",2014-03-31,71,"D","Index","Indicative","RBA","Daily","F11.1 Exchange Rates","Australian Dollar Trade-weighted Index"
"12082","FXRTWI","Trade-weighted Index May 1970 = 100","AUS","AUS",2014-03-31,71,"M","Index","Indicative","RBA","Monthly","F11 Exchange Rates","Australian Dollar Trade-weighted Index"
"12083","GCPIOCPMTMQP","Quarterly trimmed mean inflation","AUS","AUS",2014-03-31,0.5,"Q","Per cent","Seasonally Adjusted","ABS","Quarterly","G1 Consumer Price Inflation","Consumer price index; Trimmed mean; Quarterly change (in per cent)"
"12084","GRCPAISDR","Commodity prices – SDR","AUS","AUS",2014-03-31,74.0307109166255,"M","Index, 2023/24=100","Original","RBA","Monthly","I2 Commodity Prices","Index of commodity prices; All items; SDR"
"12085","A124874157C","Business Turnover Index ; Total of 13 in-scope ANZSIC divisions ; Current Price ;","AUS","AUS",2014-04-01,81.1,"M","Index Numbers","Seasonally Adjusted",NA,"Monthly","Table 01: Business turnover indicator, 13 industry summary - Monthly percentage change and index",NA
"12086","A2718577A","Credits, Total goods ;","AUS","AUS",2014-04-01,22733,"M","$ Millions","Seasonally Adjusted",NA,"Monthly","TABLE 1. GOODS, Summary: Seasonally adjusted and trend estimates, Current prices",NA
"12087","A2718594C","Balance on goods ;","AUS","AUS",2014-04-01,399,"M","$ Millions","Seasonally Adjusted",NA,"Monthly","TABLE 1. GOODS, Summary: Seasonally adjusted and trend estimates, Current prices",NA
"12088","FXRTWI","Trade-weighted Index May 1970 = 100","AUS","AUS",2014-04-01,71.2,"D","Index","Indicative","RBA","Daily","F11.1 Exchange Rates","Australian Dollar Trade-weighted Index"
"12089","FXRTWI","Trade-weighted Index May 1970 = 100","AUS","AUS",2014-04-02,71.1,"D","Index","Indicative","RBA","Daily","F11.1 Exchange Rates","Australian Dollar Trade-weighted Index"
"12090","FXRTWI","Trade-weighted Index May 1970 = 100","AUS","AUS",2014-04-03,71,"D","Index","Indicative","RBA","Daily","F11.1 Exchange Rates","Australian Dollar Trade-weighted Index"
"12091","FXRTWI","Trade-weighted Index May 1970 = 100","AUS","AUS",2014-04-04,71.2,"D","Index","Indicative","RBA","Daily","F11.1 Exchange Rates","Australian Dollar Trade-weighted Index"
"12092","FXRTWI","Trade-weighted Index May 1970 = 100","AUS","AUS",2014-04-07,71.4,"D","Index","Indicative","RBA","Daily","F11.1 Exchange Rates","Australian Dollar Trade-weighted Index"
"12093","FXRTWI","Trade-weighted Index May 1970 = 100","AUS","AUS",2014-04-08,71.4,"D","Index","Indicative","RBA","Daily","F11.1 Exchange Rates","Australian Dollar Trade-weighted Index"
"12094","FXRTWI","Trade-weighted Index May 1970 = 100","AUS","AUS",2014-04-09,71.7,"D","Index","Indicative","RBA","Daily","F11.1 Exchange Rates","Australian Dollar Trade-weighted Index"
"12095","FXRTWI","Trade-weighted Index May 1970 = 100","AUS","AUS",2014-04-10,72,"D","Index","Indicative","RBA","Daily","F11.1 Exchange Rates","Australian Dollar Trade-weighted Index"
"12096","FXRTWI","Trade-weighted Index May 1970 = 100","AUS","AUS",2014-04-11,71.7,"D","Index","Indicative","RBA","Daily","F11.1 Exchange Rates","Australian Dollar Trade-weighted Index"
"12097","FXRTWI","Trade-weighted Index May 1970 = 100","AUS","AUS",2014-04-14,71.9,"D","Index","Indicative","RBA","Daily","F11.1 Exchange Rates","Australian Dollar Trade-weighted Index"
"12098","FXRTWI","Trade-weighted Index May 1970 = 100","AUS","AUS",2014-04-15,72,"D","Index","Indicative","RBA","Daily","F11.1 Exchange Rates","Australian Dollar Trade-weighted Index"
"12099","FXRTWI","Trade-weighted Index May 1970 = 100","AUS","AUS",2014-04-16,71.9,"D","Index","Indicative","RBA","Daily","F11.1 Exchange Rates","Australian Dollar Trade-weighted Index"
"12100","FXRTWI","Trade-weighted Index May 1970 = 100","AUS","AUS",2014-04-17,71.7,"D","Index","Indicative","RBA","Daily","F11.1 Exchange Rates","Australian Dollar Trade-weighted Index"
"12101","FXRTWI","Trade-weighted Index May 1970 = 100","AUS","AUS",2014-04-22,71.9,"D","Index","Indicative","RBA","Daily","F11.1 Exchange Rates","Australian Dollar Trade-weighted Index"
"12102","FXRTWI","Trade-weighted Index May 1970 = 100","AUS","AUS",2014-04-23,71.4,"D","Index","Indicative","RBA","Daily","F11.1 Exchange Rates","Australian Dollar Trade-weighted Index"
"12103","FXRTWI","Trade-weighted Index May 1970 = 100","AUS","AUS",2014-04-24,71.4,"D","Index","Indicative","RBA","Daily","F11.1 Exchange Rates","Australian Dollar Trade-weighted Index"
"12104","FXRTWI","Trade-weighted Index May 1970 = 100","AUS","AUS",2014-04-28,71.4,"D","Index","Indicative","RBA","Daily","F11.1 Exchange Rates","Australian Dollar Trade-weighted Index"
"12105","FXRTWI","Trade-weighted Index May 1970 = 100","AUS","AUS",2014-04-29,71,"D","Index","Indicative","RBA","Daily","F11.1 Exchange Rates","Australian Dollar Trade-weighted Index"
"12106","DLCACS","Credit; Total; Seasonally adjusted","AUS","AUS",2014-04-30,2252.126,"M","$ billion","Seasonally Adjusted","RBA","Monthly","D2 Lending And Credit Aggregates","Credit; Total; Seasonally adjusted – Includes securitisations – For series breaks see Series Breaks"
"12107","FIRMMCRT","Cash Rate Target","AUS","AUS",2014-04-30,2.5,"M","Per cent","Original","RBA","Monthly","F1.1 Interest Rates And Yields - Money Market","Cash Rate Target; monthly average"
"12108","FXRTWI","Trade-weighted Index May 1970 = 100","AUS","AUS",2014-04-30,71.4,"D","Index","Indicative","RBA","Daily","F11.1 Exchange Rates","Australian Dollar Trade-weighted Index"
"12109","FXRTWI","Trade-weighted Index May 1970 = 100","AUS","AUS",2014-04-30,71.4,"M","Index","Indicative","RBA","Monthly","F11 Exchange Rates","Australian Dollar Trade-weighted Index"
"12110","GRCPAISDR","Commodity prices – SDR","AUS","AUS",2014-04-30,72.6829586888954,"M","Index, 2023/24=100","Original","RBA","Monthly","I2 Commodity Prices","Index of commodity prices; All items; SDR"
"12111","A124874157C","Business Turnover Index ; Total of 13 in-scope ANZSIC divisions ; Current Price ;","AUS","AUS",2014-05-01,81.6,"M","Index Numbers","Seasonally Adjusted",NA,"Monthly","Table 01: Business turnover indicator, 13 industry summary - Monthly percentage change and index",NA
"12112","A2718577A","Credits, Total goods ;","AUS","AUS",2014-05-01,21571,"M","$ Millions","Seasonally Adjusted",NA,"Monthly","TABLE 1. GOODS, Summary: Seasonally adjusted and trend estimates, Current prices",NA
"12113","A2718594C","Balance on goods ;","AUS","AUS",2014-05-01,-469,"M","$ Millions","Seasonally Adjusted",NA,"Monthly","TABLE 1. GOODS, Summary: Seasonally adjusted and trend estimates, Current prices",NA
"12114","FXRTWI","Trade-weighted Index May 1970 = 100","AUS","AUS",2014-05-01,71.4,"D","Index","Indicative","RBA","Daily","F11.1 Exchange Rates","Australian Dollar Trade-weighted Index"
"12115","FXRTWI","Trade-weighted Index May 1970 = 100","AUS","AUS",2014-05-02,71.2,"D","Index","Indicative","RBA","Daily","F11.1 Exchange Rates","Australian Dollar Trade-weighted Index"
"12116","FXRTWI","Trade-weighted Index May 1970 = 100","AUS","AUS",2014-05-05,71,"D","Index","Indicative","RBA","Daily","F11.1 Exchange Rates","Australian Dollar Trade-weighted Index"
"12117","FXRTWI","Trade-weighted Index May 1970 = 100","AUS","AUS",2014-05-06,71.1,"D","Index","Indicative","RBA","Daily","F11.1 Exchange Rates","Australian Dollar Trade-weighted Index"
"12118","FXRTWI","Trade-weighted Index May 1970 = 100","AUS","AUS",2014-05-07,71.4,"D","Index","Indicative","RBA","Daily","F11.1 Exchange Rates","Australian Dollar Trade-weighted Index"
"12119","FXRTWI","Trade-weighted Index May 1970 = 100","AUS","AUS",2014-05-08,71.7,"D","Index","Indicative","RBA","Daily","F11.1 Exchange Rates","Australian Dollar Trade-weighted Index"
"12120","FXRTWI","Trade-weighted Index May 1970 = 100","AUS","AUS",2014-05-09,71.6,"D","Index","Indicative","RBA","Daily","F11.1 Exchange Rates","Australian Dollar Trade-weighted Index"
"12121","FXRTWI","Trade-weighted Index May 1970 = 100","AUS","AUS",2014-05-12,71.7,"D","Index","Indicative","RBA","Daily","F11.1 Exchange Rates","Australian Dollar Trade-weighted Index"
"12122","FXRTWI","Trade-weighted Index May 1970 = 100","AUS","AUS",2014-05-13,71.7,"D","Index","Indicative","RBA","Daily","F11.1 Exchange Rates","Australian Dollar Trade-weighted Index"
"12123","FXRTWI","Trade-weighted Index May 1970 = 100","AUS","AUS",2014-05-14,72,"D","Index","Indicative","RBA","Daily","F11.1 Exchange Rates","Australian Dollar Trade-weighted Index"
"12124","FXRTWI","Trade-weighted Index May 1970 = 100","AUS","AUS",2014-05-15,71.8,"D","Index","Indicative","RBA","Daily","F11.1 Exchange Rates","Australian Dollar Trade-weighted Index"
"12125","FXRTWI","Trade-weighted Index May 1970 = 100","AUS","AUS",2014-05-16,71.6,"D","Index","Indicative","RBA","Daily","F11.1 Exchange Rates","Australian Dollar Trade-weighted Index"
"12126","FXRTWI","Trade-weighted Index May 1970 = 100","AUS","AUS",2014-05-19,71.6,"D","Index","Indicative","RBA","Daily","F11.1 Exchange Rates","Australian Dollar Trade-weighted Index"
"12127","FXRTWI","Trade-weighted Index May 1970 = 100","AUS","AUS",2014-05-20,71.1,"D","Index","Indicative","RBA","Daily","F11.1 Exchange Rates","Australian Dollar Trade-weighted Index"
"12128","FXRTWI","Trade-weighted Index May 1970 = 100","AUS","AUS",2014-05-21,70.7,"D","Index","Indicative","RBA","Daily","F11.1 Exchange Rates","Australian Dollar Trade-weighted Index"
"12129","FXRTWI","Trade-weighted Index May 1970 = 100","AUS","AUS",2014-05-22,71,"D","Index","Indicative","RBA","Daily","F11.1 Exchange Rates","Australian Dollar Trade-weighted Index"
"12130","FXRTWI","Trade-weighted Index May 1970 = 100","AUS","AUS",2014-05-23,70.8,"D","Index","Indicative","RBA","Daily","F11.1 Exchange Rates","Australian Dollar Trade-weighted Index"
"12131","FXRTWI","Trade-weighted Index May 1970 = 100","AUS","AUS",2014-05-26,70.9,"D","Index","Indicative","RBA","Daily","F11.1 Exchange Rates","Australian Dollar Trade-weighted Index"
"12132","FXRTWI","Trade-weighted Index May 1970 = 100","AUS","AUS",2014-05-27,71.1,"D","Index","Indicative","RBA","Daily","F11.1 Exchange Rates","Australian Dollar Trade-weighted Index"
"12133","FXRTWI","Trade-weighted Index May 1970 = 100","AUS","AUS",2014-05-28,71.2,"D","Index","Indicative","RBA","Daily","F11.1 Exchange Rates","Australian Dollar Trade-weighted Index"
"12134","FXRTWI","Trade-weighted Index May 1970 = 100","AUS","AUS",2014-05-29,71.3,"D","Index","Indicative","RBA","Daily","F11.1 Exchange Rates","Australian Dollar Trade-weighted Index"
"12135","FXRTWI","Trade-weighted Index May 1970 = 100","AUS","AUS",2014-05-30,71.5,"D","Index","Indicative","RBA","Daily","F11.1 Exchange Rates","Australian Dollar Trade-weighted Index"
"12136","FXRTWI","Trade-weighted Index May 1970 = 100","AUS","AUS",2014-05-30,71.5,"M","Index","Indicative","RBA","Monthly","F11 Exchange Rates","Australian Dollar Trade-weighted Index"
"12137","DLCACS","Credit; Total; Seasonally adjusted","AUS","AUS",2014-05-31,2261.803,"M","$ billion","Seasonally Adjusted","RBA","Monthly","D2 Lending And Credit Aggregates","Credit; Total; Seasonally adjusted – Includes securitisations – For series breaks see Series Breaks"
"12138","FIRMMCRT","Cash Rate Target","AUS","AUS",2014-05-31,2.5,"M","Per cent","Original","RBA","Monthly","F1.1 Interest Rates And Yields - Money Market","Cash Rate Target; monthly average"
"12139","GRCPAISDR","Commodity prices – SDR","AUS","AUS",2014-05-31,70.2033952204295,"M","Index, 2023/24=100","Original","RBA","Monthly","I2 Commodity Prices","Index of commodity prices; All items; SDR"
"12140","A124874157C","Business Turnover Index ; Total of 13 in-scope ANZSIC divisions ; Current Price ;","AUS","AUS",2014-06-01,80.5,"M","Index Numbers","Seasonally Adjusted",NA,"Monthly","Table 01: Business turnover indicator, 13 industry summary - Monthly percentage change and index",NA
"12141","A2302956R","South Australia ; STATE FINAL DEMAND ;","SA","SA",2014-06-01,30453,"Q","$ Millions","Seasonally Adjusted",NA,"Quarterly","Table 25. State Final Demand, Summary Components by State: Chain volume measures",NA
"12142","A2302984X","Western Australia ; STATE FINAL DEMAND ;","WA","WA",2014-06-01,66798,"Q","$ Millions","Seasonally Adjusted",NA,"Quarterly","Table 25. State Final Demand, Summary Components by State: Chain volume measures",NA
"12143","A2303012X","Tasmania ; STATE FINAL DEMAND ;","TAS","TAS",2014-06-01,8980,"Q","$ Millions","Seasonally Adjusted",NA,"Quarterly","Table 25. State Final Demand, Summary Components by State: Chain volume measures",NA
"12144","A2303040J","Northern Territory ; STATE FINAL DEMAND ;","NT","NT",2014-06-01,9083,"Q","$ Millions","Seasonally Adjusted",NA,"Quarterly","Table 25. State Final Demand, Summary Components by State: Chain volume measures",NA
"12145","A2303068K","Australian Capital Territory ; STATE FINAL DEMAND ;","ACT","ACT",2014-06-01,13385,"Q","$ Millions","Seasonally Adjusted",NA,"Quarterly","Table 25. State Final Demand, Summary Components by State: Chain volume measures",NA
"12146","A2303111F","New South Wales ; STATE FINAL DEMAND ;","NSW","NSW",2014-06-01,148948,"Q","$ Millions","Seasonally Adjusted",NA,"Quarterly","Table 25. State Final Demand, Summary Components by State: Chain volume measures",NA
"12147","A2303139J","Victoria ; STATE FINAL DEMAND ;","VIC","VIC",2014-06-01,113665,"Q","$ Millions","Seasonally Adjusted",NA,"Quarterly","Table 25. State Final Demand, Summary Components by State: Chain volume measures",NA
"12148","A2303187A","Queensland ; STATE FINAL DEMAND ;","QLD","QLD",2014-06-01,100881,"Q","$ Millions","Seasonally Adjusted",NA,"Quarterly","Table 25. State Final Demand, Summary Components by State: Chain volume measures",NA
"12149","A2304418T","Gross domestic product: Current prices ;","AUS","AUS",2014-06-01,402743,"Q","$ Millions","Seasonally Adjusted",NA,"Quarterly","Table 1. Key National Accounts Aggregates",NA
"12150","A2325846C","Index Numbers ; All groups CPI ; Australia ;","AUS","AUS",2014-06-01,105.9,"Q","Index Numbers","Original",NA,"Quarterly","TABLES 1 and 2. CPI: All Groups, Index Numbers and Percentage Changes",NA
"12151","A2336320R","New South Wales ; Gross state product: Current prices ;","NSW","NSW",2014-06-01,498630,"Annual","$ Millions","Original",NA,"Annual","Table 1. Gross State Product, Chain volume measures and current prices",NA
"12152","A2336321T","Victoria ; Gross state product: Current prices ;","VIC","VIC",2014-06-01,366578,"Annual","$ Millions","Original",NA,"Annual","Table 1. Gross State Product, Chain volume measures and current prices",NA
"12153","A2336322V","Queensland ; Gross state product: Current prices ;","QLD","QLD",2014-06-01,288632,"Annual","$ Millions","Original",NA,"Annual","Table 1. Gross State Product, Chain volume measures and current prices",NA
"12154","A2336323W","South Australia ; Gross state product: Current prices ;","SA","SA",2014-06-01,96646,"Annual","$ Millions","Original",NA,"Annual","Table 1. Gross State Product, Chain volume measures and current prices",NA
"12155","A2336324X","Western Australia ; Gross state product: Current prices ;","WA","WA",2014-06-01,268365,"Annual","$ Millions","Original",NA,"Annual","Table 1. Gross State Product, Chain volume measures and current prices",NA
"12156","A2336325A","Tasmania ; Gross state product: Current prices ;","TAS","TAS",2014-06-01,26418,"Annual","$ Millions","Original",NA,"Annual","Table 1. Gross State Product, Chain volume measures and current prices",NA
"12157","A2336326C","Northern Territory ; Gross state product: Current prices ;","NT","NT",2014-06-01,22640,"Annual","$ Millions","Original",NA,"Annual","Table 1. Gross State Product, Chain volume measures and current prices",NA
"12158","A2336327F","Australian Capital Territory ; Gross state product: Current prices ;","ACT","ACT",2014-06-01,31424,"Annual","$ Millions","Original",NA,"Annual","Table 1. Gross State Product, Chain volume measures and current prices",NA
"12159","A2718577A","Credits, Total goods ;","AUS","AUS",2014-06-01,21477,"M","$ Millions","Seasonally Adjusted",NA,"Monthly","TABLE 1. GOODS, Summary: Seasonally adjusted and trend estimates, Current prices",NA
"12160","A2718594C","Balance on goods ;","AUS","AUS",2014-06-01,-363,"M","$ Millions","Seasonally Adjusted",NA,"Monthly","TABLE 1. GOODS, Summary: Seasonally adjusted and trend estimates, Current prices",NA
"12161","FXRTWI","Trade-weighted Index May 1970 = 100","AUS","AUS",2014-06-02,71.2,"D","Index","Indicative","RBA","Daily","F11.1 Exchange Rates","Australian Dollar Trade-weighted Index"
"12162","FXRTWI","Trade-weighted Index May 1970 = 100","AUS","AUS",2014-06-03,71.3,"D","Index","Indicative","RBA","Daily","F11.1 Exchange Rates","Australian Dollar Trade-weighted Index"
"12163","FXRTWI","Trade-weighted Index May 1970 = 100","AUS","AUS",2014-06-04,71.5,"D","Index","Indicative","RBA","Daily","F11.1 Exchange Rates","Australian Dollar Trade-weighted Index"
"12164","FXRTWI","Trade-weighted Index May 1970 = 100","AUS","AUS",2014-06-05,71.5,"D","Index","Indicative","RBA","Daily","F11.1 Exchange Rates","Australian Dollar Trade-weighted Index"
"12165","FXRTWI","Trade-weighted Index May 1970 = 100","AUS","AUS",2014-06-06,71.7,"D","Index","Indicative","RBA","Daily","F11.1 Exchange Rates","Australian Dollar Trade-weighted Index"
"12166","FXRTWI","Trade-weighted Index May 1970 = 100","AUS","AUS",2014-06-10,71.9,"D","Index","Indicative","RBA","Daily","F11.1 Exchange Rates","Australian Dollar Trade-weighted Index"
"12167","FXRTWI","Trade-weighted Index May 1970 = 100","AUS","AUS",2014-06-11,72.1,"D","Index","Indicative","RBA","Daily","F11.1 Exchange Rates","Australian Dollar Trade-weighted Index"
"12168","FXRTWI","Trade-weighted Index May 1970 = 100","AUS","AUS",2014-06-12,72.1,"D","Index","Indicative","RBA","Daily","F11.1 Exchange Rates","Australian Dollar Trade-weighted Index"
"12169","FXRTWI","Trade-weighted Index May 1970 = 100","AUS","AUS",2014-06-13,72.1,"D","Index","Indicative","RBA","Daily","F11.1 Exchange Rates","Australian Dollar Trade-weighted Index"
"12170","FXRTWI","Trade-weighted Index May 1970 = 100","AUS","AUS",2014-06-16,72.2,"D","Index","Indicative","RBA","Daily","F11.1 Exchange Rates","Australian Dollar Trade-weighted Index"
"12171","FXRTWI","Trade-weighted Index May 1970 = 100","AUS","AUS",2014-06-17,71.8,"D","Index","Indicative","RBA","Daily","F11.1 Exchange Rates","Australian Dollar Trade-weighted Index"
"12172","FXRTWI","Trade-weighted Index May 1970 = 100","AUS","AUS",2014-06-18,71.8,"D","Index","Indicative","RBA","Daily","F11.1 Exchange Rates","Australian Dollar Trade-weighted Index"
"12173","FXRTWI","Trade-weighted Index May 1970 = 100","AUS","AUS",2014-06-19,72.1,"D","Index","Indicative","RBA","Daily","F11.1 Exchange Rates","Australian Dollar Trade-weighted Index"
"12174","FXRTWI","Trade-weighted Index May 1970 = 100","AUS","AUS",2014-06-20,72.1,"D","Index","Indicative","RBA","Daily","F11.1 Exchange Rates","Australian Dollar Trade-weighted Index"
"12175","FXRTWI","Trade-weighted Index May 1970 = 100","AUS","AUS",2014-06-23,72.4,"D","Index","Indicative","RBA","Daily","F11.1 Exchange Rates","Australian Dollar Trade-weighted Index"
"12176","FXRTWI","Trade-weighted Index May 1970 = 100","AUS","AUS",2014-06-24,72.3,"D","Index","Indicative","RBA","Daily","F11.1 Exchange Rates","Australian Dollar Trade-weighted Index"
"12177","FXRTWI","Trade-weighted Index May 1970 = 100","AUS","AUS",2014-06-25,71.9,"D","Index","Indicative","RBA","Daily","F11.1 Exchange Rates","Australian Dollar Trade-weighted Index"
"12178","FXRTWI","Trade-weighted Index May 1970 = 100","AUS","AUS",2014-06-26,72.1,"D","Index","Indicative","RBA","Daily","F11.1 Exchange Rates","Australian Dollar Trade-weighted Index"
"12179","FXRTWI","Trade-weighted Index May 1970 = 100","AUS","AUS",2014-06-27,72.2,"D","Index","Indicative","RBA","Daily","F11.1 Exchange Rates","Australian Dollar Trade-weighted Index"
"12180","DLCACS","Credit; Total; Seasonally adjusted","AUS","AUS",2014-06-30,2277.725,"M","$ billion","Seasonally Adjusted","RBA","Monthly","D2 Lending And Credit Aggregates","Credit; Total; Seasonally adjusted – Includes securitisations – For series breaks see Series Breaks"
"12181","FIRMMCRT","Cash Rate Target","AUS","AUS",2014-06-30,2.5,"M","Per cent","Original","RBA","Monthly","F1.1 Interest Rates And Yields - Money Market","Cash Rate Target; monthly average"
"12182","FXRTWI","Trade-weighted Index May 1970 = 100","AUS","AUS",2014-06-30,72,"D","Index","Indicative","RBA","Daily","F11.1 Exchange Rates","Australian Dollar Trade-weighted Index"
"12183","FXRTWI","Trade-weighted Index May 1970 = 100","AUS","AUS",2014-06-30,72,"M","Index","Indicative","RBA","Monthly","F11 Exchange Rates","Australian Dollar Trade-weighted Index"
"12184","GCPIOCPMTMQP","Quarterly trimmed mean inflation","AUS","AUS",2014-06-30,0.7,"Q","Per cent","Seasonally Adjusted","ABS","Quarterly","G1 Consumer Price Inflation","Consumer price index; Trimmed mean; Quarterly change (in per cent)"
"12185","GRCPAISDR","Commodity prices – SDR","AUS","AUS",2014-06-30,68.00723799993,"M","Index, 2023/24=100","Original","RBA","Monthly","I2 Commodity Prices","Index of commodity prices; All items; SDR"
"12186","A124874157C","Business Turnover Index ; Total of 13 in-scope ANZSIC divisions ; Current Price ;","AUS","AUS",2014-07-01,81.5,"M","Index Numbers","Seasonally Adjusted",NA,"Monthly","Table 01: Business turnover indicator, 13 industry summary - Monthly percentage change and index",NA
"12187","A2718577A","Credits, Total goods ;","AUS","AUS",2014-07-01,21975,"M","$ Millions","Seasonally Adjusted",NA,"Monthly","TABLE 1. GOODS, Summary: Seasonally adjusted and trend estimates, Current prices",NA
"12188","A2718594C","Balance on goods ;","AUS","AUS",2014-07-01,182,"M","$ Millions","Seasonally Adjusted",NA,"Monthly","TABLE 1. GOODS, Summary: Seasonally adjusted and trend estimates, Current prices",NA
"12189","FXRTWI","Trade-weighted Index May 1970 = 100","AUS","AUS",2014-07-01,72.2,"D","Index","Indicative","RBA","Daily","F11.1 Exchange Rates","Australian Dollar Trade-weighted Index"
"12190","FXRTWI","Trade-weighted Index May 1970 = 100","AUS","AUS",2014-07-02,72.3,"D","Index","Indicative","RBA","Daily","F11.1 Exchange Rates","Australian Dollar Trade-weighted Index"
"12191","FXRTWI","Trade-weighted Index May 1970 = 100","AUS","AUS",2014-07-03,71.7,"D","Index","Indicative","RBA","Daily","F11.1 Exchange Rates","Australian Dollar Trade-weighted Index"
"12192","FXRTWI","Trade-weighted Index May 1970 = 100","AUS","AUS",2014-07-04,71.6,"D","Index","Indicative","RBA","Daily","F11.1 Exchange Rates","Australian Dollar Trade-weighted Index"
"12193","FXRTWI","Trade-weighted Index May 1970 = 100","AUS","AUS",2014-07-07,71.6,"D","Index","Indicative","RBA","Daily","F11.1 Exchange Rates","Australian Dollar Trade-weighted Index"
"12194","FXRTWI","Trade-weighted Index May 1970 = 100","AUS","AUS",2014-07-08,71.7,"D","Index","Indicative","RBA","Daily","F11.1 Exchange Rates","Australian Dollar Trade-weighted Index"
"12195","FXRTWI","Trade-weighted Index May 1970 = 100","AUS","AUS",2014-07-09,71.7,"D","Index","Indicative","RBA","Daily","F11.1 Exchange Rates","Australian Dollar Trade-weighted Index"
"12196","FXRTWI","Trade-weighted Index May 1970 = 100","AUS","AUS",2014-07-10,71.7,"D","Index","Indicative","RBA","Daily","F11.1 Exchange Rates","Australian Dollar Trade-weighted Index"
"12197","FXRTWI","Trade-weighted Index May 1970 = 100","AUS","AUS",2014-07-11,71.7,"D","Index","Indicative","RBA","Daily","F11.1 Exchange Rates","Australian Dollar Trade-weighted Index"
"12198","FXRTWI","Trade-weighted Index May 1970 = 100","AUS","AUS",2014-07-14,71.8,"D","Index","Indicative","RBA","Daily","F11.1 Exchange Rates","Australian Dollar Trade-weighted Index"
"12199","FXRTWI","Trade-weighted Index May 1970 = 100","AUS","AUS",2014-07-15,71.8,"D","Index","Indicative","RBA","Daily","F11.1 Exchange Rates","Australian Dollar Trade-weighted Index"
"12200","FXRTWI","Trade-weighted Index May 1970 = 100","AUS","AUS",2014-07-16,71.5,"D","Index","Indicative","RBA","Daily","F11.1 Exchange Rates","Australian Dollar Trade-weighted Index"
"12201","FXRTWI","Trade-weighted Index May 1970 = 100","AUS","AUS",2014-07-17,71.7,"D","Index","Indicative","RBA","Daily","F11.1 Exchange Rates","Australian Dollar Trade-weighted Index"
"12202","FXRTWI","Trade-weighted Index May 1970 = 100","AUS","AUS",2014-07-18,71.7,"D","Index","Indicative","RBA","Daily","F11.1 Exchange Rates","Australian Dollar Trade-weighted Index"
"12203","FXRTWI","Trade-weighted Index May 1970 = 100","AUS","AUS",2014-07-21,71.8,"D","Index","Indicative","RBA","Daily","F11.1 Exchange Rates","Australian Dollar Trade-weighted Index"
"12204","FXRTWI","Trade-weighted Index May 1970 = 100","AUS","AUS",2014-07-22,71.8,"D","Index","Indicative","RBA","Daily","F11.1 Exchange Rates","Australian Dollar Trade-weighted Index"
"12205","FXRTWI","Trade-weighted Index May 1970 = 100","AUS","AUS",2014-07-23,72.1,"D","Index","Indicative","RBA","Daily","F11.1 Exchange Rates","Australian Dollar Trade-weighted Index"
"12206","FXRTWI","Trade-weighted Index May 1970 = 100","AUS","AUS",2014-07-24,72.3,"D","Index","Indicative","RBA","Daily","F11.1 Exchange Rates","Australian Dollar Trade-weighted Index"
"12207","FXRTWI","Trade-weighted Index May 1970 = 100","AUS","AUS",2014-07-25,72.1,"D","Index","Indicative","RBA","Daily","F11.1 Exchange Rates","Australian Dollar Trade-weighted Index"
"12208","FXRTWI","Trade-weighted Index May 1970 = 100","AUS","AUS",2014-07-28,71.9,"D","Index","Indicative","RBA","Daily","F11.1 Exchange Rates","Australian Dollar Trade-weighted Index"
"12209","FXRTWI","Trade-weighted Index May 1970 = 100","AUS","AUS",2014-07-29,71.9,"D","Index","Indicative","RBA","Daily","F11.1 Exchange Rates","Australian Dollar Trade-weighted Index"
"12210","FXRTWI","Trade-weighted Index May 1970 = 100","AUS","AUS",2014-07-30,71.9,"D","Index","Indicative","RBA","Daily","F11.1 Exchange Rates","Australian Dollar Trade-weighted Index"
"12211","DLCACS","Credit; Total; Seasonally adjusted","AUS","AUS",2014-07-31,2287.818,"M","$ billion","Seasonally Adjusted","RBA","Monthly","D2 Lending And Credit Aggregates","Credit; Total; Seasonally adjusted – Includes securitisations – For series breaks see Series Breaks"
"12212","FIRMMCRT","Cash Rate Target","AUS","AUS",2014-07-31,2.5,"M","Per cent","Original","RBA","Monthly","F1.1 Interest Rates And Yields - Money Market","Cash Rate Target; monthly average"
"12213","FXRTWI","Trade-weighted Index May 1970 = 100","AUS","AUS",2014-07-31,71.5,"D","Index","Indicative","RBA","Daily","F11.1 Exchange Rates","Australian Dollar Trade-weighted Index"
"12214","FXRTWI","Trade-weighted Index May 1970 = 100","AUS","AUS",2014-07-31,71.5,"M","Index","Indicative","RBA","Monthly","F11 Exchange Rates","Australian Dollar Trade-weighted Index"
"12215","GRCPAISDR","Commodity prices – SDR","AUS","AUS",2014-07-31,67.0246663956225,"M","Index, 2023/24=100","Original","RBA","Monthly","I2 Commodity Prices","Index of commodity prices; All items; SDR"
"12216","A124874157C","Business Turnover Index ; Total of 13 in-scope ANZSIC divisions ; Current Price ;","AUS","AUS",2014-08-01,80.9,"M","Index Numbers","Seasonally Adjusted",NA,"Monthly","Table 01: Business turnover indicator, 13 industry summary - Monthly percentage change and index",NA
"12217","A2718577A","Credits, Total goods ;","AUS","AUS",2014-08-01,21426,"M","$ Millions","Seasonally Adjusted",NA,"Monthly","TABLE 1. GOODS, Summary: Seasonally adjusted and trend estimates, Current prices",NA
"12218","A2718594C","Balance on goods ;","AUS","AUS",2014-08-01,-284,"M","$ Millions","Seasonally Adjusted",NA,"Monthly","TABLE 1. GOODS, Summary: Seasonally adjusted and trend estimates, Current prices",NA
"12219","FXRTWI","Trade-weighted Index May 1970 = 100","AUS","AUS",2014-08-01,71.5,"D","Index","Indicative","RBA","Daily","F11.1 Exchange Rates","Australian Dollar Trade-weighted Index"
"12220","FXRTWI","Trade-weighted Index May 1970 = 100","AUS","AUS",2014-08-05,71.7,"D","Index","Indicative","RBA","Daily","F11.1 Exchange Rates","Australian Dollar Trade-weighted Index"
"12221","FXRTWI","Trade-weighted Index May 1970 = 100","AUS","AUS",2014-08-06,71.6,"D","Index","Indicative","RBA","Daily","F11.1 Exchange Rates","Australian Dollar Trade-weighted Index"
"12222","FXRTWI","Trade-weighted Index May 1970 = 100","AUS","AUS",2014-08-07,71.3,"D","Index","Indicative","RBA","Daily","F11.1 Exchange Rates","Australian Dollar Trade-weighted Index"
"12223","FXRTWI","Trade-weighted Index May 1970 = 100","AUS","AUS",2014-08-08,71.1,"D","Index","Indicative","RBA","Daily","F11.1 Exchange Rates","Australian Dollar Trade-weighted Index"
"12224","FXRTWI","Trade-weighted Index May 1970 = 100","AUS","AUS",2014-08-11,71.2,"D","Index","Indicative","RBA","Daily","F11.1 Exchange Rates","Australian Dollar Trade-weighted Index"
"12225","FXRTWI","Trade-weighted Index May 1970 = 100","AUS","AUS",2014-08-12,71.1,"D","Index","Indicative","RBA","Daily","F11.1 Exchange Rates","Australian Dollar Trade-weighted Index"
"12226","FXRTWI","Trade-weighted Index May 1970 = 100","AUS","AUS",2014-08-13,71.4,"D","Index","Indicative","RBA","Daily","F11.1 Exchange Rates","Australian Dollar Trade-weighted Index"
"12227","FXRTWI","Trade-weighted Index May 1970 = 100","AUS","AUS",2014-08-14,71.3,"D","Index","Indicative","RBA","Daily","F11.1 Exchange Rates","Australian Dollar Trade-weighted Index"
"12228","FXRTWI","Trade-weighted Index May 1970 = 100","AUS","AUS",2014-08-15,71.5,"D","Index","Indicative","RBA","Daily","F11.1 Exchange Rates","Australian Dollar Trade-weighted Index"
"12229","FXRTWI","Trade-weighted Index May 1970 = 100","AUS","AUS",2014-08-18,71.4,"D","Index","Indicative","RBA","Daily","F11.1 Exchange Rates","Australian Dollar Trade-weighted Index"
"12230","FXRTWI","Trade-weighted Index May 1970 = 100","AUS","AUS",2014-08-19,71.6,"D","Index","Indicative","RBA","Daily","F11.1 Exchange Rates","Australian Dollar Trade-weighted Index"
"12231","FXRTWI","Trade-weighted Index May 1970 = 100","AUS","AUS",2014-08-20,71.3,"D","Index","Indicative","RBA","Daily","F11.1 Exchange Rates","Australian Dollar Trade-weighted Index"
"12232","FXRTWI","Trade-weighted Index May 1970 = 100","AUS","AUS",2014-08-21,71.3,"D","Index","Indicative","RBA","Daily","F11.1 Exchange Rates","Australian Dollar Trade-weighted Index"
"12233","FXRTWI","Trade-weighted Index May 1970 = 100","AUS","AUS",2014-08-22,71.7,"D","Index","Indicative","RBA","Daily","F11.1 Exchange Rates","Australian Dollar Trade-weighted Index"
"12234","FXRTWI","Trade-weighted Index May 1970 = 100","AUS","AUS",2014-08-25,71.8,"D","Index","Indicative","RBA","Daily","F11.1 Exchange Rates","Australian Dollar Trade-weighted Index"
"12235","FXRTWI","Trade-weighted Index May 1970 = 100","AUS","AUS",2014-08-26,71.6,"D","Index","Indicative","RBA","Daily","F11.1 Exchange Rates","Australian Dollar Trade-weighted Index"
"12236","FXRTWI","Trade-weighted Index May 1970 = 100","AUS","AUS",2014-08-27,71.7,"D","Index","Indicative","RBA","Daily","F11.1 Exchange Rates","Australian Dollar Trade-weighted Index"
"12237","FXRTWI","Trade-weighted Index May 1970 = 100","AUS","AUS",2014-08-28,71.9,"D","Index","Indicative","RBA","Daily","F11.1 Exchange Rates","Australian Dollar Trade-weighted Index"
"12238","FXRTWI","Trade-weighted Index May 1970 = 100","AUS","AUS",2014-08-29,71.9,"D","Index","Indicative","RBA","Daily","F11.1 Exchange Rates","Australian Dollar Trade-weighted Index"
"12239","FXRTWI","Trade-weighted Index May 1970 = 100","AUS","AUS",2014-08-29,71.9,"M","Index","Indicative","RBA","Monthly","F11 Exchange Rates","Australian Dollar Trade-weighted Index"
"12240","DLCACS","Credit; Total; Seasonally adjusted","AUS","AUS",2014-08-31,2295.659,"M","$ billion","Seasonally Adjusted","RBA","Monthly","D2 Lending And Credit Aggregates","Credit; Total; Seasonally adjusted – Includes securitisations – For series breaks see Series Breaks"
"12241","FIRMMCRT","Cash Rate Target","AUS","AUS",2014-08-31,2.5,"M","Per cent","Original","RBA","Monthly","F1.1 Interest Rates And Yields - Money Market","Cash Rate Target; monthly average"
"12242","GRCPAISDR","Commodity prices – SDR","AUS","AUS",2014-08-31,66.3482126584609,"M","Index, 2023/24=100","Original","RBA","Monthly","I2 Commodity Prices","Index of commodity prices; All items; SDR"
"12243","A124874157C","Business Turnover Index ; Total of 13 in-scope ANZSIC divisions ; Current Price ;","AUS","AUS",2014-09-01,79.3,"M","Index Numbers","Seasonally Adjusted",NA,"Monthly","Table 01: Business turnover indicator, 13 industry summary - Monthly percentage change and index",NA
"12244","A2302956R","South Australia ; STATE FINAL DEMAND ;","SA","SA",2014-09-01,30737,"Q","$ Millions","Seasonally Adjusted",NA,"Quarterly","Table 25. State Final Demand, Summary Components by State: Chain volume measures",NA
"12245","A2302984X","Western Australia ; STATE FINAL DEMAND ;","WA","WA",2014-09-01,66491,"Q","$ Millions","Seasonally Adjusted",NA,"Quarterly","Table 25. State Final Demand, Summary Components by State: Chain volume measures",NA
"12246","A2303012X","Tasmania ; STATE FINAL DEMAND ;","TAS","TAS",2014-09-01,9130,"Q","$ Millions","Seasonally Adjusted",NA,"Quarterly","Table 25. State Final Demand, Summary Components by State: Chain volume measures",NA
"12247","A2303040J","Northern Territory ; STATE FINAL DEMAND ;","NT","NT",2014-09-01,9243,"Q","$ Millions","Seasonally Adjusted",NA,"Quarterly","Table 25. State Final Demand, Summary Components by State: Chain volume measures",NA
"12248","A2303068K","Australian Capital Territory ; STATE FINAL DEMAND ;","ACT","ACT",2014-09-01,13895,"Q","$ Millions","Seasonally Adjusted",NA,"Quarterly","Table 25. State Final Demand, Summary Components by State: Chain volume measures",NA
"12249","A2303111F","New South Wales ; STATE FINAL DEMAND ;","NSW","NSW",2014-09-01,151320,"Q","$ Millions","Seasonally Adjusted",NA,"Quarterly","Table 25. State Final Demand, Summary Components by State: Chain volume measures",NA
"12250","A2303139J","Victoria ; STATE FINAL DEMAND ;","VIC","VIC",2014-09-01,114077,"Q","$ Millions","Seasonally Adjusted",NA,"Quarterly","Table 25. State Final Demand, Summary Components by State: Chain volume measures",NA
"12251","A2303187A","Queensland ; STATE FINAL DEMAND ;","QLD","QLD",2014-09-01,98690,"Q","$ Millions","Seasonally Adjusted",NA,"Quarterly","Table 25. State Final Demand, Summary Components by State: Chain volume measures",NA
"12252","A2304418T","Gross domestic product: Current prices ;","AUS","AUS",2014-09-01,402715,"Q","$ Millions","Seasonally Adjusted",NA,"Quarterly","Table 1. Key National Accounts Aggregates",NA
"12253","A2325846C","Index Numbers ; All groups CPI ; Australia ;","AUS","AUS",2014-09-01,106.4,"Q","Index Numbers","Original",NA,"Quarterly","TABLES 1 and 2. CPI: All Groups, Index Numbers and Percentage Changes",NA
"12254","A2718577A","Credits, Total goods ;","AUS","AUS",2014-09-01,21170,"M","$ Millions","Seasonally Adjusted",NA,"Monthly","TABLE 1. GOODS, Summary: Seasonally adjusted and trend estimates, Current prices",NA
"12255","A2718594C","Balance on goods ;","AUS","AUS",2014-09-01,-1303,"M","$ Millions","Seasonally Adjusted",NA,"Monthly","TABLE 1. GOODS, Summary: Seasonally adjusted and trend estimates, Current prices",NA
"12256","FXRTWI","Trade-weighted Index May 1970 = 100","AUS","AUS",2014-09-01,71.9,"D","Index","Indicative","RBA","Daily","F11.1 Exchange Rates","Australian Dollar Trade-weighted Index"
"12257","FXRTWI","Trade-weighted Index May 1970 = 100","AUS","AUS",2014-09-02,71.7,"D","Index","Indicative","RBA","Daily","F11.1 Exchange Rates","Australian Dollar Trade-weighted Index"
"12258","FXRTWI","Trade-weighted Index May 1970 = 100","AUS","AUS",2014-09-03,71.7,"D","Index","Indicative","RBA","Daily","F11.1 Exchange Rates","Australian Dollar Trade-weighted Index"
"12259","FXRTWI","Trade-weighted Index May 1970 = 100","AUS","AUS",2014-09-04,72,"D","Index","Indicative","RBA","Daily","F11.1 Exchange Rates","Australian Dollar Trade-weighted Index"
"12260","FXRTWI","Trade-weighted Index May 1970 = 100","AUS","AUS",2014-09-05,72.3,"D","Index","Indicative","RBA","Daily","F11.1 Exchange Rates","Australian Dollar Trade-weighted Index"
"12261","FXRTWI","Trade-weighted Index May 1970 = 100","AUS","AUS",2014-09-08,72.5,"D","Index","Indicative","RBA","Daily","F11.1 Exchange Rates","Australian Dollar Trade-weighted Index"
"12262","FXRTWI","Trade-weighted Index May 1970 = 100","AUS","AUS",2014-09-09,71.9,"D","Index","Indicative","RBA","Daily","F11.1 Exchange Rates","Australian Dollar Trade-weighted Index"
"12263","FXRTWI","Trade-weighted Index May 1970 = 100","AUS","AUS",2014-09-10,71.1,"D","Index","Indicative","RBA","Daily","F11.1 Exchange Rates","Australian Dollar Trade-weighted Index"
"12264","FXRTWI","Trade-weighted Index May 1970 = 100","AUS","AUS",2014-09-11,71.4,"D","Index","Indicative","RBA","Daily","F11.1 Exchange Rates","Australian Dollar Trade-weighted Index"
"12265","FXRTWI","Trade-weighted Index May 1970 = 100","AUS","AUS",2014-09-12,70.5,"D","Index","Indicative","RBA","Daily","F11.1 Exchange Rates","Australian Dollar Trade-weighted Index"
"12266","FXRTWI","Trade-weighted Index May 1970 = 100","AUS","AUS",2014-09-15,70.1,"D","Index","Indicative","RBA","Daily","F11.1 Exchange Rates","Australian Dollar Trade-weighted Index"
"12267","FXRTWI","Trade-weighted Index May 1970 = 100","AUS","AUS",2014-09-16,70.2,"D","Index","Indicative","RBA","Daily","F11.1 Exchange Rates","Australian Dollar Trade-weighted Index"
"12268","FXRTWI","Trade-weighted Index May 1970 = 100","AUS","AUS",2014-09-17,70.6,"D","Index","Indicative","RBA","Daily","F11.1 Exchange Rates","Australian Dollar Trade-weighted Index"
"12269","FXRTWI","Trade-weighted Index May 1970 = 100","AUS","AUS",2014-09-18,70.1,"D","Index","Indicative","RBA","Daily","F11.1 Exchange Rates","Australian Dollar Trade-weighted Index"
"12270","FXRTWI","Trade-weighted Index May 1970 = 100","AUS","AUS",2014-09-19,70,"D","Index","Indicative","RBA","Daily","F11.1 Exchange Rates","Australian Dollar Trade-weighted Index"
"12271","FXRTWI","Trade-weighted Index May 1970 = 100","AUS","AUS",2014-09-22,69.6,"D","Index","Indicative","RBA","Daily","F11.1 Exchange Rates","Australian Dollar Trade-weighted Index"
"12272","FXRTWI","Trade-weighted Index May 1970 = 100","AUS","AUS",2014-09-23,69.7,"D","Index","Indicative","RBA","Daily","F11.1 Exchange Rates","Australian Dollar Trade-weighted Index"
"12273","FXRTWI","Trade-weighted Index May 1970 = 100","AUS","AUS",2014-09-24,69.3,"D","Index","Indicative","RBA","Daily","F11.1 Exchange Rates","Australian Dollar Trade-weighted Index"
"12274","FXRTWI","Trade-weighted Index May 1970 = 100","AUS","AUS",2014-09-25,69.1,"D","Index","Indicative","RBA","Daily","F11.1 Exchange Rates","Australian Dollar Trade-weighted Index"
"12275","FXRTWI","Trade-weighted Index May 1970 = 100","AUS","AUS",2014-09-26,68.7,"D","Index","Indicative","RBA","Daily","F11.1 Exchange Rates","Australian Dollar Trade-weighted Index"
"12276","FXRTWI","Trade-weighted Index May 1970 = 100","AUS","AUS",2014-09-29,68.5,"D","Index","Indicative","RBA","Daily","F11.1 Exchange Rates","Australian Dollar Trade-weighted Index"
"12277","DLCACS","Credit; Total; Seasonally adjusted","AUS","AUS",2014-09-30,2306.366,"M","$ billion","Seasonally Adjusted","RBA","Monthly","D2 Lending And Credit Aggregates","Credit; Total; Seasonally adjusted – Includes securitisations – For series breaks see Series Breaks"
"12278","FIRMMCRT","Cash Rate Target","AUS","AUS",2014-09-30,2.5,"M","Per cent","Original","RBA","Monthly","F1.1 Interest Rates And Yields - Money Market","Cash Rate Target; monthly average"
"12279","FXRTWI","Trade-weighted Index May 1970 = 100","AUS","AUS",2014-09-30,68.9,"D","Index","Indicative","RBA","Daily","F11.1 Exchange Rates","Australian Dollar Trade-weighted Index"
"12280","FXRTWI","Trade-weighted Index May 1970 = 100","AUS","AUS",2014-09-30,68.9,"M","Index","Indicative","RBA","Monthly","F11 Exchange Rates","Australian Dollar Trade-weighted Index"
"12281","GCPIOCPMTMQP","Quarterly trimmed mean inflation","AUS","AUS",2014-09-30,0.4,"Q","Per cent","Seasonally Adjusted","ABS","Quarterly","G1 Consumer Price Inflation","Consumer price index; Trimmed mean; Quarterly change (in per cent)"
"12282","GRCPAISDR","Commodity prices – SDR","AUS","AUS",2014-09-30,65.7018295153251,"M","Index, 2023/24=100","Original","RBA","Monthly","I2 Commodity Prices","Index of commodity prices; All items; SDR"
"12283","A124874157C","Business Turnover Index ; Total of 13 in-scope ANZSIC divisions ; Current Price ;","AUS","AUS",2014-10-01,79.9,"M","Index Numbers","Seasonally Adjusted",NA,"Monthly","Table 01: Business turnover indicator, 13 industry summary - Monthly percentage change and index",NA
"12284","A2718577A","Credits, Total goods ;","AUS","AUS",2014-10-01,21799,"M","$ Millions","Seasonally Adjusted",NA,"Monthly","TABLE 1. GOODS, Summary: Seasonally adjusted and trend estimates, Current prices",NA
"12285","A2718594C","Balance on goods ;","AUS","AUS",2014-10-01,-228,"M","$ Millions","Seasonally Adjusted",NA,"Monthly","TABLE 1. GOODS, Summary: Seasonally adjusted and trend estimates, Current prices",NA
"12286","FXRTWI","Trade-weighted Index May 1970 = 100","AUS","AUS",2014-10-01,68.5,"D","Index","Indicative","RBA","Daily","F11.1 Exchange Rates","Australian Dollar Trade-weighted Index"
"12287","FXRTWI","Trade-weighted Index May 1970 = 100","AUS","AUS",2014-10-02,69.3,"D","Index","Indicative","RBA","Daily","F11.1 Exchange Rates","Australian Dollar Trade-weighted Index"
"12288","FXRTWI","Trade-weighted Index May 1970 = 100","AUS","AUS",2014-10-03,69.1,"D","Index","Indicative","RBA","Daily","F11.1 Exchange Rates","Australian Dollar Trade-weighted Index"
"12289","FXRTWI","Trade-weighted Index May 1970 = 100","AUS","AUS",2014-10-07,69,"D","Index","Indicative","RBA","Daily","F11.1 Exchange Rates","Australian Dollar Trade-weighted Index"
"12290","FXRTWI","Trade-weighted Index May 1970 = 100","AUS","AUS",2014-10-08,69.1,"D","Index","Indicative","RBA","Daily","F11.1 Exchange Rates","Australian Dollar Trade-weighted Index"
"12291","FXRTWI","Trade-weighted Index May 1970 = 100","AUS","AUS",2014-10-09,69.7,"D","Index","Indicative","RBA","Daily","F11.1 Exchange Rates","Australian Dollar Trade-weighted Index"
"12292","FXRTWI","Trade-weighted Index May 1970 = 100","AUS","AUS",2014-10-10,68.9,"D","Index","Indicative","RBA","Daily","F11.1 Exchange Rates","Australian Dollar Trade-weighted Index"
"12293","FXRTWI","Trade-weighted Index May 1970 = 100","AUS","AUS",2014-10-13,68.5,"D","Index","Indicative","RBA","Daily","F11.1 Exchange Rates","Australian Dollar Trade-weighted Index"
"12294","FXRTWI","Trade-weighted Index May 1970 = 100","AUS","AUS",2014-10-14,68.9,"D","Index","Indicative","RBA","Daily","F11.1 Exchange Rates","Australian Dollar Trade-weighted Index"
"12295","FXRTWI","Trade-weighted Index May 1970 = 100","AUS","AUS",2014-10-15,68.5,"D","Index","Indicative","RBA","Daily","F11.1 Exchange Rates","Australian Dollar Trade-weighted Index"
"12296","FXRTWI","Trade-weighted Index May 1970 = 100","AUS","AUS",2014-10-16,68.8,"D","Index","Indicative","RBA","Daily","F11.1 Exchange Rates","Australian Dollar Trade-weighted Index"
"12297","FXRTWI","Trade-weighted Index May 1970 = 100","AUS","AUS",2014-10-17,68.5,"D","Index","Indicative","RBA","Daily","F11.1 Exchange Rates","Australian Dollar Trade-weighted Index"
"12298","FXRTWI","Trade-weighted Index May 1970 = 100","AUS","AUS",2014-10-20,68.7,"D","Index","Indicative","RBA","Daily","F11.1 Exchange Rates","Australian Dollar Trade-weighted Index"
"12299","FXRTWI","Trade-weighted Index May 1970 = 100","AUS","AUS",2014-10-21,68.9,"D","Index","Indicative","RBA","Daily","F11.1 Exchange Rates","Australian Dollar Trade-weighted Index"
"12300","FXRTWI","Trade-weighted Index May 1970 = 100","AUS","AUS",2014-10-22,68.8,"D","Index","Indicative","RBA","Daily","F11.1 Exchange Rates","Australian Dollar Trade-weighted Index"
"12301","FXRTWI","Trade-weighted Index May 1970 = 100","AUS","AUS",2014-10-23,68.7,"D","Index","Indicative","RBA","Daily","F11.1 Exchange Rates","Australian Dollar Trade-weighted Index"
"12302","FXRTWI","Trade-weighted Index May 1970 = 100","AUS","AUS",2014-10-24,68.8,"D","Index","Indicative","RBA","Daily","F11.1 Exchange Rates","Australian Dollar Trade-weighted Index"
"12303","FXRTWI","Trade-weighted Index May 1970 = 100","AUS","AUS",2014-10-27,69.1,"D","Index","Indicative","RBA","Daily","F11.1 Exchange Rates","Australian Dollar Trade-weighted Index"
"12304","FXRTWI","Trade-weighted Index May 1970 = 100","AUS","AUS",2014-10-28,69.1,"D","Index","Indicative","RBA","Daily","F11.1 Exchange Rates","Australian Dollar Trade-weighted Index"
"12305","FXRTWI","Trade-weighted Index May 1970 = 100","AUS","AUS",2014-10-29,69.5,"D","Index","Indicative","RBA","Daily","F11.1 Exchange Rates","Australian Dollar Trade-weighted Index"
"12306","FXRTWI","Trade-weighted Index May 1970 = 100","AUS","AUS",2014-10-30,69,"D","Index","Indicative","RBA","Daily","F11.1 Exchange Rates","Australian Dollar Trade-weighted Index"
"12307","DLCACS","Credit; Total; Seasonally adjusted","AUS","AUS",2014-10-31,2319.581,"M","$ billion","Seasonally Adjusted","RBA","Monthly","D2 Lending And Credit Aggregates","Credit; Total; Seasonally adjusted – Includes securitisations – For series breaks see Series Breaks"
"12308","FIRMMCRT","Cash Rate Target","AUS","AUS",2014-10-31,2.5,"M","Per cent","Original","RBA","Monthly","F1.1 Interest Rates And Yields - Money Market","Cash Rate Target; monthly average"
"12309","FXRTWI","Trade-weighted Index May 1970 = 100","AUS","AUS",2014-10-31,69.4,"D","Index","Indicative","RBA","Daily","F11.1 Exchange Rates","Australian Dollar Trade-weighted Index"
"12310","FXRTWI","Trade-weighted Index May 1970 = 100","AUS","AUS",2014-10-31,69.4,"M","Index","Indicative","RBA","Monthly","F11 Exchange Rates","Australian Dollar Trade-weighted Index"
"12311","GRCPAISDR","Commodity prices – SDR","AUS","AUS",2014-10-31,63.8383576080407,"M","Index, 2023/24=100","Original","RBA","Monthly","I2 Commodity Prices","Index of commodity prices; All items; SDR"
"12312","A124874157C","Business Turnover Index ; Total of 13 in-scope ANZSIC divisions ; Current Price ;","AUS","AUS",2014-11-01,78.6,"M","Index Numbers","Seasonally Adjusted",NA,"Monthly","Table 01: Business turnover indicator, 13 industry summary - Monthly percentage change and index",NA
"12313","A2718577A","Credits, Total goods ;","AUS","AUS",2014-11-01,21495,"M","$ Millions","Seasonally Adjusted",NA,"Monthly","TABLE 1. GOODS, Summary: Seasonally adjusted and trend estimates, Current prices",NA
"12314","A2718594C","Balance on goods ;","AUS","AUS",2014-11-01,-960,"M","$ Millions","Seasonally Adjusted",NA,"Monthly","TABLE 1. GOODS, Summary: Seasonally adjusted and trend estimates, Current prices",NA
"12315","FXRTWI","Trade-weighted Index May 1970 = 100","AUS","AUS",2014-11-03,69.3,"D","Index","Indicative","RBA","Daily","F11.1 Exchange Rates","Australian Dollar Trade-weighted Index"
"12316","FXRTWI","Trade-weighted Index May 1970 = 100","AUS","AUS",2014-11-04,69.2,"D","Index","Indicative","RBA","Daily","F11.1 Exchange Rates","Australian Dollar Trade-weighted Index"
"12317","FXRTWI","Trade-weighted Index May 1970 = 100","AUS","AUS",2014-11-05,69.3,"D","Index","Indicative","RBA","Daily","F11.1 Exchange Rates","Australian Dollar Trade-weighted Index"
"12318","FXRTWI","Trade-weighted Index May 1970 = 100","AUS","AUS",2014-11-06,68.5,"D","Index","Indicative","RBA","Daily","F11.1 Exchange Rates","Australian Dollar Trade-weighted Index"
"12319","FXRTWI","Trade-weighted Index May 1970 = 100","AUS","AUS",2014-11-07,68.3,"D","Index","Indicative","RBA","Daily","F11.1 Exchange Rates","Australian Dollar Trade-weighted Index"
"12320","FXRTWI","Trade-weighted Index May 1970 = 100","AUS","AUS",2014-11-10,69,"D","Index","Indicative","RBA","Daily","F11.1 Exchange Rates","Australian Dollar Trade-weighted Index"
"12321","FXRTWI","Trade-weighted Index May 1970 = 100","AUS","AUS",2014-11-11,68.8,"D","Index","Indicative","RBA","Daily","F11.1 Exchange Rates","Australian Dollar Trade-weighted Index"
"12322","FXRTWI","Trade-weighted Index May 1970 = 100","AUS","AUS",2014-11-12,69.2,"D","Index","Indicative","RBA","Daily","F11.1 Exchange Rates","Australian Dollar Trade-weighted Index"
"12323","FXRTWI","Trade-weighted Index May 1970 = 100","AUS","AUS",2014-11-13,69.4,"D","Index","Indicative","RBA","Daily","F11.1 Exchange Rates","Australian Dollar Trade-weighted Index"
"12324","FXRTWI","Trade-weighted Index May 1970 = 100","AUS","AUS",2014-11-14,69.5,"D","Index","Indicative","RBA","Daily","F11.1 Exchange Rates","Australian Dollar Trade-weighted Index"
"12325","FXRTWI","Trade-weighted Index May 1970 = 100","AUS","AUS",2014-11-17,70.1,"D","Index","Indicative","RBA","Daily","F11.1 Exchange Rates","Australian Dollar Trade-weighted Index"
"12326","FXRTWI","Trade-weighted Index May 1970 = 100","AUS","AUS",2014-11-18,69.7,"D","Index","Indicative","RBA","Daily","F11.1 Exchange Rates","Australian Dollar Trade-weighted Index"
"12327","FXRTWI","Trade-weighted Index May 1970 = 100","AUS","AUS",2014-11-19,69.3,"D","Index","Indicative","RBA","Daily","F11.1 Exchange Rates","Australian Dollar Trade-weighted Index"
"12328","FXRTWI","Trade-weighted Index May 1970 = 100","AUS","AUS",2014-11-20,68.9,"D","Index","Indicative","RBA","Daily","F11.1 Exchange Rates","Australian Dollar Trade-weighted Index"
"12329","FXRTWI","Trade-weighted Index May 1970 = 100","AUS","AUS",2014-11-21,69.1,"D","Index","Indicative","RBA","Daily","F11.1 Exchange Rates","Australian Dollar Trade-weighted Index"
"12330","FXRTWI","Trade-weighted Index May 1970 = 100","AUS","AUS",2014-11-24,69.6,"D","Index","Indicative","RBA","Daily","F11.1 Exchange Rates","Australian Dollar Trade-weighted Index"
"12331","FXRTWI","Trade-weighted Index May 1970 = 100","AUS","AUS",2014-11-25,69,"D","Index","Indicative","RBA","Daily","F11.1 Exchange Rates","Australian Dollar Trade-weighted Index"
"12332","FXRTWI","Trade-weighted Index May 1970 = 100","AUS","AUS",2014-11-26,68.4,"D","Index","Indicative","RBA","Daily","F11.1 Exchange Rates","Australian Dollar Trade-weighted Index"
"12333","FXRTWI","Trade-weighted Index May 1970 = 100","AUS","AUS",2014-11-27,68.8,"D","Index","Indicative","RBA","Daily","F11.1 Exchange Rates","Australian Dollar Trade-weighted Index"
"12334","FXRTWI","Trade-weighted Index May 1970 = 100","AUS","AUS",2014-11-28,68.2,"D","Index","Indicative","RBA","Daily","F11.1 Exchange Rates","Australian Dollar Trade-weighted Index"
"12335","FXRTWI","Trade-weighted Index May 1970 = 100","AUS","AUS",2014-11-28,68.2,"M","Index","Indicative","RBA","Monthly","F11 Exchange Rates","Australian Dollar Trade-weighted Index"
"12336","DLCACS","Credit; Total; Seasonally adjusted","AUS","AUS",2014-11-30,2331.492,"M","$ billion","Seasonally Adjusted","RBA","Monthly","D2 Lending And Credit Aggregates","Credit; Total; Seasonally adjusted – Includes securitisations – For series breaks see Series Breaks"
"12337","FIRMMCRT","Cash Rate Target","AUS","AUS",2014-11-30,2.5,"M","Per cent","Original","RBA","Monthly","F1.1 Interest Rates And Yields - Money Market","Cash Rate Target; monthly average"
"12338","GRCPAISDR","Commodity prices – SDR","AUS","AUS",2014-11-30,63.3457391109415,"M","Index, 2023/24=100","Original","RBA","Monthly","I2 Commodity Prices","Index of commodity prices; All items; SDR"
"12339","A124874157C","Business Turnover Index ; Total of 13 in-scope ANZSIC divisions ; Current Price ;","AUS","AUS",2014-12-01,79.1,"M","Index Numbers","Seasonally Adjusted",NA,"Monthly","Table 01: Business turnover indicator, 13 industry summary - Monthly percentage change and index",NA
"12340","A2302956R","South Australia ; STATE FINAL DEMAND ;","SA","SA",2014-12-01,30773,"Q","$ Millions","Seasonally Adjusted",NA,"Quarterly","Table 25. State Final Demand, Summary Components by State: Chain volume measures",NA
"12341","A2302984X","Western Australia ; STATE FINAL DEMAND ;","WA","WA",2014-12-01,66989,"Q","$ Millions","Seasonally Adjusted",NA,"Quarterly","Table 25. State Final Demand, Summary Components by State: Chain volume measures",NA
"12342","A2303012X","Tasmania ; STATE FINAL DEMAND ;","TAS","TAS",2014-12-01,9159,"Q","$ Millions","Seasonally Adjusted",NA,"Quarterly","Table 25. State Final Demand, Summary Components by State: Chain volume measures",NA
"12343","A2303040J","Northern Territory ; STATE FINAL DEMAND ;","NT","NT",2014-12-01,8830,"Q","$ Millions","Seasonally Adjusted",NA,"Quarterly","Table 25. State Final Demand, Summary Components by State: Chain volume measures",NA
"12344","A2303068K","Australian Capital Territory ; STATE FINAL DEMAND ;","ACT","ACT",2014-12-01,13700,"Q","$ Millions","Seasonally Adjusted",NA,"Quarterly","Table 25. State Final Demand, Summary Components by State: Chain volume measures",NA
"12345","A2303111F","New South Wales ; STATE FINAL DEMAND ;","NSW","NSW",2014-12-01,151875,"Q","$ Millions","Seasonally Adjusted",NA,"Quarterly","Table 25. State Final Demand, Summary Components by State: Chain volume measures",NA
"12346","A2303139J","Victoria ; STATE FINAL DEMAND ;","VIC","VIC",2014-12-01,115972,"Q","$ Millions","Seasonally Adjusted",NA,"Quarterly","Table 25. State Final Demand, Summary Components by State: Chain volume measures",NA
"12347","A2303187A","Queensland ; STATE FINAL DEMAND ;","QLD","QLD",2014-12-01,97653,"Q","$ Millions","Seasonally Adjusted",NA,"Quarterly","Table 25. State Final Demand, Summary Components by State: Chain volume measures",NA
"12348","A2304418T","Gross domestic product: Current prices ;","AUS","AUS",2014-12-01,405258,"Q","$ Millions","Seasonally Adjusted",NA,"Quarterly","Table 1. Key National Accounts Aggregates",NA
"12349","A2325846C","Index Numbers ; All groups CPI ; Australia ;","AUS","AUS",2014-12-01,106.6,"Q","Index Numbers","Original",NA,"Quarterly","TABLES 1 and 2. CPI: All Groups, Index Numbers and Percentage Changes",NA
"12350","A2718577A","Credits, Total goods ;","AUS","AUS",2014-12-01,21678,"M","$ Millions","Seasonally Adjusted",NA,"Monthly","TABLE 1. GOODS, Summary: Seasonally adjusted and trend estimates, Current prices",NA
"12351","A2718594C","Balance on goods ;","AUS","AUS",2014-12-01,-152,"M","$ Millions","Seasonally Adjusted",NA,"Monthly","TABLE 1. GOODS, Summary: Seasonally adjusted and trend estimates, Current prices",NA
"12352","FXRTWI","Trade-weighted Index May 1970 = 100","AUS","AUS",2014-12-01,68,"D","Index","Indicative","RBA","Daily","F11.1 Exchange Rates","Australian Dollar Trade-weighted Index"
"12353","FXRTWI","Trade-weighted Index May 1970 = 100","AUS","AUS",2014-12-02,68.3,"D","Index","Indicative","RBA","Daily","F11.1 Exchange Rates","Australian Dollar Trade-weighted Index"
"12354","FXRTWI","Trade-weighted Index May 1970 = 100","AUS","AUS",2014-12-03,67.8,"D","Index","Indicative","RBA","Daily","F11.1 Exchange Rates","Australian Dollar Trade-weighted Index"
"12355","FXRTWI","Trade-weighted Index May 1970 = 100","AUS","AUS",2014-12-04,67.8,"D","Index","Indicative","RBA","Daily","F11.1 Exchange Rates","Australian Dollar Trade-weighted Index"
"12356","FXRTWI","Trade-weighted Index May 1970 = 100","AUS","AUS",2014-12-05,67.6,"D","Index","Indicative","RBA","Daily","F11.1 Exchange Rates","Australian Dollar Trade-weighted Index"
"12357","FXRTWI","Trade-weighted Index May 1970 = 100","AUS","AUS",2014-12-08,67.1,"D","Index","Indicative","RBA","Daily","F11.1 Exchange Rates","Australian Dollar Trade-weighted Index"
"12358","FXRTWI","Trade-weighted Index May 1970 = 100","AUS","AUS",2014-12-09,66.8,"D","Index","Indicative","RBA","Daily","F11.1 Exchange Rates","Australian Dollar Trade-weighted Index"
"12359","FXRTWI","Trade-weighted Index May 1970 = 100","AUS","AUS",2014-12-10,67.1,"D","Index","Indicative","RBA","Daily","F11.1 Exchange Rates","Australian Dollar Trade-weighted Index"
"12360","FXRTWI","Trade-weighted Index May 1970 = 100","AUS","AUS",2014-12-11,67,"D","Index","Indicative","RBA","Daily","F11.1 Exchange Rates","Australian Dollar Trade-weighted Index"
"12361","FXRTWI","Trade-weighted Index May 1970 = 100","AUS","AUS",2014-12-12,66.8,"D","Index","Indicative","RBA","Daily","F11.1 Exchange Rates","Australian Dollar Trade-weighted Index"
"12362","FXRTWI","Trade-weighted Index May 1970 = 100","AUS","AUS",2014-12-15,66.5,"D","Index","Indicative","RBA","Daily","F11.1 Exchange Rates","Australian Dollar Trade-weighted Index"
"12363","FXRTWI","Trade-weighted Index May 1970 = 100","AUS","AUS",2014-12-16,66.3,"D","Index","Indicative","RBA","Daily","F11.1 Exchange Rates","Australian Dollar Trade-weighted Index"
"12364","FXRTWI","Trade-weighted Index May 1970 = 100","AUS","AUS",2014-12-17,65.7,"D","Index","Indicative","RBA","Daily","F11.1 Exchange Rates","Australian Dollar Trade-weighted Index"
"12365","FXRTWI","Trade-weighted Index May 1970 = 100","AUS","AUS",2014-12-18,65.9,"D","Index","Indicative","RBA","Daily","F11.1 Exchange Rates","Australian Dollar Trade-weighted Index"
"12366","FXRTWI","Trade-weighted Index May 1970 = 100","AUS","AUS",2014-12-19,66.3,"D","Index","Indicative","RBA","Daily","F11.1 Exchange Rates","Australian Dollar Trade-weighted Index"
"12367","FXRTWI","Trade-weighted Index May 1970 = 100","AUS","AUS",2014-12-22,66.2,"D","Index","Indicative","RBA","Daily","F11.1 Exchange Rates","Australian Dollar Trade-weighted Index"
"12368","FXRTWI","Trade-weighted Index May 1970 = 100","AUS","AUS",2014-12-23,65.9,"D","Index","Indicative","RBA","Daily","F11.1 Exchange Rates","Australian Dollar Trade-weighted Index"
"12369","FXRTWI","Trade-weighted Index May 1970 = 100","AUS","AUS",2014-12-24,66,"D","Index","Indicative","RBA","Daily","F11.1 Exchange Rates","Australian Dollar Trade-weighted Index"
"12370","FXRTWI","Trade-weighted Index May 1970 = 100","AUS","AUS",2014-12-29,66.1,"D","Index","Indicative","RBA","Daily","F11.1 Exchange Rates","Australian Dollar Trade-weighted Index"
"12371","FXRTWI","Trade-weighted Index May 1970 = 100","AUS","AUS",2014-12-30,66.1,"D","Index","Indicative","RBA","Daily","F11.1 Exchange Rates","Australian Dollar Trade-weighted Index"
"12372","DLCACS","Credit; Total; Seasonally adjusted","AUS","AUS",2014-12-31,2341.878,"M","$ billion","Seasonally Adjusted","RBA","Monthly","D2 Lending And Credit Aggregates","Credit; Total; Seasonally adjusted – Includes securitisations – For series breaks see Series Breaks"
"12373","FIRMMCRT","Cash Rate Target","AUS","AUS",2014-12-31,2.5,"M","Per cent","Original","RBA","Monthly","F1.1 Interest Rates And Yields - Money Market","Cash Rate Target; monthly average"
"12374","FXRTWI","Trade-weighted Index May 1970 = 100","AUS","AUS",2014-12-31,66.5,"D","Index","Indicative","RBA","Daily","F11.1 Exchange Rates","Australian Dollar Trade-weighted Index"
"12375","FXRTWI","Trade-weighted Index May 1970 = 100","AUS","AUS",2014-12-31,66.5,"M","Index","Indicative","RBA","Monthly","F11 Exchange Rates","Australian Dollar Trade-weighted Index"
"12376","GCPIOCPMTMQP","Quarterly trimmed mean inflation","AUS","AUS",2014-12-31,0.6,"Q","Per cent","Seasonally Adjusted","ABS","Quarterly","G1 Consumer Price Inflation","Consumer price index; Trimmed mean; Quarterly change (in per cent)"
"12377","GRCPAISDR","Commodity prices – SDR","AUS","AUS",2014-12-31,61.0915458627069,"M","Index, 2023/24=100","Original","RBA","Monthly","I2 Commodity Prices","Index of commodity prices; All items; SDR"
"12378","A124874157C","Business Turnover Index ; Total of 13 in-scope ANZSIC divisions ; Current Price ;","AUS","AUS",2015-01-01,79.3,"M","Index Numbers","Seasonally Adjusted",NA,"Monthly","Table 01: Business turnover indicator, 13 industry summary - Monthly percentage change and index",NA
"12379","A2718577A","Credits, Total goods ;","AUS","AUS",2015-01-01,21778,"M","$ Millions","Seasonally Adjusted",NA,"Monthly","TABLE 1. GOODS, Summary: Seasonally adjusted and trend estimates, Current prices",NA
"12380","A2718594C","Balance on goods ;","AUS","AUS",2015-01-01,-547,"M","$ Millions","Seasonally Adjusted",NA,"Monthly","TABLE 1. GOODS, Summary: Seasonally adjusted and trend estimates, Current prices",NA
"12381","FXRTWI","Trade-weighted Index May 1970 = 100","AUS","AUS",2015-01-02,66.1,"D","Index","Indicative","RBA","Daily","F11.1 Exchange Rates","Australian Dollar Trade-weighted Index"
"12382","FXRTWI","Trade-weighted Index May 1970 = 100","AUS","AUS",2015-01-05,65.9,"D","Index","Indicative","RBA","Daily","F11.1 Exchange Rates","Australian Dollar Trade-weighted Index"
"12383","FXRTWI","Trade-weighted Index May 1970 = 100","AUS","AUS",2015-01-06,66.3,"D","Index","Indicative","RBA","Daily","F11.1 Exchange Rates","Australian Dollar Trade-weighted Index"
"12384","FXRTWI","Trade-weighted Index May 1970 = 100","AUS","AUS",2015-01-07,65.9,"D","Index","Indicative","RBA","Daily","F11.1 Exchange Rates","Australian Dollar Trade-weighted Index"
"12385","FXRTWI","Trade-weighted Index May 1970 = 100","AUS","AUS",2015-01-08,66.3,"D","Index","Indicative","RBA","Daily","F11.1 Exchange Rates","Australian Dollar Trade-weighted Index"
"12386","FXRTWI","Trade-weighted Index May 1970 = 100","AUS","AUS",2015-01-09,66.4,"D","Index","Indicative","RBA","Daily","F11.1 Exchange Rates","Australian Dollar Trade-weighted Index"
"12387","FXRTWI","Trade-weighted Index May 1970 = 100","AUS","AUS",2015-01-12,67,"D","Index","Indicative","RBA","Daily","F11.1 Exchange Rates","Australian Dollar Trade-weighted Index"
"12388","FXRTWI","Trade-weighted Index May 1970 = 100","AUS","AUS",2015-01-13,66.5,"D","Index","Indicative","RBA","Daily","F11.1 Exchange Rates","Australian Dollar Trade-weighted Index"
"12389","FXRTWI","Trade-weighted Index May 1970 = 100","AUS","AUS",2015-01-14,65.9,"D","Index","Indicative","RBA","Daily","F11.1 Exchange Rates","Australian Dollar Trade-weighted Index"
"12390","FXRTWI","Trade-weighted Index May 1970 = 100","AUS","AUS",2015-01-15,66.7,"D","Index","Indicative","RBA","Daily","F11.1 Exchange Rates","Australian Dollar Trade-weighted Index"
"12391","FXRTWI","Trade-weighted Index May 1970 = 100","AUS","AUS",2015-01-16,66.8,"D","Index","Indicative","RBA","Daily","F11.1 Exchange Rates","Australian Dollar Trade-weighted Index"
"12392","FXRTWI","Trade-weighted Index May 1970 = 100","AUS","AUS",2015-01-19,66.8,"D","Index","Indicative","RBA","Daily","F11.1 Exchange Rates","Australian Dollar Trade-weighted Index"
"12393","FXRTWI","Trade-weighted Index May 1970 = 100","AUS","AUS",2015-01-20,66.6,"D","Index","Indicative","RBA","Daily","F11.1 Exchange Rates","Australian Dollar Trade-weighted Index"
"12394","FXRTWI","Trade-weighted Index May 1970 = 100","AUS","AUS",2015-01-21,66.9,"D","Index","Indicative","RBA","Daily","F11.1 Exchange Rates","Australian Dollar Trade-weighted Index"
"12395","FXRTWI","Trade-weighted Index May 1970 = 100","AUS","AUS",2015-01-22,65.8,"D","Index","Indicative","RBA","Daily","F11.1 Exchange Rates","Australian Dollar Trade-weighted Index"
"12396","FXRTWI","Trade-weighted Index May 1970 = 100","AUS","AUS",2015-01-23,65.3,"D","Index","Indicative","RBA","Daily","F11.1 Exchange Rates","Australian Dollar Trade-weighted Index"
"12397","FXRTWI","Trade-weighted Index May 1970 = 100","AUS","AUS",2015-01-27,65.1,"D","Index","Indicative","RBA","Daily","F11.1 Exchange Rates","Australian Dollar Trade-weighted Index"
"12398","FXRTWI","Trade-weighted Index May 1970 = 100","AUS","AUS",2015-01-28,65.5,"D","Index","Indicative","RBA","Daily","F11.1 Exchange Rates","Australian Dollar Trade-weighted Index"
"12399","FXRTWI","Trade-weighted Index May 1970 = 100","AUS","AUS",2015-01-29,64.6,"D","Index","Indicative","RBA","Daily","F11.1 Exchange Rates","Australian Dollar Trade-weighted Index"
"12400","FXRTWI","Trade-weighted Index May 1970 = 100","AUS","AUS",2015-01-30,63.9,"D","Index","Indicative","RBA","Daily","F11.1 Exchange Rates","Australian Dollar Trade-weighted Index"
"12401","FXRTWI","Trade-weighted Index May 1970 = 100","AUS","AUS",2015-01-30,63.9,"M","Index","Indicative","RBA","Monthly","F11 Exchange Rates","Australian Dollar Trade-weighted Index"
"12402","DLCACS","Credit; Total; Seasonally adjusted","AUS","AUS",2015-01-31,2355.388,"M","$ billion","Seasonally Adjusted","RBA","Monthly","D2 Lending And Credit Aggregates","Credit; Total; Seasonally adjusted – Includes securitisations – For series breaks see Series Breaks"
"12403","FIRMMCRT","Cash Rate Target","AUS","AUS",2015-01-31,2.5,"M","Per cent","Original","RBA","Monthly","F1.1 Interest Rates And Yields - Money Market","Cash Rate Target; monthly average"
"12404","GRCPAISDR","Commodity prices – SDR","AUS","AUS",2015-01-31,62.1500658197704,"M","Index, 2023/24=100","Original","RBA","Monthly","I2 Commodity Prices","Index of commodity prices; All items; SDR"
"12405","A124874157C","Business Turnover Index ; Total of 13 in-scope ANZSIC divisions ; Current Price ;","AUS","AUS",2015-02-01,80.7,"M","Index Numbers","Seasonally Adjusted",NA,"Monthly","Table 01: Business turnover indicator, 13 industry summary - Monthly percentage change and index",NA
"12406","A2718577A","Credits, Total goods ;","AUS","AUS",2015-02-01,21986,"M","$ Millions","Seasonally Adjusted",NA,"Monthly","TABLE 1. GOODS, Summary: Seasonally adjusted and trend estimates, Current prices",NA
"12407","A2718594C","Balance on goods ;","AUS","AUS",2015-02-01,-1358,"M","$ Millions","Seasonally Adjusted",NA,"Monthly","TABLE 1. GOODS, Summary: Seasonally adjusted and trend estimates, Current prices",NA
"12408","FXRTWI","Trade-weighted Index May 1970 = 100","AUS","AUS",2015-02-02,63.9,"D","Index","Indicative","RBA","Daily","F11.1 Exchange Rates","Australian Dollar Trade-weighted Index"
"12409","FXRTWI","Trade-weighted Index May 1970 = 100","AUS","AUS",2015-02-03,62.9,"D","Index","Indicative","RBA","Daily","F11.1 Exchange Rates","Australian Dollar Trade-weighted Index"
"12410","FXRTWI","Trade-weighted Index May 1970 = 100","AUS","AUS",2015-02-04,63.9,"D","Index","Indicative","RBA","Daily","F11.1 Exchange Rates","Australian Dollar Trade-weighted Index"
"12411","FXRTWI","Trade-weighted Index May 1970 = 100","AUS","AUS",2015-02-05,63.6,"D","Index","Indicative","RBA","Daily","F11.1 Exchange Rates","Australian Dollar Trade-weighted Index"
"12412","FXRTWI","Trade-weighted Index May 1970 = 100","AUS","AUS",2015-02-06,64,"D","Index","Indicative","RBA","Daily","F11.1 Exchange Rates","Australian Dollar Trade-weighted Index"
"12413","FXRTWI","Trade-weighted Index May 1970 = 100","AUS","AUS",2015-02-09,63.7,"D","Index","Indicative","RBA","Daily","F11.1 Exchange Rates","Australian Dollar Trade-weighted Index"
"12414","FXRTWI","Trade-weighted Index May 1970 = 100","AUS","AUS",2015-02-10,64.2,"D","Index","Indicative","RBA","Daily","F11.1 Exchange Rates","Australian Dollar Trade-weighted Index"
"12415","FXRTWI","Trade-weighted Index May 1970 = 100","AUS","AUS",2015-02-11,63.9,"D","Index","Indicative","RBA","Daily","F11.1 Exchange Rates","Australian Dollar Trade-weighted Index"
"12416","FXRTWI","Trade-weighted Index May 1970 = 100","AUS","AUS",2015-02-12,63.1,"D","Index","Indicative","RBA","Daily","F11.1 Exchange Rates","Australian Dollar Trade-weighted Index"
"12417","FXRTWI","Trade-weighted Index May 1970 = 100","AUS","AUS",2015-02-13,63.8,"D","Index","Indicative","RBA","Daily","F11.1 Exchange Rates","Australian Dollar Trade-weighted Index"
"12418","FXRTWI","Trade-weighted Index May 1970 = 100","AUS","AUS",2015-02-16,63.8,"D","Index","Indicative","RBA","Daily","F11.1 Exchange Rates","Australian Dollar Trade-weighted Index"
"12419","FXRTWI","Trade-weighted Index May 1970 = 100","AUS","AUS",2015-02-17,64,"D","Index","Indicative","RBA","Daily","F11.1 Exchange Rates","Australian Dollar Trade-weighted Index"
"12420","FXRTWI","Trade-weighted Index May 1970 = 100","AUS","AUS",2015-02-18,64.3,"D","Index","Indicative","RBA","Daily","F11.1 Exchange Rates","Australian Dollar Trade-weighted Index"
"12421","FXRTWI","Trade-weighted Index May 1970 = 100","AUS","AUS",2015-02-19,64,"D","Index","Indicative","RBA","Daily","F11.1 Exchange Rates","Australian Dollar Trade-weighted Index"
"12422","FXRTWI","Trade-weighted Index May 1970 = 100","AUS","AUS",2015-02-20,64.2,"D","Index","Indicative","RBA","Daily","F11.1 Exchange Rates","Australian Dollar Trade-weighted Index"
"12423","FXRTWI","Trade-weighted Index May 1970 = 100","AUS","AUS",2015-02-23,64.4,"D","Index","Indicative","RBA","Daily","F11.1 Exchange Rates","Australian Dollar Trade-weighted Index"
"12424","FXRTWI","Trade-weighted Index May 1970 = 100","AUS","AUS",2015-02-24,63.9,"D","Index","Indicative","RBA","Daily","F11.1 Exchange Rates","Australian Dollar Trade-weighted Index"
"12425","FXRTWI","Trade-weighted Index May 1970 = 100","AUS","AUS",2015-02-25,64.8,"D","Index","Indicative","RBA","Daily","F11.1 Exchange Rates","Australian Dollar Trade-weighted Index"
"12426","FXRTWI","Trade-weighted Index May 1970 = 100","AUS","AUS",2015-02-26,64.5,"D","Index","Indicative","RBA","Daily","F11.1 Exchange Rates","Australian Dollar Trade-weighted Index"
"12427","FXRTWI","Trade-weighted Index May 1970 = 100","AUS","AUS",2015-02-27,64.1,"D","Index","Indicative","RBA","Daily","F11.1 Exchange Rates","Australian Dollar Trade-weighted Index"
"12428","FXRTWI","Trade-weighted Index May 1970 = 100","AUS","AUS",2015-02-27,64.1,"M","Index","Indicative","RBA","Monthly","F11 Exchange Rates","Australian Dollar Trade-weighted Index"
"12429","DLCACS","Credit; Total; Seasonally adjusted","AUS","AUS",2015-02-28,2366.452,"M","$ billion","Seasonally Adjusted","RBA","Monthly","D2 Lending And Credit Aggregates","Credit; Total; Seasonally adjusted – Includes securitisations – For series breaks see Series Breaks"
"12430","FIRMMCRT","Cash Rate Target","AUS","AUS",2015-02-28,2.28,"M","Per cent","Original","RBA","Monthly","F1.1 Interest Rates And Yields - Money Market","Cash Rate Target; monthly average"
"12431","GRCPAISDR","Commodity prices – SDR","AUS","AUS",2015-02-28,59.8284429055403,"M","Index, 2023/24=100","Original","RBA","Monthly","I2 Commodity Prices","Index of commodity prices; All items; SDR"
"12432","A124874157C","Business Turnover Index ; Total of 13 in-scope ANZSIC divisions ; Current Price ;","AUS","AUS",2015-03-01,80.5,"M","Index Numbers","Seasonally Adjusted",NA,"Monthly","Table 01: Business turnover indicator, 13 industry summary - Monthly percentage change and index",NA
"12433","A2302956R","South Australia ; STATE FINAL DEMAND ;","SA","SA",2015-03-01,31162,"Q","$ Millions","Seasonally Adjusted",NA,"Quarterly","Table 25. State Final Demand, Summary Components by State: Chain volume measures",NA
"12434","A2302984X","Western Australia ; STATE FINAL DEMAND ;","WA","WA",2015-03-01,66280,"Q","$ Millions","Seasonally Adjusted",NA,"Quarterly","Table 25. State Final Demand, Summary Components by State: Chain volume measures",NA
"12435","A2303012X","Tasmania ; STATE FINAL DEMAND ;","TAS","TAS",2015-03-01,9180,"Q","$ Millions","Seasonally Adjusted",NA,"Quarterly","Table 25. State Final Demand, Summary Components by State: Chain volume measures",NA
"12436","A2303040J","Northern Territory ; STATE FINAL DEMAND ;","NT","NT",2015-03-01,8765,"Q","$ Millions","Seasonally Adjusted",NA,"Quarterly","Table 25. State Final Demand, Summary Components by State: Chain volume measures",NA
"12437","A2303068K","Australian Capital Territory ; STATE FINAL DEMAND ;","ACT","ACT",2015-03-01,14163,"Q","$ Millions","Seasonally Adjusted",NA,"Quarterly","Table 25. State Final Demand, Summary Components by State: Chain volume measures",NA
"12438","A2303111F","New South Wales ; STATE FINAL DEMAND ;","NSW","NSW",2015-03-01,152558,"Q","$ Millions","Seasonally Adjusted",NA,"Quarterly","Table 25. State Final Demand, Summary Components by State: Chain volume measures",NA
"12439","A2303139J","Victoria ; STATE FINAL DEMAND ;","VIC","VIC",2015-03-01,117588,"Q","$ Millions","Seasonally Adjusted",NA,"Quarterly","Table 25. State Final Demand, Summary Components by State: Chain volume measures",NA
"12440","A2303187A","Queensland ; STATE FINAL DEMAND ;","QLD","QLD",2015-03-01,97340,"Q","$ Millions","Seasonally Adjusted",NA,"Quarterly","Table 25. State Final Demand, Summary Components by State: Chain volume measures",NA
"12441","A2304418T","Gross domestic product: Current prices ;","AUS","AUS",2015-03-01,408257,"Q","$ Millions","Seasonally Adjusted",NA,"Quarterly","Table 1. Key National Accounts Aggregates",NA
"12442","A2325846C","Index Numbers ; All groups CPI ; Australia ;","AUS","AUS",2015-03-01,106.8,"Q","Index Numbers","Original",NA,"Quarterly","TABLES 1 and 2. CPI: All Groups, Index Numbers and Percentage Changes",NA
"12443","A2718577A","Credits, Total goods ;","AUS","AUS",2015-03-01,21487,"M","$ Millions","Seasonally Adjusted",NA,"Monthly","TABLE 1. GOODS, Summary: Seasonally adjusted and trend estimates, Current prices",NA
"12444","A2718594C","Balance on goods ;","AUS","AUS",2015-03-01,-1167,"M","$ Millions","Seasonally Adjusted",NA,"Monthly","TABLE 1. GOODS, Summary: Seasonally adjusted and trend estimates, Current prices",NA
"12445","FXRTWI","Trade-weighted Index May 1970 = 100","AUS","AUS",2015-03-02,64,"D","Index","Indicative","RBA","Daily","F11.1 Exchange Rates","Australian Dollar Trade-weighted Index"
"12446","FXRTWI","Trade-weighted Index May 1970 = 100","AUS","AUS",2015-03-03,64.5,"D","Index","Indicative","RBA","Daily","F11.1 Exchange Rates","Australian Dollar Trade-weighted Index"
"12447","FXRTWI","Trade-weighted Index May 1970 = 100","AUS","AUS",2015-03-04,64.4,"D","Index","Indicative","RBA","Daily","F11.1 Exchange Rates","Australian Dollar Trade-weighted Index"
"12448","FXRTWI","Trade-weighted Index May 1970 = 100","AUS","AUS",2015-03-05,64.6,"D","Index","Indicative","RBA","Daily","F11.1 Exchange Rates","Australian Dollar Trade-weighted Index"
"12449","FXRTWI","Trade-weighted Index May 1970 = 100","AUS","AUS",2015-03-06,64.5,"D","Index","Indicative","RBA","Daily","F11.1 Exchange Rates","Australian Dollar Trade-weighted Index"
"12450","FXRTWI","Trade-weighted Index May 1970 = 100","AUS","AUS",2015-03-09,64,"D","Index","Indicative","RBA","Daily","F11.1 Exchange Rates","Australian Dollar Trade-weighted Index"
"12451","FXRTWI","Trade-weighted Index May 1970 = 100","AUS","AUS",2015-03-10,63.7,"D","Index","Indicative","RBA","Daily","F11.1 Exchange Rates","Australian Dollar Trade-weighted Index"
"12452","FXRTWI","Trade-weighted Index May 1970 = 100","AUS","AUS",2015-03-11,63.5,"D","Index","Indicative","RBA","Daily","F11.1 Exchange Rates","Australian Dollar Trade-weighted Index"
"12453","FXRTWI","Trade-weighted Index May 1970 = 100","AUS","AUS",2015-03-12,63.6,"D","Index","Indicative","RBA","Daily","F11.1 Exchange Rates","Australian Dollar Trade-weighted Index"
"12454","FXRTWI","Trade-weighted Index May 1970 = 100","AUS","AUS",2015-03-13,64.1,"D","Index","Indicative","RBA","Daily","F11.1 Exchange Rates","Australian Dollar Trade-weighted Index"
"12455","FXRTWI","Trade-weighted Index May 1970 = 100","AUS","AUS",2015-03-16,64,"D","Index","Indicative","RBA","Daily","F11.1 Exchange Rates","Australian Dollar Trade-weighted Index"
"12456","FXRTWI","Trade-weighted Index May 1970 = 100","AUS","AUS",2015-03-17,63.8,"D","Index","Indicative","RBA","Daily","F11.1 Exchange Rates","Australian Dollar Trade-weighted Index"
"12457","FXRTWI","Trade-weighted Index May 1970 = 100","AUS","AUS",2015-03-18,63.6,"D","Index","Indicative","RBA","Daily","F11.1 Exchange Rates","Australian Dollar Trade-weighted Index"
"12458","FXRTWI","Trade-weighted Index May 1970 = 100","AUS","AUS",2015-03-19,64.1,"D","Index","Indicative","RBA","Daily","F11.1 Exchange Rates","Australian Dollar Trade-weighted Index"
"12459","FXRTWI","Trade-weighted Index May 1970 = 100","AUS","AUS",2015-03-20,63.8,"D","Index","Indicative","RBA","Daily","F11.1 Exchange Rates","Australian Dollar Trade-weighted Index"
"12460","FXRTWI","Trade-weighted Index May 1970 = 100","AUS","AUS",2015-03-23,64.7,"D","Index","Indicative","RBA","Daily","F11.1 Exchange Rates","Australian Dollar Trade-weighted Index"
"12461","FXRTWI","Trade-weighted Index May 1970 = 100","AUS","AUS",2015-03-24,64.9,"D","Index","Indicative","RBA","Daily","F11.1 Exchange Rates","Australian Dollar Trade-weighted Index"
"12462","FXRTWI","Trade-weighted Index May 1970 = 100","AUS","AUS",2015-03-25,65,"D","Index","Indicative","RBA","Daily","F11.1 Exchange Rates","Australian Dollar Trade-weighted Index"
"12463","FXRTWI","Trade-weighted Index May 1970 = 100","AUS","AUS",2015-03-26,64.5,"D","Index","Indicative","RBA","Daily","F11.1 Exchange Rates","Australian Dollar Trade-weighted Index"
"12464","FXRTWI","Trade-weighted Index May 1970 = 100","AUS","AUS",2015-03-27,64.5,"D","Index","Indicative","RBA","Daily","F11.1 Exchange Rates","Australian Dollar Trade-weighted Index"
"12465","FXRTWI","Trade-weighted Index May 1970 = 100","AUS","AUS",2015-03-30,63.8,"D","Index","Indicative","RBA","Daily","F11.1 Exchange Rates","Australian Dollar Trade-weighted Index"
"12466","DLCACS","Credit; Total; Seasonally adjusted","AUS","AUS",2015-03-31,2378.453,"M","$ billion","Seasonally Adjusted","RBA","Monthly","D2 Lending And Credit Aggregates","Credit; Total; Seasonally adjusted – Includes securitisations – For series breaks see Series Breaks"
"12467","FIRMMCRT","Cash Rate Target","AUS","AUS",2015-03-31,2.25,"M","Per cent","Original","RBA","Monthly","F1.1 Interest Rates And Yields - Money Market","Cash Rate Target; monthly average"
"12468","FXRTWI","Trade-weighted Index May 1970 = 100","AUS","AUS",2015-03-31,63.3,"D","Index","Indicative","RBA","Daily","F11.1 Exchange Rates","Australian Dollar Trade-weighted Index"
"12469","FXRTWI","Trade-weighted Index May 1970 = 100","AUS","AUS",2015-03-31,63.3,"M","Index","Indicative","RBA","Monthly","F11 Exchange Rates","Australian Dollar Trade-weighted Index"
"12470","GCPIOCPMTMQP","Quarterly trimmed mean inflation","AUS","AUS",2015-03-31,0.6,"Q","Per cent","Seasonally Adjusted","ABS","Quarterly","G1 Consumer Price Inflation","Consumer price index; Trimmed mean; Quarterly change (in per cent)"
"12471","GRCPAISDR","Commodity prices – SDR","AUS","AUS",2015-03-31,57.7441196930558,"M","Index, 2023/24=100","Original","RBA","Monthly","I2 Commodity Prices","Index of commodity prices; All items; SDR"
"12472","A124874157C","Business Turnover Index ; Total of 13 in-scope ANZSIC divisions ; Current Price ;","AUS","AUS",2015-04-01,79.7,"M","Index Numbers","Seasonally Adjusted",NA,"Monthly","Table 01: Business turnover indicator, 13 industry summary - Monthly percentage change and index",NA
"12473","A2718577A","Credits, Total goods ;","AUS","AUS",2015-04-01,19618,"M","$ Millions","Seasonally Adjusted",NA,"Monthly","TABLE 1. GOODS, Summary: Seasonally adjusted and trend estimates, Current prices",NA
"12474","A2718594C","Balance on goods ;","AUS","AUS",2015-04-01,-3085,"M","$ Millions","Seasonally Adjusted",NA,"Monthly","TABLE 1. GOODS, Summary: Seasonally adjusted and trend estimates, Current prices",NA
"12475","FXRTWI","Trade-weighted Index May 1970 = 100","AUS","AUS",2015-04-01,63.2,"D","Index","Indicative","RBA","Daily","F11.1 Exchange Rates","Australian Dollar Trade-weighted Index"
"12476","FXRTWI","Trade-weighted Index May 1970 = 100","AUS","AUS",2015-04-02,62.7,"D","Index","Indicative","RBA","Daily","F11.1 Exchange Rates","Australian Dollar Trade-weighted Index"
"12477","FXRTWI","Trade-weighted Index May 1970 = 100","AUS","AUS",2015-04-07,63.4,"D","Index","Indicative","RBA","Daily","F11.1 Exchange Rates","Australian Dollar Trade-weighted Index"
"12478","FXRTWI","Trade-weighted Index May 1970 = 100","AUS","AUS",2015-04-08,63.3,"D","Index","Indicative","RBA","Daily","F11.1 Exchange Rates","Australian Dollar Trade-weighted Index"
"12479","FXRTWI","Trade-weighted Index May 1970 = 100","AUS","AUS",2015-04-09,63.5,"D","Index","Indicative","RBA","Daily","F11.1 Exchange Rates","Australian Dollar Trade-weighted Index"
"12480","FXRTWI","Trade-weighted Index May 1970 = 100","AUS","AUS",2015-04-10,63.6,"D","Index","Indicative","RBA","Daily","F11.1 Exchange Rates","Australian Dollar Trade-weighted Index"
"12481","FXRTWI","Trade-weighted Index May 1970 = 100","AUS","AUS",2015-04-13,63.1,"D","Index","Indicative","RBA","Daily","F11.1 Exchange Rates","Australian Dollar Trade-weighted Index"
"12482","FXRTWI","Trade-weighted Index May 1970 = 100","AUS","AUS",2015-04-14,63,"D","Index","Indicative","RBA","Daily","F11.1 Exchange Rates","Australian Dollar Trade-weighted Index"
"12483","FXRTWI","Trade-weighted Index May 1970 = 100","AUS","AUS",2015-04-15,62.9,"D","Index","Indicative","RBA","Daily","F11.1 Exchange Rates","Australian Dollar Trade-weighted Index"
"12484","FXRTWI","Trade-weighted Index May 1970 = 100","AUS","AUS",2015-04-16,63.9,"D","Index","Indicative","RBA","Daily","F11.1 Exchange Rates","Australian Dollar Trade-weighted Index"
"12485","FXRTWI","Trade-weighted Index May 1970 = 100","AUS","AUS",2015-04-17,64.1,"D","Index","Indicative","RBA","Daily","F11.1 Exchange Rates","Australian Dollar Trade-weighted Index"
"12486","FXRTWI","Trade-weighted Index May 1970 = 100","AUS","AUS",2015-04-20,64.2,"D","Index","Indicative","RBA","Daily","F11.1 Exchange Rates","Australian Dollar Trade-weighted Index"
"12487","FXRTWI","Trade-weighted Index May 1970 = 100","AUS","AUS",2015-04-21,63.5,"D","Index","Indicative","RBA","Daily","F11.1 Exchange Rates","Australian Dollar Trade-weighted Index"
"12488","FXRTWI","Trade-weighted Index May 1970 = 100","AUS","AUS",2015-04-22,63.9,"D","Index","Indicative","RBA","Daily","F11.1 Exchange Rates","Australian Dollar Trade-weighted Index"
"12489","FXRTWI","Trade-weighted Index May 1970 = 100","AUS","AUS",2015-04-23,63.9,"D","Index","Indicative","RBA","Daily","F11.1 Exchange Rates","Australian Dollar Trade-weighted Index"
"12490","FXRTWI","Trade-weighted Index May 1970 = 100","AUS","AUS",2015-04-24,64,"D","Index","Indicative","RBA","Daily","F11.1 Exchange Rates","Australian Dollar Trade-weighted Index"
"12491","FXRTWI","Trade-weighted Index May 1970 = 100","AUS","AUS",2015-04-27,64.2,"D","Index","Indicative","RBA","Daily","F11.1 Exchange Rates","Australian Dollar Trade-weighted Index"
"12492","FXRTWI","Trade-weighted Index May 1970 = 100","AUS","AUS",2015-04-28,64.6,"D","Index","Indicative","RBA","Daily","F11.1 Exchange Rates","Australian Dollar Trade-weighted Index"
"12493","FXRTWI","Trade-weighted Index May 1970 = 100","AUS","AUS",2015-04-29,65.4,"D","Index","Indicative","RBA","Daily","F11.1 Exchange Rates","Australian Dollar Trade-weighted Index"
"12494","DLCACS","Credit; Total; Seasonally adjusted","AUS","AUS",2015-04-30,2386.683,"M","$ billion","Seasonally Adjusted","RBA","Monthly","D2 Lending And Credit Aggregates","Credit; Total; Seasonally adjusted – Includes securitisations – For series breaks see Series Breaks"
"12495","FIRMMCRT","Cash Rate Target","AUS","AUS",2015-04-30,2.25,"M","Per cent","Original","RBA","Monthly","F1.1 Interest Rates And Yields - Money Market","Cash Rate Target; monthly average"
"12496","FXRTWI","Trade-weighted Index May 1970 = 100","AUS","AUS",2015-04-30,65.3,"D","Index","Indicative","RBA","Daily","F11.1 Exchange Rates","Australian Dollar Trade-weighted Index"
"12497","FXRTWI","Trade-weighted Index May 1970 = 100","AUS","AUS",2015-04-30,65.3,"M","Index","Indicative","RBA","Monthly","F11 Exchange Rates","Australian Dollar Trade-weighted Index"
"12498","GRCPAISDR","Commodity prices – SDR","AUS","AUS",2015-04-30,54.6907301562383,"M","Index, 2023/24=100","Original","RBA","Monthly","I2 Commodity Prices","Index of commodity prices; All items; SDR"
"12499","A124874157C","Business Turnover Index ; Total of 13 in-scope ANZSIC divisions ; Current Price ;","AUS","AUS",2015-05-01,79,"M","Index Numbers","Seasonally Adjusted",NA,"Monthly","Table 01: Business turnover indicator, 13 industry summary - Monthly percentage change and index",NA
"12500","A2718577A","Credits, Total goods ;","AUS","AUS",2015-05-01,20091,"M","$ Millions","Seasonally Adjusted",NA,"Monthly","TABLE 1. GOODS, Summary: Seasonally adjusted and trend estimates, Current prices",NA
"12501","A2718594C","Balance on goods ;","AUS","AUS",2015-05-01,-2492,"M","$ Millions","Seasonally Adjusted",NA,"Monthly","TABLE 1. GOODS, Summary: Seasonally adjusted and trend estimates, Current prices",NA
"12502","FXRTWI","Trade-weighted Index May 1970 = 100","AUS","AUS",2015-05-01,64.7,"D","Index","Indicative","RBA","Daily","F11.1 Exchange Rates","Australian Dollar Trade-weighted Index"
"12503","FXRTWI","Trade-weighted Index May 1970 = 100","AUS","AUS",2015-05-04,64.3,"D","Index","Indicative","RBA","Daily","F11.1 Exchange Rates","Australian Dollar Trade-weighted Index"
"12504","FXRTWI","Trade-weighted Index May 1970 = 100","AUS","AUS",2015-05-05,64.9,"D","Index","Indicative","RBA","Daily","F11.1 Exchange Rates","Australian Dollar Trade-weighted Index"
"12505","FXRTWI","Trade-weighted Index May 1970 = 100","AUS","AUS",2015-05-06,65.3,"D","Index","Indicative","RBA","Daily","F11.1 Exchange Rates","Australian Dollar Trade-weighted Index"
"12506","FXRTWI","Trade-weighted Index May 1970 = 100","AUS","AUS",2015-05-07,65.5,"D","Index","Indicative","RBA","Daily","F11.1 Exchange Rates","Australian Dollar Trade-weighted Index"
"12507","FXRTWI","Trade-weighted Index May 1970 = 100","AUS","AUS",2015-05-08,64.9,"D","Index","Indicative","RBA","Daily","F11.1 Exchange Rates","Australian Dollar Trade-weighted Index"
"12508","FXRTWI","Trade-weighted Index May 1970 = 100","AUS","AUS",2015-05-11,64.9,"D","Index","Indicative","RBA","Daily","F11.1 Exchange Rates","Australian Dollar Trade-weighted Index"
"12509","FXRTWI","Trade-weighted Index May 1970 = 100","AUS","AUS",2015-05-12,65.3,"D","Index","Indicative","RBA","Daily","F11.1 Exchange Rates","Australian Dollar Trade-weighted Index"
"12510","FXRTWI","Trade-weighted Index May 1970 = 100","AUS","AUS",2015-05-13,65.5,"D","Index","Indicative","RBA","Daily","F11.1 Exchange Rates","Australian Dollar Trade-weighted Index"
"12511","FXRTWI","Trade-weighted Index May 1970 = 100","AUS","AUS",2015-05-14,66.4,"D","Index","Indicative","RBA","Daily","F11.1 Exchange Rates","Australian Dollar Trade-weighted Index"
"12512","FXRTWI","Trade-weighted Index May 1970 = 100","AUS","AUS",2015-05-15,65.8,"D","Index","Indicative","RBA","Daily","F11.1 Exchange Rates","Australian Dollar Trade-weighted Index"
"12513","FXRTWI","Trade-weighted Index May 1970 = 100","AUS","AUS",2015-05-18,65.6,"D","Index","Indicative","RBA","Daily","F11.1 Exchange Rates","Australian Dollar Trade-weighted Index"
"12514","FXRTWI","Trade-weighted Index May 1970 = 100","AUS","AUS",2015-05-19,65.6,"D","Index","Indicative","RBA","Daily","F11.1 Exchange Rates","Australian Dollar Trade-weighted Index"
"12515","FXRTWI","Trade-weighted Index May 1970 = 100","AUS","AUS",2015-05-20,65.3,"D","Index","Indicative","RBA","Daily","F11.1 Exchange Rates","Australian Dollar Trade-weighted Index"
"12516","FXRTWI","Trade-weighted Index May 1970 = 100","AUS","AUS",2015-05-21,65.1,"D","Index","Indicative","RBA","Daily","F11.1 Exchange Rates","Australian Dollar Trade-weighted Index"
"12517","FXRTWI","Trade-weighted Index May 1970 = 100","AUS","AUS",2015-05-22,65.1,"D","Index","Indicative","RBA","Daily","F11.1 Exchange Rates","Australian Dollar Trade-weighted Index"
"12518","FXRTWI","Trade-weighted Index May 1970 = 100","AUS","AUS",2015-05-25,64.6,"D","Index","Indicative","RBA","Daily","F11.1 Exchange Rates","Australian Dollar Trade-weighted Index"
"12519","FXRTWI","Trade-weighted Index May 1970 = 100","AUS","AUS",2015-05-26,64.8,"D","Index","Indicative","RBA","Daily","F11.1 Exchange Rates","Australian Dollar Trade-weighted Index"
"12520","FXRTWI","Trade-weighted Index May 1970 = 100","AUS","AUS",2015-05-27,64.4,"D","Index","Indicative","RBA","Daily","F11.1 Exchange Rates","Australian Dollar Trade-weighted Index"
"12521","FXRTWI","Trade-weighted Index May 1970 = 100","AUS","AUS",2015-05-28,64,"D","Index","Indicative","RBA","Daily","F11.1 Exchange Rates","Australian Dollar Trade-weighted Index"
"12522","FXRTWI","Trade-weighted Index May 1970 = 100","AUS","AUS",2015-05-29,63.7,"D","Index","Indicative","RBA","Daily","F11.1 Exchange Rates","Australian Dollar Trade-weighted Index"
"12523","FXRTWI","Trade-weighted Index May 1970 = 100","AUS","AUS",2015-05-29,63.7,"M","Index","Indicative","RBA","Monthly","F11 Exchange Rates","Australian Dollar Trade-weighted Index"
"12524","DLCACS","Credit; Total; Seasonally adjusted","AUS","AUS",2015-05-31,2400.103,"M","$ billion","Seasonally Adjusted","RBA","Monthly","D2 Lending And Credit Aggregates","Credit; Total; Seasonally adjusted – Includes securitisations – For series breaks see Series Breaks"
"12525","FIRMMCRT","Cash Rate Target","AUS","AUS",2015-05-31,2.04,"M","Per cent","Original","RBA","Monthly","F1.1 Interest Rates And Yields - Money Market","Cash Rate Target; monthly average"
"12526","GRCPAISDR","Commodity prices – SDR","AUS","AUS",2015-05-31,54.3897440898844,"M","Index, 2023/24=100","Original","RBA","Monthly","I2 Commodity Prices","Index of commodity prices; All items; SDR"
"12527","A124874157C","Business Turnover Index ; Total of 13 in-scope ANZSIC divisions ; Current Price ;","AUS","AUS",2015-06-01,80.8,"M","Index Numbers","Seasonally Adjusted",NA,"Monthly","Table 01: Business turnover indicator, 13 industry summary - Monthly percentage change and index",NA
"12528","A2302956R","South Australia ; STATE FINAL DEMAND ;","SA","SA",2015-06-01,30945,"Q","$ Millions","Seasonally Adjusted",NA,"Quarterly","Table 25. State Final Demand, Summary Components by State: Chain volume measures",NA
"12529","A2302984X","Western Australia ; STATE FINAL DEMAND ;","WA","WA",2015-06-01,66934,"Q","$ Millions","Seasonally Adjusted",NA,"Quarterly","Table 25. State Final Demand, Summary Components by State: Chain volume measures",NA
"12530","A2303012X","Tasmania ; STATE FINAL DEMAND ;","TAS","TAS",2015-06-01,9246,"Q","$ Millions","Seasonally Adjusted",NA,"Quarterly","Table 25. State Final Demand, Summary Components by State: Chain volume measures",NA
"12531","A2303040J","Northern Territory ; STATE FINAL DEMAND ;","NT","NT",2015-06-01,7834,"Q","$ Millions","Seasonally Adjusted",NA,"Quarterly","Table 25. State Final Demand, Summary Components by State: Chain volume measures",NA
"12532","A2303068K","Australian Capital Territory ; STATE FINAL DEMAND ;","ACT","ACT",2015-06-01,14140,"Q","$ Millions","Seasonally Adjusted",NA,"Quarterly","Table 25. State Final Demand, Summary Components by State: Chain volume measures",NA
"12533","A2303111F","New South Wales ; STATE FINAL DEMAND ;","NSW","NSW",2015-06-01,154349,"Q","$ Millions","Seasonally Adjusted",NA,"Quarterly","Table 25. State Final Demand, Summary Components by State: Chain volume measures",NA
"12534","A2303139J","Victoria ; STATE FINAL DEMAND ;","VIC","VIC",2015-06-01,118359,"Q","$ Millions","Seasonally Adjusted",NA,"Quarterly","Table 25. State Final Demand, Summary Components by State: Chain volume measures",NA
"12535","A2303187A","Queensland ; STATE FINAL DEMAND ;","QLD","QLD",2015-06-01,96746,"Q","$ Millions","Seasonally Adjusted",NA,"Quarterly","Table 25. State Final Demand, Summary Components by State: Chain volume measures",NA
"12536","A2304418T","Gross domestic product: Current prices ;","AUS","AUS",2015-06-01,407272,"Q","$ Millions","Seasonally Adjusted",NA,"Quarterly","Table 1. Key National Accounts Aggregates",NA
"12537","A2325846C","Index Numbers ; All groups CPI ; Australia ;","AUS","AUS",2015-06-01,107.5,"Q","Index Numbers","Original",NA,"Quarterly","TABLES 1 and 2. CPI: All Groups, Index Numbers and Percentage Changes",NA
"12538","A2336320R","New South Wales ; Gross state product: Current prices ;","NSW","NSW",2015-06-01,518802,"Annual","$ Millions","Original",NA,"Annual","Table 1. Gross State Product, Chain volume measures and current prices",NA
"12539","A2336321T","Victoria ; Gross state product: Current prices ;","VIC","VIC",2015-06-01,381377,"Annual","$ Millions","Original",NA,"Annual","Table 1. Gross State Product, Chain volume measures and current prices",NA
"12540","A2336322V","Queensland ; Gross state product: Current prices ;","QLD","QLD",2015-06-01,294143,"Annual","$ Millions","Original",NA,"Annual","Table 1. Gross State Product, Chain volume measures and current prices",NA
"12541","A2336323W","South Australia ; Gross state product: Current prices ;","SA","SA",2015-06-01,98368,"Annual","$ Millions","Original",NA,"Annual","Table 1. Gross State Product, Chain volume measures and current prices",NA
"12542","A2336324X","Western Australia ; Gross state product: Current prices ;","WA","WA",2015-06-01,249709,"Annual","$ Millions","Original",NA,"Annual","Table 1. Gross State Product, Chain volume measures and current prices",NA
"12543","A2336325A","Tasmania ; Gross state product: Current prices ;","TAS","TAS",2015-06-01,26780,"Annual","$ Millions","Original",NA,"Annual","Table 1. Gross State Product, Chain volume measures and current prices",NA
"12544","A2336326C","Northern Territory ; Gross state product: Current prices ;","NT","NT",2015-06-01,22373,"Annual","$ Millions","Original",NA,"Annual","Table 1. Gross State Product, Chain volume measures and current prices",NA
"12545","A2336327F","Australian Capital Territory ; Gross state product: Current prices ;","ACT","ACT",2015-06-01,32613,"Annual","$ Millions","Original",NA,"Annual","Table 1. Gross State Product, Chain volume measures and current prices",NA
"12546","A2718577A","Credits, Total goods ;","AUS","AUS",2015-06-01,20758,"M","$ Millions","Seasonally Adjusted",NA,"Monthly","TABLE 1. GOODS, Summary: Seasonally adjusted and trend estimates, Current prices",NA
"12547","A2718594C","Balance on goods ;","AUS","AUS",2015-06-01,-2711,"M","$ Millions","Seasonally Adjusted",NA,"Monthly","TABLE 1. GOODS, Summary: Seasonally adjusted and trend estimates, Current prices",NA
"12548","FXRTWI","Trade-weighted Index May 1970 = 100","AUS","AUS",2015-06-01,63.6,"D","Index","Indicative","RBA","Daily","F11.1 Exchange Rates","Australian Dollar Trade-weighted Index"
"12549","FXRTWI","Trade-weighted Index May 1970 = 100","AUS","AUS",2015-06-02,64,"D","Index","Indicative","RBA","Daily","F11.1 Exchange Rates","Australian Dollar Trade-weighted Index"
"12550","FXRTWI","Trade-weighted Index May 1970 = 100","AUS","AUS",2015-06-03,64.6,"D","Index","Indicative","RBA","Daily","F11.1 Exchange Rates","Australian Dollar Trade-weighted Index"
"12551","FXRTWI","Trade-weighted Index May 1970 = 100","AUS","AUS",2015-06-04,64.1,"D","Index","Indicative","RBA","Daily","F11.1 Exchange Rates","Australian Dollar Trade-weighted Index"
"12552","FXRTWI","Trade-weighted Index May 1970 = 100","AUS","AUS",2015-06-05,63.9,"D","Index","Indicative","RBA","Daily","F11.1 Exchange Rates","Australian Dollar Trade-weighted Index"
"12553","FXRTWI","Trade-weighted Index May 1970 = 100","AUS","AUS",2015-06-09,63.9,"D","Index","Indicative","RBA","Daily","F11.1 Exchange Rates","Australian Dollar Trade-weighted Index"
"12554","FXRTWI","Trade-weighted Index May 1970 = 100","AUS","AUS",2015-06-10,64,"D","Index","Indicative","RBA","Daily","F11.1 Exchange Rates","Australian Dollar Trade-weighted Index"
"12555","FXRTWI","Trade-weighted Index May 1970 = 100","AUS","AUS",2015-06-11,64.4,"D","Index","Indicative","RBA","Daily","F11.1 Exchange Rates","Australian Dollar Trade-weighted Index"
"12556","FXRTWI","Trade-weighted Index May 1970 = 100","AUS","AUS",2015-06-12,64.3,"D","Index","Indicative","RBA","Daily","F11.1 Exchange Rates","Australian Dollar Trade-weighted Index"
"12557","FXRTWI","Trade-weighted Index May 1970 = 100","AUS","AUS",2015-06-15,64.1,"D","Index","Indicative","RBA","Daily","F11.1 Exchange Rates","Australian Dollar Trade-weighted Index"
"12558","FXRTWI","Trade-weighted Index May 1970 = 100","AUS","AUS",2015-06-16,64.4,"D","Index","Indicative","RBA","Daily","F11.1 Exchange Rates","Australian Dollar Trade-weighted Index"
"12559","FXRTWI","Trade-weighted Index May 1970 = 100","AUS","AUS",2015-06-17,64.1,"D","Index","Indicative","RBA","Daily","F11.1 Exchange Rates","Australian Dollar Trade-weighted Index"
"12560","FXRTWI","Trade-weighted Index May 1970 = 100","AUS","AUS",2015-06-18,64,"D","Index","Indicative","RBA","Daily","F11.1 Exchange Rates","Australian Dollar Trade-weighted Index"
"12561","FXRTWI","Trade-weighted Index May 1970 = 100","AUS","AUS",2015-06-19,64.3,"D","Index","Indicative","RBA","Daily","F11.1 Exchange Rates","Australian Dollar Trade-weighted Index"
"12562","FXRTWI","Trade-weighted Index May 1970 = 100","AUS","AUS",2015-06-22,64.4,"D","Index","Indicative","RBA","Daily","F11.1 Exchange Rates","Australian Dollar Trade-weighted Index"
"12563","FXRTWI","Trade-weighted Index May 1970 = 100","AUS","AUS",2015-06-23,64,"D","Index","Indicative","RBA","Daily","F11.1 Exchange Rates","Australian Dollar Trade-weighted Index"
"12564","FXRTWI","Trade-weighted Index May 1970 = 100","AUS","AUS",2015-06-24,64.2,"D","Index","Indicative","RBA","Daily","F11.1 Exchange Rates","Australian Dollar Trade-weighted Index"
"12565","FXRTWI","Trade-weighted Index May 1970 = 100","AUS","AUS",2015-06-25,64.3,"D","Index","Indicative","RBA","Daily","F11.1 Exchange Rates","Australian Dollar Trade-weighted Index"
"12566","FXRTWI","Trade-weighted Index May 1970 = 100","AUS","AUS",2015-06-26,64.1,"D","Index","Indicative","RBA","Daily","F11.1 Exchange Rates","Australian Dollar Trade-weighted Index"
"12567","FXRTWI","Trade-weighted Index May 1970 = 100","AUS","AUS",2015-06-29,63.7,"D","Index","Indicative","RBA","Daily","F11.1 Exchange Rates","Australian Dollar Trade-weighted Index"
"12568","DLCACS","Credit; Total; Seasonally adjusted","AUS","AUS",2015-06-30,2411.927,"M","$ billion","Seasonally Adjusted","RBA","Monthly","D2 Lending And Credit Aggregates","Credit; Total; Seasonally adjusted – Includes securitisations – For series breaks see Series Breaks"
"12569","FIRMMCRT","Cash Rate Target","AUS","AUS",2015-06-30,2,"M","Per cent","Original","RBA","Monthly","F1.1 Interest Rates And Yields - Money Market","Cash Rate Target; monthly average"
"12570","FXRTWI","Trade-weighted Index May 1970 = 100","AUS","AUS",2015-06-30,63.8,"D","Index","Indicative","RBA","Daily","F11.1 Exchange Rates","Australian Dollar Trade-weighted Index"
"12571","FXRTWI","Trade-weighted Index May 1970 = 100","AUS","AUS",2015-06-30,63.8,"M","Index","Indicative","RBA","Monthly","F11 Exchange Rates","Australian Dollar Trade-weighted Index"
"12572","GCPIOCPMTMQP","Quarterly trimmed mean inflation","AUS","AUS",2015-06-30,0.6,"Q","Per cent","Seasonally Adjusted","ABS","Quarterly","G1 Consumer Price Inflation","Consumer price index; Trimmed mean; Quarterly change (in per cent)"
"12573","GRCPAISDR","Commodity prices – SDR","AUS","AUS",2015-06-30,54.8033956213189,"M","Index, 2023/24=100","Original","RBA","Monthly","I2 Commodity Prices","Index of commodity prices; All items; SDR"
"12574","A124874157C","Business Turnover Index ; Total of 13 in-scope ANZSIC divisions ; Current Price ;","AUS","AUS",2015-07-01,80.7,"M","Index Numbers","Seasonally Adjusted",NA,"Monthly","Table 01: Business turnover indicator, 13 industry summary - Monthly percentage change and index",NA
"12575","A2718577A","Credits, Total goods ;","AUS","AUS",2015-07-01,21260,"M","$ Millions","Seasonally Adjusted",NA,"Monthly","TABLE 1. GOODS, Summary: Seasonally adjusted and trend estimates, Current prices",NA
"12576","A2718594C","Balance on goods ;","AUS","AUS",2015-07-01,-1573,"M","$ Millions","Seasonally Adjusted",NA,"Monthly","TABLE 1. GOODS, Summary: Seasonally adjusted and trend estimates, Current prices",NA
"12577","FXRTWI","Trade-weighted Index May 1970 = 100","AUS","AUS",2015-07-01,64.1,"D","Index","Indicative","RBA","Daily","F11.1 Exchange Rates","Australian Dollar Trade-weighted Index"
"12578","FXRTWI","Trade-weighted Index May 1970 = 100","AUS","AUS",2015-07-02,63.8,"D","Index","Indicative","RBA","Daily","F11.1 Exchange Rates","Australian Dollar Trade-weighted Index"
"12579","FXRTWI","Trade-weighted Index May 1970 = 100","AUS","AUS",2015-07-03,63.2,"D","Index","Indicative","RBA","Daily","F11.1 Exchange Rates","Australian Dollar Trade-weighted Index"
"12580","FXRTWI","Trade-weighted Index May 1970 = 100","AUS","AUS",2015-07-06,62.4,"D","Index","Indicative","RBA","Daily","F11.1 Exchange Rates","Australian Dollar Trade-weighted Index"
"12581","FXRTWI","Trade-weighted Index May 1970 = 100","AUS","AUS",2015-07-07,62.5,"D","Index","Indicative","RBA","Daily","F11.1 Exchange Rates","Australian Dollar Trade-weighted Index"
"12582","FXRTWI","Trade-weighted Index May 1970 = 100","AUS","AUS",2015-07-08,61.9,"D","Index","Indicative","RBA","Daily","F11.1 Exchange Rates","Australian Dollar Trade-weighted Index"
"12583","FXRTWI","Trade-weighted Index May 1970 = 100","AUS","AUS",2015-07-09,62.3,"D","Index","Indicative","RBA","Daily","F11.1 Exchange Rates","Australian Dollar Trade-weighted Index"
"12584","FXRTWI","Trade-weighted Index May 1970 = 100","AUS","AUS",2015-07-10,62.3,"D","Index","Indicative","RBA","Daily","F11.1 Exchange Rates","Australian Dollar Trade-weighted Index"
"12585","FXRTWI","Trade-weighted Index May 1970 = 100","AUS","AUS",2015-07-13,62.1,"D","Index","Indicative","RBA","Daily","F11.1 Exchange Rates","Australian Dollar Trade-weighted Index"
"12586","FXRTWI","Trade-weighted Index May 1970 = 100","AUS","AUS",2015-07-14,62.1,"D","Index","Indicative","RBA","Daily","F11.1 Exchange Rates","Australian Dollar Trade-weighted Index"
"12587","FXRTWI","Trade-weighted Index May 1970 = 100","AUS","AUS",2015-07-15,62.4,"D","Index","Indicative","RBA","Daily","F11.1 Exchange Rates","Australian Dollar Trade-weighted Index"
"12588","FXRTWI","Trade-weighted Index May 1970 = 100","AUS","AUS",2015-07-16,61.7,"D","Index","Indicative","RBA","Daily","F11.1 Exchange Rates","Australian Dollar Trade-weighted Index"
"12589","FXRTWI","Trade-weighted Index May 1970 = 100","AUS","AUS",2015-07-17,62.2,"D","Index","Indicative","RBA","Daily","F11.1 Exchange Rates","Australian Dollar Trade-weighted Index"
"12590","FXRTWI","Trade-weighted Index May 1970 = 100","AUS","AUS",2015-07-20,61.8,"D","Index","Indicative","RBA","Daily","F11.1 Exchange Rates","Australian Dollar Trade-weighted Index"
"12591","FXRTWI","Trade-weighted Index May 1970 = 100","AUS","AUS",2015-07-21,61.8,"D","Index","Indicative","RBA","Daily","F11.1 Exchange Rates","Australian Dollar Trade-weighted Index"
"12592","FXRTWI","Trade-weighted Index May 1970 = 100","AUS","AUS",2015-07-22,62.1,"D","Index","Indicative","RBA","Daily","F11.1 Exchange Rates","Australian Dollar Trade-weighted Index"
"12593","FXRTWI","Trade-weighted Index May 1970 = 100","AUS","AUS",2015-07-23,61.9,"D","Index","Indicative","RBA","Daily","F11.1 Exchange Rates","Australian Dollar Trade-weighted Index"
"12594","FXRTWI","Trade-weighted Index May 1970 = 100","AUS","AUS",2015-07-24,61.4,"D","Index","Indicative","RBA","Daily","F11.1 Exchange Rates","Australian Dollar Trade-weighted Index"
"12595","FXRTWI","Trade-weighted Index May 1970 = 100","AUS","AUS",2015-07-27,61.2,"D","Index","Indicative","RBA","Daily","F11.1 Exchange Rates","Australian Dollar Trade-weighted Index"
"12596","FXRTWI","Trade-weighted Index May 1970 = 100","AUS","AUS",2015-07-28,61.3,"D","Index","Indicative","RBA","Daily","F11.1 Exchange Rates","Australian Dollar Trade-weighted Index"
"12597","FXRTWI","Trade-weighted Index May 1970 = 100","AUS","AUS",2015-07-29,61.4,"D","Index","Indicative","RBA","Daily","F11.1 Exchange Rates","Australian Dollar Trade-weighted Index"
"12598","FXRTWI","Trade-weighted Index May 1970 = 100","AUS","AUS",2015-07-30,61.5,"D","Index","Indicative","RBA","Daily","F11.1 Exchange Rates","Australian Dollar Trade-weighted Index"
"12599","DLCACS","Credit; Total; Seasonally adjusted","AUS","AUS",2015-07-31,2427.435,"M","$ billion","Seasonally Adjusted","RBA","Monthly","D2 Lending And Credit Aggregates","Credit; Total; Seasonally adjusted – Includes securitisations – For series breaks see Series Breaks"
"12600","FIRMMCRT","Cash Rate Target","AUS","AUS",2015-07-31,2,"M","Per cent","Original","RBA","Monthly","F1.1 Interest Rates And Yields - Money Market","Cash Rate Target; monthly average"
"12601","FXRTWI","Trade-weighted Index May 1970 = 100","AUS","AUS",2015-07-31,61.4,"D","Index","Indicative","RBA","Daily","F11.1 Exchange Rates","Australian Dollar Trade-weighted Index"
"12602","FXRTWI","Trade-weighted Index May 1970 = 100","AUS","AUS",2015-07-31,61.4,"M","Index","Indicative","RBA","Monthly","F11 Exchange Rates","Australian Dollar Trade-weighted Index"
"12603","GRCPAISDR","Commodity prices – SDR","AUS","AUS",2015-07-31,52.361696782127,"M","Index, 2023/24=100","Original","RBA","Monthly","I2 Commodity Prices","Index of commodity prices; All items; SDR"
"12604","A124874157C","Business Turnover Index ; Total of 13 in-scope ANZSIC divisions ; Current Price ;","AUS","AUS",2015-08-01,80.6,"M","Index Numbers","Seasonally Adjusted",NA,"Monthly","Table 01: Business turnover indicator, 13 industry summary - Monthly percentage change and index",NA
"12605","A2718577A","Credits, Total goods ;","AUS","AUS",2015-08-01,21205,"M","$ Millions","Seasonally Adjusted",NA,"Monthly","TABLE 1. GOODS, Summary: Seasonally adjusted and trend estimates, Current prices",NA
"12606","A2718594C","Balance on goods ;","AUS","AUS",2015-08-01,-2122,"M","$ Millions","Seasonally Adjusted",NA,"Monthly","TABLE 1. GOODS, Summary: Seasonally adjusted and trend estimates, Current prices",NA
"12607","FXRTWI","Trade-weighted Index May 1970 = 100","AUS","AUS",2015-08-04,62,"D","Index","Indicative","RBA","Daily","F11.1 Exchange Rates","Australian Dollar Trade-weighted Index"
"12608","FXRTWI","Trade-weighted Index May 1970 = 100","AUS","AUS",2015-08-05,62.1,"D","Index","Indicative","RBA","Daily","F11.1 Exchange Rates","Australian Dollar Trade-weighted Index"
"12609","FXRTWI","Trade-weighted Index May 1970 = 100","AUS","AUS",2015-08-06,61.9,"D","Index","Indicative","RBA","Daily","F11.1 Exchange Rates","Australian Dollar Trade-weighted Index"
"12610","FXRTWI","Trade-weighted Index May 1970 = 100","AUS","AUS",2015-08-07,62.2,"D","Index","Indicative","RBA","Daily","F11.1 Exchange Rates","Australian Dollar Trade-weighted Index"
"12611","FXRTWI","Trade-weighted Index May 1970 = 100","AUS","AUS",2015-08-10,62.3,"D","Index","Indicative","RBA","Daily","F11.1 Exchange Rates","Australian Dollar Trade-weighted Index"
"12612","FXRTWI","Trade-weighted Index May 1970 = 100","AUS","AUS",2015-08-11,62.2,"D","Index","Indicative","RBA","Daily","F11.1 Exchange Rates","Australian Dollar Trade-weighted Index"
"12613","FXRTWI","Trade-weighted Index May 1970 = 100","AUS","AUS",2015-08-12,62.2,"D","Index","Indicative","RBA","Daily","F11.1 Exchange Rates","Australian Dollar Trade-weighted Index"
"12614","FXRTWI","Trade-weighted Index May 1970 = 100","AUS","AUS",2015-08-13,62.8,"D","Index","Indicative","RBA","Daily","F11.1 Exchange Rates","Australian Dollar Trade-weighted Index"
"12615","FXRTWI","Trade-weighted Index May 1970 = 100","AUS","AUS",2015-08-14,62.9,"D","Index","Indicative","RBA","Daily","F11.1 Exchange Rates","Australian Dollar Trade-weighted Index"
"12616","FXRTWI","Trade-weighted Index May 1970 = 100","AUS","AUS",2015-08-17,62.9,"D","Index","Indicative","RBA","Daily","F11.1 Exchange Rates","Australian Dollar Trade-weighted Index"
"12617","FXRTWI","Trade-weighted Index May 1970 = 100","AUS","AUS",2015-08-18,62.9,"D","Index","Indicative","RBA","Daily","F11.1 Exchange Rates","Australian Dollar Trade-weighted Index"
"12618","FXRTWI","Trade-weighted Index May 1970 = 100","AUS","AUS",2015-08-19,62.6,"D","Index","Indicative","RBA","Daily","F11.1 Exchange Rates","Australian Dollar Trade-weighted Index"
"12619","FXRTWI","Trade-weighted Index May 1970 = 100","AUS","AUS",2015-08-20,62.6,"D","Index","Indicative","RBA","Daily","F11.1 Exchange Rates","Australian Dollar Trade-weighted Index"
"12620","FXRTWI","Trade-weighted Index May 1970 = 100","AUS","AUS",2015-08-21,62.3,"D","Index","Indicative","RBA","Daily","F11.1 Exchange Rates","Australian Dollar Trade-weighted Index"
"12621","FXRTWI","Trade-weighted Index May 1970 = 100","AUS","AUS",2015-08-24,61.6,"D","Index","Indicative","RBA","Daily","F11.1 Exchange Rates","Australian Dollar Trade-weighted Index"
"12622","FXRTWI","Trade-weighted Index May 1970 = 100","AUS","AUS",2015-08-25,61,"D","Index","Indicative","RBA","Daily","F11.1 Exchange Rates","Australian Dollar Trade-weighted Index"
"12623","FXRTWI","Trade-weighted Index May 1970 = 100","AUS","AUS",2015-08-26,60.6,"D","Index","Indicative","RBA","Daily","F11.1 Exchange Rates","Australian Dollar Trade-weighted Index"
"12624","FXRTWI","Trade-weighted Index May 1970 = 100","AUS","AUS",2015-08-27,60.5,"D","Index","Indicative","RBA","Daily","F11.1 Exchange Rates","Australian Dollar Trade-weighted Index"
"12625","FXRTWI","Trade-weighted Index May 1970 = 100","AUS","AUS",2015-08-28,61,"D","Index","Indicative","RBA","Daily","F11.1 Exchange Rates","Australian Dollar Trade-weighted Index"
"12626","DLCACS","Credit; Total; Seasonally adjusted","AUS","AUS",2015-08-31,2443.243,"M","$ billion","Seasonally Adjusted","RBA","Monthly","D2 Lending And Credit Aggregates","Credit; Total; Seasonally adjusted – Includes securitisations – For series breaks see Series Breaks"
"12627","FIRMMCRT","Cash Rate Target","AUS","AUS",2015-08-31,2,"M","Per cent","Original","RBA","Monthly","F1.1 Interest Rates And Yields - Money Market","Cash Rate Target; monthly average"
"12628","FXRTWI","Trade-weighted Index May 1970 = 100","AUS","AUS",2015-08-31,60.9,"D","Index","Indicative","RBA","Daily","F11.1 Exchange Rates","Australian Dollar Trade-weighted Index"
"12629","FXRTWI","Trade-weighted Index May 1970 = 100","AUS","AUS",2015-08-31,60.9,"M","Index","Indicative","RBA","Monthly","F11 Exchange Rates","Australian Dollar Trade-weighted Index"
"12630","GRCPAISDR","Commodity prices – SDR","AUS","AUS",2015-08-31,51.4356619130244,"M","Index, 2023/24=100","Original","RBA","Monthly","I2 Commodity Prices","Index of commodity prices; All items; SDR"
"12631","A124874157C","Business Turnover Index ; Total of 13 in-scope ANZSIC divisions ; Current Price ;","AUS","AUS",2015-09-01,81.3,"M","Index Numbers","Seasonally Adjusted",NA,"Monthly","Table 01: Business turnover indicator, 13 industry summary - Monthly percentage change and index",NA
"12632","A2302956R","South Australia ; STATE FINAL DEMAND ;","SA","SA",2015-09-01,31032,"Q","$ Millions","Seasonally Adjusted",NA,"Quarterly","Table 25. State Final Demand, Summary Components by State: Chain volume measures",NA
"12633","A2302984X","Western Australia ; STATE FINAL DEMAND ;","WA","WA",2015-09-01,66009,"Q","$ Millions","Seasonally Adjusted",NA,"Quarterly","Table 25. State Final Demand, Summary Components by State: Chain volume measures",NA
"12634","A2303012X","Tasmania ; STATE FINAL DEMAND ;","TAS","TAS",2015-09-01,9415,"Q","$ Millions","Seasonally Adjusted",NA,"Quarterly","Table 25. State Final Demand, Summary Components by State: Chain volume measures",NA
"12635","A2303040J","Northern Territory ; STATE FINAL DEMAND ;","NT","NT",2015-09-01,7838,"Q","$ Millions","Seasonally Adjusted",NA,"Quarterly","Table 25. State Final Demand, Summary Components by State: Chain volume measures",NA
"12636","A2303068K","Australian Capital Territory ; STATE FINAL DEMAND ;","ACT","ACT",2015-09-01,14114,"Q","$ Millions","Seasonally Adjusted",NA,"Quarterly","Table 25. State Final Demand, Summary Components by State: Chain volume measures",NA
"12637","A2303111F","New South Wales ; STATE FINAL DEMAND ;","NSW","NSW",2015-09-01,155218,"Q","$ Millions","Seasonally Adjusted",NA,"Quarterly","Table 25. State Final Demand, Summary Components by State: Chain volume measures",NA
"12638","A2303139J","Victoria ; STATE FINAL DEMAND ;","VIC","VIC",2015-09-01,119943,"Q","$ Millions","Seasonally Adjusted",NA,"Quarterly","Table 25. State Final Demand, Summary Components by State: Chain volume measures",NA
"12639","A2303187A","Queensland ; STATE FINAL DEMAND ;","QLD","QLD",2015-09-01,96251,"Q","$ Millions","Seasonally Adjusted",NA,"Quarterly","Table 25. State Final Demand, Summary Components by State: Chain volume measures",NA
"12640","A2304418T","Gross domestic product: Current prices ;","AUS","AUS",2015-09-01,411874,"Q","$ Millions","Seasonally Adjusted",NA,"Quarterly","Table 1. Key National Accounts Aggregates",NA
"12641","A2325846C","Index Numbers ; All groups CPI ; Australia ;","AUS","AUS",2015-09-01,108,"Q","Index Numbers","Original",NA,"Quarterly","TABLES 1 and 2. CPI: All Groups, Index Numbers and Percentage Changes",NA
"12642","A2718577A","Credits, Total goods ;","AUS","AUS",2015-09-01,21909,"M","$ Millions","Seasonally Adjusted",NA,"Monthly","TABLE 1. GOODS, Summary: Seasonally adjusted and trend estimates, Current prices",NA
"12643","A2718594C","Balance on goods ;","AUS","AUS",2015-09-01,-2070,"M","$ Millions","Seasonally Adjusted",NA,"Monthly","TABLE 1. GOODS, Summary: Seasonally adjusted and trend estimates, Current prices",NA
"12644","FXRTWI","Trade-weighted Index May 1970 = 100","AUS","AUS",2015-09-01,60.6,"D","Index","Indicative","RBA","Daily","F11.1 Exchange Rates","Australian Dollar Trade-weighted Index"
"12645","FXRTWI","Trade-weighted Index May 1970 = 100","AUS","AUS",2015-09-02,59.8,"D","Index","Indicative","RBA","Daily","F11.1 Exchange Rates","Australian Dollar Trade-weighted Index"
"12646","FXRTWI","Trade-weighted Index May 1970 = 100","AUS","AUS",2015-09-03,59.7,"D","Index","Indicative","RBA","Daily","F11.1 Exchange Rates","Australian Dollar Trade-weighted Index"
"12647","FXRTWI","Trade-weighted Index May 1970 = 100","AUS","AUS",2015-09-04,59.4,"D","Index","Indicative","RBA","Daily","F11.1 Exchange Rates","Australian Dollar Trade-weighted Index"
"12648","FXRTWI","Trade-weighted Index May 1970 = 100","AUS","AUS",2015-09-07,59.2,"D","Index","Indicative","RBA","Daily","F11.1 Exchange Rates","Australian Dollar Trade-weighted Index"
"12649","FXRTWI","Trade-weighted Index May 1970 = 100","AUS","AUS",2015-09-08,59.4,"D","Index","Indicative","RBA","Daily","F11.1 Exchange Rates","Australian Dollar Trade-weighted Index"
"12650","FXRTWI","Trade-weighted Index May 1970 = 100","AUS","AUS",2015-09-09,60.3,"D","Index","Indicative","RBA","Daily","F11.1 Exchange Rates","Australian Dollar Trade-weighted Index"
"12651","FXRTWI","Trade-weighted Index May 1970 = 100","AUS","AUS",2015-09-10,60.1,"D","Index","Indicative","RBA","Daily","F11.1 Exchange Rates","Australian Dollar Trade-weighted Index"
"12652","FXRTWI","Trade-weighted Index May 1970 = 100","AUS","AUS",2015-09-11,60.3,"D","Index","Indicative","RBA","Daily","F11.1 Exchange Rates","Australian Dollar Trade-weighted Index"
"12653","FXRTWI","Trade-weighted Index May 1970 = 100","AUS","AUS",2015-09-14,60.3,"D","Index","Indicative","RBA","Daily","F11.1 Exchange Rates","Australian Dollar Trade-weighted Index"
"12654","FXRTWI","Trade-weighted Index May 1970 = 100","AUS","AUS",2015-09-15,60.6,"D","Index","Indicative","RBA","Daily","F11.1 Exchange Rates","Australian Dollar Trade-weighted Index"
"12655","FXRTWI","Trade-weighted Index May 1970 = 100","AUS","AUS",2015-09-16,60.8,"D","Index","Indicative","RBA","Daily","F11.1 Exchange Rates","Australian Dollar Trade-weighted Index"
"12656","FXRTWI","Trade-weighted Index May 1970 = 100","AUS","AUS",2015-09-17,61.2,"D","Index","Indicative","RBA","Daily","F11.1 Exchange Rates","Australian Dollar Trade-weighted Index"
"12657","FXRTWI","Trade-weighted Index May 1970 = 100","AUS","AUS",2015-09-18,61.2,"D","Index","Indicative","RBA","Daily","F11.1 Exchange Rates","Australian Dollar Trade-weighted Index"
"12658","FXRTWI","Trade-weighted Index May 1970 = 100","AUS","AUS",2015-09-21,61,"D","Index","Indicative","RBA","Daily","F11.1 Exchange Rates","Australian Dollar Trade-weighted Index"
"12659","FXRTWI","Trade-weighted Index May 1970 = 100","AUS","AUS",2015-09-22,60.9,"D","Index","Indicative","RBA","Daily","F11.1 Exchange Rates","Australian Dollar Trade-weighted Index"
"12660","FXRTWI","Trade-weighted Index May 1970 = 100","AUS","AUS",2015-09-23,60.2,"D","Index","Indicative","RBA","Daily","F11.1 Exchange Rates","Australian Dollar Trade-weighted Index"
"12661","FXRTWI","Trade-weighted Index May 1970 = 100","AUS","AUS",2015-09-24,59.9,"D","Index","Indicative","RBA","Daily","F11.1 Exchange Rates","Australian Dollar Trade-weighted Index"
"12662","FXRTWI","Trade-weighted Index May 1970 = 100","AUS","AUS",2015-09-25,60.1,"D","Index","Indicative","RBA","Daily","F11.1 Exchange Rates","Australian Dollar Trade-weighted Index"
"12663","FXRTWI","Trade-weighted Index May 1970 = 100","AUS","AUS",2015-09-28,60.1,"D","Index","Indicative","RBA","Daily","F11.1 Exchange Rates","Australian Dollar Trade-weighted Index"
"12664","FXRTWI","Trade-weighted Index May 1970 = 100","AUS","AUS",2015-09-29,59.5,"D","Index","Indicative","RBA","Daily","F11.1 Exchange Rates","Australian Dollar Trade-weighted Index"
"12665","DLCACS","Credit; Total; Seasonally adjusted","AUS","AUS",2015-09-30,2460.667,"M","$ billion","Seasonally Adjusted","RBA","Monthly","D2 Lending And Credit Aggregates","Credit; Total; Seasonally adjusted – Includes securitisations – For series breaks see Series Breaks"
"12666","FIRMMCRT","Cash Rate Target","AUS","AUS",2015-09-30,2,"M","Per cent","Original","RBA","Monthly","F1.1 Interest Rates And Yields - Money Market","Cash Rate Target; monthly average"
"12667","FXRTWI","Trade-weighted Index May 1970 = 100","AUS","AUS",2015-09-30,59.9,"D","Index","Indicative","RBA","Daily","F11.1 Exchange Rates","Australian Dollar Trade-weighted Index"
"12668","FXRTWI","Trade-weighted Index May 1970 = 100","AUS","AUS",2015-09-30,59.9,"M","Index","Indicative","RBA","Monthly","F11 Exchange Rates","Australian Dollar Trade-weighted Index"
"12669","GCPIOCPMTMQP","Quarterly trimmed mean inflation","AUS","AUS",2015-09-30,0.3,"Q","Per cent","Seasonally Adjusted","ABS","Quarterly","G1 Consumer Price Inflation","Consumer price index; Trimmed mean; Quarterly change (in per cent)"
"12670","GRCPAISDR","Commodity prices – SDR","AUS","AUS",2015-09-30,51.1662563470724,"M","Index, 2023/24=100","Original","RBA","Monthly","I2 Commodity Prices","Index of commodity prices; All items; SDR"
"12671","A124874157C","Business Turnover Index ; Total of 13 in-scope ANZSIC divisions ; Current Price ;","AUS","AUS",2015-10-01,81.1,"M","Index Numbers","Seasonally Adjusted",NA,"Monthly","Table 01: Business turnover indicator, 13 industry summary - Monthly percentage change and index",NA
"12672","A2718577A","Credits, Total goods ;","AUS","AUS",2015-10-01,21277,"M","$ Millions","Seasonally Adjusted",NA,"Monthly","TABLE 1. GOODS, Summary: Seasonally adjusted and trend estimates, Current prices",NA
"12673","A2718594C","Balance on goods ;","AUS","AUS",2015-10-01,-2345,"M","$ Millions","Seasonally Adjusted",NA,"Monthly","TABLE 1. GOODS, Summary: Seasonally adjusted and trend estimates, Current prices",NA
"12674","FXRTWI","Trade-weighted Index May 1970 = 100","AUS","AUS",2015-10-01,60.3,"D","Index","Indicative","RBA","Daily","F11.1 Exchange Rates","Australian Dollar Trade-weighted Index"
"12675","FXRTWI","Trade-weighted Index May 1970 = 100","AUS","AUS",2015-10-02,60.2,"D","Index","Indicative","RBA","Daily","F11.1 Exchange Rates","Australian Dollar Trade-weighted Index"
"12676","FXRTWI","Trade-weighted Index May 1970 = 100","AUS","AUS",2015-10-06,60.8,"D","Index","Indicative","RBA","Daily","F11.1 Exchange Rates","Australian Dollar Trade-weighted Index"
"12677","FXRTWI","Trade-weighted Index May 1970 = 100","AUS","AUS",2015-10-07,61,"D","Index","Indicative","RBA","Daily","F11.1 Exchange Rates","Australian Dollar Trade-weighted Index"
"12678","FXRTWI","Trade-weighted Index May 1970 = 100","AUS","AUS",2015-10-08,60.8,"D","Index","Indicative","RBA","Daily","F11.1 Exchange Rates","Australian Dollar Trade-weighted Index"
"12679","FXRTWI","Trade-weighted Index May 1970 = 100","AUS","AUS",2015-10-09,61.5,"D","Index","Indicative","RBA","Daily","F11.1 Exchange Rates","Australian Dollar Trade-weighted Index"
"12680","FXRTWI","Trade-weighted Index May 1970 = 100","AUS","AUS",2015-10-12,61.8,"D","Index","Indicative","RBA","Daily","F11.1 Exchange Rates","Australian Dollar Trade-weighted Index"
"12681","FXRTWI","Trade-weighted Index May 1970 = 100","AUS","AUS",2015-10-13,61.8,"D","Index","Indicative","RBA","Daily","F11.1 Exchange Rates","Australian Dollar Trade-weighted Index"
"12682","FXRTWI","Trade-weighted Index May 1970 = 100","AUS","AUS",2015-10-14,61,"D","Index","Indicative","RBA","Daily","F11.1 Exchange Rates","Australian Dollar Trade-weighted Index"
"12683","FXRTWI","Trade-weighted Index May 1970 = 100","AUS","AUS",2015-10-15,61.4,"D","Index","Indicative","RBA","Daily","F11.1 Exchange Rates","Australian Dollar Trade-weighted Index"
"12684","FXRTWI","Trade-weighted Index May 1970 = 100","AUS","AUS",2015-10-16,61.3,"D","Index","Indicative","RBA","Daily","F11.1 Exchange Rates","Australian Dollar Trade-weighted Index"
"12685","FXRTWI","Trade-weighted Index May 1970 = 100","AUS","AUS",2015-10-19,61.3,"D","Index","Indicative","RBA","Daily","F11.1 Exchange Rates","Australian Dollar Trade-weighted Index"
"12686","FXRTWI","Trade-weighted Index May 1970 = 100","AUS","AUS",2015-10-20,61.3,"D","Index","Indicative","RBA","Daily","F11.1 Exchange Rates","Australian Dollar Trade-weighted Index"
"12687","FXRTWI","Trade-weighted Index May 1970 = 100","AUS","AUS",2015-10-21,61.4,"D","Index","Indicative","RBA","Daily","F11.1 Exchange Rates","Australian Dollar Trade-weighted Index"
"12688","FXRTWI","Trade-weighted Index May 1970 = 100","AUS","AUS",2015-10-22,60.8,"D","Index","Indicative","RBA","Daily","F11.1 Exchange Rates","Australian Dollar Trade-weighted Index"
"12689","FXRTWI","Trade-weighted Index May 1970 = 100","AUS","AUS",2015-10-23,61.3,"D","Index","Indicative","RBA","Daily","F11.1 Exchange Rates","Australian Dollar Trade-weighted Index"
"12690","FXRTWI","Trade-weighted Index May 1970 = 100","AUS","AUS",2015-10-26,61.5,"D","Index","Indicative","RBA","Daily","F11.1 Exchange Rates","Australian Dollar Trade-weighted Index"
"12691","FXRTWI","Trade-weighted Index May 1970 = 100","AUS","AUS",2015-10-27,61.3,"D","Index","Indicative","RBA","Daily","F11.1 Exchange Rates","Australian Dollar Trade-weighted Index"
"12692","FXRTWI","Trade-weighted Index May 1970 = 100","AUS","AUS",2015-10-28,60.4,"D","Index","Indicative","RBA","Daily","F11.1 Exchange Rates","Australian Dollar Trade-weighted Index"
"12693","FXRTWI","Trade-weighted Index May 1970 = 100","AUS","AUS",2015-10-29,60.4,"D","Index","Indicative","RBA","Daily","F11.1 Exchange Rates","Australian Dollar Trade-weighted Index"
"12694","FXRTWI","Trade-weighted Index May 1970 = 100","AUS","AUS",2015-10-30,60.3,"D","Index","Indicative","RBA","Daily","F11.1 Exchange Rates","Australian Dollar Trade-weighted Index"
"12695","FXRTWI","Trade-weighted Index May 1970 = 100","AUS","AUS",2015-10-30,60.3,"M","Index","Indicative","RBA","Monthly","F11 Exchange Rates","Australian Dollar Trade-weighted Index"
"12696","DLCACS","Credit; Total; Seasonally adjusted","AUS","AUS",2015-10-31,2476.666,"M","$ billion","Seasonally Adjusted","RBA","Monthly","D2 Lending And Credit Aggregates","Credit; Total; Seasonally adjusted – Includes securitisations – For series breaks see Series Breaks"
"12697","FIRMMCRT","Cash Rate Target","AUS","AUS",2015-10-31,2,"M","Per cent","Original","RBA","Monthly","F1.1 Interest Rates And Yields - Money Market","Cash Rate Target; monthly average"
"12698","GRCPAISDR","Commodity prices – SDR","AUS","AUS",2015-10-31,50.2054454112417,"M","Index, 2023/24=100","Original","RBA","Monthly","I2 Commodity Prices","Index of commodity prices; All items; SDR"
"12699","A124874157C","Business Turnover Index ; Total of 13 in-scope ANZSIC divisions ; Current Price ;","AUS","AUS",2015-11-01,80.9,"M","Index Numbers","Seasonally Adjusted",NA,"Monthly","Table 01: Business turnover indicator, 13 industry summary - Monthly percentage change and index",NA
"12700","A2718577A","Credits, Total goods ;","AUS","AUS",2015-11-01,20297,"M","$ Millions","Seasonally Adjusted",NA,"Monthly","TABLE 1. GOODS, Summary: Seasonally adjusted and trend estimates, Current prices",NA
"12701","A2718594C","Balance on goods ;","AUS","AUS",2015-11-01,-2604,"M","$ Millions","Seasonally Adjusted",NA,"Monthly","TABLE 1. GOODS, Summary: Seasonally adjusted and trend estimates, Current prices",NA
"12702","FXRTWI","Trade-weighted Index May 1970 = 100","AUS","AUS",2015-11-02,60.5,"D","Index","Indicative","RBA","Daily","F11.1 Exchange Rates","Australian Dollar Trade-weighted Index"
"12703","FXRTWI","Trade-weighted Index May 1970 = 100","AUS","AUS",2015-11-03,61,"D","Index","Indicative","RBA","Daily","F11.1 Exchange Rates","Australian Dollar Trade-weighted Index"
"12704","FXRTWI","Trade-weighted Index May 1970 = 100","AUS","AUS",2015-11-04,61.1,"D","Index","Indicative","RBA","Daily","F11.1 Exchange Rates","Australian Dollar Trade-weighted Index"
"12705","FXRTWI","Trade-weighted Index May 1970 = 100","AUS","AUS",2015-11-05,60.9,"D","Index","Indicative","RBA","Daily","F11.1 Exchange Rates","Australian Dollar Trade-weighted Index"
"12706","FXRTWI","Trade-weighted Index May 1970 = 100","AUS","AUS",2015-11-06,60.9,"D","Index","Indicative","RBA","Daily","F11.1 Exchange Rates","Australian Dollar Trade-weighted Index"
"12707","FXRTWI","Trade-weighted Index May 1970 = 100","AUS","AUS",2015-11-09,60.5,"D","Index","Indicative","RBA","Daily","F11.1 Exchange Rates","Australian Dollar Trade-weighted Index"
"12708","FXRTWI","Trade-weighted Index May 1970 = 100","AUS","AUS",2015-11-10,60.5,"D","Index","Indicative","RBA","Daily","F11.1 Exchange Rates","Australian Dollar Trade-weighted Index"
"12709","FXRTWI","Trade-weighted Index May 1970 = 100","AUS","AUS",2015-11-11,60.6,"D","Index","Indicative","RBA","Daily","F11.1 Exchange Rates","Australian Dollar Trade-weighted Index"
"12710","FXRTWI","Trade-weighted Index May 1970 = 100","AUS","AUS",2015-11-12,61.2,"D","Index","Indicative","RBA","Daily","F11.1 Exchange Rates","Australian Dollar Trade-weighted Index"
"12711","FXRTWI","Trade-weighted Index May 1970 = 100","AUS","AUS",2015-11-13,61.2,"D","Index","Indicative","RBA","Daily","F11.1 Exchange Rates","Australian Dollar Trade-weighted Index"
"12712","FXRTWI","Trade-weighted Index May 1970 = 100","AUS","AUS",2015-11-16,61.1,"D","Index","Indicative","RBA","Daily","F11.1 Exchange Rates","Australian Dollar Trade-weighted Index"
"12713","FXRTWI","Trade-weighted Index May 1970 = 100","AUS","AUS",2015-11-17,61,"D","Index","Indicative","RBA","Daily","F11.1 Exchange Rates","Australian Dollar Trade-weighted Index"
"12714","FXRTWI","Trade-weighted Index May 1970 = 100","AUS","AUS",2015-11-18,61.1,"D","Index","Indicative","RBA","Daily","F11.1 Exchange Rates","Australian Dollar Trade-weighted Index"
"12715","FXRTWI","Trade-weighted Index May 1970 = 100","AUS","AUS",2015-11-19,61.6,"D","Index","Indicative","RBA","Daily","F11.1 Exchange Rates","Australian Dollar Trade-weighted Index"
"12716","FXRTWI","Trade-weighted Index May 1970 = 100","AUS","AUS",2015-11-20,61.6,"D","Index","Indicative","RBA","Daily","F11.1 Exchange Rates","Australian Dollar Trade-weighted Index"
"12717","FXRTWI","Trade-weighted Index May 1970 = 100","AUS","AUS",2015-11-23,61.7,"D","Index","Indicative","RBA","Daily","F11.1 Exchange Rates","Australian Dollar Trade-weighted Index"
"12718","FXRTWI","Trade-weighted Index May 1970 = 100","AUS","AUS",2015-11-24,61.8,"D","Index","Indicative","RBA","Daily","F11.1 Exchange Rates","Australian Dollar Trade-weighted Index"
"12719","FXRTWI","Trade-weighted Index May 1970 = 100","AUS","AUS",2015-11-25,62.2,"D","Index","Indicative","RBA","Daily","F11.1 Exchange Rates","Australian Dollar Trade-weighted Index"
"12720","FXRTWI","Trade-weighted Index May 1970 = 100","AUS","AUS",2015-11-26,62,"D","Index","Indicative","RBA","Daily","F11.1 Exchange Rates","Australian Dollar Trade-weighted Index"
"12721","FXRTWI","Trade-weighted Index May 1970 = 100","AUS","AUS",2015-11-27,62,"D","Index","Indicative","RBA","Daily","F11.1 Exchange Rates","Australian Dollar Trade-weighted Index"
"12722","DLCACS","Credit; Total; Seasonally adjusted","AUS","AUS",2015-11-30,2488.089,"M","$ billion","Seasonally Adjusted","RBA","Monthly","D2 Lending And Credit Aggregates","Credit; Total; Seasonally adjusted – Includes securitisations – For series breaks see Series Breaks"
"12723","FIRMMCRT","Cash Rate Target","AUS","AUS",2015-11-30,2,"M","Per cent","Original","RBA","Monthly","F1.1 Interest Rates And Yields - Money Market","Cash Rate Target; monthly average"
"12724","FXRTWI","Trade-weighted Index May 1970 = 100","AUS","AUS",2015-11-30,61.8,"D","Index","Indicative","RBA","Daily","F11.1 Exchange Rates","Australian Dollar Trade-weighted Index"
"12725","FXRTWI","Trade-weighted Index May 1970 = 100","AUS","AUS",2015-11-30,61.8,"M","Index","Indicative","RBA","Monthly","F11 Exchange Rates","Australian Dollar Trade-weighted Index"
"12726","GRCPAISDR","Commodity prices – SDR","AUS","AUS",2015-11-30,48.2469250962896,"M","Index, 2023/24=100","Original","RBA","Monthly","I2 Commodity Prices","Index of commodity prices; All items; SDR"
"12727","A124874157C","Business Turnover Index ; Total of 13 in-scope ANZSIC divisions ; Current Price ;","AUS","AUS",2015-12-01,80.4,"M","Index Numbers","Seasonally Adjusted",NA,"Monthly","Table 01: Business turnover indicator, 13 industry summary - Monthly percentage change and index",NA
"12728","A2302956R","South Australia ; STATE FINAL DEMAND ;","SA","SA",2015-12-01,31182,"Q","$ Millions","Seasonally Adjusted",NA,"Quarterly","Table 25. State Final Demand, Summary Components by State: Chain volume measures",NA
"12729","A2302984X","Western Australia ; STATE FINAL DEMAND ;","WA","WA",2015-12-01,63806,"Q","$ Millions","Seasonally Adjusted",NA,"Quarterly","Table 25. State Final Demand, Summary Components by State: Chain volume measures",NA
"12730","A2303012X","Tasmania ; STATE FINAL DEMAND ;","TAS","TAS",2015-12-01,9438,"Q","$ Millions","Seasonally Adjusted",NA,"Quarterly","Table 25. State Final Demand, Summary Components by State: Chain volume measures",NA
"12731","A2303040J","Northern Territory ; STATE FINAL DEMAND ;","NT","NT",2015-12-01,8065,"Q","$ Millions","Seasonally Adjusted",NA,"Quarterly","Table 25. State Final Demand, Summary Components by State: Chain volume measures",NA
"12732","A2303068K","Australian Capital Territory ; STATE FINAL DEMAND ;","ACT","ACT",2015-12-01,14229,"Q","$ Millions","Seasonally Adjusted",NA,"Quarterly","Table 25. State Final Demand, Summary Components by State: Chain volume measures",NA
"12733","A2303111F","New South Wales ; STATE FINAL DEMAND ;","NSW","NSW",2015-12-01,156992,"Q","$ Millions","Seasonally Adjusted",NA,"Quarterly","Table 25. State Final Demand, Summary Components by State: Chain volume measures",NA
"12734","A2303139J","Victoria ; STATE FINAL DEMAND ;","VIC","VIC",2015-12-01,121450,"Q","$ Millions","Seasonally Adjusted",NA,"Quarterly","Table 25. State Final Demand, Summary Components by State: Chain volume measures",NA
"12735","A2303187A","Queensland ; STATE FINAL DEMAND ;","QLD","QLD",2015-12-01,95834,"Q","$ Millions","Seasonally Adjusted",NA,"Quarterly","Table 25. State Final Demand, Summary Components by State: Chain volume measures",NA
"12736","A2304418T","Gross domestic product: Current prices ;","AUS","AUS",2015-12-01,412105,"Q","$ Millions","Seasonally Adjusted",NA,"Quarterly","Table 1. Key National Accounts Aggregates",NA
"12737","A2325846C","Index Numbers ; All groups CPI ; Australia ;","AUS","AUS",2015-12-01,108.4,"Q","Index Numbers","Original",NA,"Quarterly","TABLES 1 and 2. CPI: All Groups, Index Numbers and Percentage Changes",NA
"12738","A2718577A","Credits, Total goods ;","AUS","AUS",2015-12-01,19104,"M","$ Millions","Seasonally Adjusted",NA,"Monthly","TABLE 1. GOODS, Summary: Seasonally adjusted and trend estimates, Current prices",NA
"12739","A2718594C","Balance on goods ;","AUS","AUS",2015-12-01,-3205,"M","$ Millions","Seasonally Adjusted",NA,"Monthly","TABLE 1. GOODS, Summary: Seasonally adjusted and trend estimates, Current prices",NA
"12740","FXRTWI","Trade-weighted Index May 1970 = 100","AUS","AUS",2015-12-01,62.4,"D","Index","Indicative","RBA","Daily","F11.1 Exchange Rates","Australian Dollar Trade-weighted Index"
"12741","FXRTWI","Trade-weighted Index May 1970 = 100","AUS","AUS",2015-12-02,62.8,"D","Index","Indicative","RBA","Daily","F11.1 Exchange Rates","Australian Dollar Trade-weighted Index"
"12742","FXRTWI","Trade-weighted Index May 1970 = 100","AUS","AUS",2015-12-03,62.9,"D","Index","Indicative","RBA","Daily","F11.1 Exchange Rates","Australian Dollar Trade-weighted Index"
"12743","FXRTWI","Trade-weighted Index May 1970 = 100","AUS","AUS",2015-12-04,62.6,"D","Index","Indicative","RBA","Daily","F11.1 Exchange Rates","Australian Dollar Trade-weighted Index"
"12744","FXRTWI","Trade-weighted Index May 1970 = 100","AUS","AUS",2015-12-07,62.9,"D","Index","Indicative","RBA","Daily","F11.1 Exchange Rates","Australian Dollar Trade-weighted Index"
"12745","FXRTWI","Trade-weighted Index May 1970 = 100","AUS","AUS",2015-12-08,62.1,"D","Index","Indicative","RBA","Daily","F11.1 Exchange Rates","Australian Dollar Trade-weighted Index"
"12746","FXRTWI","Trade-weighted Index May 1970 = 100","AUS","AUS",2015-12-09,62,"D","Index","Indicative","RBA","Daily","F11.1 Exchange Rates","Australian Dollar Trade-weighted Index"
"12747","FXRTWI","Trade-weighted Index May 1970 = 100","AUS","AUS",2015-12-10,62.4,"D","Index","Indicative","RBA","Daily","F11.1 Exchange Rates","Australian Dollar Trade-weighted Index"
"12748","FXRTWI","Trade-weighted Index May 1970 = 100","AUS","AUS",2015-12-11,62.2,"D","Index","Indicative","RBA","Daily","F11.1 Exchange Rates","Australian Dollar Trade-weighted Index"
"12749","FXRTWI","Trade-weighted Index May 1970 = 100","AUS","AUS",2015-12-14,61.8,"D","Index","Indicative","RBA","Daily","F11.1 Exchange Rates","Australian Dollar Trade-weighted Index"
"12750","FXRTWI","Trade-weighted Index May 1970 = 100","AUS","AUS",2015-12-15,62.2,"D","Index","Indicative","RBA","Daily","F11.1 Exchange Rates","Australian Dollar Trade-weighted Index"
"12751","FXRTWI","Trade-weighted Index May 1970 = 100","AUS","AUS",2015-12-16,61.9,"D","Index","Indicative","RBA","Daily","F11.1 Exchange Rates","Australian Dollar Trade-weighted Index"
"12752","FXRTWI","Trade-weighted Index May 1970 = 100","AUS","AUS",2015-12-17,61.9,"D","Index","Indicative","RBA","Daily","F11.1 Exchange Rates","Australian Dollar Trade-weighted Index"
"12753","FXRTWI","Trade-weighted Index May 1970 = 100","AUS","AUS",2015-12-18,61.5,"D","Index","Indicative","RBA","Daily","F11.1 Exchange Rates","Australian Dollar Trade-weighted Index"
"12754","FXRTWI","Trade-weighted Index May 1970 = 100","AUS","AUS",2015-12-21,61.6,"D","Index","Indicative","RBA","Daily","F11.1 Exchange Rates","Australian Dollar Trade-weighted Index"
"12755","FXRTWI","Trade-weighted Index May 1970 = 100","AUS","AUS",2015-12-22,62,"D","Index","Indicative","RBA","Daily","F11.1 Exchange Rates","Australian Dollar Trade-weighted Index"
"12756","FXRTWI","Trade-weighted Index May 1970 = 100","AUS","AUS",2015-12-23,62.1,"D","Index","Indicative","RBA","Daily","F11.1 Exchange Rates","Australian Dollar Trade-weighted Index"
"12757","FXRTWI","Trade-weighted Index May 1970 = 100","AUS","AUS",2015-12-24,62.2,"D","Index","Indicative","RBA","Daily","F11.1 Exchange Rates","Australian Dollar Trade-weighted Index"
"12758","FXRTWI","Trade-weighted Index May 1970 = 100","AUS","AUS",2015-12-29,62.3,"D","Index","Indicative","RBA","Daily","F11.1 Exchange Rates","Australian Dollar Trade-weighted Index"
"12759","FXRTWI","Trade-weighted Index May 1970 = 100","AUS","AUS",2015-12-30,62.6,"D","Index","Indicative","RBA","Daily","F11.1 Exchange Rates","Australian Dollar Trade-weighted Index"
"12760","DLCACS","Credit; Total; Seasonally adjusted","AUS","AUS",2015-12-31,2501.28,"M","$ billion","Seasonally Adjusted","RBA","Monthly","D2 Lending And Credit Aggregates","Credit; Total; Seasonally adjusted – Includes securitisations – For series breaks see Series Breaks"
"12761","FIRMMCRT","Cash Rate Target","AUS","AUS",2015-12-31,2,"M","Per cent","Original","RBA","Monthly","F1.1 Interest Rates And Yields - Money Market","Cash Rate Target; monthly average"
"12762","FXRTWI","Trade-weighted Index May 1970 = 100","AUS","AUS",2015-12-31,62.7,"D","Index","Indicative","RBA","Daily","F11.1 Exchange Rates","Australian Dollar Trade-weighted Index"
"12763","FXRTWI","Trade-weighted Index May 1970 = 100","AUS","AUS",2015-12-31,62.7,"M","Index","Indicative","RBA","Monthly","F11 Exchange Rates","Australian Dollar Trade-weighted Index"
"12764","GCPIOCPMTMQP","Quarterly trimmed mean inflation","AUS","AUS",2015-12-31,0.6,"Q","Per cent","Seasonally Adjusted","ABS","Quarterly","G1 Consumer Price Inflation","Consumer price index; Trimmed mean; Quarterly change (in per cent)"
"12765","GRCPAISDR","Commodity prices – SDR","AUS","AUS",2015-12-31,45.9618624336106,"M","Index, 2023/24=100","Original","RBA","Monthly","I2 Commodity Prices","Index of commodity prices; All items; SDR"
"12766","A124874157C","Business Turnover Index ; Total of 13 in-scope ANZSIC divisions ; Current Price ;","AUS","AUS",2016-01-01,80,"M","Index Numbers","Seasonally Adjusted",NA,"Monthly","Table 01: Business turnover indicator, 13 industry summary - Monthly percentage change and index",NA
"12767","A2718577A","Credits, Total goods ;","AUS","AUS",2016-01-01,18937,"M","$ Millions","Seasonally Adjusted",NA,"Monthly","TABLE 1. GOODS, Summary: Seasonally adjusted and trend estimates, Current prices",NA
"12768","A2718594C","Balance on goods ;","AUS","AUS",2016-01-01,-2853,"M","$ Millions","Seasonally Adjusted",NA,"Monthly","TABLE 1. GOODS, Summary: Seasonally adjusted and trend estimates, Current prices",NA
"12769","FXRTWI","Trade-weighted Index May 1970 = 100","AUS","AUS",2016-01-04,62.2,"D","Index","Indicative","RBA","Daily","F11.1 Exchange Rates","Australian Dollar Trade-weighted Index"
"12770","FXRTWI","Trade-weighted Index May 1970 = 100","AUS","AUS",2016-01-05,62.2,"D","Index","Indicative","RBA","Daily","F11.1 Exchange Rates","Australian Dollar Trade-weighted Index"
"12771","FXRTWI","Trade-weighted Index May 1970 = 100","AUS","AUS",2016-01-06,61.6,"D","Index","Indicative","RBA","Daily","F11.1 Exchange Rates","Australian Dollar Trade-weighted Index"
"12772","FXRTWI","Trade-weighted Index May 1970 = 100","AUS","AUS",2016-01-07,61,"D","Index","Indicative","RBA","Daily","F11.1 Exchange Rates","Australian Dollar Trade-weighted Index"
"12773","FXRTWI","Trade-weighted Index May 1970 = 100","AUS","AUS",2016-01-08,61.1,"D","Index","Indicative","RBA","Daily","F11.1 Exchange Rates","Australian Dollar Trade-weighted Index"
"12774","FXRTWI","Trade-weighted Index May 1970 = 100","AUS","AUS",2016-01-11,60.4,"D","Index","Indicative","RBA","Daily","F11.1 Exchange Rates","Australian Dollar Trade-weighted Index"
"12775","FXRTWI","Trade-weighted Index May 1970 = 100","AUS","AUS",2016-01-12,60.4,"D","Index","Indicative","RBA","Daily","F11.1 Exchange Rates","Australian Dollar Trade-weighted Index"
"12776","FXRTWI","Trade-weighted Index May 1970 = 100","AUS","AUS",2016-01-13,60.9,"D","Index","Indicative","RBA","Daily","F11.1 Exchange Rates","Australian Dollar Trade-weighted Index"
"12777","FXRTWI","Trade-weighted Index May 1970 = 100","AUS","AUS",2016-01-14,60.1,"D","Index","Indicative","RBA","Daily","F11.1 Exchange Rates","Australian Dollar Trade-weighted Index"
"12778","FXRTWI","Trade-weighted Index May 1970 = 100","AUS","AUS",2016-01-15,60.3,"D","Index","Indicative","RBA","Daily","F11.1 Exchange Rates","Australian Dollar Trade-weighted Index"
"12779","FXRTWI","Trade-weighted Index May 1970 = 100","AUS","AUS",2016-01-18,59.9,"D","Index","Indicative","RBA","Daily","F11.1 Exchange Rates","Australian Dollar Trade-weighted Index"
"12780","FXRTWI","Trade-weighted Index May 1970 = 100","AUS","AUS",2016-01-19,59.7,"D","Index","Indicative","RBA","Daily","F11.1 Exchange Rates","Australian Dollar Trade-weighted Index"
"12781","FXRTWI","Trade-weighted Index May 1970 = 100","AUS","AUS",2016-01-20,59.6,"D","Index","Indicative","RBA","Daily","F11.1 Exchange Rates","Australian Dollar Trade-weighted Index"
"12782","FXRTWI","Trade-weighted Index May 1970 = 100","AUS","AUS",2016-01-21,59.9,"D","Index","Indicative","RBA","Daily","F11.1 Exchange Rates","Australian Dollar Trade-weighted Index"
"12783","FXRTWI","Trade-weighted Index May 1970 = 100","AUS","AUS",2016-01-22,60.7,"D","Index","Indicative","RBA","Daily","F11.1 Exchange Rates","Australian Dollar Trade-weighted Index"
"12784","FXRTWI","Trade-weighted Index May 1970 = 100","AUS","AUS",2016-01-25,60.9,"D","Index","Indicative","RBA","Daily","F11.1 Exchange Rates","Australian Dollar Trade-weighted Index"
"12785","FXRTWI","Trade-weighted Index May 1970 = 100","AUS","AUS",2016-01-27,60.8,"D","Index","Indicative","RBA","Daily","F11.1 Exchange Rates","Australian Dollar Trade-weighted Index"
"12786","FXRTWI","Trade-weighted Index May 1970 = 100","AUS","AUS",2016-01-28,61.1,"D","Index","Indicative","RBA","Daily","F11.1 Exchange Rates","Australian Dollar Trade-weighted Index"
"12787","FXRTWI","Trade-weighted Index May 1970 = 100","AUS","AUS",2016-01-29,61.5,"D","Index","Indicative","RBA","Daily","F11.1 Exchange Rates","Australian Dollar Trade-weighted Index"
"12788","FXRTWI","Trade-weighted Index May 1970 = 100","AUS","AUS",2016-01-29,61.5,"M","Index","Indicative","RBA","Monthly","F11 Exchange Rates","Australian Dollar Trade-weighted Index"
"12789","DLCACS","Credit; Total; Seasonally adjusted","AUS","AUS",2016-01-31,2514.544,"M","$ billion","Seasonally Adjusted","RBA","Monthly","D2 Lending And Credit Aggregates","Credit; Total; Seasonally adjusted – Includes securitisations – For series breaks see Series Breaks"
"12790","FIRMMCRT","Cash Rate Target","AUS","AUS",2016-01-31,2,"M","Per cent","Original","RBA","Monthly","F1.1 Interest Rates And Yields - Money Market","Cash Rate Target; monthly average"
"12791","GRCPAISDR","Commodity prices – SDR","AUS","AUS",2016-01-31,45.0276130432114,"M","Index, 2023/24=100","Original","RBA","Monthly","I2 Commodity Prices","Index of commodity prices; All items; SDR"
"12792","A124874157C","Business Turnover Index ; Total of 13 in-scope ANZSIC divisions ; Current Price ;","AUS","AUS",2016-02-01,80.2,"M","Index Numbers","Seasonally Adjusted",NA,"Monthly","Table 01: Business turnover indicator, 13 industry summary - Monthly percentage change and index",NA
"12793","A2718577A","Credits, Total goods ;","AUS","AUS",2016-02-01,19419,"M","$ Millions","Seasonally Adjusted",NA,"Monthly","TABLE 1. GOODS, Summary: Seasonally adjusted and trend estimates, Current prices",NA
"12794","A2718594C","Balance on goods ;","AUS","AUS",2016-02-01,-2637,"M","$ Millions","Seasonally Adjusted",NA,"Monthly","TABLE 1. GOODS, Summary: Seasonally adjusted and trend estimates, Current prices",NA
"12795","FXRTWI","Trade-weighted Index May 1970 = 100","AUS","AUS",2016-02-01,61.3,"D","Index","Indicative","RBA","Daily","F11.1 Exchange Rates","Australian Dollar Trade-weighted Index"
"12796","FXRTWI","Trade-weighted Index May 1970 = 100","AUS","AUS",2016-02-02,61.3,"D","Index","Indicative","RBA","Daily","F11.1 Exchange Rates","Australian Dollar Trade-weighted Index"
"12797","FXRTWI","Trade-weighted Index May 1970 = 100","AUS","AUS",2016-02-03,60.9,"D","Index","Indicative","RBA","Daily","F11.1 Exchange Rates","Australian Dollar Trade-weighted Index"
"12798","FXRTWI","Trade-weighted Index May 1970 = 100","AUS","AUS",2016-02-04,61.7,"D","Index","Indicative","RBA","Daily","F11.1 Exchange Rates","Australian Dollar Trade-weighted Index"
"12799","FXRTWI","Trade-weighted Index May 1970 = 100","AUS","AUS",2016-02-05,61.6,"D","Index","Indicative","RBA","Daily","F11.1 Exchange Rates","Australian Dollar Trade-weighted Index"
"12800","FXRTWI","Trade-weighted Index May 1970 = 100","AUS","AUS",2016-02-08,60.9,"D","Index","Indicative","RBA","Daily","F11.1 Exchange Rates","Australian Dollar Trade-weighted Index"
"12801","FXRTWI","Trade-weighted Index May 1970 = 100","AUS","AUS",2016-02-09,60.2,"D","Index","Indicative","RBA","Daily","F11.1 Exchange Rates","Australian Dollar Trade-weighted Index"
"12802","FXRTWI","Trade-weighted Index May 1970 = 100","AUS","AUS",2016-02-10,60.3,"D","Index","Indicative","RBA","Daily","F11.1 Exchange Rates","Australian Dollar Trade-weighted Index"
"12803","FXRTWI","Trade-weighted Index May 1970 = 100","AUS","AUS",2016-02-11,60.5,"D","Index","Indicative","RBA","Daily","F11.1 Exchange Rates","Australian Dollar Trade-weighted Index"
"12804","FXRTWI","Trade-weighted Index May 1970 = 100","AUS","AUS",2016-02-12,60.7,"D","Index","Indicative","RBA","Daily","F11.1 Exchange Rates","Australian Dollar Trade-weighted Index"
"12805","FXRTWI","Trade-weighted Index May 1970 = 100","AUS","AUS",2016-02-15,61,"D","Index","Indicative","RBA","Daily","F11.1 Exchange Rates","Australian Dollar Trade-weighted Index"
"12806","FXRTWI","Trade-weighted Index May 1970 = 100","AUS","AUS",2016-02-16,61.2,"D","Index","Indicative","RBA","Daily","F11.1 Exchange Rates","Australian Dollar Trade-weighted Index"
"12807","FXRTWI","Trade-weighted Index May 1970 = 100","AUS","AUS",2016-02-17,60.8,"D","Index","Indicative","RBA","Daily","F11.1 Exchange Rates","Australian Dollar Trade-weighted Index"
"12808","FXRTWI","Trade-weighted Index May 1970 = 100","AUS","AUS",2016-02-18,61.2,"D","Index","Indicative","RBA","Daily","F11.1 Exchange Rates","Australian Dollar Trade-weighted Index"
"12809","FXRTWI","Trade-weighted Index May 1970 = 100","AUS","AUS",2016-02-19,60.9,"D","Index","Indicative","RBA","Daily","F11.1 Exchange Rates","Australian Dollar Trade-weighted Index"
"12810","FXRTWI","Trade-weighted Index May 1970 = 100","AUS","AUS",2016-02-22,61.4,"D","Index","Indicative","RBA","Daily","F11.1 Exchange Rates","Australian Dollar Trade-weighted Index"
"12811","FXRTWI","Trade-weighted Index May 1970 = 100","AUS","AUS",2016-02-23,61.9,"D","Index","Indicative","RBA","Daily","F11.1 Exchange Rates","Australian Dollar Trade-weighted Index"
"12812","FXRTWI","Trade-weighted Index May 1970 = 100","AUS","AUS",2016-02-24,61.6,"D","Index","Indicative","RBA","Daily","F11.1 Exchange Rates","Australian Dollar Trade-weighted Index"
"12813","FXRTWI","Trade-weighted Index May 1970 = 100","AUS","AUS",2016-02-25,61.5,"D","Index","Indicative","RBA","Daily","F11.1 Exchange Rates","Australian Dollar Trade-weighted Index"
"12814","FXRTWI","Trade-weighted Index May 1970 = 100","AUS","AUS",2016-02-26,62,"D","Index","Indicative","RBA","Daily","F11.1 Exchange Rates","Australian Dollar Trade-weighted Index"
"12815","DLCACS","Credit; Total; Seasonally adjusted","AUS","AUS",2016-02-29,2528.24,"M","$ billion","Seasonally Adjusted","RBA","Monthly","D2 Lending And Credit Aggregates","Credit; Total; Seasonally adjusted – Includes securitisations – For series breaks see Series Breaks"
"12816","FIRMMCRT","Cash Rate Target","AUS","AUS",2016-02-29,2,"M","Per cent","Original","RBA","Monthly","F1.1 Interest Rates And Yields - Money Market","Cash Rate Target; monthly average"
"12817","FXRTWI","Trade-weighted Index May 1970 = 100","AUS","AUS",2016-02-29,61.4,"D","Index","Indicative","RBA","Daily","F11.1 Exchange Rates","Australian Dollar Trade-weighted Index"
"12818","FXRTWI","Trade-weighted Index May 1970 = 100","AUS","AUS",2016-02-29,61.4,"M","Index","Indicative","RBA","Monthly","F11 Exchange Rates","Australian Dollar Trade-weighted Index"
"12819","GRCPAISDR","Commodity prices – SDR","AUS","AUS",2016-02-29,46.0432864758866,"M","Index, 2023/24=100","Original","RBA","Monthly","I2 Commodity Prices","Index of commodity prices; All items; SDR"
"12820","A124874157C","Business Turnover Index ; Total of 13 in-scope ANZSIC divisions ; Current Price ;","AUS","AUS",2016-03-01,81,"M","Index Numbers","Seasonally Adjusted",NA,"Monthly","Table 01: Business turnover indicator, 13 industry summary - Monthly percentage change and index",NA
"12821","A2302956R","South Australia ; STATE FINAL DEMAND ;","SA","SA",2016-03-01,31280,"Q","$ Millions","Seasonally Adjusted",NA,"Quarterly","Table 25. State Final Demand, Summary Components by State: Chain volume measures",NA
"12822","A2302984X","Western Australia ; STATE FINAL DEMAND ;","WA","WA",2016-03-01,63160,"Q","$ Millions","Seasonally Adjusted",NA,"Quarterly","Table 25. State Final Demand, Summary Components by State: Chain volume measures",NA
"12823","A2303012X","Tasmania ; STATE FINAL DEMAND ;","TAS","TAS",2016-03-01,9361,"Q","$ Millions","Seasonally Adjusted",NA,"Quarterly","Table 25. State Final Demand, Summary Components by State: Chain volume measures",NA
"12824","A2303040J","Northern Territory ; STATE FINAL DEMAND ;","NT","NT",2016-03-01,8233,"Q","$ Millions","Seasonally Adjusted",NA,"Quarterly","Table 25. State Final Demand, Summary Components by State: Chain volume measures",NA
"12825","A2303068K","Australian Capital Territory ; STATE FINAL DEMAND ;","ACT","ACT",2016-03-01,14428,"Q","$ Millions","Seasonally Adjusted",NA,"Quarterly","Table 25. State Final Demand, Summary Components by State: Chain volume measures",NA
"12826","A2303111F","New South Wales ; STATE FINAL DEMAND ;","NSW","NSW",2016-03-01,160082,"Q","$ Millions","Seasonally Adjusted",NA,"Quarterly","Table 25. State Final Demand, Summary Components by State: Chain volume measures",NA
"12827","A2303139J","Victoria ; STATE FINAL DEMAND ;","VIC","VIC",2016-03-01,122079,"Q","$ Millions","Seasonally Adjusted",NA,"Quarterly","Table 25. State Final Demand, Summary Components by State: Chain volume measures",NA
"12828","A2303187A","Queensland ; STATE FINAL DEMAND ;","QLD","QLD",2016-03-01,96553,"Q","$ Millions","Seasonally Adjusted",NA,"Quarterly","Table 25. State Final Demand, Summary Components by State: Chain volume measures",NA
"12829","A2304418T","Gross domestic product: Current prices ;","AUS","AUS",2016-03-01,414520,"Q","$ Millions","Seasonally Adjusted",NA,"Quarterly","Table 1. Key National Accounts Aggregates",NA
"12830","A2325846C","Index Numbers ; All groups CPI ; Australia ;","AUS","AUS",2016-03-01,108.2,"Q","Index Numbers","Original",NA,"Quarterly","TABLES 1 and 2. CPI: All Groups, Index Numbers and Percentage Changes",NA
"12831","A2718577A","Credits, Total goods ;","AUS","AUS",2016-03-01,19920,"M","$ Millions","Seasonally Adjusted",NA,"Monthly","TABLE 1. GOODS, Summary: Seasonally adjusted and trend estimates, Current prices",NA
"12832","A2718594C","Balance on goods ;","AUS","AUS",2016-03-01,-1997,"M","$ Millions","Seasonally Adjusted",NA,"Monthly","TABLE 1. GOODS, Summary: Seasonally adjusted and trend estimates, Current prices",NA
"12833","FXRTWI","Trade-weighted Index May 1970 = 100","AUS","AUS",2016-03-01,61.3,"D","Index","Indicative","RBA","Daily","F11.1 Exchange Rates","Australian Dollar Trade-weighted Index"
"12834","FXRTWI","Trade-weighted Index May 1970 = 100","AUS","AUS",2016-03-02,62.1,"D","Index","Indicative","RBA","Daily","F11.1 Exchange Rates","Australian Dollar Trade-weighted Index"
"12835","FXRTWI","Trade-weighted Index May 1970 = 100","AUS","AUS",2016-03-03,62.7,"D","Index","Indicative","RBA","Daily","F11.1 Exchange Rates","Australian Dollar Trade-weighted Index"
"12836","FXRTWI","Trade-weighted Index May 1970 = 100","AUS","AUS",2016-03-04,62.9,"D","Index","Indicative","RBA","Daily","F11.1 Exchange Rates","Australian Dollar Trade-weighted Index"
"12837","FXRTWI","Trade-weighted Index May 1970 = 100","AUS","AUS",2016-03-07,63.2,"D","Index","Indicative","RBA","Daily","F11.1 Exchange Rates","Australian Dollar Trade-weighted Index"
"12838","FXRTWI","Trade-weighted Index May 1970 = 100","AUS","AUS",2016-03-08,63.3,"D","Index","Indicative","RBA","Daily","F11.1 Exchange Rates","Australian Dollar Trade-weighted Index"
"12839","FXRTWI","Trade-weighted Index May 1970 = 100","AUS","AUS",2016-03-09,63.4,"D","Index","Indicative","RBA","Daily","F11.1 Exchange Rates","Australian Dollar Trade-weighted Index"
"12840","FXRTWI","Trade-weighted Index May 1970 = 100","AUS","AUS",2016-03-10,63.8,"D","Index","Indicative","RBA","Daily","F11.1 Exchange Rates","Australian Dollar Trade-weighted Index"
"12841","FXRTWI","Trade-weighted Index May 1970 = 100","AUS","AUS",2016-03-11,63.6,"D","Index","Indicative","RBA","Daily","F11.1 Exchange Rates","Australian Dollar Trade-weighted Index"
"12842","FXRTWI","Trade-weighted Index May 1970 = 100","AUS","AUS",2016-03-14,64.4,"D","Index","Indicative","RBA","Daily","F11.1 Exchange Rates","Australian Dollar Trade-weighted Index"
"12843","FXRTWI","Trade-weighted Index May 1970 = 100","AUS","AUS",2016-03-15,63.7,"D","Index","Indicative","RBA","Daily","F11.1 Exchange Rates","Australian Dollar Trade-weighted Index"
"12844","FXRTWI","Trade-weighted Index May 1970 = 100","AUS","AUS",2016-03-16,63.5,"D","Index","Indicative","RBA","Daily","F11.1 Exchange Rates","Australian Dollar Trade-weighted Index"
"12845","FXRTWI","Trade-weighted Index May 1970 = 100","AUS","AUS",2016-03-17,64.2,"D","Index","Indicative","RBA","Daily","F11.1 Exchange Rates","Australian Dollar Trade-weighted Index"
"12846","FXRTWI","Trade-weighted Index May 1970 = 100","AUS","AUS",2016-03-18,64.3,"D","Index","Indicative","RBA","Daily","F11.1 Exchange Rates","Australian Dollar Trade-weighted Index"
"12847","FXRTWI","Trade-weighted Index May 1970 = 100","AUS","AUS",2016-03-21,63.9,"D","Index","Indicative","RBA","Daily","F11.1 Exchange Rates","Australian Dollar Trade-weighted Index"
"12848","FXRTWI","Trade-weighted Index May 1970 = 100","AUS","AUS",2016-03-22,64,"D","Index","Indicative","RBA","Daily","F11.1 Exchange Rates","Australian Dollar Trade-weighted Index"
"12849","FXRTWI","Trade-weighted Index May 1970 = 100","AUS","AUS",2016-03-23,64.4,"D","Index","Indicative","RBA","Daily","F11.1 Exchange Rates","Australian Dollar Trade-weighted Index"
"12850","FXRTWI","Trade-weighted Index May 1970 = 100","AUS","AUS",2016-03-24,63.5,"D","Index","Indicative","RBA","Daily","F11.1 Exchange Rates","Australian Dollar Trade-weighted Index"
"12851","FXRTWI","Trade-weighted Index May 1970 = 100","AUS","AUS",2016-03-29,64,"D","Index","Indicative","RBA","Daily","F11.1 Exchange Rates","Australian Dollar Trade-weighted Index"
"12852","FXRTWI","Trade-weighted Index May 1970 = 100","AUS","AUS",2016-03-30,64.2,"D","Index","Indicative","RBA","Daily","F11.1 Exchange Rates","Australian Dollar Trade-weighted Index"
"12853","DLCACS","Credit; Total; Seasonally adjusted","AUS","AUS",2016-03-31,2537.741,"M","$ billion","Seasonally Adjusted","RBA","Monthly","D2 Lending And Credit Aggregates","Credit; Total; Seasonally adjusted – Includes securitisations – For series breaks see Series Breaks"
"12854","FIRMMCRT","Cash Rate Target","AUS","AUS",2016-03-31,2,"M","Per cent","Original","RBA","Monthly","F1.1 Interest Rates And Yields - Money Market","Cash Rate Target; monthly average"
"12855","FXRTWI","Trade-weighted Index May 1970 = 100","AUS","AUS",2016-03-31,64.4,"D","Index","Indicative","RBA","Daily","F11.1 Exchange Rates","Australian Dollar Trade-weighted Index"
"12856","FXRTWI","Trade-weighted Index May 1970 = 100","AUS","AUS",2016-03-31,64.4,"M","Index","Indicative","RBA","Monthly","F11 Exchange Rates","Australian Dollar Trade-weighted Index"
"12857","GCPIOCPMTMQP","Quarterly trimmed mean inflation","AUS","AUS",2016-03-31,0.2,"Q","Per cent","Seasonally Adjusted","ABS","Quarterly","G1 Consumer Price Inflation","Consumer price index; Trimmed mean; Quarterly change (in per cent)"
"12858","GRCPAISDR","Commodity prices – SDR","AUS","AUS",2016-03-31,48.694040695019,"M","Index, 2023/24=100","Original","RBA","Monthly","I2 Commodity Prices","Index of commodity prices; All items; SDR"
"12859","A124874157C","Business Turnover Index ; Total of 13 in-scope ANZSIC divisions ; Current Price ;","AUS","AUS",2016-04-01,83.3,"M","Index Numbers","Seasonally Adjusted",NA,"Monthly","Table 01: Business turnover indicator, 13 industry summary - Monthly percentage change and index",NA
"12860","A2718577A","Credits, Total goods ;","AUS","AUS",2016-04-01,20266,"M","$ Millions","Seasonally Adjusted",NA,"Monthly","TABLE 1. GOODS, Summary: Seasonally adjusted and trend estimates, Current prices",NA
"12861","A2718594C","Balance on goods ;","AUS","AUS",2016-04-01,-1124,"M","$ Millions","Seasonally Adjusted",NA,"Monthly","TABLE 1. GOODS, Summary: Seasonally adjusted and trend estimates, Current prices",NA
"12862","FXRTWI","Trade-weighted Index May 1970 = 100","AUS","AUS",2016-04-01,64.3,"D","Index","Indicative","RBA","Daily","F11.1 Exchange Rates","Australian Dollar Trade-weighted Index"
"12863","FXRTWI","Trade-weighted Index May 1970 = 100","AUS","AUS",2016-04-04,64.1,"D","Index","Indicative","RBA","Daily","F11.1 Exchange Rates","Australian Dollar Trade-weighted Index"
"12864","FXRTWI","Trade-weighted Index May 1970 = 100","AUS","AUS",2016-04-05,63.9,"D","Index","Indicative","RBA","Daily","F11.1 Exchange Rates","Australian Dollar Trade-weighted Index"
"12865","FXRTWI","Trade-weighted Index May 1970 = 100","AUS","AUS",2016-04-06,63.5,"D","Index","Indicative","RBA","Daily","F11.1 Exchange Rates","Australian Dollar Trade-weighted Index"
"12866","FXRTWI","Trade-weighted Index May 1970 = 100","AUS","AUS",2016-04-07,63.8,"D","Index","Indicative","RBA","Daily","F11.1 Exchange Rates","Australian Dollar Trade-weighted Index"
"12867","FXRTWI","Trade-weighted Index May 1970 = 100","AUS","AUS",2016-04-08,63.2,"D","Index","Indicative","RBA","Daily","F11.1 Exchange Rates","Australian Dollar Trade-weighted Index"
"12868","FXRTWI","Trade-weighted Index May 1970 = 100","AUS","AUS",2016-04-11,63.2,"D","Index","Indicative","RBA","Daily","F11.1 Exchange Rates","Australian Dollar Trade-weighted Index"
"12869","FXRTWI","Trade-weighted Index May 1970 = 100","AUS","AUS",2016-04-12,63.8,"D","Index","Indicative","RBA","Daily","F11.1 Exchange Rates","Australian Dollar Trade-weighted Index"
"12870","FXRTWI","Trade-weighted Index May 1970 = 100","AUS","AUS",2016-04-13,64.2,"D","Index","Indicative","RBA","Daily","F11.1 Exchange Rates","Australian Dollar Trade-weighted Index"
"12871","FXRTWI","Trade-weighted Index May 1970 = 100","AUS","AUS",2016-04-14,64.4,"D","Index","Indicative","RBA","Daily","F11.1 Exchange Rates","Australian Dollar Trade-weighted Index"
"12872","FXRTWI","Trade-weighted Index May 1970 = 100","AUS","AUS",2016-04-15,64.7,"D","Index","Indicative","RBA","Daily","F11.1 Exchange Rates","Australian Dollar Trade-weighted Index"
"12873","FXRTWI","Trade-weighted Index May 1970 = 100","AUS","AUS",2016-04-18,64.3,"D","Index","Indicative","RBA","Daily","F11.1 Exchange Rates","Australian Dollar Trade-weighted Index"
"12874","FXRTWI","Trade-weighted Index May 1970 = 100","AUS","AUS",2016-04-19,65.1,"D","Index","Indicative","RBA","Daily","F11.1 Exchange Rates","Australian Dollar Trade-weighted Index"
"12875","FXRTWI","Trade-weighted Index May 1970 = 100","AUS","AUS",2016-04-20,64.9,"D","Index","Indicative","RBA","Daily","F11.1 Exchange Rates","Australian Dollar Trade-weighted Index"
"12876","FXRTWI","Trade-weighted Index May 1970 = 100","AUS","AUS",2016-04-21,65.4,"D","Index","Indicative","RBA","Daily","F11.1 Exchange Rates","Australian Dollar Trade-weighted Index"
"12877","FXRTWI","Trade-weighted Index May 1970 = 100","AUS","AUS",2016-04-22,65.1,"D","Index","Indicative","RBA","Daily","F11.1 Exchange Rates","Australian Dollar Trade-weighted Index"
"12878","FXRTWI","Trade-weighted Index May 1970 = 100","AUS","AUS",2016-04-26,64.8,"D","Index","Indicative","RBA","Daily","F11.1 Exchange Rates","Australian Dollar Trade-weighted Index"
"12879","FXRTWI","Trade-weighted Index May 1970 = 100","AUS","AUS",2016-04-27,64.1,"D","Index","Indicative","RBA","Daily","F11.1 Exchange Rates","Australian Dollar Trade-weighted Index"
"12880","FXRTWI","Trade-weighted Index May 1970 = 100","AUS","AUS",2016-04-28,63.7,"D","Index","Indicative","RBA","Daily","F11.1 Exchange Rates","Australian Dollar Trade-weighted Index"
"12881","FXRTWI","Trade-weighted Index May 1970 = 100","AUS","AUS",2016-04-29,63.8,"D","Index","Indicative","RBA","Daily","F11.1 Exchange Rates","Australian Dollar Trade-weighted Index"
"12882","FXRTWI","Trade-weighted Index May 1970 = 100","AUS","AUS",2016-04-29,63.8,"M","Index","Indicative","RBA","Monthly","F11 Exchange Rates","Australian Dollar Trade-weighted Index"
"12883","DLCACS","Credit; Total; Seasonally adjusted","AUS","AUS",2016-04-30,2551.031,"M","$ billion","Seasonally Adjusted","RBA","Monthly","D2 Lending And Credit Aggregates","Credit; Total; Seasonally adjusted – Includes securitisations – For series breaks see Series Breaks"
"12884","FIRMMCRT","Cash Rate Target","AUS","AUS",2016-04-30,2,"M","Per cent","Original","RBA","Monthly","F1.1 Interest Rates And Yields - Money Market","Cash Rate Target; monthly average"
"12885","GRCPAISDR","Commodity prices – SDR","AUS","AUS",2016-04-30,49.528973196241,"M","Index, 2023/24=100","Original","RBA","Monthly","I2 Commodity Prices","Index of commodity prices; All items; SDR"
"12886","A124874157C","Business Turnover Index ; Total of 13 in-scope ANZSIC divisions ; Current Price ;","AUS","AUS",2016-05-01,81.6,"M","Index Numbers","Seasonally Adjusted",NA,"Monthly","Table 01: Business turnover indicator, 13 industry summary - Monthly percentage change and index",NA
"12887","A2718577A","Credits, Total goods ;","AUS","AUS",2016-05-01,20347,"M","$ Millions","Seasonally Adjusted",NA,"Monthly","TABLE 1. GOODS, Summary: Seasonally adjusted and trend estimates, Current prices",NA
"12888","A2718594C","Balance on goods ;","AUS","AUS",2016-05-01,-1494,"M","$ Millions","Seasonally Adjusted",NA,"Monthly","TABLE 1. GOODS, Summary: Seasonally adjusted and trend estimates, Current prices",NA
"12889","FXRTWI","Trade-weighted Index May 1970 = 100","AUS","AUS",2016-05-02,63.3,"D","Index","Indicative","RBA","Daily","F11.1 Exchange Rates","Australian Dollar Trade-weighted Index"
"12890","FXRTWI","Trade-weighted Index May 1970 = 100","AUS","AUS",2016-05-03,62.9,"D","Index","Indicative","RBA","Daily","F11.1 Exchange Rates","Australian Dollar Trade-weighted Index"
"12891","FXRTWI","Trade-weighted Index May 1970 = 100","AUS","AUS",2016-05-04,62.7,"D","Index","Indicative","RBA","Daily","F11.1 Exchange Rates","Australian Dollar Trade-weighted Index"
"12892","FXRTWI","Trade-weighted Index May 1970 = 100","AUS","AUS",2016-05-05,62.7,"D","Index","Indicative","RBA","Daily","F11.1 Exchange Rates","Australian Dollar Trade-weighted Index"
"12893","FXRTWI","Trade-weighted Index May 1970 = 100","AUS","AUS",2016-05-06,62,"D","Index","Indicative","RBA","Daily","F11.1 Exchange Rates","Australian Dollar Trade-weighted Index"
"12894","FXRTWI","Trade-weighted Index May 1970 = 100","AUS","AUS",2016-05-09,61.9,"D","Index","Indicative","RBA","Daily","F11.1 Exchange Rates","Australian Dollar Trade-weighted Index"
"12895","FXRTWI","Trade-weighted Index May 1970 = 100","AUS","AUS",2016-05-10,61.8,"D","Index","Indicative","RBA","Daily","F11.1 Exchange Rates","Australian Dollar Trade-weighted Index"
"12896","FXRTWI","Trade-weighted Index May 1970 = 100","AUS","AUS",2016-05-11,62,"D","Index","Indicative","RBA","Daily","F11.1 Exchange Rates","Australian Dollar Trade-weighted Index"
"12897","FXRTWI","Trade-weighted Index May 1970 = 100","AUS","AUS",2016-05-12,61.7,"D","Index","Indicative","RBA","Daily","F11.1 Exchange Rates","Australian Dollar Trade-weighted Index"
"12898","FXRTWI","Trade-weighted Index May 1970 = 100","AUS","AUS",2016-05-13,61.5,"D","Index","Indicative","RBA","Daily","F11.1 Exchange Rates","Australian Dollar Trade-weighted Index"
"12899","FXRTWI","Trade-weighted Index May 1970 = 100","AUS","AUS",2016-05-16,61.4,"D","Index","Indicative","RBA","Daily","F11.1 Exchange Rates","Australian Dollar Trade-weighted Index"
"12900","FXRTWI","Trade-weighted Index May 1970 = 100","AUS","AUS",2016-05-17,61.9,"D","Index","Indicative","RBA","Daily","F11.1 Exchange Rates","Australian Dollar Trade-weighted Index"
"12901","FXRTWI","Trade-weighted Index May 1970 = 100","AUS","AUS",2016-05-18,61.5,"D","Index","Indicative","RBA","Daily","F11.1 Exchange Rates","Australian Dollar Trade-weighted Index"
"12902","FXRTWI","Trade-weighted Index May 1970 = 100","AUS","AUS",2016-05-19,61.1,"D","Index","Indicative","RBA","Daily","F11.1 Exchange Rates","Australian Dollar Trade-weighted Index"
"12903","FXRTWI","Trade-weighted Index May 1970 = 100","AUS","AUS",2016-05-20,61.4,"D","Index","Indicative","RBA","Daily","F11.1 Exchange Rates","Australian Dollar Trade-weighted Index"
"12904","FXRTWI","Trade-weighted Index May 1970 = 100","AUS","AUS",2016-05-23,61.4,"D","Index","Indicative","RBA","Daily","F11.1 Exchange Rates","Australian Dollar Trade-weighted Index"
"12905","FXRTWI","Trade-weighted Index May 1970 = 100","AUS","AUS",2016-05-24,61.1,"D","Index","Indicative","RBA","Daily","F11.1 Exchange Rates","Australian Dollar Trade-weighted Index"
"12906","FXRTWI","Trade-weighted Index May 1970 = 100","AUS","AUS",2016-05-25,61.2,"D","Index","Indicative","RBA","Daily","F11.1 Exchange Rates","Australian Dollar Trade-weighted Index"
"12907","FXRTWI","Trade-weighted Index May 1970 = 100","AUS","AUS",2016-05-26,61.1,"D","Index","Indicative","RBA","Daily","F11.1 Exchange Rates","Australian Dollar Trade-weighted Index"
"12908","FXRTWI","Trade-weighted Index May 1970 = 100","AUS","AUS",2016-05-27,61.3,"D","Index","Indicative","RBA","Daily","F11.1 Exchange Rates","Australian Dollar Trade-weighted Index"
"12909","FXRTWI","Trade-weighted Index May 1970 = 100","AUS","AUS",2016-05-30,61,"D","Index","Indicative","RBA","Daily","F11.1 Exchange Rates","Australian Dollar Trade-weighted Index"
"12910","DLCACS","Credit; Total; Seasonally adjusted","AUS","AUS",2016-05-31,2561.605,"M","$ billion","Seasonally Adjusted","RBA","Monthly","D2 Lending And Credit Aggregates","Credit; Total; Seasonally adjusted – Includes securitisations – For series breaks see Series Breaks"
"12911","FIRMMCRT","Cash Rate Target","AUS","AUS",2016-05-31,1.77,"M","Per cent","Original","RBA","Monthly","F1.1 Interest Rates And Yields - Money Market","Cash Rate Target; monthly average"
"12912","FXRTWI","Trade-weighted Index May 1970 = 100","AUS","AUS",2016-05-31,61.7,"D","Index","Indicative","RBA","Daily","F11.1 Exchange Rates","Australian Dollar Trade-weighted Index"
"12913","FXRTWI","Trade-weighted Index May 1970 = 100","AUS","AUS",2016-05-31,61.7,"M","Index","Indicative","RBA","Monthly","F11 Exchange Rates","Australian Dollar Trade-weighted Index"
"12914","GRCPAISDR","Commodity prices – SDR","AUS","AUS",2016-05-31,48.7978817985104,"M","Index, 2023/24=100","Original","RBA","Monthly","I2 Commodity Prices","Index of commodity prices; All items; SDR"
"12915","A124874157C","Business Turnover Index ; Total of 13 in-scope ANZSIC divisions ; Current Price ;","AUS","AUS",2016-06-01,82.2,"M","Index Numbers","Seasonally Adjusted",NA,"Monthly","Table 01: Business turnover indicator, 13 industry summary - Monthly percentage change and index",NA
"12916","A2302956R","South Australia ; STATE FINAL DEMAND ;","SA","SA",2016-06-01,31522,"Q","$ Millions","Seasonally Adjusted",NA,"Quarterly","Table 25. State Final Demand, Summary Components by State: Chain volume measures",NA
"12917","A2302984X","Western Australia ; STATE FINAL DEMAND ;","WA","WA",2016-06-01,60926,"Q","$ Millions","Seasonally Adjusted",NA,"Quarterly","Table 25. State Final Demand, Summary Components by State: Chain volume measures",NA
"12918","A2303012X","Tasmania ; STATE FINAL DEMAND ;","TAS","TAS",2016-06-01,9437,"Q","$ Millions","Seasonally Adjusted",NA,"Quarterly","Table 25. State Final Demand, Summary Components by State: Chain volume measures",NA
"12919","A2303040J","Northern Territory ; STATE FINAL DEMAND ;","NT","NT",2016-06-01,8373,"Q","$ Millions","Seasonally Adjusted",NA,"Quarterly","Table 25. State Final Demand, Summary Components by State: Chain volume measures",NA
"12920","A2303068K","Australian Capital Territory ; STATE FINAL DEMAND ;","ACT","ACT",2016-06-01,14407,"Q","$ Millions","Seasonally Adjusted",NA,"Quarterly","Table 25. State Final Demand, Summary Components by State: Chain volume measures",NA
"12921","A2303111F","New South Wales ; STATE FINAL DEMAND ;","NSW","NSW",2016-06-01,161933,"Q","$ Millions","Seasonally Adjusted",NA,"Quarterly","Table 25. State Final Demand, Summary Components by State: Chain volume measures",NA
"12922","A2303139J","Victoria ; STATE FINAL DEMAND ;","VIC","VIC",2016-06-01,123664,"Q","$ Millions","Seasonally Adjusted",NA,"Quarterly","Table 25. State Final Demand, Summary Components by State: Chain volume measures",NA
"12923","A2303187A","Queensland ; STATE FINAL DEMAND ;","QLD","QLD",2016-06-01,97065,"Q","$ Millions","Seasonally Adjusted",NA,"Quarterly","Table 25. State Final Demand, Summary Components by State: Chain volume measures",NA
"12924","A2304418T","Gross domestic product: Current prices ;","AUS","AUS",2016-06-01,419259,"Q","$ Millions","Seasonally Adjusted",NA,"Quarterly","Table 1. Key National Accounts Aggregates",NA
"12925","A2325846C","Index Numbers ; All groups CPI ; Australia ;","AUS","AUS",2016-06-01,108.6,"Q","Index Numbers","Original",NA,"Quarterly","TABLES 1 and 2. CPI: All Groups, Index Numbers and Percentage Changes",NA
"12926","A2336320R","New South Wales ; Gross state product: Current prices ;","NSW","NSW",2016-06-01,541048,"Annual","$ Millions","Original",NA,"Annual","Table 1. Gross State Product, Chain volume measures and current prices",NA
"12927","A2336321T","Victoria ; Gross state product: Current prices ;","VIC","VIC",2016-06-01,395951,"Annual","$ Millions","Original",NA,"Annual","Table 1. Gross State Product, Chain volume measures and current prices",NA
"12928","A2336322V","Queensland ; Gross state product: Current prices ;","QLD","QLD",2016-06-01,301021,"Annual","$ Millions","Original",NA,"Annual","Table 1. Gross State Product, Chain volume measures and current prices",NA
"12929","A2336323W","South Australia ; Gross state product: Current prices ;","SA","SA",2016-06-01,98813,"Annual","$ Millions","Original",NA,"Annual","Table 1. Gross State Product, Chain volume measures and current prices",NA
"12930","A2336324X","Western Australia ; Gross state product: Current prices ;","WA","WA",2016-06-01,237062,"Annual","$ Millions","Original",NA,"Annual","Table 1. Gross State Product, Chain volume measures and current prices",NA
"12931","A2336325A","Tasmania ; Gross state product: Current prices ;","TAS","TAS",2016-06-01,27344,"Annual","$ Millions","Original",NA,"Annual","Table 1. Gross State Product, Chain volume measures and current prices",NA
"12932","A2336326C","Northern Territory ; Gross state product: Current prices ;","NT","NT",2016-06-01,22279,"Annual","$ Millions","Original",NA,"Annual","Table 1. Gross State Product, Chain volume measures and current prices",NA
"12933","A2336327F","Australian Capital Territory ; Gross state product: Current prices ;","ACT","ACT",2016-06-01,34398,"Annual","$ Millions","Original",NA,"Annual","Table 1. Gross State Product, Chain volume measures and current prices",NA
"12934","A2718577A","Credits, Total goods ;","AUS","AUS",2016-06-01,19863,"M","$ Millions","Seasonally Adjusted",NA,"Monthly","TABLE 1. GOODS, Summary: Seasonally adjusted and trend estimates, Current prices",NA
"12935","A2718594C","Balance on goods ;","AUS","AUS",2016-06-01,-2552,"M","$ Millions","Seasonally Adjusted",NA,"Monthly","TABLE 1. GOODS, Summary: Seasonally adjusted and trend estimates, Current prices",NA
"12936","FXRTWI","Trade-weighted Index May 1970 = 100","AUS","AUS",2016-06-01,61.9,"D","Index","Indicative","RBA","Daily","F11.1 Exchange Rates","Australian Dollar Trade-weighted Index"
"12937","FXRTWI","Trade-weighted Index May 1970 = 100","AUS","AUS",2016-06-02,61.4,"D","Index","Indicative","RBA","Daily","F11.1 Exchange Rates","Australian Dollar Trade-weighted Index"
"12938","FXRTWI","Trade-weighted Index May 1970 = 100","AUS","AUS",2016-06-03,61.5,"D","Index","Indicative","RBA","Daily","F11.1 Exchange Rates","Australian Dollar Trade-weighted Index"
"12939","FXRTWI","Trade-weighted Index May 1970 = 100","AUS","AUS",2016-06-06,61.8,"D","Index","Indicative","RBA","Daily","F11.1 Exchange Rates","Australian Dollar Trade-weighted Index"
"12940","FXRTWI","Trade-weighted Index May 1970 = 100","AUS","AUS",2016-06-07,62.5,"D","Index","Indicative","RBA","Daily","F11.1 Exchange Rates","Australian Dollar Trade-weighted Index"
"12941","FXRTWI","Trade-weighted Index May 1970 = 100","AUS","AUS",2016-06-08,62.6,"D","Index","Indicative","RBA","Daily","F11.1 Exchange Rates","Australian Dollar Trade-weighted Index"
"12942","FXRTWI","Trade-weighted Index May 1970 = 100","AUS","AUS",2016-06-09,62.5,"D","Index","Indicative","RBA","Daily","F11.1 Exchange Rates","Australian Dollar Trade-weighted Index"
"12943","FXRTWI","Trade-weighted Index May 1970 = 100","AUS","AUS",2016-06-10,62.3,"D","Index","Indicative","RBA","Daily","F11.1 Exchange Rates","Australian Dollar Trade-weighted Index"
"12944","FXRTWI","Trade-weighted Index May 1970 = 100","AUS","AUS",2016-06-14,62.3,"D","Index","Indicative","RBA","Daily","F11.1 Exchange Rates","Australian Dollar Trade-weighted Index"
"12945","FXRTWI","Trade-weighted Index May 1970 = 100","AUS","AUS",2016-06-15,62.2,"D","Index","Indicative","RBA","Daily","F11.1 Exchange Rates","Australian Dollar Trade-weighted Index"
"12946","FXRTWI","Trade-weighted Index May 1970 = 100","AUS","AUS",2016-06-16,62,"D","Index","Indicative","RBA","Daily","F11.1 Exchange Rates","Australian Dollar Trade-weighted Index"
"12947","FXRTWI","Trade-weighted Index May 1970 = 100","AUS","AUS",2016-06-17,62.1,"D","Index","Indicative","RBA","Daily","F11.1 Exchange Rates","Australian Dollar Trade-weighted Index"
"12948","FXRTWI","Trade-weighted Index May 1970 = 100","AUS","AUS",2016-06-20,62.4,"D","Index","Indicative","RBA","Daily","F11.1 Exchange Rates","Australian Dollar Trade-weighted Index"
"12949","FXRTWI","Trade-weighted Index May 1970 = 100","AUS","AUS",2016-06-21,62.5,"D","Index","Indicative","RBA","Daily","F11.1 Exchange Rates","Australian Dollar Trade-weighted Index"
"12950","FXRTWI","Trade-weighted Index May 1970 = 100","AUS","AUS",2016-06-22,62.5,"D","Index","Indicative","RBA","Daily","F11.1 Exchange Rates","Australian Dollar Trade-weighted Index"
"12951","FXRTWI","Trade-weighted Index May 1970 = 100","AUS","AUS",2016-06-23,62.9,"D","Index","Indicative","RBA","Daily","F11.1 Exchange Rates","Australian Dollar Trade-weighted Index"
"12952","FXRTWI","Trade-weighted Index May 1970 = 100","AUS","AUS",2016-06-24,62.3,"D","Index","Indicative","RBA","Daily","F11.1 Exchange Rates","Australian Dollar Trade-weighted Index"
"12953","FXRTWI","Trade-weighted Index May 1970 = 100","AUS","AUS",2016-06-27,62.6,"D","Index","Indicative","RBA","Daily","F11.1 Exchange Rates","Australian Dollar Trade-weighted Index"
"12954","FXRTWI","Trade-weighted Index May 1970 = 100","AUS","AUS",2016-06-28,62.4,"D","Index","Indicative","RBA","Daily","F11.1 Exchange Rates","Australian Dollar Trade-weighted Index"
"12955","FXRTWI","Trade-weighted Index May 1970 = 100","AUS","AUS",2016-06-29,62.3,"D","Index","Indicative","RBA","Daily","F11.1 Exchange Rates","Australian Dollar Trade-weighted Index"
"12956","DLCACS","Credit; Total; Seasonally adjusted","AUS","AUS",2016-06-30,2565.769,"M","$ billion","Seasonally Adjusted","RBA","Monthly","D2 Lending And Credit Aggregates","Credit; Total; Seasonally adjusted – Includes securitisations – For series breaks see Series Breaks"
"12957","FIRMMCRT","Cash Rate Target","AUS","AUS",2016-06-30,1.75,"M","Per cent","Original","RBA","Monthly","F1.1 Interest Rates And Yields - Money Market","Cash Rate Target; monthly average"
"12958","FXRTWI","Trade-weighted Index May 1970 = 100","AUS","AUS",2016-06-30,62.5,"D","Index","Indicative","RBA","Daily","F11.1 Exchange Rates","Australian Dollar Trade-weighted Index"
"12959","FXRTWI","Trade-weighted Index May 1970 = 100","AUS","AUS",2016-06-30,62.5,"M","Index","Indicative","RBA","Monthly","F11 Exchange Rates","Australian Dollar Trade-weighted Index"
"12960","GCPIOCPMTMQP","Quarterly trimmed mean inflation","AUS","AUS",2016-06-30,0.5,"Q","Per cent","Seasonally Adjusted","ABS","Quarterly","G1 Consumer Price Inflation","Consumer price index; Trimmed mean; Quarterly change (in per cent)"
"12961","GRCPAISDR","Commodity prices – SDR","AUS","AUS",2016-06-30,48.579146942387,"M","Index, 2023/24=100","Original","RBA","Monthly","I2 Commodity Prices","Index of commodity prices; All items; SDR"
"12962","A124874157C","Business Turnover Index ; Total of 13 in-scope ANZSIC divisions ; Current Price ;","AUS","AUS",2016-07-01,80.7,"M","Index Numbers","Seasonally Adjusted",NA,"Monthly","Table 01: Business turnover indicator, 13 industry summary - Monthly percentage change and index",NA
"12963","A2718577A","Credits, Total goods ;","AUS","AUS",2016-07-01,21135,"M","$ Millions","Seasonally Adjusted",NA,"Monthly","TABLE 1. GOODS, Summary: Seasonally adjusted and trend estimates, Current prices",NA
"12964","A2718594C","Balance on goods ;","AUS","AUS",2016-07-01,-1102,"M","$ Millions","Seasonally Adjusted",NA,"Monthly","TABLE 1. GOODS, Summary: Seasonally adjusted and trend estimates, Current prices",NA
"12965","FXRTWI","Trade-weighted Index May 1970 = 100","AUS","AUS",2016-07-01,62.8,"D","Index","Indicative","RBA","Daily","F11.1 Exchange Rates","Australian Dollar Trade-weighted Index"
"12966","FXRTWI","Trade-weighted Index May 1970 = 100","AUS","AUS",2016-07-04,63.1,"D","Index","Indicative","RBA","Daily","F11.1 Exchange Rates","Australian Dollar Trade-weighted Index"
"12967","FXRTWI","Trade-weighted Index May 1970 = 100","AUS","AUS",2016-07-05,63.3,"D","Index","Indicative","RBA","Daily","F11.1 Exchange Rates","Australian Dollar Trade-weighted Index"
"12968","FXRTWI","Trade-weighted Index May 1970 = 100","AUS","AUS",2016-07-06,62.8,"D","Index","Indicative","RBA","Daily","F11.1 Exchange Rates","Australian Dollar Trade-weighted Index"
"12969","FXRTWI","Trade-weighted Index May 1970 = 100","AUS","AUS",2016-07-07,63.3,"D","Index","Indicative","RBA","Daily","F11.1 Exchange Rates","Australian Dollar Trade-weighted Index"
"12970","FXRTWI","Trade-weighted Index May 1970 = 100","AUS","AUS",2016-07-08,63.1,"D","Index","Indicative","RBA","Daily","F11.1 Exchange Rates","Australian Dollar Trade-weighted Index"
"12971","FXRTWI","Trade-weighted Index May 1970 = 100","AUS","AUS",2016-07-11,63.6,"D","Index","Indicative","RBA","Daily","F11.1 Exchange Rates","Australian Dollar Trade-weighted Index"
"12972","FXRTWI","Trade-weighted Index May 1970 = 100","AUS","AUS",2016-07-12,64,"D","Index","Indicative","RBA","Daily","F11.1 Exchange Rates","Australian Dollar Trade-weighted Index"
"12973","FXRTWI","Trade-weighted Index May 1970 = 100","AUS","AUS",2016-07-13,64.2,"D","Index","Indicative","RBA","Daily","F11.1 Exchange Rates","Australian Dollar Trade-weighted Index"
"12974","FXRTWI","Trade-weighted Index May 1970 = 100","AUS","AUS",2016-07-14,64.2,"D","Index","Indicative","RBA","Daily","F11.1 Exchange Rates","Australian Dollar Trade-weighted Index"
"12975","FXRTWI","Trade-weighted Index May 1970 = 100","AUS","AUS",2016-07-15,64.3,"D","Index","Indicative","RBA","Daily","F11.1 Exchange Rates","Australian Dollar Trade-weighted Index"
"12976","FXRTWI","Trade-weighted Index May 1970 = 100","AUS","AUS",2016-07-18,64.2,"D","Index","Indicative","RBA","Daily","F11.1 Exchange Rates","Australian Dollar Trade-weighted Index"
"12977","FXRTWI","Trade-weighted Index May 1970 = 100","AUS","AUS",2016-07-19,63.7,"D","Index","Indicative","RBA","Daily","F11.1 Exchange Rates","Australian Dollar Trade-weighted Index"
"12978","FXRTWI","Trade-weighted Index May 1970 = 100","AUS","AUS",2016-07-20,63.6,"D","Index","Indicative","RBA","Daily","F11.1 Exchange Rates","Australian Dollar Trade-weighted Index"
"12979","FXRTWI","Trade-weighted Index May 1970 = 100","AUS","AUS",2016-07-21,63.5,"D","Index","Indicative","RBA","Daily","F11.1 Exchange Rates","Australian Dollar Trade-weighted Index"
"12980","FXRTWI","Trade-weighted Index May 1970 = 100","AUS","AUS",2016-07-22,63.3,"D","Index","Indicative","RBA","Daily","F11.1 Exchange Rates","Australian Dollar Trade-weighted Index"
"12981","FXRTWI","Trade-weighted Index May 1970 = 100","AUS","AUS",2016-07-25,63.5,"D","Index","Indicative","RBA","Daily","F11.1 Exchange Rates","Australian Dollar Trade-weighted Index"
"12982","FXRTWI","Trade-weighted Index May 1970 = 100","AUS","AUS",2016-07-26,63.6,"D","Index","Indicative","RBA","Daily","F11.1 Exchange Rates","Australian Dollar Trade-weighted Index"
"12983","FXRTWI","Trade-weighted Index May 1970 = 100","AUS","AUS",2016-07-27,63.4,"D","Index","Indicative","RBA","Daily","F11.1 Exchange Rates","Australian Dollar Trade-weighted Index"
"12984","FXRTWI","Trade-weighted Index May 1970 = 100","AUS","AUS",2016-07-28,63.5,"D","Index","Indicative","RBA","Daily","F11.1 Exchange Rates","Australian Dollar Trade-weighted Index"
"12985","FXRTWI","Trade-weighted Index May 1970 = 100","AUS","AUS",2016-07-29,63.3,"D","Index","Indicative","RBA","Daily","F11.1 Exchange Rates","Australian Dollar Trade-weighted Index"
"12986","FXRTWI","Trade-weighted Index May 1970 = 100","AUS","AUS",2016-07-29,63.3,"M","Index","Indicative","RBA","Monthly","F11 Exchange Rates","Australian Dollar Trade-weighted Index"
"12987","DLCACS","Credit; Total; Seasonally adjusted","AUS","AUS",2016-07-31,2578.913,"M","$ billion","Seasonally Adjusted","RBA","Monthly","D2 Lending And Credit Aggregates","Credit; Total; Seasonally adjusted – Includes securitisations – For series breaks see Series Breaks"
"12988","FIRMMCRT","Cash Rate Target","AUS","AUS",2016-07-31,1.75,"M","Per cent","Original","RBA","Monthly","F1.1 Interest Rates And Yields - Money Market","Cash Rate Target; monthly average"
"12989","GRCPAISDR","Commodity prices – SDR","AUS","AUS",2016-07-31,50.7651203495426,"M","Index, 2023/24=100","Original","RBA","Monthly","I2 Commodity Prices","Index of commodity prices; All items; SDR"
"12990","A124874157C","Business Turnover Index ; Total of 13 in-scope ANZSIC divisions ; Current Price ;","AUS","AUS",2016-08-01,81.7,"M","Index Numbers","Seasonally Adjusted",NA,"Monthly","Table 01: Business turnover indicator, 13 industry summary - Monthly percentage change and index",NA
"12991","A2718577A","Credits, Total goods ;","AUS","AUS",2016-08-01,21149,"M","$ Millions","Seasonally Adjusted",NA,"Monthly","TABLE 1. GOODS, Summary: Seasonally adjusted and trend estimates, Current prices",NA
"12992","A2718594C","Balance on goods ;","AUS","AUS",2016-08-01,-1485,"M","$ Millions","Seasonally Adjusted",NA,"Monthly","TABLE 1. GOODS, Summary: Seasonally adjusted and trend estimates, Current prices",NA
"12993","FXRTWI","Trade-weighted Index May 1970 = 100","AUS","AUS",2016-08-02,63.2,"D","Index","Indicative","RBA","Daily","F11.1 Exchange Rates","Australian Dollar Trade-weighted Index"
"12994","FXRTWI","Trade-weighted Index May 1970 = 100","AUS","AUS",2016-08-03,63.5,"D","Index","Indicative","RBA","Daily","F11.1 Exchange Rates","Australian Dollar Trade-weighted Index"
"12995","FXRTWI","Trade-weighted Index May 1970 = 100","AUS","AUS",2016-08-04,63.7,"D","Index","Indicative","RBA","Daily","F11.1 Exchange Rates","Australian Dollar Trade-weighted Index"
"12996","FXRTWI","Trade-weighted Index May 1970 = 100","AUS","AUS",2016-08-05,64.1,"D","Index","Indicative","RBA","Daily","F11.1 Exchange Rates","Australian Dollar Trade-weighted Index"
"12997","FXRTWI","Trade-weighted Index May 1970 = 100","AUS","AUS",2016-08-08,63.9,"D","Index","Indicative","RBA","Daily","F11.1 Exchange Rates","Australian Dollar Trade-weighted Index"
"12998","FXRTWI","Trade-weighted Index May 1970 = 100","AUS","AUS",2016-08-09,64.1,"D","Index","Indicative","RBA","Daily","F11.1 Exchange Rates","Australian Dollar Trade-weighted Index"
"12999","FXRTWI","Trade-weighted Index May 1970 = 100","AUS","AUS",2016-08-10,64.4,"D","Index","Indicative","RBA","Daily","F11.1 Exchange Rates","Australian Dollar Trade-weighted Index"
"13000","FXRTWI","Trade-weighted Index May 1970 = 100","AUS","AUS",2016-08-11,64.4,"D","Index","Indicative","RBA","Daily","F11.1 Exchange Rates","Australian Dollar Trade-weighted Index"
"13001","FXRTWI","Trade-weighted Index May 1970 = 100","AUS","AUS",2016-08-12,64.4,"D","Index","Indicative","RBA","Daily","F11.1 Exchange Rates","Australian Dollar Trade-weighted Index"
"13002","FXRTWI","Trade-weighted Index May 1970 = 100","AUS","AUS",2016-08-15,64.1,"D","Index","Indicative","RBA","Daily","F11.1 Exchange Rates","Australian Dollar Trade-weighted Index"
"13003","FXRTWI","Trade-weighted Index May 1970 = 100","AUS","AUS",2016-08-16,64.2,"D","Index","Indicative","RBA","Daily","F11.1 Exchange Rates","Australian Dollar Trade-weighted Index"
"13004","FXRTWI","Trade-weighted Index May 1970 = 100","AUS","AUS",2016-08-17,64,"D","Index","Indicative","RBA","Daily","F11.1 Exchange Rates","Australian Dollar Trade-weighted Index"
"13005","FXRTWI","Trade-weighted Index May 1970 = 100","AUS","AUS",2016-08-18,64.2,"D","Index","Indicative","RBA","Daily","F11.1 Exchange Rates","Australian Dollar Trade-weighted Index"
"13006","FXRTWI","Trade-weighted Index May 1970 = 100","AUS","AUS",2016-08-19,63.8,"D","Index","Indicative","RBA","Daily","F11.1 Exchange Rates","Australian Dollar Trade-weighted Index"
"13007","FXRTWI","Trade-weighted Index May 1970 = 100","AUS","AUS",2016-08-22,63.6,"D","Index","Indicative","RBA","Daily","F11.1 Exchange Rates","Australian Dollar Trade-weighted Index"
"13008","FXRTWI","Trade-weighted Index May 1970 = 100","AUS","AUS",2016-08-23,63.8,"D","Index","Indicative","RBA","Daily","F11.1 Exchange Rates","Australian Dollar Trade-weighted Index"
"13009","FXRTWI","Trade-weighted Index May 1970 = 100","AUS","AUS",2016-08-24,63.6,"D","Index","Indicative","RBA","Daily","F11.1 Exchange Rates","Australian Dollar Trade-weighted Index"
"13010","FXRTWI","Trade-weighted Index May 1970 = 100","AUS","AUS",2016-08-25,63.8,"D","Index","Indicative","RBA","Daily","F11.1 Exchange Rates","Australian Dollar Trade-weighted Index"
"13011","FXRTWI","Trade-weighted Index May 1970 = 100","AUS","AUS",2016-08-26,63.8,"D","Index","Indicative","RBA","Daily","F11.1 Exchange Rates","Australian Dollar Trade-weighted Index"
"13012","FXRTWI","Trade-weighted Index May 1970 = 100","AUS","AUS",2016-08-29,63.5,"D","Index","Indicative","RBA","Daily","F11.1 Exchange Rates","Australian Dollar Trade-weighted Index"
"13013","FXRTWI","Trade-weighted Index May 1970 = 100","AUS","AUS",2016-08-30,63.6,"D","Index","Indicative","RBA","Daily","F11.1 Exchange Rates","Australian Dollar Trade-weighted Index"
"13014","DLCACS","Credit; Total; Seasonally adjusted","AUS","AUS",2016-08-31,2587.716,"M","$ billion","Seasonally Adjusted","RBA","Monthly","D2 Lending And Credit Aggregates","Credit; Total; Seasonally adjusted – Includes securitisations – For series breaks see Series Breaks"
"13015","FIRMMCRT","Cash Rate Target","AUS","AUS",2016-08-31,1.52,"M","Per cent","Original","RBA","Monthly","F1.1 Interest Rates And Yields - Money Market","Cash Rate Target; monthly average"
"13016","FXRTWI","Trade-weighted Index May 1970 = 100","AUS","AUS",2016-08-31,63.2,"D","Index","Indicative","RBA","Daily","F11.1 Exchange Rates","Australian Dollar Trade-weighted Index"
"13017","FXRTWI","Trade-weighted Index May 1970 = 100","AUS","AUS",2016-08-31,63.2,"M","Index","Indicative","RBA","Monthly","F11 Exchange Rates","Australian Dollar Trade-weighted Index"
"13018","GRCPAISDR","Commodity prices – SDR","AUS","AUS",2016-08-31,52.5009754686942,"M","Index, 2023/24=100","Original","RBA","Monthly","I2 Commodity Prices","Index of commodity prices; All items; SDR"
"13019","A124874157C","Business Turnover Index ; Total of 13 in-scope ANZSIC divisions ; Current Price ;","AUS","AUS",2016-09-01,81.5,"M","Index Numbers","Seasonally Adjusted",NA,"Monthly","Table 01: Business turnover indicator, 13 industry summary - Monthly percentage change and index",NA
"13020","A2302956R","South Australia ; STATE FINAL DEMAND ;","SA","SA",2016-09-01,31864,"Q","$ Millions","Seasonally Adjusted",NA,"Quarterly","Table 25. State Final Demand, Summary Components by State: Chain volume measures",NA
"13021","A2302984X","Western Australia ; STATE FINAL DEMAND ;","WA","WA",2016-09-01,58688,"Q","$ Millions","Seasonally Adjusted",NA,"Quarterly","Table 25. State Final Demand, Summary Components by State: Chain volume measures",NA
"13022","A2303012X","Tasmania ; STATE FINAL DEMAND ;","TAS","TAS",2016-09-01,9415,"Q","$ Millions","Seasonally Adjusted",NA,"Quarterly","Table 25. State Final Demand, Summary Components by State: Chain volume measures",NA
"13023","A2303040J","Northern Territory ; STATE FINAL DEMAND ;","NT","NT",2016-09-01,8631,"Q","$ Millions","Seasonally Adjusted",NA,"Quarterly","Table 25. State Final Demand, Summary Components by State: Chain volume measures",NA
"13024","A2303068K","Australian Capital Territory ; STATE FINAL DEMAND ;","ACT","ACT",2016-09-01,14679,"Q","$ Millions","Seasonally Adjusted",NA,"Quarterly","Table 25. State Final Demand, Summary Components by State: Chain volume measures",NA
"13025","A2303111F","New South Wales ; STATE FINAL DEMAND ;","NSW","NSW",2016-09-01,162530,"Q","$ Millions","Seasonally Adjusted",NA,"Quarterly","Table 25. State Final Demand, Summary Components by State: Chain volume measures",NA
"13026","A2303139J","Victoria ; STATE FINAL DEMAND ;","VIC","VIC",2016-09-01,124275,"Q","$ Millions","Seasonally Adjusted",NA,"Quarterly","Table 25. State Final Demand, Summary Components by State: Chain volume measures",NA
"13027","A2303187A","Queensland ; STATE FINAL DEMAND ;","QLD","QLD",2016-09-01,97861,"Q","$ Millions","Seasonally Adjusted",NA,"Quarterly","Table 25. State Final Demand, Summary Components by State: Chain volume measures",NA
"13028","A2304418T","Gross domestic product: Current prices ;","AUS","AUS",2016-09-01,424698,"Q","$ Millions","Seasonally Adjusted",NA,"Quarterly","Table 1. Key National Accounts Aggregates",NA
"13029","A2325846C","Index Numbers ; All groups CPI ; Australia ;","AUS","AUS",2016-09-01,109.4,"Q","Index Numbers","Original",NA,"Quarterly","TABLES 1 and 2. CPI: All Groups, Index Numbers and Percentage Changes",NA
"13030","A2718577A","Credits, Total goods ;","AUS","AUS",2016-09-01,21683,"M","$ Millions","Seasonally Adjusted",NA,"Monthly","TABLE 1. GOODS, Summary: Seasonally adjusted and trend estimates, Current prices",NA
"13031","A2718594C","Balance on goods ;","AUS","AUS",2016-09-01,-249,"M","$ Millions","Seasonally Adjusted",NA,"Monthly","TABLE 1. GOODS, Summary: Seasonally adjusted and trend estimates, Current prices",NA
"13032","FXRTWI","Trade-weighted Index May 1970 = 100","AUS","AUS",2016-09-01,63.5,"D","Index","Indicative","RBA","Daily","F11.1 Exchange Rates","Australian Dollar Trade-weighted Index"
"13033","FXRTWI","Trade-weighted Index May 1970 = 100","AUS","AUS",2016-09-02,63.6,"D","Index","Indicative","RBA","Daily","F11.1 Exchange Rates","Australian Dollar Trade-weighted Index"
"13034","FXRTWI","Trade-weighted Index May 1970 = 100","AUS","AUS",2016-09-05,63.8,"D","Index","Indicative","RBA","Daily","F11.1 Exchange Rates","Australian Dollar Trade-weighted Index"
"13035","FXRTWI","Trade-weighted Index May 1970 = 100","AUS","AUS",2016-09-06,64.1,"D","Index","Indicative","RBA","Daily","F11.1 Exchange Rates","Australian Dollar Trade-weighted Index"
"13036","FXRTWI","Trade-weighted Index May 1970 = 100","AUS","AUS",2016-09-07,64.1,"D","Index","Indicative","RBA","Daily","F11.1 Exchange Rates","Australian Dollar Trade-weighted Index"
"13037","FXRTWI","Trade-weighted Index May 1970 = 100","AUS","AUS",2016-09-08,64.3,"D","Index","Indicative","RBA","Daily","F11.1 Exchange Rates","Australian Dollar Trade-weighted Index"
"13038","FXRTWI","Trade-weighted Index May 1970 = 100","AUS","AUS",2016-09-09,64,"D","Index","Indicative","RBA","Daily","F11.1 Exchange Rates","Australian Dollar Trade-weighted Index"
"13039","FXRTWI","Trade-weighted Index May 1970 = 100","AUS","AUS",2016-09-12,63.2,"D","Index","Indicative","RBA","Daily","F11.1 Exchange Rates","Australian Dollar Trade-weighted Index"
"13040","FXRTWI","Trade-weighted Index May 1970 = 100","AUS","AUS",2016-09-13,63.2,"D","Index","Indicative","RBA","Daily","F11.1 Exchange Rates","Australian Dollar Trade-weighted Index"
"13041","FXRTWI","Trade-weighted Index May 1970 = 100","AUS","AUS",2016-09-14,62.9,"D","Index","Indicative","RBA","Daily","F11.1 Exchange Rates","Australian Dollar Trade-weighted Index"
"13042","FXRTWI","Trade-weighted Index May 1970 = 100","AUS","AUS",2016-09-15,62.8,"D","Index","Indicative","RBA","Daily","F11.1 Exchange Rates","Australian Dollar Trade-weighted Index"
"13043","FXRTWI","Trade-weighted Index May 1970 = 100","AUS","AUS",2016-09-16,63.1,"D","Index","Indicative","RBA","Daily","F11.1 Exchange Rates","Australian Dollar Trade-weighted Index"
"13044","FXRTWI","Trade-weighted Index May 1970 = 100","AUS","AUS",2016-09-19,63.4,"D","Index","Indicative","RBA","Daily","F11.1 Exchange Rates","Australian Dollar Trade-weighted Index"
"13045","FXRTWI","Trade-weighted Index May 1970 = 100","AUS","AUS",2016-09-20,63.4,"D","Index","Indicative","RBA","Daily","F11.1 Exchange Rates","Australian Dollar Trade-weighted Index"
"13046","FXRTWI","Trade-weighted Index May 1970 = 100","AUS","AUS",2016-09-21,63.6,"D","Index","Indicative","RBA","Daily","F11.1 Exchange Rates","Australian Dollar Trade-weighted Index"
"13047","FXRTWI","Trade-weighted Index May 1970 = 100","AUS","AUS",2016-09-22,63.9,"D","Index","Indicative","RBA","Daily","F11.1 Exchange Rates","Australian Dollar Trade-weighted Index"
"13048","FXRTWI","Trade-weighted Index May 1970 = 100","AUS","AUS",2016-09-23,64,"D","Index","Indicative","RBA","Daily","F11.1 Exchange Rates","Australian Dollar Trade-weighted Index"
"13049","FXRTWI","Trade-weighted Index May 1970 = 100","AUS","AUS",2016-09-26,63.9,"D","Index","Indicative","RBA","Daily","F11.1 Exchange Rates","Australian Dollar Trade-weighted Index"
"13050","FXRTWI","Trade-weighted Index May 1970 = 100","AUS","AUS",2016-09-27,64.1,"D","Index","Indicative","RBA","Daily","F11.1 Exchange Rates","Australian Dollar Trade-weighted Index"
"13051","FXRTWI","Trade-weighted Index May 1970 = 100","AUS","AUS",2016-09-28,64.3,"D","Index","Indicative","RBA","Daily","F11.1 Exchange Rates","Australian Dollar Trade-weighted Index"
"13052","FXRTWI","Trade-weighted Index May 1970 = 100","AUS","AUS",2016-09-29,64.4,"D","Index","Indicative","RBA","Daily","F11.1 Exchange Rates","Australian Dollar Trade-weighted Index"
"13053","DLCACS","Credit; Total; Seasonally adjusted","AUS","AUS",2016-09-30,2598.883,"M","$ billion","Seasonally Adjusted","RBA","Monthly","D2 Lending And Credit Aggregates","Credit; Total; Seasonally adjusted – Includes securitisations – For series breaks see Series Breaks"
"13054","FIRMMCRT","Cash Rate Target","AUS","AUS",2016-09-30,1.5,"M","Per cent","Original","RBA","Monthly","F1.1 Interest Rates And Yields - Money Market","Cash Rate Target; monthly average"
"13055","FXRTWI","Trade-weighted Index May 1970 = 100","AUS","AUS",2016-09-30,63.9,"D","Index","Indicative","RBA","Daily","F11.1 Exchange Rates","Australian Dollar Trade-weighted Index"
"13056","FXRTWI","Trade-weighted Index May 1970 = 100","AUS","AUS",2016-09-30,63.9,"M","Index","Indicative","RBA","Monthly","F11 Exchange Rates","Australian Dollar Trade-weighted Index"
"13057","GCPIOCPMTMQP","Quarterly trimmed mean inflation","AUS","AUS",2016-09-30,0.3,"Q","Per cent","Seasonally Adjusted","ABS","Quarterly","G1 Consumer Price Inflation","Consumer price index; Trimmed mean; Quarterly change (in per cent)"
"13058","GRCPAISDR","Commodity prices – SDR","AUS","AUS",2016-09-30,53.6347366751098,"M","Index, 2023/24=100","Original","RBA","Monthly","I2 Commodity Prices","Index of commodity prices; All items; SDR"
"13059","A124874157C","Business Turnover Index ; Total of 13 in-scope ANZSIC divisions ; Current Price ;","AUS","AUS",2016-10-01,83,"M","Index Numbers","Seasonally Adjusted",NA,"Monthly","Table 01: Business turnover indicator, 13 industry summary - Monthly percentage change and index",NA
"13060","A2718577A","Credits, Total goods ;","AUS","AUS",2016-10-01,22435,"M","$ Millions","Seasonally Adjusted",NA,"Monthly","TABLE 1. GOODS, Summary: Seasonally adjusted and trend estimates, Current prices",NA
"13061","A2718594C","Balance on goods ;","AUS","AUS",2016-10-01,-620,"M","$ Millions","Seasonally Adjusted",NA,"Monthly","TABLE 1. GOODS, Summary: Seasonally adjusted and trend estimates, Current prices",NA
"13062","FXRTWI","Trade-weighted Index May 1970 = 100","AUS","AUS",2016-10-04,64.4,"D","Index","Indicative","RBA","Daily","F11.1 Exchange Rates","Australian Dollar Trade-weighted Index"
"13063","FXRTWI","Trade-weighted Index May 1970 = 100","AUS","AUS",2016-10-05,64.3,"D","Index","Indicative","RBA","Daily","F11.1 Exchange Rates","Australian Dollar Trade-weighted Index"
"13064","FXRTWI","Trade-weighted Index May 1970 = 100","AUS","AUS",2016-10-06,64,"D","Index","Indicative","RBA","Daily","F11.1 Exchange Rates","Australian Dollar Trade-weighted Index"
"13065","FXRTWI","Trade-weighted Index May 1970 = 100","AUS","AUS",2016-10-07,64,"D","Index","Indicative","RBA","Daily","F11.1 Exchange Rates","Australian Dollar Trade-weighted Index"
"13066","FXRTWI","Trade-weighted Index May 1970 = 100","AUS","AUS",2016-10-10,64.1,"D","Index","Indicative","RBA","Daily","F11.1 Exchange Rates","Australian Dollar Trade-weighted Index"
"13067","FXRTWI","Trade-weighted Index May 1970 = 100","AUS","AUS",2016-10-11,64,"D","Index","Indicative","RBA","Daily","F11.1 Exchange Rates","Australian Dollar Trade-weighted Index"
"13068","FXRTWI","Trade-weighted Index May 1970 = 100","AUS","AUS",2016-10-12,64.3,"D","Index","Indicative","RBA","Daily","F11.1 Exchange Rates","Australian Dollar Trade-weighted Index"
"13069","FXRTWI","Trade-weighted Index May 1970 = 100","AUS","AUS",2016-10-13,64.1,"D","Index","Indicative","RBA","Daily","F11.1 Exchange Rates","Australian Dollar Trade-weighted Index"
"13070","FXRTWI","Trade-weighted Index May 1970 = 100","AUS","AUS",2016-10-14,64.5,"D","Index","Indicative","RBA","Daily","F11.1 Exchange Rates","Australian Dollar Trade-weighted Index"
"13071","FXRTWI","Trade-weighted Index May 1970 = 100","AUS","AUS",2016-10-17,64.7,"D","Index","Indicative","RBA","Daily","F11.1 Exchange Rates","Australian Dollar Trade-weighted Index"
"13072","FXRTWI","Trade-weighted Index May 1970 = 100","AUS","AUS",2016-10-18,65.2,"D","Index","Indicative","RBA","Daily","F11.1 Exchange Rates","Australian Dollar Trade-weighted Index"
"13073","FXRTWI","Trade-weighted Index May 1970 = 100","AUS","AUS",2016-10-19,65.1,"D","Index","Indicative","RBA","Daily","F11.1 Exchange Rates","Australian Dollar Trade-weighted Index"
"13074","FXRTWI","Trade-weighted Index May 1970 = 100","AUS","AUS",2016-10-20,65.1,"D","Index","Indicative","RBA","Daily","F11.1 Exchange Rates","Australian Dollar Trade-weighted Index"
"13075","FXRTWI","Trade-weighted Index May 1970 = 100","AUS","AUS",2016-10-21,65,"D","Index","Indicative","RBA","Daily","F11.1 Exchange Rates","Australian Dollar Trade-weighted Index"
"13076","FXRTWI","Trade-weighted Index May 1970 = 100","AUS","AUS",2016-10-24,65,"D","Index","Indicative","RBA","Daily","F11.1 Exchange Rates","Australian Dollar Trade-weighted Index"
"13077","FXRTWI","Trade-weighted Index May 1970 = 100","AUS","AUS",2016-10-25,65.1,"D","Index","Indicative","RBA","Daily","F11.1 Exchange Rates","Australian Dollar Trade-weighted Index"
"13078","FXRTWI","Trade-weighted Index May 1970 = 100","AUS","AUS",2016-10-26,65.5,"D","Index","Indicative","RBA","Daily","F11.1 Exchange Rates","Australian Dollar Trade-weighted Index"
"13079","FXRTWI","Trade-weighted Index May 1970 = 100","AUS","AUS",2016-10-27,65.1,"D","Index","Indicative","RBA","Daily","F11.1 Exchange Rates","Australian Dollar Trade-weighted Index"
"13080","FXRTWI","Trade-weighted Index May 1970 = 100","AUS","AUS",2016-10-28,64.9,"D","Index","Indicative","RBA","Daily","F11.1 Exchange Rates","Australian Dollar Trade-weighted Index"
"13081","DLCACS","Credit; Total; Seasonally adjusted","AUS","AUS",2016-10-31,2611.46,"M","$ billion","Seasonally Adjusted","RBA","Monthly","D2 Lending And Credit Aggregates","Credit; Total; Seasonally adjusted – Includes securitisations – For series breaks see Series Breaks"
"13082","FIRMMCRT","Cash Rate Target","AUS","AUS",2016-10-31,1.5,"M","Per cent","Original","RBA","Monthly","F1.1 Interest Rates And Yields - Money Market","Cash Rate Target; monthly average"
"13083","FXRTWI","Trade-weighted Index May 1970 = 100","AUS","AUS",2016-10-31,65,"D","Index","Indicative","RBA","Daily","F11.1 Exchange Rates","Australian Dollar Trade-weighted Index"
"13084","FXRTWI","Trade-weighted Index May 1970 = 100","AUS","AUS",2016-10-31,65,"M","Index","Indicative","RBA","Monthly","F11 Exchange Rates","Australian Dollar Trade-weighted Index"
"13085","GRCPAISDR","Commodity prices – SDR","AUS","AUS",2016-10-31,56.9647026303606,"M","Index, 2023/24=100","Original","RBA","Monthly","I2 Commodity Prices","Index of commodity prices; All items; SDR"
"13086","A124874157C","Business Turnover Index ; Total of 13 in-scope ANZSIC divisions ; Current Price ;","AUS","AUS",2016-11-01,85.6,"M","Index Numbers","Seasonally Adjusted",NA,"Monthly","Table 01: Business turnover indicator, 13 industry summary - Monthly percentage change and index",NA
"13087","A2718577A","Credits, Total goods ;","AUS","AUS",2016-11-01,25388,"M","$ Millions","Seasonally Adjusted",NA,"Monthly","TABLE 1. GOODS, Summary: Seasonally adjusted and trend estimates, Current prices",NA
"13088","A2718594C","Balance on goods ;","AUS","AUS",2016-11-01,2808,"M","$ Millions","Seasonally Adjusted",NA,"Monthly","TABLE 1. GOODS, Summary: Seasonally adjusted and trend estimates, Current prices",NA
"13089","FXRTWI","Trade-weighted Index May 1970 = 100","AUS","AUS",2016-11-01,65.3,"D","Index","Indicative","RBA","Daily","F11.1 Exchange Rates","Australian Dollar Trade-weighted Index"
"13090","FXRTWI","Trade-weighted Index May 1970 = 100","AUS","AUS",2016-11-02,64.9,"D","Index","Indicative","RBA","Daily","F11.1 Exchange Rates","Australian Dollar Trade-weighted Index"
"13091","FXRTWI","Trade-weighted Index May 1970 = 100","AUS","AUS",2016-11-03,65,"D","Index","Indicative","RBA","Daily","F11.1 Exchange Rates","Australian Dollar Trade-weighted Index"
"13092","FXRTWI","Trade-weighted Index May 1970 = 100","AUS","AUS",2016-11-04,65.2,"D","Index","Indicative","RBA","Daily","F11.1 Exchange Rates","Australian Dollar Trade-weighted Index"
"13093","FXRTWI","Trade-weighted Index May 1970 = 100","AUS","AUS",2016-11-07,65.3,"D","Index","Indicative","RBA","Daily","F11.1 Exchange Rates","Australian Dollar Trade-weighted Index"
"13094","FXRTWI","Trade-weighted Index May 1970 = 100","AUS","AUS",2016-11-08,65.5,"D","Index","Indicative","RBA","Daily","F11.1 Exchange Rates","Australian Dollar Trade-weighted Index"
"13095","FXRTWI","Trade-weighted Index May 1970 = 100","AUS","AUS",2016-11-09,64.3,"D","Index","Indicative","RBA","Daily","F11.1 Exchange Rates","Australian Dollar Trade-weighted Index"
"13096","FXRTWI","Trade-weighted Index May 1970 = 100","AUS","AUS",2016-11-10,65.5,"D","Index","Indicative","RBA","Daily","F11.1 Exchange Rates","Australian Dollar Trade-weighted Index"
"13097","FXRTWI","Trade-weighted Index May 1970 = 100","AUS","AUS",2016-11-11,65.4,"D","Index","Indicative","RBA","Daily","F11.1 Exchange Rates","Australian Dollar Trade-weighted Index"
"13098","FXRTWI","Trade-weighted Index May 1970 = 100","AUS","AUS",2016-11-14,65.1,"D","Index","Indicative","RBA","Daily","F11.1 Exchange Rates","Australian Dollar Trade-weighted Index"
"13099","FXRTWI","Trade-weighted Index May 1970 = 100","AUS","AUS",2016-11-15,65.4,"D","Index","Indicative","RBA","Daily","F11.1 Exchange Rates","Australian Dollar Trade-weighted Index"
"13100","FXRTWI","Trade-weighted Index May 1970 = 100","AUS","AUS",2016-11-16,65.4,"D","Index","Indicative","RBA","Daily","F11.1 Exchange Rates","Australian Dollar Trade-weighted Index"
"13101","FXRTWI","Trade-weighted Index May 1970 = 100","AUS","AUS",2016-11-17,64.9,"D","Index","Indicative","RBA","Daily","F11.1 Exchange Rates","Australian Dollar Trade-weighted Index"
"13102","FXRTWI","Trade-weighted Index May 1970 = 100","AUS","AUS",2016-11-18,64.5,"D","Index","Indicative","RBA","Daily","F11.1 Exchange Rates","Australian Dollar Trade-weighted Index"
"13103","FXRTWI","Trade-weighted Index May 1970 = 100","AUS","AUS",2016-11-21,64,"D","Index","Indicative","RBA","Daily","F11.1 Exchange Rates","Australian Dollar Trade-weighted Index"
"13104","FXRTWI","Trade-weighted Index May 1970 = 100","AUS","AUS",2016-11-22,64.5,"D","Index","Indicative","RBA","Daily","F11.1 Exchange Rates","Australian Dollar Trade-weighted Index"
"13105","FXRTWI","Trade-weighted Index May 1970 = 100","AUS","AUS",2016-11-23,64.8,"D","Index","Indicative","RBA","Daily","F11.1 Exchange Rates","Australian Dollar Trade-weighted Index"
"13106","FXRTWI","Trade-weighted Index May 1970 = 100","AUS","AUS",2016-11-24,64.7,"D","Index","Indicative","RBA","Daily","F11.1 Exchange Rates","Australian Dollar Trade-weighted Index"
"13107","FXRTWI","Trade-weighted Index May 1970 = 100","AUS","AUS",2016-11-25,65.2,"D","Index","Indicative","RBA","Daily","F11.1 Exchange Rates","Australian Dollar Trade-weighted Index"
"13108","FXRTWI","Trade-weighted Index May 1970 = 100","AUS","AUS",2016-11-28,65.2,"D","Index","Indicative","RBA","Daily","F11.1 Exchange Rates","Australian Dollar Trade-weighted Index"
"13109","FXRTWI","Trade-weighted Index May 1970 = 100","AUS","AUS",2016-11-29,65.3,"D","Index","Indicative","RBA","Daily","F11.1 Exchange Rates","Australian Dollar Trade-weighted Index"
"13110","DLCACS","Credit; Total; Seasonally adjusted","AUS","AUS",2016-11-30,2622.685,"M","$ billion","Seasonally Adjusted","RBA","Monthly","D2 Lending And Credit Aggregates","Credit; Total; Seasonally adjusted – Includes securitisations – For series breaks see Series Breaks"
"13111","FIRMMCRT","Cash Rate Target","AUS","AUS",2016-11-30,1.5,"M","Per cent","Original","RBA","Monthly","F1.1 Interest Rates And Yields - Money Market","Cash Rate Target; monthly average"
"13112","FXRTWI","Trade-weighted Index May 1970 = 100","AUS","AUS",2016-11-30,65.3,"D","Index","Indicative","RBA","Daily","F11.1 Exchange Rates","Australian Dollar Trade-weighted Index"
"13113","FXRTWI","Trade-weighted Index May 1970 = 100","AUS","AUS",2016-11-30,65.3,"M","Index","Indicative","RBA","Monthly","F11 Exchange Rates","Australian Dollar Trade-weighted Index"
"13114","GRCPAISDR","Commodity prices – SDR","AUS","AUS",2016-11-30,64.8944082120439,"M","Index, 2023/24=100","Original","RBA","Monthly","I2 Commodity Prices","Index of commodity prices; All items; SDR"
"13115","A124874157C","Business Turnover Index ; Total of 13 in-scope ANZSIC divisions ; Current Price ;","AUS","AUS",2016-12-01,88.6,"M","Index Numbers","Seasonally Adjusted",NA,"Monthly","Table 01: Business turnover indicator, 13 industry summary - Monthly percentage change and index",NA
"13116","A2302956R","South Australia ; STATE FINAL DEMAND ;","SA","SA",2016-12-01,32036,"Q","$ Millions","Seasonally Adjusted",NA,"Quarterly","Table 25. State Final Demand, Summary Components by State: Chain volume measures",NA
"13117","A2302984X","Western Australia ; STATE FINAL DEMAND ;","WA","WA",2016-12-01,59109,"Q","$ Millions","Seasonally Adjusted",NA,"Quarterly","Table 25. State Final Demand, Summary Components by State: Chain volume measures",NA
"13118","A2303012X","Tasmania ; STATE FINAL DEMAND ;","TAS","TAS",2016-12-01,9536,"Q","$ Millions","Seasonally Adjusted",NA,"Quarterly","Table 25. State Final Demand, Summary Components by State: Chain volume measures",NA
"13119","A2303040J","Northern Territory ; STATE FINAL DEMAND ;","NT","NT",2016-12-01,8672,"Q","$ Millions","Seasonally Adjusted",NA,"Quarterly","Table 25. State Final Demand, Summary Components by State: Chain volume measures",NA
"13120","A2303068K","Australian Capital Territory ; STATE FINAL DEMAND ;","ACT","ACT",2016-12-01,14801,"Q","$ Millions","Seasonally Adjusted",NA,"Quarterly","Table 25. State Final Demand, Summary Components by State: Chain volume measures",NA
"13121","A2303111F","New South Wales ; STATE FINAL DEMAND ;","NSW","NSW",2016-12-01,164055,"Q","$ Millions","Seasonally Adjusted",NA,"Quarterly","Table 25. State Final Demand, Summary Components by State: Chain volume measures",NA
"13122","A2303139J","Victoria ; STATE FINAL DEMAND ;","VIC","VIC",2016-12-01,126072,"Q","$ Millions","Seasonally Adjusted",NA,"Quarterly","Table 25. State Final Demand, Summary Components by State: Chain volume measures",NA
"13123","A2303187A","Queensland ; STATE FINAL DEMAND ;","QLD","QLD",2016-12-01,99159,"Q","$ Millions","Seasonally Adjusted",NA,"Quarterly","Table 25. State Final Demand, Summary Components by State: Chain volume measures",NA
"13124","A2304418T","Gross domestic product: Current prices ;","AUS","AUS",2016-12-01,438880,"Q","$ Millions","Seasonally Adjusted",NA,"Quarterly","Table 1. Key National Accounts Aggregates",NA
"13125","A2325846C","Index Numbers ; All groups CPI ; Australia ;","AUS","AUS",2016-12-01,110,"Q","Index Numbers","Original",NA,"Quarterly","TABLES 1 and 2. CPI: All Groups, Index Numbers and Percentage Changes",NA
"13126","A2718577A","Credits, Total goods ;","AUS","AUS",2016-12-01,27732,"M","$ Millions","Seasonally Adjusted",NA,"Monthly","TABLE 1. GOODS, Summary: Seasonally adjusted and trend estimates, Current prices",NA
"13127","A2718594C","Balance on goods ;","AUS","AUS",2016-12-01,4704,"M","$ Millions","Seasonally Adjusted",NA,"Monthly","TABLE 1. GOODS, Summary: Seasonally adjusted and trend estimates, Current prices",NA
"13128","FXRTWI","Trade-weighted Index May 1970 = 100","AUS","AUS",2016-12-01,64.8,"D","Index","Indicative","RBA","Daily","F11.1 Exchange Rates","Australian Dollar Trade-weighted Index"
"13129","FXRTWI","Trade-weighted Index May 1970 = 100","AUS","AUS",2016-12-02,64.7,"D","Index","Indicative","RBA","Daily","F11.1 Exchange Rates","Australian Dollar Trade-weighted Index"
"13130","FXRTWI","Trade-weighted Index May 1970 = 100","AUS","AUS",2016-12-05,65.2,"D","Index","Indicative","RBA","Daily","F11.1 Exchange Rates","Australian Dollar Trade-weighted Index"
"13131","FXRTWI","Trade-weighted Index May 1970 = 100","AUS","AUS",2016-12-06,65,"D","Index","Indicative","RBA","Daily","F11.1 Exchange Rates","Australian Dollar Trade-weighted Index"
"13132","FXRTWI","Trade-weighted Index May 1970 = 100","AUS","AUS",2016-12-07,64.8,"D","Index","Indicative","RBA","Daily","F11.1 Exchange Rates","Australian Dollar Trade-weighted Index"
"13133","FXRTWI","Trade-weighted Index May 1970 = 100","AUS","AUS",2016-12-08,65.2,"D","Index","Indicative","RBA","Daily","F11.1 Exchange Rates","Australian Dollar Trade-weighted Index"
"13134","FXRTWI","Trade-weighted Index May 1970 = 100","AUS","AUS",2016-12-09,65.2,"D","Index","Indicative","RBA","Daily","F11.1 Exchange Rates","Australian Dollar Trade-weighted Index"
"13135","FXRTWI","Trade-weighted Index May 1970 = 100","AUS","AUS",2016-12-12,65.3,"D","Index","Indicative","RBA","Daily","F11.1 Exchange Rates","Australian Dollar Trade-weighted Index"
"13136","FXRTWI","Trade-weighted Index May 1970 = 100","AUS","AUS",2016-12-13,65.4,"D","Index","Indicative","RBA","Daily","F11.1 Exchange Rates","Australian Dollar Trade-weighted Index"
"13137","FXRTWI","Trade-weighted Index May 1970 = 100","AUS","AUS",2016-12-14,65.5,"D","Index","Indicative","RBA","Daily","F11.1 Exchange Rates","Australian Dollar Trade-weighted Index"
"13138","FXRTWI","Trade-weighted Index May 1970 = 100","AUS","AUS",2016-12-15,65.3,"D","Index","Indicative","RBA","Daily","F11.1 Exchange Rates","Australian Dollar Trade-weighted Index"
"13139","FXRTWI","Trade-weighted Index May 1970 = 100","AUS","AUS",2016-12-16,65,"D","Index","Indicative","RBA","Daily","F11.1 Exchange Rates","Australian Dollar Trade-weighted Index"
"13140","FXRTWI","Trade-weighted Index May 1970 = 100","AUS","AUS",2016-12-19,64.3,"D","Index","Indicative","RBA","Daily","F11.1 Exchange Rates","Australian Dollar Trade-weighted Index"
"13141","FXRTWI","Trade-weighted Index May 1970 = 100","AUS","AUS",2016-12-20,64.1,"D","Index","Indicative","RBA","Daily","F11.1 Exchange Rates","Australian Dollar Trade-weighted Index"
"13142","FXRTWI","Trade-weighted Index May 1970 = 100","AUS","AUS",2016-12-21,64.2,"D","Index","Indicative","RBA","Daily","F11.1 Exchange Rates","Australian Dollar Trade-weighted Index"
"13143","FXRTWI","Trade-weighted Index May 1970 = 100","AUS","AUS",2016-12-22,64,"D","Index","Indicative","RBA","Daily","F11.1 Exchange Rates","Australian Dollar Trade-weighted Index"
"13144","FXRTWI","Trade-weighted Index May 1970 = 100","AUS","AUS",2016-12-23,63.8,"D","Index","Indicative","RBA","Daily","F11.1 Exchange Rates","Australian Dollar Trade-weighted Index"
"13145","FXRTWI","Trade-weighted Index May 1970 = 100","AUS","AUS",2016-12-28,63.8,"D","Index","Indicative","RBA","Daily","F11.1 Exchange Rates","Australian Dollar Trade-weighted Index"
"13146","FXRTWI","Trade-weighted Index May 1970 = 100","AUS","AUS",2016-12-29,63.8,"D","Index","Indicative","RBA","Daily","F11.1 Exchange Rates","Australian Dollar Trade-weighted Index"
"13147","FXRTWI","Trade-weighted Index May 1970 = 100","AUS","AUS",2016-12-30,63.9,"D","Index","Indicative","RBA","Daily","F11.1 Exchange Rates","Australian Dollar Trade-weighted Index"
"13148","FXRTWI","Trade-weighted Index May 1970 = 100","AUS","AUS",2016-12-30,63.9,"M","Index","Indicative","RBA","Monthly","F11 Exchange Rates","Australian Dollar Trade-weighted Index"
"13149","DLCACS","Credit; Total; Seasonally adjusted","AUS","AUS",2016-12-31,2642.054,"M","$ billion","Seasonally Adjusted","RBA","Monthly","D2 Lending And Credit Aggregates","Credit; Total; Seasonally adjusted – Includes securitisations – For series breaks see Series Breaks"
"13150","FIRMMCRT","Cash Rate Target","AUS","AUS",2016-12-31,1.5,"M","Per cent","Original","RBA","Monthly","F1.1 Interest Rates And Yields - Money Market","Cash Rate Target; monthly average"
"13151","GCPIOCPMTMQP","Quarterly trimmed mean inflation","AUS","AUS",2016-12-31,0.4,"Q","Per cent","Seasonally Adjusted","ABS","Quarterly","G1 Consumer Price Inflation","Consumer price index; Trimmed mean; Quarterly change (in per cent)"
"13152","GRCPAISDR","Commodity prices – SDR","AUS","AUS",2016-12-31,68.5389036792007,"M","Index, 2023/24=100","Original","RBA","Monthly","I2 Commodity Prices","Index of commodity prices; All items; SDR"
"13153","A124874157C","Business Turnover Index ; Total of 13 in-scope ANZSIC divisions ; Current Price ;","AUS","AUS",2017-01-01,86.9,"M","Index Numbers","Seasonally Adjusted",NA,"Monthly","Table 01: Business turnover indicator, 13 industry summary - Monthly percentage change and index",NA
"13154","A2718577A","Credits, Total goods ;","AUS","AUS",2017-01-01,25490,"M","$ Millions","Seasonally Adjusted",NA,"Monthly","TABLE 1. GOODS, Summary: Seasonally adjusted and trend estimates, Current prices",NA
"13155","A2718594C","Balance on goods ;","AUS","AUS",2017-01-01,1374,"M","$ Millions","Seasonally Adjusted",NA,"Monthly","TABLE 1. GOODS, Summary: Seasonally adjusted and trend estimates, Current prices",NA
"13156","FXRTWI","Trade-weighted Index May 1970 = 100","AUS","AUS",2017-01-03,64,"D","Index","Indicative","RBA","Daily","F11.1 Exchange Rates","Australian Dollar Trade-weighted Index"
"13157","FXRTWI","Trade-weighted Index May 1970 = 100","AUS","AUS",2017-01-04,64.2,"D","Index","Indicative","RBA","Daily","F11.1 Exchange Rates","Australian Dollar Trade-weighted Index"
"13158","FXRTWI","Trade-weighted Index May 1970 = 100","AUS","AUS",2017-01-05,64.3,"D","Index","Indicative","RBA","Daily","F11.1 Exchange Rates","Australian Dollar Trade-weighted Index"
"13159","FXRTWI","Trade-weighted Index May 1970 = 100","AUS","AUS",2017-01-06,64.3,"D","Index","Indicative","RBA","Daily","F11.1 Exchange Rates","Australian Dollar Trade-weighted Index"
"13160","FXRTWI","Trade-weighted Index May 1970 = 100","AUS","AUS",2017-01-09,64.6,"D","Index","Indicative","RBA","Daily","F11.1 Exchange Rates","Australian Dollar Trade-weighted Index"
"13161","FXRTWI","Trade-weighted Index May 1970 = 100","AUS","AUS",2017-01-10,64.8,"D","Index","Indicative","RBA","Daily","F11.1 Exchange Rates","Australian Dollar Trade-weighted Index"
"13162","FXRTWI","Trade-weighted Index May 1970 = 100","AUS","AUS",2017-01-11,65,"D","Index","Indicative","RBA","Daily","F11.1 Exchange Rates","Australian Dollar Trade-weighted Index"
"13163","FXRTWI","Trade-weighted Index May 1970 = 100","AUS","AUS",2017-01-12,65.4,"D","Index","Indicative","RBA","Daily","F11.1 Exchange Rates","Australian Dollar Trade-weighted Index"
"13164","FXRTWI","Trade-weighted Index May 1970 = 100","AUS","AUS",2017-01-13,65.6,"D","Index","Indicative","RBA","Daily","F11.1 Exchange Rates","Australian Dollar Trade-weighted Index"
"13165","FXRTWI","Trade-weighted Index May 1970 = 100","AUS","AUS",2017-01-16,65.5,"D","Index","Indicative","RBA","Daily","F11.1 Exchange Rates","Australian Dollar Trade-weighted Index"
"13166","FXRTWI","Trade-weighted Index May 1970 = 100","AUS","AUS",2017-01-17,65.6,"D","Index","Indicative","RBA","Daily","F11.1 Exchange Rates","Australian Dollar Trade-weighted Index"
"13167","FXRTWI","Trade-weighted Index May 1970 = 100","AUS","AUS",2017-01-18,65.7,"D","Index","Indicative","RBA","Daily","F11.1 Exchange Rates","Australian Dollar Trade-weighted Index"
"13168","FXRTWI","Trade-weighted Index May 1970 = 100","AUS","AUS",2017-01-19,65.7,"D","Index","Indicative","RBA","Daily","F11.1 Exchange Rates","Australian Dollar Trade-weighted Index"
"13169","FXRTWI","Trade-weighted Index May 1970 = 100","AUS","AUS",2017-01-20,66.1,"D","Index","Indicative","RBA","Daily","F11.1 Exchange Rates","Australian Dollar Trade-weighted Index"
"13170","FXRTWI","Trade-weighted Index May 1970 = 100","AUS","AUS",2017-01-23,65.8,"D","Index","Indicative","RBA","Daily","F11.1 Exchange Rates","Australian Dollar Trade-weighted Index"
"13171","FXRTWI","Trade-weighted Index May 1970 = 100","AUS","AUS",2017-01-24,65.8,"D","Index","Indicative","RBA","Daily","F11.1 Exchange Rates","Australian Dollar Trade-weighted Index"
"13172","FXRTWI","Trade-weighted Index May 1970 = 100","AUS","AUS",2017-01-25,65.6,"D","Index","Indicative","RBA","Daily","F11.1 Exchange Rates","Australian Dollar Trade-weighted Index"
"13173","FXRTWI","Trade-weighted Index May 1970 = 100","AUS","AUS",2017-01-27,65.6,"D","Index","Indicative","RBA","Daily","F11.1 Exchange Rates","Australian Dollar Trade-weighted Index"
"13174","FXRTWI","Trade-weighted Index May 1970 = 100","AUS","AUS",2017-01-30,65.8,"D","Index","Indicative","RBA","Daily","F11.1 Exchange Rates","Australian Dollar Trade-weighted Index"
"13175","DLCACS","Credit; Total; Seasonally adjusted","AUS","AUS",2017-01-31,2656.719,"M","$ billion","Seasonally Adjusted","RBA","Monthly","D2 Lending And Credit Aggregates","Credit; Total; Seasonally adjusted – Includes securitisations – For series breaks see Series Breaks"
"13176","FIRMMCRT","Cash Rate Target","AUS","AUS",2017-01-31,1.5,"M","Per cent","Original","RBA","Monthly","F1.1 Interest Rates And Yields - Money Market","Cash Rate Target; monthly average"
"13177","FXRTWI","Trade-weighted Index May 1970 = 100","AUS","AUS",2017-01-31,65.8,"D","Index","Indicative","RBA","Daily","F11.1 Exchange Rates","Australian Dollar Trade-weighted Index"
"13178","FXRTWI","Trade-weighted Index May 1970 = 100","AUS","AUS",2017-01-31,65.8,"M","Index","Indicative","RBA","Monthly","F11 Exchange Rates","Australian Dollar Trade-weighted Index"
"13179","GRCPAISDR","Commodity prices – SDR","AUS","AUS",2017-01-31,69.4054648251242,"M","Index, 2023/24=100","Original","RBA","Monthly","I2 Commodity Prices","Index of commodity prices; All items; SDR"
"13180","A124874157C","Business Turnover Index ; Total of 13 in-scope ANZSIC divisions ; Current Price ;","AUS","AUS",2017-02-01,86.9,"M","Index Numbers","Seasonally Adjusted",NA,"Monthly","Table 01: Business turnover indicator, 13 industry summary - Monthly percentage change and index",NA
"13181","A2718577A","Credits, Total goods ;","AUS","AUS",2017-02-01,25623,"M","$ Millions","Seasonally Adjusted",NA,"Monthly","TABLE 1. GOODS, Summary: Seasonally adjusted and trend estimates, Current prices",NA
"13182","A2718594C","Balance on goods ;","AUS","AUS",2017-02-01,2745,"M","$ Millions","Seasonally Adjusted",NA,"Monthly","TABLE 1. GOODS, Summary: Seasonally adjusted and trend estimates, Current prices",NA
"13183","FXRTWI","Trade-weighted Index May 1970 = 100","AUS","AUS",2017-02-01,65.7,"D","Index","Indicative","RBA","Daily","F11.1 Exchange Rates","Australian Dollar Trade-weighted Index"
"13184","FXRTWI","Trade-weighted Index May 1970 = 100","AUS","AUS",2017-02-02,66.2,"D","Index","Indicative","RBA","Daily","F11.1 Exchange Rates","Australian Dollar Trade-weighted Index"
"13185","FXRTWI","Trade-weighted Index May 1970 = 100","AUS","AUS",2017-02-03,66.4,"D","Index","Indicative","RBA","Daily","F11.1 Exchange Rates","Australian Dollar Trade-weighted Index"
"13186","FXRTWI","Trade-weighted Index May 1970 = 100","AUS","AUS",2017-02-06,66.3,"D","Index","Indicative","RBA","Daily","F11.1 Exchange Rates","Australian Dollar Trade-weighted Index"
"13187","FXRTWI","Trade-weighted Index May 1970 = 100","AUS","AUS",2017-02-07,66.5,"D","Index","Indicative","RBA","Daily","F11.1 Exchange Rates","Australian Dollar Trade-weighted Index"
"13188","FXRTWI","Trade-weighted Index May 1970 = 100","AUS","AUS",2017-02-08,66.2,"D","Index","Indicative","RBA","Daily","F11.1 Exchange Rates","Australian Dollar Trade-weighted Index"
"13189","FXRTWI","Trade-weighted Index May 1970 = 100","AUS","AUS",2017-02-09,66.1,"D","Index","Indicative","RBA","Daily","F11.1 Exchange Rates","Australian Dollar Trade-weighted Index"
"13190","FXRTWI","Trade-weighted Index May 1970 = 100","AUS","AUS",2017-02-10,66.5,"D","Index","Indicative","RBA","Daily","F11.1 Exchange Rates","Australian Dollar Trade-weighted Index"
"13191","FXRTWI","Trade-weighted Index May 1970 = 100","AUS","AUS",2017-02-13,66.7,"D","Index","Indicative","RBA","Daily","F11.1 Exchange Rates","Australian Dollar Trade-weighted Index"
"13192","FXRTWI","Trade-weighted Index May 1970 = 100","AUS","AUS",2017-02-14,66.7,"D","Index","Indicative","RBA","Daily","F11.1 Exchange Rates","Australian Dollar Trade-weighted Index"
"13193","FXRTWI","Trade-weighted Index May 1970 = 100","AUS","AUS",2017-02-15,66.8,"D","Index","Indicative","RBA","Daily","F11.1 Exchange Rates","Australian Dollar Trade-weighted Index"
"13194","FXRTWI","Trade-weighted Index May 1970 = 100","AUS","AUS",2017-02-16,67,"D","Index","Indicative","RBA","Daily","F11.1 Exchange Rates","Australian Dollar Trade-weighted Index"
"13195","FXRTWI","Trade-weighted Index May 1970 = 100","AUS","AUS",2017-02-17,67,"D","Index","Indicative","RBA","Daily","F11.1 Exchange Rates","Australian Dollar Trade-weighted Index"
"13196","FXRTWI","Trade-weighted Index May 1970 = 100","AUS","AUS",2017-02-20,66.7,"D","Index","Indicative","RBA","Daily","F11.1 Exchange Rates","Australian Dollar Trade-weighted Index"
"13197","FXRTWI","Trade-weighted Index May 1970 = 100","AUS","AUS",2017-02-21,66.8,"D","Index","Indicative","RBA","Daily","F11.1 Exchange Rates","Australian Dollar Trade-weighted Index"
"13198","FXRTWI","Trade-weighted Index May 1970 = 100","AUS","AUS",2017-02-22,66.9,"D","Index","Indicative","RBA","Daily","F11.1 Exchange Rates","Australian Dollar Trade-weighted Index"
"13199","FXRTWI","Trade-weighted Index May 1970 = 100","AUS","AUS",2017-02-23,66.9,"D","Index","Indicative","RBA","Daily","F11.1 Exchange Rates","Australian Dollar Trade-weighted Index"
"13200","FXRTWI","Trade-weighted Index May 1970 = 100","AUS","AUS",2017-02-24,67,"D","Index","Indicative","RBA","Daily","F11.1 Exchange Rates","Australian Dollar Trade-weighted Index"
"13201","FXRTWI","Trade-weighted Index May 1970 = 100","AUS","AUS",2017-02-27,66.8,"D","Index","Indicative","RBA","Daily","F11.1 Exchange Rates","Australian Dollar Trade-weighted Index"
"13202","DLCACS","Credit; Total; Seasonally adjusted","AUS","AUS",2017-02-28,2663.224,"M","$ billion","Seasonally Adjusted","RBA","Monthly","D2 Lending And Credit Aggregates","Credit; Total; Seasonally adjusted – Includes securitisations – For series breaks see Series Breaks"
"13203","FIRMMCRT","Cash Rate Target","AUS","AUS",2017-02-28,1.5,"M","Per cent","Original","RBA","Monthly","F1.1 Interest Rates And Yields - Money Market","Cash Rate Target; monthly average"
"13204","FXRTWI","Trade-weighted Index May 1970 = 100","AUS","AUS",2017-02-28,66.7,"D","Index","Indicative","RBA","Daily","F11.1 Exchange Rates","Australian Dollar Trade-weighted Index"
"13205","FXRTWI","Trade-weighted Index May 1970 = 100","AUS","AUS",2017-02-28,66.7,"M","Index","Indicative","RBA","Monthly","F11 Exchange Rates","Australian Dollar Trade-weighted Index"
"13206","GRCPAISDR","Commodity prices – SDR","AUS","AUS",2017-02-28,70.7884872428659,"M","Index, 2023/24=100","Original","RBA","Monthly","I2 Commodity Prices","Index of commodity prices; All items; SDR"
"13207","A124874157C","Business Turnover Index ; Total of 13 in-scope ANZSIC divisions ; Current Price ;","AUS","AUS",2017-03-01,88.3,"M","Index Numbers","Seasonally Adjusted",NA,"Monthly","Table 01: Business turnover indicator, 13 industry summary - Monthly percentage change and index",NA
"13208","A2302956R","South Australia ; STATE FINAL DEMAND ;","SA","SA",2017-03-01,32771,"Q","$ Millions","Seasonally Adjusted",NA,"Quarterly","Table 25. State Final Demand, Summary Components by State: Chain volume measures",NA
"13209","A2302984X","Western Australia ; STATE FINAL DEMAND ;","WA","WA",2017-03-01,59091,"Q","$ Millions","Seasonally Adjusted",NA,"Quarterly","Table 25. State Final Demand, Summary Components by State: Chain volume measures",NA
"13210","A2303012X","Tasmania ; STATE FINAL DEMAND ;","TAS","TAS",2017-03-01,9662,"Q","$ Millions","Seasonally Adjusted",NA,"Quarterly","Table 25. State Final Demand, Summary Components by State: Chain volume measures",NA
"13211","A2303040J","Northern Territory ; STATE FINAL DEMAND ;","NT","NT",2017-03-01,9138,"Q","$ Millions","Seasonally Adjusted",NA,"Quarterly","Table 25. State Final Demand, Summary Components by State: Chain volume measures",NA
"13212","A2303068K","Australian Capital Territory ; STATE FINAL DEMAND ;","ACT","ACT",2017-03-01,15026,"Q","$ Millions","Seasonally Adjusted",NA,"Quarterly","Table 25. State Final Demand, Summary Components by State: Chain volume measures",NA
"13213","A2303111F","New South Wales ; STATE FINAL DEMAND ;","NSW","NSW",2017-03-01,164170,"Q","$ Millions","Seasonally Adjusted",NA,"Quarterly","Table 25. State Final Demand, Summary Components by State: Chain volume measures",NA
"13214","A2303139J","Victoria ; STATE FINAL DEMAND ;","VIC","VIC",2017-03-01,127644,"Q","$ Millions","Seasonally Adjusted",NA,"Quarterly","Table 25. State Final Demand, Summary Components by State: Chain volume measures",NA
"13215","A2303187A","Queensland ; STATE FINAL DEMAND ;","QLD","QLD",2017-03-01,99442,"Q","$ Millions","Seasonally Adjusted",NA,"Quarterly","Table 25. State Final Demand, Summary Components by State: Chain volume measures",NA
"13216","A2304418T","Gross domestic product: Current prices ;","AUS","AUS",2017-03-01,446740,"Q","$ Millions","Seasonally Adjusted",NA,"Quarterly","Table 1. Key National Accounts Aggregates",NA
"13217","A2325846C","Index Numbers ; All groups CPI ; Australia ;","AUS","AUS",2017-03-01,110.5,"Q","Index Numbers","Original",NA,"Quarterly","TABLES 1 and 2. CPI: All Groups, Index Numbers and Percentage Changes",NA
"13218","A2718577A","Credits, Total goods ;","AUS","AUS",2017-03-01,26018,"M","$ Millions","Seasonally Adjusted",NA,"Monthly","TABLE 1. GOODS, Summary: Seasonally adjusted and trend estimates, Current prices",NA
"13219","A2718594C","Balance on goods ;","AUS","AUS",2017-03-01,2202,"M","$ Millions","Seasonally Adjusted",NA,"Monthly","TABLE 1. GOODS, Summary: Seasonally adjusted and trend estimates, Current prices",NA
"13220","FXRTWI","Trade-weighted Index May 1970 = 100","AUS","AUS",2017-03-01,66.6,"D","Index","Indicative","RBA","Daily","F11.1 Exchange Rates","Australian Dollar Trade-weighted Index"
"13221","FXRTWI","Trade-weighted Index May 1970 = 100","AUS","AUS",2017-03-02,66.7,"D","Index","Indicative","RBA","Daily","F11.1 Exchange Rates","Australian Dollar Trade-weighted Index"
"13222","FXRTWI","Trade-weighted Index May 1970 = 100","AUS","AUS",2017-03-03,66.1,"D","Index","Indicative","RBA","Daily","F11.1 Exchange Rates","Australian Dollar Trade-weighted Index"
"13223","FXRTWI","Trade-weighted Index May 1970 = 100","AUS","AUS",2017-03-06,66.1,"D","Index","Indicative","RBA","Daily","F11.1 Exchange Rates","Australian Dollar Trade-weighted Index"
"13224","FXRTWI","Trade-weighted Index May 1970 = 100","AUS","AUS",2017-03-07,66.5,"D","Index","Indicative","RBA","Daily","F11.1 Exchange Rates","Australian Dollar Trade-weighted Index"
"13225","FXRTWI","Trade-weighted Index May 1970 = 100","AUS","AUS",2017-03-08,66.3,"D","Index","Indicative","RBA","Daily","F11.1 Exchange Rates","Australian Dollar Trade-weighted Index"
"13226","FXRTWI","Trade-weighted Index May 1970 = 100","AUS","AUS",2017-03-09,65.9,"D","Index","Indicative","RBA","Daily","F11.1 Exchange Rates","Australian Dollar Trade-weighted Index"
"13227","FXRTWI","Trade-weighted Index May 1970 = 100","AUS","AUS",2017-03-10,65.9,"D","Index","Indicative","RBA","Daily","F11.1 Exchange Rates","Australian Dollar Trade-weighted Index"
"13228","FXRTWI","Trade-weighted Index May 1970 = 100","AUS","AUS",2017-03-13,66.1,"D","Index","Indicative","RBA","Daily","F11.1 Exchange Rates","Australian Dollar Trade-weighted Index"
"13229","FXRTWI","Trade-weighted Index May 1970 = 100","AUS","AUS",2017-03-14,66.1,"D","Index","Indicative","RBA","Daily","F11.1 Exchange Rates","Australian Dollar Trade-weighted Index"
"13230","FXRTWI","Trade-weighted Index May 1970 = 100","AUS","AUS",2017-03-15,66.2,"D","Index","Indicative","RBA","Daily","F11.1 Exchange Rates","Australian Dollar Trade-weighted Index"
"13231","FXRTWI","Trade-weighted Index May 1970 = 100","AUS","AUS",2017-03-16,66.8,"D","Index","Indicative","RBA","Daily","F11.1 Exchange Rates","Australian Dollar Trade-weighted Index"
"13232","FXRTWI","Trade-weighted Index May 1970 = 100","AUS","AUS",2017-03-17,66.8,"D","Index","Indicative","RBA","Daily","F11.1 Exchange Rates","Australian Dollar Trade-weighted Index"
"13233","FXRTWI","Trade-weighted Index May 1970 = 100","AUS","AUS",2017-03-20,67,"D","Index","Indicative","RBA","Daily","F11.1 Exchange Rates","Australian Dollar Trade-weighted Index"
"13234","FXRTWI","Trade-weighted Index May 1970 = 100","AUS","AUS",2017-03-21,66.8,"D","Index","Indicative","RBA","Daily","F11.1 Exchange Rates","Australian Dollar Trade-weighted Index"
"13235","FXRTWI","Trade-weighted Index May 1970 = 100","AUS","AUS",2017-03-22,66.3,"D","Index","Indicative","RBA","Daily","F11.1 Exchange Rates","Australian Dollar Trade-weighted Index"
"13236","FXRTWI","Trade-weighted Index May 1970 = 100","AUS","AUS",2017-03-23,66.3,"D","Index","Indicative","RBA","Daily","F11.1 Exchange Rates","Australian Dollar Trade-weighted Index"
"13237","FXRTWI","Trade-weighted Index May 1970 = 100","AUS","AUS",2017-03-24,65.9,"D","Index","Indicative","RBA","Daily","F11.1 Exchange Rates","Australian Dollar Trade-weighted Index"
"13238","FXRTWI","Trade-weighted Index May 1970 = 100","AUS","AUS",2017-03-27,65.8,"D","Index","Indicative","RBA","Daily","F11.1 Exchange Rates","Australian Dollar Trade-weighted Index"
"13239","FXRTWI","Trade-weighted Index May 1970 = 100","AUS","AUS",2017-03-28,65.6,"D","Index","Indicative","RBA","Daily","F11.1 Exchange Rates","Australian Dollar Trade-weighted Index"
"13240","FXRTWI","Trade-weighted Index May 1970 = 100","AUS","AUS",2017-03-29,66.1,"D","Index","Indicative","RBA","Daily","F11.1 Exchange Rates","Australian Dollar Trade-weighted Index"
"13241","FXRTWI","Trade-weighted Index May 1970 = 100","AUS","AUS",2017-03-30,66.3,"D","Index","Indicative","RBA","Daily","F11.1 Exchange Rates","Australian Dollar Trade-weighted Index"
"13242","DLCACS","Credit; Total; Seasonally adjusted","AUS","AUS",2017-03-31,2671.538,"M","$ billion","Seasonally Adjusted","RBA","Monthly","D2 Lending And Credit Aggregates","Credit; Total; Seasonally adjusted – Includes securitisations – For series breaks see Series Breaks"
"13243","FIRMMCRT","Cash Rate Target","AUS","AUS",2017-03-31,1.5,"M","Per cent","Original","RBA","Monthly","F1.1 Interest Rates And Yields - Money Market","Cash Rate Target; monthly average"
"13244","FXRTWI","Trade-weighted Index May 1970 = 100","AUS","AUS",2017-03-31,66.2,"D","Index","Indicative","RBA","Daily","F11.1 Exchange Rates","Australian Dollar Trade-weighted Index"
"13245","FXRTWI","Trade-weighted Index May 1970 = 100","AUS","AUS",2017-03-31,66.2,"M","Index","Indicative","RBA","Monthly","F11 Exchange Rates","Australian Dollar Trade-weighted Index"
"13246","GCPIOCPMTMQP","Quarterly trimmed mean inflation","AUS","AUS",2017-03-31,0.5,"Q","Per cent","Seasonally Adjusted","ABS","Quarterly","G1 Consumer Price Inflation","Consumer price index; Trimmed mean; Quarterly change (in per cent)"
"13247","GRCPAISDR","Commodity prices – SDR","AUS","AUS",2017-03-31,69.6889689398056,"M","Index, 2023/24=100","Original","RBA","Monthly","I2 Commodity Prices","Index of commodity prices; All items; SDR"
"13248","A124874157C","Business Turnover Index ; Total of 13 in-scope ANZSIC divisions ; Current Price ;","AUS","AUS",2017-04-01,86.4,"M","Index Numbers","Seasonally Adjusted",NA,"Monthly","Table 01: Business turnover indicator, 13 industry summary - Monthly percentage change and index",NA
"13249","A2718577A","Credits, Total goods ;","AUS","AUS",2017-04-01,23709,"M","$ Millions","Seasonally Adjusted",NA,"Monthly","TABLE 1. GOODS, Summary: Seasonally adjusted and trend estimates, Current prices",NA
"13250","A2718594C","Balance on goods ;","AUS","AUS",2017-04-01,-49,"M","$ Millions","Seasonally Adjusted",NA,"Monthly","TABLE 1. GOODS, Summary: Seasonally adjusted and trend estimates, Current prices",NA
"13251","FXRTWI","Trade-weighted Index May 1970 = 100","AUS","AUS",2017-04-03,65.7,"D","Index","Indicative","RBA","Daily","F11.1 Exchange Rates","Australian Dollar Trade-weighted Index"
"13252","FXRTWI","Trade-weighted Index May 1970 = 100","AUS","AUS",2017-04-04,65.6,"D","Index","Indicative","RBA","Daily","F11.1 Exchange Rates","Australian Dollar Trade-weighted Index"
"13253","FXRTWI","Trade-weighted Index May 1970 = 100","AUS","AUS",2017-04-05,65.6,"D","Index","Indicative","RBA","Daily","F11.1 Exchange Rates","Australian Dollar Trade-weighted Index"
"13254","FXRTWI","Trade-weighted Index May 1970 = 100","AUS","AUS",2017-04-06,65.3,"D","Index","Indicative","RBA","Daily","F11.1 Exchange Rates","Australian Dollar Trade-weighted Index"
"13255","FXRTWI","Trade-weighted Index May 1970 = 100","AUS","AUS",2017-04-07,65.2,"D","Index","Indicative","RBA","Daily","F11.1 Exchange Rates","Australian Dollar Trade-weighted Index"
"13256","FXRTWI","Trade-weighted Index May 1970 = 100","AUS","AUS",2017-04-10,65.1,"D","Index","Indicative","RBA","Daily","F11.1 Exchange Rates","Australian Dollar Trade-weighted Index"
"13257","FXRTWI","Trade-weighted Index May 1970 = 100","AUS","AUS",2017-04-11,65.1,"D","Index","Indicative","RBA","Daily","F11.1 Exchange Rates","Australian Dollar Trade-weighted Index"
"13258","FXRTWI","Trade-weighted Index May 1970 = 100","AUS","AUS",2017-04-12,65,"D","Index","Indicative","RBA","Daily","F11.1 Exchange Rates","Australian Dollar Trade-weighted Index"
"13259","FXRTWI","Trade-weighted Index May 1970 = 100","AUS","AUS",2017-04-13,65.5,"D","Index","Indicative","RBA","Daily","F11.1 Exchange Rates","Australian Dollar Trade-weighted Index"
"13260","FXRTWI","Trade-weighted Index May 1970 = 100","AUS","AUS",2017-04-18,65.3,"D","Index","Indicative","RBA","Daily","F11.1 Exchange Rates","Australian Dollar Trade-weighted Index"
"13261","FXRTWI","Trade-weighted Index May 1970 = 100","AUS","AUS",2017-04-19,64.8,"D","Index","Indicative","RBA","Daily","F11.1 Exchange Rates","Australian Dollar Trade-weighted Index"
"13262","FXRTWI","Trade-weighted Index May 1970 = 100","AUS","AUS",2017-04-20,64.7,"D","Index","Indicative","RBA","Daily","F11.1 Exchange Rates","Australian Dollar Trade-weighted Index"
"13263","FXRTWI","Trade-weighted Index May 1970 = 100","AUS","AUS",2017-04-21,65,"D","Index","Indicative","RBA","Daily","F11.1 Exchange Rates","Australian Dollar Trade-weighted Index"
"13264","FXRTWI","Trade-weighted Index May 1970 = 100","AUS","AUS",2017-04-24,65.1,"D","Index","Indicative","RBA","Daily","F11.1 Exchange Rates","Australian Dollar Trade-weighted Index"
"13265","FXRTWI","Trade-weighted Index May 1970 = 100","AUS","AUS",2017-04-26,64.8,"D","Index","Indicative","RBA","Daily","F11.1 Exchange Rates","Australian Dollar Trade-weighted Index"
"13266","FXRTWI","Trade-weighted Index May 1970 = 100","AUS","AUS",2017-04-27,64.6,"D","Index","Indicative","RBA","Daily","F11.1 Exchange Rates","Australian Dollar Trade-weighted Index"
"13267","FXRTWI","Trade-weighted Index May 1970 = 100","AUS","AUS",2017-04-28,64.5,"D","Index","Indicative","RBA","Daily","F11.1 Exchange Rates","Australian Dollar Trade-weighted Index"
"13268","FXRTWI","Trade-weighted Index May 1970 = 100","AUS","AUS",2017-04-28,64.5,"M","Index","Indicative","RBA","Monthly","F11 Exchange Rates","Australian Dollar Trade-weighted Index"
"13269","DLCACS","Credit; Total; Seasonally adjusted","AUS","AUS",2017-04-30,2682.457,"M","$ billion","Seasonally Adjusted","RBA","Monthly","D2 Lending And Credit Aggregates","Credit; Total; Seasonally adjusted – Includes securitisations – For series breaks see Series Breaks"
"13270","FIRMMCRT","Cash Rate Target","AUS","AUS",2017-04-30,1.5,"M","Per cent","Original","RBA","Monthly","F1.1 Interest Rates And Yields - Money Market","Cash Rate Target; monthly average"
"13271","GRCPAISDR","Commodity prices – SDR","AUS","AUS",2017-04-30,66.2781040253291,"M","Index, 2023/24=100","Original","RBA","Monthly","I2 Commodity Prices","Index of commodity prices; All items; SDR"
"13272","A124874157C","Business Turnover Index ; Total of 13 in-scope ANZSIC divisions ; Current Price ;","AUS","AUS",2017-05-01,88.6,"M","Index Numbers","Seasonally Adjusted",NA,"Monthly","Table 01: Business turnover indicator, 13 industry summary - Monthly percentage change and index",NA
"13273","A2718577A","Credits, Total goods ;","AUS","AUS",2017-05-01,25726,"M","$ Millions","Seasonally Adjusted",NA,"Monthly","TABLE 1. GOODS, Summary: Seasonally adjusted and trend estimates, Current prices",NA
"13274","A2718594C","Balance on goods ;","AUS","AUS",2017-05-01,1936,"M","$ Millions","Seasonally Adjusted",NA,"Monthly","TABLE 1. GOODS, Summary: Seasonally adjusted and trend estimates, Current prices",NA
"13275","FXRTWI","Trade-weighted Index May 1970 = 100","AUS","AUS",2017-05-01,64.7,"D","Index","Indicative","RBA","Daily","F11.1 Exchange Rates","Australian Dollar Trade-weighted Index"
"13276","FXRTWI","Trade-weighted Index May 1970 = 100","AUS","AUS",2017-05-02,65.1,"D","Index","Indicative","RBA","Daily","F11.1 Exchange Rates","Australian Dollar Trade-weighted Index"
"13277","FXRTWI","Trade-weighted Index May 1970 = 100","AUS","AUS",2017-05-03,64.7,"D","Index","Indicative","RBA","Daily","F11.1 Exchange Rates","Australian Dollar Trade-weighted Index"
"13278","FXRTWI","Trade-weighted Index May 1970 = 100","AUS","AUS",2017-05-04,64,"D","Index","Indicative","RBA","Daily","F11.1 Exchange Rates","Australian Dollar Trade-weighted Index"
"13279","FXRTWI","Trade-weighted Index May 1970 = 100","AUS","AUS",2017-05-05,63.7,"D","Index","Indicative","RBA","Daily","F11.1 Exchange Rates","Australian Dollar Trade-weighted Index"
"13280","FXRTWI","Trade-weighted Index May 1970 = 100","AUS","AUS",2017-05-08,64,"D","Index","Indicative","RBA","Daily","F11.1 Exchange Rates","Australian Dollar Trade-weighted Index"
"13281","FXRTWI","Trade-weighted Index May 1970 = 100","AUS","AUS",2017-05-09,63.6,"D","Index","Indicative","RBA","Daily","F11.1 Exchange Rates","Australian Dollar Trade-weighted Index"
"13282","FXRTWI","Trade-weighted Index May 1970 = 100","AUS","AUS",2017-05-10,63.8,"D","Index","Indicative","RBA","Daily","F11.1 Exchange Rates","Australian Dollar Trade-weighted Index"
"13283","FXRTWI","Trade-weighted Index May 1970 = 100","AUS","AUS",2017-05-11,63.7,"D","Index","Indicative","RBA","Daily","F11.1 Exchange Rates","Australian Dollar Trade-weighted Index"
"13284","FXRTWI","Trade-weighted Index May 1970 = 100","AUS","AUS",2017-05-12,64,"D","Index","Indicative","RBA","Daily","F11.1 Exchange Rates","Australian Dollar Trade-weighted Index"
"13285","FXRTWI","Trade-weighted Index May 1970 = 100","AUS","AUS",2017-05-15,64,"D","Index","Indicative","RBA","Daily","F11.1 Exchange Rates","Australian Dollar Trade-weighted Index"
"13286","FXRTWI","Trade-weighted Index May 1970 = 100","AUS","AUS",2017-05-16,64.1,"D","Index","Indicative","RBA","Daily","F11.1 Exchange Rates","Australian Dollar Trade-weighted Index"
"13287","FXRTWI","Trade-weighted Index May 1970 = 100","AUS","AUS",2017-05-17,63.9,"D","Index","Indicative","RBA","Daily","F11.1 Exchange Rates","Australian Dollar Trade-weighted Index"
"13288","FXRTWI","Trade-weighted Index May 1970 = 100","AUS","AUS",2017-05-18,64.1,"D","Index","Indicative","RBA","Daily","F11.1 Exchange Rates","Australian Dollar Trade-weighted Index"
"13289","FXRTWI","Trade-weighted Index May 1970 = 100","AUS","AUS",2017-05-19,63.9,"D","Index","Indicative","RBA","Daily","F11.1 Exchange Rates","Australian Dollar Trade-weighted Index"
"13290","FXRTWI","Trade-weighted Index May 1970 = 100","AUS","AUS",2017-05-22,63.9,"D","Index","Indicative","RBA","Daily","F11.1 Exchange Rates","Australian Dollar Trade-weighted Index"
"13291","FXRTWI","Trade-weighted Index May 1970 = 100","AUS","AUS",2017-05-23,64.3,"D","Index","Indicative","RBA","Daily","F11.1 Exchange Rates","Australian Dollar Trade-weighted Index"
"13292","FXRTWI","Trade-weighted Index May 1970 = 100","AUS","AUS",2017-05-24,64.1,"D","Index","Indicative","RBA","Daily","F11.1 Exchange Rates","Australian Dollar Trade-weighted Index"
"13293","FXRTWI","Trade-weighted Index May 1970 = 100","AUS","AUS",2017-05-25,64.3,"D","Index","Indicative","RBA","Daily","F11.1 Exchange Rates","Australian Dollar Trade-weighted Index"
"13294","FXRTWI","Trade-weighted Index May 1970 = 100","AUS","AUS",2017-05-26,63.7,"D","Index","Indicative","RBA","Daily","F11.1 Exchange Rates","Australian Dollar Trade-weighted Index"
"13295","FXRTWI","Trade-weighted Index May 1970 = 100","AUS","AUS",2017-05-29,63.7,"D","Index","Indicative","RBA","Daily","F11.1 Exchange Rates","Australian Dollar Trade-weighted Index"
"13296","FXRTWI","Trade-weighted Index May 1970 = 100","AUS","AUS",2017-05-30,63.8,"D","Index","Indicative","RBA","Daily","F11.1 Exchange Rates","Australian Dollar Trade-weighted Index"
"13297","DLCACS","Credit; Total; Seasonally adjusted","AUS","AUS",2017-05-31,2696.04,"M","$ billion","Seasonally Adjusted","RBA","Monthly","D2 Lending And Credit Aggregates","Credit; Total; Seasonally adjusted – Includes securitisations – For series breaks see Series Breaks"
"13298","FIRMMCRT","Cash Rate Target","AUS","AUS",2017-05-31,1.5,"M","Per cent","Original","RBA","Monthly","F1.1 Interest Rates And Yields - Money Market","Cash Rate Target; monthly average"
"13299","FXRTWI","Trade-weighted Index May 1970 = 100","AUS","AUS",2017-05-31,63.8,"D","Index","Indicative","RBA","Daily","F11.1 Exchange Rates","Australian Dollar Trade-weighted Index"
"13300","FXRTWI","Trade-weighted Index May 1970 = 100","AUS","AUS",2017-05-31,63.8,"M","Index","Indicative","RBA","Monthly","F11 Exchange Rates","Australian Dollar Trade-weighted Index"
"13301","GRCPAISDR","Commodity prices – SDR","AUS","AUS",2017-05-31,62.9082895719702,"M","Index, 2023/24=100","Original","RBA","Monthly","I2 Commodity Prices","Index of commodity prices; All items; SDR"
"13302","A124874157C","Business Turnover Index ; Total of 13 in-scope ANZSIC divisions ; Current Price ;","AUS","AUS",2017-06-01,88,"M","Index Numbers","Seasonally Adjusted",NA,"Monthly","Table 01: Business turnover indicator, 13 industry summary - Monthly percentage change and index",NA
"13303","A2302956R","South Australia ; STATE FINAL DEMAND ;","SA","SA",2017-06-01,32995,"Q","$ Millions","Seasonally Adjusted",NA,"Quarterly","Table 25. State Final Demand, Summary Components by State: Chain volume measures",NA
"13304","A2302984X","Western Australia ; STATE FINAL DEMAND ;","WA","WA",2017-06-01,58883,"Q","$ Millions","Seasonally Adjusted",NA,"Quarterly","Table 25. State Final Demand, Summary Components by State: Chain volume measures",NA
"13305","A2303012X","Tasmania ; STATE FINAL DEMAND ;","TAS","TAS",2017-06-01,9771,"Q","$ Millions","Seasonally Adjusted",NA,"Quarterly","Table 25. State Final Demand, Summary Components by State: Chain volume measures",NA
"13306","A2303040J","Northern Territory ; STATE FINAL DEMAND ;","NT","NT",2017-06-01,8981,"Q","$ Millions","Seasonally Adjusted",NA,"Quarterly","Table 25. State Final Demand, Summary Components by State: Chain volume measures",NA
"13307","A2303068K","Australian Capital Territory ; STATE FINAL DEMAND ;","ACT","ACT",2017-06-01,15010,"Q","$ Millions","Seasonally Adjusted",NA,"Quarterly","Table 25. State Final Demand, Summary Components by State: Chain volume measures",NA
"13308","A2303111F","New South Wales ; STATE FINAL DEMAND ;","NSW","NSW",2017-06-01,165777,"Q","$ Millions","Seasonally Adjusted",NA,"Quarterly","Table 25. State Final Demand, Summary Components by State: Chain volume measures",NA
"13309","A2303139J","Victoria ; STATE FINAL DEMAND ;","VIC","VIC",2017-06-01,129079,"Q","$ Millions","Seasonally Adjusted",NA,"Quarterly","Table 25. State Final Demand, Summary Components by State: Chain volume measures",NA
"13310","A2303187A","Queensland ; STATE FINAL DEMAND ;","QLD","QLD",2017-06-01,100461,"Q","$ Millions","Seasonally Adjusted",NA,"Quarterly","Table 25. State Final Demand, Summary Components by State: Chain volume measures",NA
"13311","A2304418T","Gross domestic product: Current prices ;","AUS","AUS",2017-06-01,446704,"Q","$ Millions","Seasonally Adjusted",NA,"Quarterly","Table 1. Key National Accounts Aggregates",NA
"13312","A2325846C","Index Numbers ; All groups CPI ; Australia ;","AUS","AUS",2017-06-01,110.7,"Q","Index Numbers","Original",NA,"Quarterly","TABLES 1 and 2. CPI: All Groups, Index Numbers and Percentage Changes",NA
"13313","A2336320R","New South Wales ; Gross state product: Current prices ;","NSW","NSW",2017-06-01,574164,"Annual","$ Millions","Original",NA,"Annual","Table 1. Gross State Product, Chain volume measures and current prices",NA
"13314","A2336321T","Victoria ; Gross state product: Current prices ;","VIC","VIC",2017-06-01,418650,"Annual","$ Millions","Original",NA,"Annual","Table 1. Gross State Product, Chain volume measures and current prices",NA
"13315","A2336322V","Queensland ; Gross state product: Current prices ;","QLD","QLD",2017-06-01,327487,"Annual","$ Millions","Original",NA,"Annual","Table 1. Gross State Product, Chain volume measures and current prices",NA
"13316","A2336323W","South Australia ; Gross state product: Current prices ;","SA","SA",2017-06-01,101967,"Annual","$ Millions","Original",NA,"Annual","Table 1. Gross State Product, Chain volume measures and current prices",NA
"13317","A2336324X","Western Australia ; Gross state product: Current prices ;","WA","WA",2017-06-01,247818,"Annual","$ Millions","Original",NA,"Annual","Table 1. Gross State Product, Chain volume measures and current prices",NA
"13318","A2336325A","Tasmania ; Gross state product: Current prices ;","TAS","TAS",2017-06-01,28077,"Annual","$ Millions","Original",NA,"Annual","Table 1. Gross State Product, Chain volume measures and current prices",NA
"13319","A2336326C","Northern Territory ; Gross state product: Current prices ;","NT","NT",2017-06-01,23293,"Annual","$ Millions","Original",NA,"Annual","Table 1. Gross State Product, Chain volume measures and current prices",NA
"13320","A2336327F","Australian Capital Territory ; Gross state product: Current prices ;","ACT","ACT",2017-06-01,36198,"Annual","$ Millions","Original",NA,"Annual","Table 1. Gross State Product, Chain volume measures and current prices",NA
"13321","A2718577A","Credits, Total goods ;","AUS","AUS",2017-06-01,24944,"M","$ Millions","Seasonally Adjusted",NA,"Monthly","TABLE 1. GOODS, Summary: Seasonally adjusted and trend estimates, Current prices",NA
"13322","A2718594C","Balance on goods ;","AUS","AUS",2017-06-01,999,"M","$ Millions","Seasonally Adjusted",NA,"Monthly","TABLE 1. GOODS, Summary: Seasonally adjusted and trend estimates, Current prices",NA
"13323","FXRTWI","Trade-weighted Index May 1970 = 100","AUS","AUS",2017-06-01,63.2,"D","Index","Indicative","RBA","Daily","F11.1 Exchange Rates","Australian Dollar Trade-weighted Index"
"13324","FXRTWI","Trade-weighted Index May 1970 = 100","AUS","AUS",2017-06-02,63.2,"D","Index","Indicative","RBA","Daily","F11.1 Exchange Rates","Australian Dollar Trade-weighted Index"
"13325","FXRTWI","Trade-weighted Index May 1970 = 100","AUS","AUS",2017-06-05,63.7,"D","Index","Indicative","RBA","Daily","F11.1 Exchange Rates","Australian Dollar Trade-weighted Index"
"13326","FXRTWI","Trade-weighted Index May 1970 = 100","AUS","AUS",2017-06-06,63.8,"D","Index","Indicative","RBA","Daily","F11.1 Exchange Rates","Australian Dollar Trade-weighted Index"
"13327","FXRTWI","Trade-weighted Index May 1970 = 100","AUS","AUS",2017-06-07,64.2,"D","Index","Indicative","RBA","Daily","F11.1 Exchange Rates","Australian Dollar Trade-weighted Index"
"13328","FXRTWI","Trade-weighted Index May 1970 = 100","AUS","AUS",2017-06-08,64.3,"D","Index","Indicative","RBA","Daily","F11.1 Exchange Rates","Australian Dollar Trade-weighted Index"
"13329","FXRTWI","Trade-weighted Index May 1970 = 100","AUS","AUS",2017-06-09,64.3,"D","Index","Indicative","RBA","Daily","F11.1 Exchange Rates","Australian Dollar Trade-weighted Index"
"13330","FXRTWI","Trade-weighted Index May 1970 = 100","AUS","AUS",2017-06-13,64.5,"D","Index","Indicative","RBA","Daily","F11.1 Exchange Rates","Australian Dollar Trade-weighted Index"
"13331","FXRTWI","Trade-weighted Index May 1970 = 100","AUS","AUS",2017-06-14,64.4,"D","Index","Indicative","RBA","Daily","F11.1 Exchange Rates","Australian Dollar Trade-weighted Index"
"13332","FXRTWI","Trade-weighted Index May 1970 = 100","AUS","AUS",2017-06-15,64.9,"D","Index","Indicative","RBA","Daily","F11.1 Exchange Rates","Australian Dollar Trade-weighted Index"
"13333","FXRTWI","Trade-weighted Index May 1970 = 100","AUS","AUS",2017-06-16,65,"D","Index","Indicative","RBA","Daily","F11.1 Exchange Rates","Australian Dollar Trade-weighted Index"
"13334","FXRTWI","Trade-weighted Index May 1970 = 100","AUS","AUS",2017-06-19,65.1,"D","Index","Indicative","RBA","Daily","F11.1 Exchange Rates","Australian Dollar Trade-weighted Index"
"13335","FXRTWI","Trade-weighted Index May 1970 = 100","AUS","AUS",2017-06-20,65.2,"D","Index","Indicative","RBA","Daily","F11.1 Exchange Rates","Australian Dollar Trade-weighted Index"
"13336","FXRTWI","Trade-weighted Index May 1970 = 100","AUS","AUS",2017-06-21,64.9,"D","Index","Indicative","RBA","Daily","F11.1 Exchange Rates","Australian Dollar Trade-weighted Index"
"13337","FXRTWI","Trade-weighted Index May 1970 = 100","AUS","AUS",2017-06-22,64.7,"D","Index","Indicative","RBA","Daily","F11.1 Exchange Rates","Australian Dollar Trade-weighted Index"
"13338","FXRTWI","Trade-weighted Index May 1970 = 100","AUS","AUS",2017-06-23,64.7,"D","Index","Indicative","RBA","Daily","F11.1 Exchange Rates","Australian Dollar Trade-weighted Index"
"13339","FXRTWI","Trade-weighted Index May 1970 = 100","AUS","AUS",2017-06-26,64.9,"D","Index","Indicative","RBA","Daily","F11.1 Exchange Rates","Australian Dollar Trade-weighted Index"
"13340","FXRTWI","Trade-weighted Index May 1970 = 100","AUS","AUS",2017-06-27,65.1,"D","Index","Indicative","RBA","Daily","F11.1 Exchange Rates","Australian Dollar Trade-weighted Index"
"13341","FXRTWI","Trade-weighted Index May 1970 = 100","AUS","AUS",2017-06-28,65,"D","Index","Indicative","RBA","Daily","F11.1 Exchange Rates","Australian Dollar Trade-weighted Index"
"13342","FXRTWI","Trade-weighted Index May 1970 = 100","AUS","AUS",2017-06-29,65.3,"D","Index","Indicative","RBA","Daily","F11.1 Exchange Rates","Australian Dollar Trade-weighted Index"
"13343","DLCACS","Credit; Total; Seasonally adjusted","AUS","AUS",2017-06-30,2715.847,"M","$ billion","Seasonally Adjusted","RBA","Monthly","D2 Lending And Credit Aggregates","Credit; Total; Seasonally adjusted – Includes securitisations – For series breaks see Series Breaks"
"13344","FIRMMCRT","Cash Rate Target","AUS","AUS",2017-06-30,1.5,"M","Per cent","Original","RBA","Monthly","F1.1 Interest Rates And Yields - Money Market","Cash Rate Target; monthly average"
"13345","FXRTWI","Trade-weighted Index May 1970 = 100","AUS","AUS",2017-06-30,65.5,"D","Index","Indicative","RBA","Daily","F11.1 Exchange Rates","Australian Dollar Trade-weighted Index"
"13346","FXRTWI","Trade-weighted Index May 1970 = 100","AUS","AUS",2017-06-30,65.5,"M","Index","Indicative","RBA","Monthly","F11 Exchange Rates","Australian Dollar Trade-weighted Index"
"13347","GCPIOCPMTMQP","Quarterly trimmed mean inflation","AUS","AUS",2017-06-30,0.5,"Q","Per cent","Seasonally Adjusted","ABS","Quarterly","G1 Consumer Price Inflation","Consumer price index; Trimmed mean; Quarterly change (in per cent)"
"13348","GRCPAISDR","Commodity prices – SDR","AUS","AUS",2017-06-30,60.9865744722976,"M","Index, 2023/24=100","Original","RBA","Monthly","I2 Commodity Prices","Index of commodity prices; All items; SDR"
"13349","A124874157C","Business Turnover Index ; Total of 13 in-scope ANZSIC divisions ; Current Price ;","AUS","AUS",2017-07-01,88.6,"M","Index Numbers","Seasonally Adjusted",NA,"Monthly","Table 01: Business turnover indicator, 13 industry summary - Monthly percentage change and index",NA
"13350","A2718577A","Credits, Total goods ;","AUS","AUS",2017-07-01,25220,"M","$ Millions","Seasonally Adjusted",NA,"Monthly","TABLE 1. GOODS, Summary: Seasonally adjusted and trend estimates, Current prices",NA
"13351","A2718594C","Balance on goods ;","AUS","AUS",2017-07-01,1098,"M","$ Millions","Seasonally Adjusted",NA,"Monthly","TABLE 1. GOODS, Summary: Seasonally adjusted and trend estimates, Current prices",NA
"13352","FXRTWI","Trade-weighted Index May 1970 = 100","AUS","AUS",2017-07-03,65.5,"D","Index","Indicative","RBA","Daily","F11.1 Exchange Rates","Australian Dollar Trade-weighted Index"
"13353","FXRTWI","Trade-weighted Index May 1970 = 100","AUS","AUS",2017-07-04,65.1,"D","Index","Indicative","RBA","Daily","F11.1 Exchange Rates","Australian Dollar Trade-weighted Index"
"13354","FXRTWI","Trade-weighted Index May 1970 = 100","AUS","AUS",2017-07-05,65.1,"D","Index","Indicative","RBA","Daily","F11.1 Exchange Rates","Australian Dollar Trade-weighted Index"
"13355","FXRTWI","Trade-weighted Index May 1970 = 100","AUS","AUS",2017-07-06,65,"D","Index","Indicative","RBA","Daily","F11.1 Exchange Rates","Australian Dollar Trade-weighted Index"
"13356","FXRTWI","Trade-weighted Index May 1970 = 100","AUS","AUS",2017-07-07,64.9,"D","Index","Indicative","RBA","Daily","F11.1 Exchange Rates","Australian Dollar Trade-weighted Index"
"13357","FXRTWI","Trade-weighted Index May 1970 = 100","AUS","AUS",2017-07-10,65.1,"D","Index","Indicative","RBA","Daily","F11.1 Exchange Rates","Australian Dollar Trade-weighted Index"
"13358","FXRTWI","Trade-weighted Index May 1970 = 100","AUS","AUS",2017-07-11,65.2,"D","Index","Indicative","RBA","Daily","F11.1 Exchange Rates","Australian Dollar Trade-weighted Index"
"13359","FXRTWI","Trade-weighted Index May 1970 = 100","AUS","AUS",2017-07-12,65.4,"D","Index","Indicative","RBA","Daily","F11.1 Exchange Rates","Australian Dollar Trade-weighted Index"
"13360","FXRTWI","Trade-weighted Index May 1970 = 100","AUS","AUS",2017-07-13,65.7,"D","Index","Indicative","RBA","Daily","F11.1 Exchange Rates","Australian Dollar Trade-weighted Index"
"13361","FXRTWI","Trade-weighted Index May 1970 = 100","AUS","AUS",2017-07-14,66,"D","Index","Indicative","RBA","Daily","F11.1 Exchange Rates","Australian Dollar Trade-weighted Index"
"13362","FXRTWI","Trade-weighted Index May 1970 = 100","AUS","AUS",2017-07-17,66.4,"D","Index","Indicative","RBA","Daily","F11.1 Exchange Rates","Australian Dollar Trade-weighted Index"
"13363","FXRTWI","Trade-weighted Index May 1970 = 100","AUS","AUS",2017-07-18,67,"D","Index","Indicative","RBA","Daily","F11.1 Exchange Rates","Australian Dollar Trade-weighted Index"
"13364","FXRTWI","Trade-weighted Index May 1970 = 100","AUS","AUS",2017-07-19,67.3,"D","Index","Indicative","RBA","Daily","F11.1 Exchange Rates","Australian Dollar Trade-weighted Index"
"13365","FXRTWI","Trade-weighted Index May 1970 = 100","AUS","AUS",2017-07-20,67.3,"D","Index","Indicative","RBA","Daily","F11.1 Exchange Rates","Australian Dollar Trade-weighted Index"
"13366","FXRTWI","Trade-weighted Index May 1970 = 100","AUS","AUS",2017-07-21,67,"D","Index","Indicative","RBA","Daily","F11.1 Exchange Rates","Australian Dollar Trade-weighted Index"
"13367","FXRTWI","Trade-weighted Index May 1970 = 100","AUS","AUS",2017-07-24,67,"D","Index","Indicative","RBA","Daily","F11.1 Exchange Rates","Australian Dollar Trade-weighted Index"
"13368","FXRTWI","Trade-weighted Index May 1970 = 100","AUS","AUS",2017-07-25,67.1,"D","Index","Indicative","RBA","Daily","F11.1 Exchange Rates","Australian Dollar Trade-weighted Index"
"13369","FXRTWI","Trade-weighted Index May 1970 = 100","AUS","AUS",2017-07-26,66.8,"D","Index","Indicative","RBA","Daily","F11.1 Exchange Rates","Australian Dollar Trade-weighted Index"
"13370","FXRTWI","Trade-weighted Index May 1970 = 100","AUS","AUS",2017-07-27,67.8,"D","Index","Indicative","RBA","Daily","F11.1 Exchange Rates","Australian Dollar Trade-weighted Index"
"13371","FXRTWI","Trade-weighted Index May 1970 = 100","AUS","AUS",2017-07-28,67.3,"D","Index","Indicative","RBA","Daily","F11.1 Exchange Rates","Australian Dollar Trade-weighted Index"
"13372","DLCACS","Credit; Total; Seasonally adjusted","AUS","AUS",2017-07-31,2728.868,"M","$ billion","Seasonally Adjusted","RBA","Monthly","D2 Lending And Credit Aggregates","Credit; Total; Seasonally adjusted – Includes securitisations – For series breaks see Series Breaks"
"13373","FIRMMCRT","Cash Rate Target","AUS","AUS",2017-07-31,1.5,"M","Per cent","Original","RBA","Monthly","F1.1 Interest Rates And Yields - Money Market","Cash Rate Target; monthly average"
"13374","FXRTWI","Trade-weighted Index May 1970 = 100","AUS","AUS",2017-07-31,67.3,"D","Index","Indicative","RBA","Daily","F11.1 Exchange Rates","Australian Dollar Trade-weighted Index"
"13375","FXRTWI","Trade-weighted Index May 1970 = 100","AUS","AUS",2017-07-31,67.3,"M","Index","Indicative","RBA","Monthly","F11 Exchange Rates","Australian Dollar Trade-weighted Index"
"13376","GRCPAISDR","Commodity prices – SDR","AUS","AUS",2017-07-31,61.6710280176906,"M","Index, 2023/24=100","Original","RBA","Monthly","I2 Commodity Prices","Index of commodity prices; All items; SDR"
"13377","A124874157C","Business Turnover Index ; Total of 13 in-scope ANZSIC divisions ; Current Price ;","AUS","AUS",2017-08-01,89.2,"M","Index Numbers","Seasonally Adjusted",NA,"Monthly","Table 01: Business turnover indicator, 13 industry summary - Monthly percentage change and index",NA
"13378","A2718577A","Credits, Total goods ;","AUS","AUS",2017-08-01,24867,"M","$ Millions","Seasonally Adjusted",NA,"Monthly","TABLE 1. GOODS, Summary: Seasonally adjusted and trend estimates, Current prices",NA
"13379","A2718594C","Balance on goods ;","AUS","AUS",2017-08-01,840,"M","$ Millions","Seasonally Adjusted",NA,"Monthly","TABLE 1. GOODS, Summary: Seasonally adjusted and trend estimates, Current prices",NA
"13380","FXRTWI","Trade-weighted Index May 1970 = 100","AUS","AUS",2017-08-01,67.4,"D","Index","Indicative","RBA","Daily","F11.1 Exchange Rates","Australian Dollar Trade-weighted Index"
"13381","FXRTWI","Trade-weighted Index May 1970 = 100","AUS","AUS",2017-08-02,67.1,"D","Index","Indicative","RBA","Daily","F11.1 Exchange Rates","Australian Dollar Trade-weighted Index"
"13382","FXRTWI","Trade-weighted Index May 1970 = 100","AUS","AUS",2017-08-03,66.8,"D","Index","Indicative","RBA","Daily","F11.1 Exchange Rates","Australian Dollar Trade-weighted Index"
"13383","FXRTWI","Trade-weighted Index May 1970 = 100","AUS","AUS",2017-08-04,67.1,"D","Index","Indicative","RBA","Daily","F11.1 Exchange Rates","Australian Dollar Trade-weighted Index"
"13384","FXRTWI","Trade-weighted Index May 1970 = 100","AUS","AUS",2017-08-08,66.7,"D","Index","Indicative","RBA","Daily","F11.1 Exchange Rates","Australian Dollar Trade-weighted Index"
"13385","FXRTWI","Trade-weighted Index May 1970 = 100","AUS","AUS",2017-08-09,66.5,"D","Index","Indicative","RBA","Daily","F11.1 Exchange Rates","Australian Dollar Trade-weighted Index"
"13386","FXRTWI","Trade-weighted Index May 1970 = 100","AUS","AUS",2017-08-10,66.4,"D","Index","Indicative","RBA","Daily","F11.1 Exchange Rates","Australian Dollar Trade-weighted Index"
"13387","FXRTWI","Trade-weighted Index May 1970 = 100","AUS","AUS",2017-08-11,66.2,"D","Index","Indicative","RBA","Daily","F11.1 Exchange Rates","Australian Dollar Trade-weighted Index"
"13388","FXRTWI","Trade-weighted Index May 1970 = 100","AUS","AUS",2017-08-14,66.4,"D","Index","Indicative","RBA","Daily","F11.1 Exchange Rates","Australian Dollar Trade-weighted Index"
"13389","FXRTWI","Trade-weighted Index May 1970 = 100","AUS","AUS",2017-08-15,66.2,"D","Index","Indicative","RBA","Daily","F11.1 Exchange Rates","Australian Dollar Trade-weighted Index"
"13390","FXRTWI","Trade-weighted Index May 1970 = 100","AUS","AUS",2017-08-16,66.3,"D","Index","Indicative","RBA","Daily","F11.1 Exchange Rates","Australian Dollar Trade-weighted Index"
"13391","FXRTWI","Trade-weighted Index May 1970 = 100","AUS","AUS",2017-08-17,66.9,"D","Index","Indicative","RBA","Daily","F11.1 Exchange Rates","Australian Dollar Trade-weighted Index"
"13392","FXRTWI","Trade-weighted Index May 1970 = 100","AUS","AUS",2017-08-18,66.6,"D","Index","Indicative","RBA","Daily","F11.1 Exchange Rates","Australian Dollar Trade-weighted Index"
"13393","FXRTWI","Trade-weighted Index May 1970 = 100","AUS","AUS",2017-08-21,66.7,"D","Index","Indicative","RBA","Daily","F11.1 Exchange Rates","Australian Dollar Trade-weighted Index"
"13394","FXRTWI","Trade-weighted Index May 1970 = 100","AUS","AUS",2017-08-22,66.8,"D","Index","Indicative","RBA","Daily","F11.1 Exchange Rates","Australian Dollar Trade-weighted Index"
"13395","FXRTWI","Trade-weighted Index May 1970 = 100","AUS","AUS",2017-08-23,66.5,"D","Index","Indicative","RBA","Daily","F11.1 Exchange Rates","Australian Dollar Trade-weighted Index"
"13396","FXRTWI","Trade-weighted Index May 1970 = 100","AUS","AUS",2017-08-24,66.5,"D","Index","Indicative","RBA","Daily","F11.1 Exchange Rates","Australian Dollar Trade-weighted Index"
"13397","FXRTWI","Trade-weighted Index May 1970 = 100","AUS","AUS",2017-08-25,66.6,"D","Index","Indicative","RBA","Daily","F11.1 Exchange Rates","Australian Dollar Trade-weighted Index"
"13398","FXRTWI","Trade-weighted Index May 1970 = 100","AUS","AUS",2017-08-28,66.6,"D","Index","Indicative","RBA","Daily","F11.1 Exchange Rates","Australian Dollar Trade-weighted Index"
"13399","FXRTWI","Trade-weighted Index May 1970 = 100","AUS","AUS",2017-08-29,66.4,"D","Index","Indicative","RBA","Daily","F11.1 Exchange Rates","Australian Dollar Trade-weighted Index"
"13400","FXRTWI","Trade-weighted Index May 1970 = 100","AUS","AUS",2017-08-30,66.8,"D","Index","Indicative","RBA","Daily","F11.1 Exchange Rates","Australian Dollar Trade-weighted Index"
"13401","DLCACS","Credit; Total; Seasonally adjusted","AUS","AUS",2017-08-31,2741.477,"M","$ billion","Seasonally Adjusted","RBA","Monthly","D2 Lending And Credit Aggregates","Credit; Total; Seasonally adjusted – Includes securitisations – For series breaks see Series Breaks"
"13402","FIRMMCRT","Cash Rate Target","AUS","AUS",2017-08-31,1.5,"M","Per cent","Original","RBA","Monthly","F1.1 Interest Rates And Yields - Money Market","Cash Rate Target; monthly average"
"13403","FXRTWI","Trade-weighted Index May 1970 = 100","AUS","AUS",2017-08-31,66.3,"D","Index","Indicative","RBA","Daily","F11.1 Exchange Rates","Australian Dollar Trade-weighted Index"
"13404","FXRTWI","Trade-weighted Index May 1970 = 100","AUS","AUS",2017-08-31,66.3,"M","Index","Indicative","RBA","Monthly","F11 Exchange Rates","Australian Dollar Trade-weighted Index"
"13405","GRCPAISDR","Commodity prices – SDR","AUS","AUS",2017-08-31,63.4926511024316,"M","Index, 2023/24=100","Original","RBA","Monthly","I2 Commodity Prices","Index of commodity prices; All items; SDR"
"13406","A124874157C","Business Turnover Index ; Total of 13 in-scope ANZSIC divisions ; Current Price ;","AUS","AUS",2017-09-01,90.8,"M","Index Numbers","Seasonally Adjusted",NA,"Monthly","Table 01: Business turnover indicator, 13 industry summary - Monthly percentage change and index",NA
"13407","A2302956R","South Australia ; STATE FINAL DEMAND ;","SA","SA",2017-09-01,33138,"Q","$ Millions","Seasonally Adjusted",NA,"Quarterly","Table 25. State Final Demand, Summary Components by State: Chain volume measures",NA
"13408","A2302984X","Western Australia ; STATE FINAL DEMAND ;","WA","WA",2017-09-01,59417,"Q","$ Millions","Seasonally Adjusted",NA,"Quarterly","Table 25. State Final Demand, Summary Components by State: Chain volume measures",NA
"13409","A2303012X","Tasmania ; STATE FINAL DEMAND ;","TAS","TAS",2017-09-01,9875,"Q","$ Millions","Seasonally Adjusted",NA,"Quarterly","Table 25. State Final Demand, Summary Components by State: Chain volume measures",NA
"13410","A2303040J","Northern Territory ; STATE FINAL DEMAND ;","NT","NT",2017-09-01,9066,"Q","$ Millions","Seasonally Adjusted",NA,"Quarterly","Table 25. State Final Demand, Summary Components by State: Chain volume measures",NA
"13411","A2303068K","Australian Capital Territory ; STATE FINAL DEMAND ;","ACT","ACT",2017-09-01,15168,"Q","$ Millions","Seasonally Adjusted",NA,"Quarterly","Table 25. State Final Demand, Summary Components by State: Chain volume measures",NA
"13412","A2303111F","New South Wales ; STATE FINAL DEMAND ;","NSW","NSW",2017-09-01,167245,"Q","$ Millions","Seasonally Adjusted",NA,"Quarterly","Table 25. State Final Demand, Summary Components by State: Chain volume measures",NA
"13413","A2303139J","Victoria ; STATE FINAL DEMAND ;","VIC","VIC",2017-09-01,130559,"Q","$ Millions","Seasonally Adjusted",NA,"Quarterly","Table 25. State Final Demand, Summary Components by State: Chain volume measures",NA
"13414","A2303187A","Queensland ; STATE FINAL DEMAND ;","QLD","QLD",2017-09-01,101584,"Q","$ Millions","Seasonally Adjusted",NA,"Quarterly","Table 25. State Final Demand, Summary Components by State: Chain volume measures",NA
"13415","A2304418T","Gross domestic product: Current prices ;","AUS","AUS",2017-09-01,452575,"Q","$ Millions","Seasonally Adjusted",NA,"Quarterly","Table 1. Key National Accounts Aggregates",NA
"13416","A2325846C","Index Numbers ; All groups CPI ; Australia ;","AUS","AUS",2017-09-01,111.4,"Q","Index Numbers","Original",NA,"Quarterly","TABLES 1 and 2. CPI: All Groups, Index Numbers and Percentage Changes",NA
"13417","A2718577A","Credits, Total goods ;","AUS","AUS",2017-09-01,25417,"M","$ Millions","Seasonally Adjusted",NA,"Monthly","TABLE 1. GOODS, Summary: Seasonally adjusted and trend estimates, Current prices",NA
"13418","A2718594C","Balance on goods ;","AUS","AUS",2017-09-01,1264,"M","$ Millions","Seasonally Adjusted",NA,"Monthly","TABLE 1. GOODS, Summary: Seasonally adjusted and trend estimates, Current prices",NA
"13419","FXRTWI","Trade-weighted Index May 1970 = 100","AUS","AUS",2017-09-01,66.5,"D","Index","Indicative","RBA","Daily","F11.1 Exchange Rates","Australian Dollar Trade-weighted Index"
"13420","FXRTWI","Trade-weighted Index May 1970 = 100","AUS","AUS",2017-09-04,66.7,"D","Index","Indicative","RBA","Daily","F11.1 Exchange Rates","Australian Dollar Trade-weighted Index"
"13421","FXRTWI","Trade-weighted Index May 1970 = 100","AUS","AUS",2017-09-05,66.6,"D","Index","Indicative","RBA","Daily","F11.1 Exchange Rates","Australian Dollar Trade-weighted Index"
"13422","FXRTWI","Trade-weighted Index May 1970 = 100","AUS","AUS",2017-09-06,66.7,"D","Index","Indicative","RBA","Daily","F11.1 Exchange Rates","Australian Dollar Trade-weighted Index"
"13423","FXRTWI","Trade-weighted Index May 1970 = 100","AUS","AUS",2017-09-07,66.7,"D","Index","Indicative","RBA","Daily","F11.1 Exchange Rates","Australian Dollar Trade-weighted Index"
"13424","FXRTWI","Trade-weighted Index May 1970 = 100","AUS","AUS",2017-09-08,67.2,"D","Index","Indicative","RBA","Daily","F11.1 Exchange Rates","Australian Dollar Trade-weighted Index"
"13425","FXRTWI","Trade-weighted Index May 1970 = 100","AUS","AUS",2017-09-11,67,"D","Index","Indicative","RBA","Daily","F11.1 Exchange Rates","Australian Dollar Trade-weighted Index"
"13426","FXRTWI","Trade-weighted Index May 1970 = 100","AUS","AUS",2017-09-12,66.9,"D","Index","Indicative","RBA","Daily","F11.1 Exchange Rates","Australian Dollar Trade-weighted Index"
"13427","FXRTWI","Trade-weighted Index May 1970 = 100","AUS","AUS",2017-09-13,66.9,"D","Index","Indicative","RBA","Daily","F11.1 Exchange Rates","Australian Dollar Trade-weighted Index"
"13428","FXRTWI","Trade-weighted Index May 1970 = 100","AUS","AUS",2017-09-14,66.9,"D","Index","Indicative","RBA","Daily","F11.1 Exchange Rates","Australian Dollar Trade-weighted Index"
"13429","FXRTWI","Trade-weighted Index May 1970 = 100","AUS","AUS",2017-09-15,66.8,"D","Index","Indicative","RBA","Daily","F11.1 Exchange Rates","Australian Dollar Trade-weighted Index"
"13430","FXRTWI","Trade-weighted Index May 1970 = 100","AUS","AUS",2017-09-18,67,"D","Index","Indicative","RBA","Daily","F11.1 Exchange Rates","Australian Dollar Trade-weighted Index"
"13431","FXRTWI","Trade-weighted Index May 1970 = 100","AUS","AUS",2017-09-19,66.7,"D","Index","Indicative","RBA","Daily","F11.1 Exchange Rates","Australian Dollar Trade-weighted Index"
"13432","FXRTWI","Trade-weighted Index May 1970 = 100","AUS","AUS",2017-09-20,67,"D","Index","Indicative","RBA","Daily","F11.1 Exchange Rates","Australian Dollar Trade-weighted Index"
"13433","FXRTWI","Trade-weighted Index May 1970 = 100","AUS","AUS",2017-09-21,66.8,"D","Index","Indicative","RBA","Daily","F11.1 Exchange Rates","Australian Dollar Trade-weighted Index"
"13434","FXRTWI","Trade-weighted Index May 1970 = 100","AUS","AUS",2017-09-22,66.4,"D","Index","Indicative","RBA","Daily","F11.1 Exchange Rates","Australian Dollar Trade-weighted Index"
"13435","FXRTWI","Trade-weighted Index May 1970 = 100","AUS","AUS",2017-09-25,66.8,"D","Index","Indicative","RBA","Daily","F11.1 Exchange Rates","Australian Dollar Trade-weighted Index"
"13436","FXRTWI","Trade-weighted Index May 1970 = 100","AUS","AUS",2017-09-26,66.7,"D","Index","Indicative","RBA","Daily","F11.1 Exchange Rates","Australian Dollar Trade-weighted Index"
"13437","FXRTWI","Trade-weighted Index May 1970 = 100","AUS","AUS",2017-09-27,66.2,"D","Index","Indicative","RBA","Daily","F11.1 Exchange Rates","Australian Dollar Trade-weighted Index"
"13438","FXRTWI","Trade-weighted Index May 1970 = 100","AUS","AUS",2017-09-28,66.1,"D","Index","Indicative","RBA","Daily","F11.1 Exchange Rates","Australian Dollar Trade-weighted Index"
"13439","FXRTWI","Trade-weighted Index May 1970 = 100","AUS","AUS",2017-09-29,66.2,"D","Index","Indicative","RBA","Daily","F11.1 Exchange Rates","Australian Dollar Trade-weighted Index"
"13440","FXRTWI","Trade-weighted Index May 1970 = 100","AUS","AUS",2017-09-29,66.2,"M","Index","Indicative","RBA","Monthly","F11 Exchange Rates","Australian Dollar Trade-weighted Index"
"13441","DLCACS","Credit; Total; Seasonally adjusted","AUS","AUS",2017-09-30,2748.905,"M","$ billion","Seasonally Adjusted","RBA","Monthly","D2 Lending And Credit Aggregates","Credit; Total; Seasonally adjusted – Includes securitisations – For series breaks see Series Breaks"
"13442","FIRMMCRT","Cash Rate Target","AUS","AUS",2017-09-30,1.5,"M","Per cent","Original","RBA","Monthly","F1.1 Interest Rates And Yields - Money Market","Cash Rate Target; monthly average"
"13443","GCPIOCPMTMQP","Quarterly trimmed mean inflation","AUS","AUS",2017-09-30,0.4,"Q","Per cent","Seasonally Adjusted","ABS","Quarterly","G1 Consumer Price Inflation","Consumer price index; Trimmed mean; Quarterly change (in per cent)"
"13444","GRCPAISDR","Commodity prices – SDR","AUS","AUS",2017-09-30,64.4248923720676,"M","Index, 2023/24=100","Original","RBA","Monthly","I2 Commodity Prices","Index of commodity prices; All items; SDR"
"13445","A124874157C","Business Turnover Index ; Total of 13 in-scope ANZSIC divisions ; Current Price ;","AUS","AUS",2017-10-01,90.8,"M","Index Numbers","Seasonally Adjusted",NA,"Monthly","Table 01: Business turnover indicator, 13 industry summary - Monthly percentage change and index",NA
"13446","A2718577A","Credits, Total goods ;","AUS","AUS",2017-10-01,24750,"M","$ Millions","Seasonally Adjusted",NA,"Monthly","TABLE 1. GOODS, Summary: Seasonally adjusted and trend estimates, Current prices",NA
"13447","A2718594C","Balance on goods ;","AUS","AUS",2017-10-01,872,"M","$ Millions","Seasonally Adjusted",NA,"Monthly","TABLE 1. GOODS, Summary: Seasonally adjusted and trend estimates, Current prices",NA
"13448","FXRTWI","Trade-weighted Index May 1970 = 100","AUS","AUS",2017-10-03,66,"D","Index","Indicative","RBA","Daily","F11.1 Exchange Rates","Australian Dollar Trade-weighted Index"
"13449","FXRTWI","Trade-weighted Index May 1970 = 100","AUS","AUS",2017-10-04,66.4,"D","Index","Indicative","RBA","Daily","F11.1 Exchange Rates","Australian Dollar Trade-weighted Index"
"13450","FXRTWI","Trade-weighted Index May 1970 = 100","AUS","AUS",2017-10-05,66.2,"D","Index","Indicative","RBA","Daily","F11.1 Exchange Rates","Australian Dollar Trade-weighted Index"
"13451","FXRTWI","Trade-weighted Index May 1970 = 100","AUS","AUS",2017-10-06,65.7,"D","Index","Indicative","RBA","Daily","F11.1 Exchange Rates","Australian Dollar Trade-weighted Index"
"13452","FXRTWI","Trade-weighted Index May 1970 = 100","AUS","AUS",2017-10-09,65.6,"D","Index","Indicative","RBA","Daily","F11.1 Exchange Rates","Australian Dollar Trade-weighted Index"
"13453","FXRTWI","Trade-weighted Index May 1970 = 100","AUS","AUS",2017-10-10,65.7,"D","Index","Indicative","RBA","Daily","F11.1 Exchange Rates","Australian Dollar Trade-weighted Index"
"13454","FXRTWI","Trade-weighted Index May 1970 = 100","AUS","AUS",2017-10-11,65.5,"D","Index","Indicative","RBA","Daily","F11.1 Exchange Rates","Australian Dollar Trade-weighted Index"
"13455","FXRTWI","Trade-weighted Index May 1970 = 100","AUS","AUS",2017-10-12,65.7,"D","Index","Indicative","RBA","Daily","F11.1 Exchange Rates","Australian Dollar Trade-weighted Index"
"13456","FXRTWI","Trade-weighted Index May 1970 = 100","AUS","AUS",2017-10-13,65.8,"D","Index","Indicative","RBA","Daily","F11.1 Exchange Rates","Australian Dollar Trade-weighted Index"
"13457","FXRTWI","Trade-weighted Index May 1970 = 100","AUS","AUS",2017-10-16,66.1,"D","Index","Indicative","RBA","Daily","F11.1 Exchange Rates","Australian Dollar Trade-weighted Index"
"13458","FXRTWI","Trade-weighted Index May 1970 = 100","AUS","AUS",2017-10-17,66,"D","Index","Indicative","RBA","Daily","F11.1 Exchange Rates","Australian Dollar Trade-weighted Index"
"13459","FXRTWI","Trade-weighted Index May 1970 = 100","AUS","AUS",2017-10-18,66.1,"D","Index","Indicative","RBA","Daily","F11.1 Exchange Rates","Australian Dollar Trade-weighted Index"
"13460","FXRTWI","Trade-weighted Index May 1970 = 100","AUS","AUS",2017-10-19,66.2,"D","Index","Indicative","RBA","Daily","F11.1 Exchange Rates","Australian Dollar Trade-weighted Index"
"13461","FXRTWI","Trade-weighted Index May 1970 = 100","AUS","AUS",2017-10-20,66.2,"D","Index","Indicative","RBA","Daily","F11.1 Exchange Rates","Australian Dollar Trade-weighted Index"
"13462","FXRTWI","Trade-weighted Index May 1970 = 100","AUS","AUS",2017-10-23,66.2,"D","Index","Indicative","RBA","Daily","F11.1 Exchange Rates","Australian Dollar Trade-weighted Index"
"13463","FXRTWI","Trade-weighted Index May 1970 = 100","AUS","AUS",2017-10-24,66.1,"D","Index","Indicative","RBA","Daily","F11.1 Exchange Rates","Australian Dollar Trade-weighted Index"
"13464","FXRTWI","Trade-weighted Index May 1970 = 100","AUS","AUS",2017-10-25,65.4,"D","Index","Indicative","RBA","Daily","F11.1 Exchange Rates","Australian Dollar Trade-weighted Index"
"13465","FXRTWI","Trade-weighted Index May 1970 = 100","AUS","AUS",2017-10-26,65.1,"D","Index","Indicative","RBA","Daily","F11.1 Exchange Rates","Australian Dollar Trade-weighted Index"
"13466","FXRTWI","Trade-weighted Index May 1970 = 100","AUS","AUS",2017-10-27,64.9,"D","Index","Indicative","RBA","Daily","F11.1 Exchange Rates","Australian Dollar Trade-weighted Index"
"13467","FXRTWI","Trade-weighted Index May 1970 = 100","AUS","AUS",2017-10-30,65.1,"D","Index","Indicative","RBA","Daily","F11.1 Exchange Rates","Australian Dollar Trade-weighted Index"
"13468","DLCACS","Credit; Total; Seasonally adjusted","AUS","AUS",2017-10-31,2759.822,"M","$ billion","Seasonally Adjusted","RBA","Monthly","D2 Lending And Credit Aggregates","Credit; Total; Seasonally adjusted – Includes securitisations – For series breaks see Series Breaks"
"13469","FIRMMCRT","Cash Rate Target","AUS","AUS",2017-10-31,1.5,"M","Per cent","Original","RBA","Monthly","F1.1 Interest Rates And Yields - Money Market","Cash Rate Target; monthly average"
"13470","FXRTWI","Trade-weighted Index May 1970 = 100","AUS","AUS",2017-10-31,64.9,"D","Index","Indicative","RBA","Daily","F11.1 Exchange Rates","Australian Dollar Trade-weighted Index"
"13471","FXRTWI","Trade-weighted Index May 1970 = 100","AUS","AUS",2017-10-31,64.9,"M","Index","Indicative","RBA","Monthly","F11 Exchange Rates","Australian Dollar Trade-weighted Index"
"13472","GRCPAISDR","Commodity prices – SDR","AUS","AUS",2017-10-31,62.2953792104288,"M","Index, 2023/24=100","Original","RBA","Monthly","I2 Commodity Prices","Index of commodity prices; All items; SDR"
"13473","A124874157C","Business Turnover Index ; Total of 13 in-scope ANZSIC divisions ; Current Price ;","AUS","AUS",2017-11-01,91.2,"M","Index Numbers","Seasonally Adjusted",NA,"Monthly","Table 01: Business turnover indicator, 13 industry summary - Monthly percentage change and index",NA
"13474","A2718577A","Credits, Total goods ;","AUS","AUS",2017-11-01,24829,"M","$ Millions","Seasonally Adjusted",NA,"Monthly","TABLE 1. GOODS, Summary: Seasonally adjusted and trend estimates, Current prices",NA
"13475","A2718594C","Balance on goods ;","AUS","AUS",2017-11-01,923,"M","$ Millions","Seasonally Adjusted",NA,"Monthly","TABLE 1. GOODS, Summary: Seasonally adjusted and trend estimates, Current prices",NA
"13476","FXRTWI","Trade-weighted Index May 1970 = 100","AUS","AUS",2017-11-01,64.8,"D","Index","Indicative","RBA","Daily","F11.1 Exchange Rates","Australian Dollar Trade-weighted Index"
"13477","FXRTWI","Trade-weighted Index May 1970 = 100","AUS","AUS",2017-11-02,65.1,"D","Index","Indicative","RBA","Daily","F11.1 Exchange Rates","Australian Dollar Trade-weighted Index"
"13478","FXRTWI","Trade-weighted Index May 1970 = 100","AUS","AUS",2017-11-03,65,"D","Index","Indicative","RBA","Daily","F11.1 Exchange Rates","Australian Dollar Trade-weighted Index"
"13479","FXRTWI","Trade-weighted Index May 1970 = 100","AUS","AUS",2017-11-06,64.9,"D","Index","Indicative","RBA","Daily","F11.1 Exchange Rates","Australian Dollar Trade-weighted Index"
"13480","FXRTWI","Trade-weighted Index May 1970 = 100","AUS","AUS",2017-11-07,65,"D","Index","Indicative","RBA","Daily","F11.1 Exchange Rates","Australian Dollar Trade-weighted Index"
"13481","FXRTWI","Trade-weighted Index May 1970 = 100","AUS","AUS",2017-11-08,64.8,"D","Index","Indicative","RBA","Daily","F11.1 Exchange Rates","Australian Dollar Trade-weighted Index"
"13482","FXRTWI","Trade-weighted Index May 1970 = 100","AUS","AUS",2017-11-09,65,"D","Index","Indicative","RBA","Daily","F11.1 Exchange Rates","Australian Dollar Trade-weighted Index"
"13483","FXRTWI","Trade-weighted Index May 1970 = 100","AUS","AUS",2017-11-10,65,"D","Index","Indicative","RBA","Daily","F11.1 Exchange Rates","Australian Dollar Trade-weighted Index"
"13484","FXRTWI","Trade-weighted Index May 1970 = 100","AUS","AUS",2017-11-13,64.8,"D","Index","Indicative","RBA","Daily","F11.1 Exchange Rates","Australian Dollar Trade-weighted Index"
"13485","FXRTWI","Trade-weighted Index May 1970 = 100","AUS","AUS",2017-11-14,64.6,"D","Index","Indicative","RBA","Daily","F11.1 Exchange Rates","Australian Dollar Trade-weighted Index"
"13486","FXRTWI","Trade-weighted Index May 1970 = 100","AUS","AUS",2017-11-15,64,"D","Index","Indicative","RBA","Daily","F11.1 Exchange Rates","Australian Dollar Trade-weighted Index"
"13487","FXRTWI","Trade-weighted Index May 1970 = 100","AUS","AUS",2017-11-16,64.1,"D","Index","Indicative","RBA","Daily","F11.1 Exchange Rates","Australian Dollar Trade-weighted Index"
"13488","FXRTWI","Trade-weighted Index May 1970 = 100","AUS","AUS",2017-11-17,63.8,"D","Index","Indicative","RBA","Daily","F11.1 Exchange Rates","Australian Dollar Trade-weighted Index"
"13489","FXRTWI","Trade-weighted Index May 1970 = 100","AUS","AUS",2017-11-20,63.7,"D","Index","Indicative","RBA","Daily","F11.1 Exchange Rates","Australian Dollar Trade-weighted Index"
"13490","FXRTWI","Trade-weighted Index May 1970 = 100","AUS","AUS",2017-11-21,63.6,"D","Index","Indicative","RBA","Daily","F11.1 Exchange Rates","Australian Dollar Trade-weighted Index"
"13491","FXRTWI","Trade-weighted Index May 1970 = 100","AUS","AUS",2017-11-22,63.7,"D","Index","Indicative","RBA","Daily","F11.1 Exchange Rates","Australian Dollar Trade-weighted Index"
"13492","FXRTWI","Trade-weighted Index May 1970 = 100","AUS","AUS",2017-11-23,63.9,"D","Index","Indicative","RBA","Daily","F11.1 Exchange Rates","Australian Dollar Trade-weighted Index"
"13493","FXRTWI","Trade-weighted Index May 1970 = 100","AUS","AUS",2017-11-24,63.9,"D","Index","Indicative","RBA","Daily","F11.1 Exchange Rates","Australian Dollar Trade-weighted Index"
"13494","FXRTWI","Trade-weighted Index May 1970 = 100","AUS","AUS",2017-11-27,63.7,"D","Index","Indicative","RBA","Daily","F11.1 Exchange Rates","Australian Dollar Trade-weighted Index"
"13495","FXRTWI","Trade-weighted Index May 1970 = 100","AUS","AUS",2017-11-28,63.7,"D","Index","Indicative","RBA","Daily","F11.1 Exchange Rates","Australian Dollar Trade-weighted Index"
"13496","FXRTWI","Trade-weighted Index May 1970 = 100","AUS","AUS",2017-11-29,63.6,"D","Index","Indicative","RBA","Daily","F11.1 Exchange Rates","Australian Dollar Trade-weighted Index"
"13497","DLCACS","Credit; Total; Seasonally adjusted","AUS","AUS",2017-11-30,2771.869,"M","$ billion","Seasonally Adjusted","RBA","Monthly","D2 Lending And Credit Aggregates","Credit; Total; Seasonally adjusted – Includes securitisations – For series breaks see Series Breaks"
"13498","FIRMMCRT","Cash Rate Target","AUS","AUS",2017-11-30,1.5,"M","Per cent","Original","RBA","Monthly","F1.1 Interest Rates And Yields - Money Market","Cash Rate Target; monthly average"
"13499","FXRTWI","Trade-weighted Index May 1970 = 100","AUS","AUS",2017-11-30,63.6,"D","Index","Indicative","RBA","Daily","F11.1 Exchange Rates","Australian Dollar Trade-weighted Index"
"13500","FXRTWI","Trade-weighted Index May 1970 = 100","AUS","AUS",2017-11-30,63.6,"M","Index","Indicative","RBA","Monthly","F11 Exchange Rates","Australian Dollar Trade-weighted Index"
"13501","GRCPAISDR","Commodity prices – SDR","AUS","AUS",2017-11-30,63.0680224671229,"M","Index, 2023/24=100","Original","RBA","Monthly","I2 Commodity Prices","Index of commodity prices; All items; SDR"
"13502","A124874157C","Business Turnover Index ; Total of 13 in-scope ANZSIC divisions ; Current Price ;","AUS","AUS",2017-12-01,93.4,"M","Index Numbers","Seasonally Adjusted",NA,"Monthly","Table 01: Business turnover indicator, 13 industry summary - Monthly percentage change and index",NA
"13503","A2302956R","South Australia ; STATE FINAL DEMAND ;","SA","SA",2017-12-01,33815,"Q","$ Millions","Seasonally Adjusted",NA,"Quarterly","Table 25. State Final Demand, Summary Components by State: Chain volume measures",NA
"13504","A2302984X","Western Australia ; STATE FINAL DEMAND ;","WA","WA",2017-12-01,59690,"Q","$ Millions","Seasonally Adjusted",NA,"Quarterly","Table 25. State Final Demand, Summary Components by State: Chain volume measures",NA
"13505","A2303012X","Tasmania ; STATE FINAL DEMAND ;","TAS","TAS",2017-12-01,9982,"Q","$ Millions","Seasonally Adjusted",NA,"Quarterly","Table 25. State Final Demand, Summary Components by State: Chain volume measures",NA
"13506","A2303040J","Northern Territory ; STATE FINAL DEMAND ;","NT","NT",2017-12-01,8467,"Q","$ Millions","Seasonally Adjusted",NA,"Quarterly","Table 25. State Final Demand, Summary Components by State: Chain volume measures",NA
"13507","A2303068K","Australian Capital Territory ; STATE FINAL DEMAND ;","ACT","ACT",2017-12-01,15355,"Q","$ Millions","Seasonally Adjusted",NA,"Quarterly","Table 25. State Final Demand, Summary Components by State: Chain volume measures",NA
"13508","A2303111F","New South Wales ; STATE FINAL DEMAND ;","NSW","NSW",2017-12-01,169465,"Q","$ Millions","Seasonally Adjusted",NA,"Quarterly","Table 25. State Final Demand, Summary Components by State: Chain volume measures",NA
"13509","A2303139J","Victoria ; STATE FINAL DEMAND ;","VIC","VIC",2017-12-01,131517,"Q","$ Millions","Seasonally Adjusted",NA,"Quarterly","Table 25. State Final Demand, Summary Components by State: Chain volume measures",NA
"13510","A2303187A","Queensland ; STATE FINAL DEMAND ;","QLD","QLD",2017-12-01,102457,"Q","$ Millions","Seasonally Adjusted",NA,"Quarterly","Table 25. State Final Demand, Summary Components by State: Chain volume measures",NA
"13511","A2304418T","Gross domestic product: Current prices ;","AUS","AUS",2017-12-01,455174,"Q","$ Millions","Seasonally Adjusted",NA,"Quarterly","Table 1. Key National Accounts Aggregates",NA
"13512","A2325846C","Index Numbers ; All groups CPI ; Australia ;","AUS","AUS",2017-12-01,112.1,"Q","Index Numbers","Original",NA,"Quarterly","TABLES 1 and 2. CPI: All Groups, Index Numbers and Percentage Changes",NA
"13513","A2718577A","Credits, Total goods ;","AUS","AUS",2017-12-01,25574,"M","$ Millions","Seasonally Adjusted",NA,"Monthly","TABLE 1. GOODS, Summary: Seasonally adjusted and trend estimates, Current prices",NA
"13514","A2718594C","Balance on goods ;","AUS","AUS",2017-12-01,-897,"M","$ Millions","Seasonally Adjusted",NA,"Monthly","TABLE 1. GOODS, Summary: Seasonally adjusted and trend estimates, Current prices",NA
"13515","FXRTWI","Trade-weighted Index May 1970 = 100","AUS","AUS",2017-12-01,63.5,"D","Index","Indicative","RBA","Daily","F11.1 Exchange Rates","Australian Dollar Trade-weighted Index"
"13516","FXRTWI","Trade-weighted Index May 1970 = 100","AUS","AUS",2017-12-04,63.8,"D","Index","Indicative","RBA","Daily","F11.1 Exchange Rates","Australian Dollar Trade-weighted Index"
"13517","FXRTWI","Trade-weighted Index May 1970 = 100","AUS","AUS",2017-12-05,64.1,"D","Index","Indicative","RBA","Daily","F11.1 Exchange Rates","Australian Dollar Trade-weighted Index"
"13518","FXRTWI","Trade-weighted Index May 1970 = 100","AUS","AUS",2017-12-06,63.6,"D","Index","Indicative","RBA","Daily","F11.1 Exchange Rates","Australian Dollar Trade-weighted Index"
"13519","FXRTWI","Trade-weighted Index May 1970 = 100","AUS","AUS",2017-12-07,63.4,"D","Index","Indicative","RBA","Daily","F11.1 Exchange Rates","Australian Dollar Trade-weighted Index"
"13520","FXRTWI","Trade-weighted Index May 1970 = 100","AUS","AUS",2017-12-08,63.2,"D","Index","Indicative","RBA","Daily","F11.1 Exchange Rates","Australian Dollar Trade-weighted Index"
"13521","FXRTWI","Trade-weighted Index May 1970 = 100","AUS","AUS",2017-12-11,63.3,"D","Index","Indicative","RBA","Daily","F11.1 Exchange Rates","Australian Dollar Trade-weighted Index"
"13522","FXRTWI","Trade-weighted Index May 1970 = 100","AUS","AUS",2017-12-12,63.4,"D","Index","Indicative","RBA","Daily","F11.1 Exchange Rates","Australian Dollar Trade-weighted Index"
"13523","FXRTWI","Trade-weighted Index May 1970 = 100","AUS","AUS",2017-12-13,63.7,"D","Index","Indicative","RBA","Daily","F11.1 Exchange Rates","Australian Dollar Trade-weighted Index"
"13524","FXRTWI","Trade-weighted Index May 1970 = 100","AUS","AUS",2017-12-14,64.3,"D","Index","Indicative","RBA","Daily","F11.1 Exchange Rates","Australian Dollar Trade-weighted Index"
"13525","FXRTWI","Trade-weighted Index May 1970 = 100","AUS","AUS",2017-12-15,64.3,"D","Index","Indicative","RBA","Daily","F11.1 Exchange Rates","Australian Dollar Trade-weighted Index"
"13526","FXRTWI","Trade-weighted Index May 1970 = 100","AUS","AUS",2017-12-18,64.3,"D","Index","Indicative","RBA","Daily","F11.1 Exchange Rates","Australian Dollar Trade-weighted Index"
"13527","FXRTWI","Trade-weighted Index May 1970 = 100","AUS","AUS",2017-12-19,64.4,"D","Index","Indicative","RBA","Daily","F11.1 Exchange Rates","Australian Dollar Trade-weighted Index"
"13528","FXRTWI","Trade-weighted Index May 1970 = 100","AUS","AUS",2017-12-20,64.2,"D","Index","Indicative","RBA","Daily","F11.1 Exchange Rates","Australian Dollar Trade-weighted Index"
"13529","FXRTWI","Trade-weighted Index May 1970 = 100","AUS","AUS",2017-12-21,64.2,"D","Index","Indicative","RBA","Daily","F11.1 Exchange Rates","Australian Dollar Trade-weighted Index"
"13530","FXRTWI","Trade-weighted Index May 1970 = 100","AUS","AUS",2017-12-22,64.6,"D","Index","Indicative","RBA","Daily","F11.1 Exchange Rates","Australian Dollar Trade-weighted Index"
"13531","FXRTWI","Trade-weighted Index May 1970 = 100","AUS","AUS",2017-12-27,64.8,"D","Index","Indicative","RBA","Daily","F11.1 Exchange Rates","Australian Dollar Trade-weighted Index"
"13532","FXRTWI","Trade-weighted Index May 1970 = 100","AUS","AUS",2017-12-28,65,"D","Index","Indicative","RBA","Daily","F11.1 Exchange Rates","Australian Dollar Trade-weighted Index"
"13533","FXRTWI","Trade-weighted Index May 1970 = 100","AUS","AUS",2017-12-29,64.9,"D","Index","Indicative","RBA","Daily","F11.1 Exchange Rates","Australian Dollar Trade-weighted Index"
"13534","FXRTWI","Trade-weighted Index May 1970 = 100","AUS","AUS",2017-12-29,64.9,"M","Index","Indicative","RBA","Monthly","F11 Exchange Rates","Australian Dollar Trade-weighted Index"
"13535","DLCACS","Credit; Total; Seasonally adjusted","AUS","AUS",2017-12-31,2779.99,"M","$ billion","Seasonally Adjusted","RBA","Monthly","D2 Lending And Credit Aggregates","Credit; Total; Seasonally adjusted – Includes securitisations – For series breaks see Series Breaks"
"13536","FIRMMCRT","Cash Rate Target","AUS","AUS",2017-12-31,1.5,"M","Per cent","Original","RBA","Monthly","F1.1 Interest Rates And Yields - Money Market","Cash Rate Target; monthly average"
"13537","GCPIOCPMTMQP","Quarterly trimmed mean inflation","AUS","AUS",2017-12-31,0.4,"Q","Per cent","Seasonally Adjusted","ABS","Quarterly","G1 Consumer Price Inflation","Consumer price index; Trimmed mean; Quarterly change (in per cent)"
"13538","GRCPAISDR","Commodity prices – SDR","AUS","AUS",2017-12-31,64.629188359816,"M","Index, 2023/24=100","Original","RBA","Monthly","I2 Commodity Prices","Index of commodity prices; All items; SDR"
"13539","A124874157C","Business Turnover Index ; Total of 13 in-scope ANZSIC divisions ; Current Price ;","AUS","AUS",2018-01-01,92.9,"M","Index Numbers","Seasonally Adjusted",NA,"Monthly","Table 01: Business turnover indicator, 13 industry summary - Monthly percentage change and index",NA
"13540","A2718577A","Credits, Total goods ;","AUS","AUS",2018-01-01,26868,"M","$ Millions","Seasonally Adjusted",NA,"Monthly","TABLE 1. GOODS, Summary: Seasonally adjusted and trend estimates, Current prices",NA
"13541","A2718594C","Balance on goods ;","AUS","AUS",2018-01-01,1301,"M","$ Millions","Seasonally Adjusted",NA,"Monthly","TABLE 1. GOODS, Summary: Seasonally adjusted and trend estimates, Current prices",NA
"13542","FXRTWI","Trade-weighted Index May 1970 = 100","AUS","AUS",2018-01-02,65.1,"D","Index","Indicative","RBA","Daily","F11.1 Exchange Rates","Australian Dollar Trade-weighted Index"
"13543","FXRTWI","Trade-weighted Index May 1970 = 100","AUS","AUS",2018-01-03,64.8,"D","Index","Indicative","RBA","Daily","F11.1 Exchange Rates","Australian Dollar Trade-weighted Index"
"13544","FXRTWI","Trade-weighted Index May 1970 = 100","AUS","AUS",2018-01-04,65,"D","Index","Indicative","RBA","Daily","F11.1 Exchange Rates","Australian Dollar Trade-weighted Index"
"13545","FXRTWI","Trade-weighted Index May 1970 = 100","AUS","AUS",2018-01-05,65,"D","Index","Indicative","RBA","Daily","F11.1 Exchange Rates","Australian Dollar Trade-weighted Index"
"13546","FXRTWI","Trade-weighted Index May 1970 = 100","AUS","AUS",2018-01-08,65,"D","Index","Indicative","RBA","Daily","F11.1 Exchange Rates","Australian Dollar Trade-weighted Index"
"13547","FXRTWI","Trade-weighted Index May 1970 = 100","AUS","AUS",2018-01-09,65.1,"D","Index","Indicative","RBA","Daily","F11.1 Exchange Rates","Australian Dollar Trade-weighted Index"
"13548","FXRTWI","Trade-weighted Index May 1970 = 100","AUS","AUS",2018-01-10,65,"D","Index","Indicative","RBA","Daily","F11.1 Exchange Rates","Australian Dollar Trade-weighted Index"
"13549","FXRTWI","Trade-weighted Index May 1970 = 100","AUS","AUS",2018-01-11,65.3,"D","Index","Indicative","RBA","Daily","F11.1 Exchange Rates","Australian Dollar Trade-weighted Index"
"13550","FXRTWI","Trade-weighted Index May 1970 = 100","AUS","AUS",2018-01-12,65.1,"D","Index","Indicative","RBA","Daily","F11.1 Exchange Rates","Australian Dollar Trade-weighted Index"
"13551","FXRTWI","Trade-weighted Index May 1970 = 100","AUS","AUS",2018-01-15,65.3,"D","Index","Indicative","RBA","Daily","F11.1 Exchange Rates","Australian Dollar Trade-weighted Index"
"13552","FXRTWI","Trade-weighted Index May 1970 = 100","AUS","AUS",2018-01-16,65.4,"D","Index","Indicative","RBA","Daily","F11.1 Exchange Rates","Australian Dollar Trade-weighted Index"
"13553","FXRTWI","Trade-weighted Index May 1970 = 100","AUS","AUS",2018-01-17,65.4,"D","Index","Indicative","RBA","Daily","F11.1 Exchange Rates","Australian Dollar Trade-weighted Index"
"13554","FXRTWI","Trade-weighted Index May 1970 = 100","AUS","AUS",2018-01-18,65.5,"D","Index","Indicative","RBA","Daily","F11.1 Exchange Rates","Australian Dollar Trade-weighted Index"
"13555","FXRTWI","Trade-weighted Index May 1970 = 100","AUS","AUS",2018-01-19,65.7,"D","Index","Indicative","RBA","Daily","F11.1 Exchange Rates","Australian Dollar Trade-weighted Index"
"13556","FXRTWI","Trade-weighted Index May 1970 = 100","AUS","AUS",2018-01-22,65.6,"D","Index","Indicative","RBA","Daily","F11.1 Exchange Rates","Australian Dollar Trade-weighted Index"
"13557","FXRTWI","Trade-weighted Index May 1970 = 100","AUS","AUS",2018-01-23,65.5,"D","Index","Indicative","RBA","Daily","F11.1 Exchange Rates","Australian Dollar Trade-weighted Index"
"13558","FXRTWI","Trade-weighted Index May 1970 = 100","AUS","AUS",2018-01-24,65.5,"D","Index","Indicative","RBA","Daily","F11.1 Exchange Rates","Australian Dollar Trade-weighted Index"
"13559","FXRTWI","Trade-weighted Index May 1970 = 100","AUS","AUS",2018-01-25,65.7,"D","Index","Indicative","RBA","Daily","F11.1 Exchange Rates","Australian Dollar Trade-weighted Index"
"13560","FXRTWI","Trade-weighted Index May 1970 = 100","AUS","AUS",2018-01-29,65.7,"D","Index","Indicative","RBA","Daily","F11.1 Exchange Rates","Australian Dollar Trade-weighted Index"
"13561","FXRTWI","Trade-weighted Index May 1970 = 100","AUS","AUS",2018-01-30,65.7,"D","Index","Indicative","RBA","Daily","F11.1 Exchange Rates","Australian Dollar Trade-weighted Index"
"13562","DLCACS","Credit; Total; Seasonally adjusted","AUS","AUS",2018-01-31,2788.235,"M","$ billion","Seasonally Adjusted","RBA","Monthly","D2 Lending And Credit Aggregates","Credit; Total; Seasonally adjusted – Includes securitisations – For series breaks see Series Breaks"
"13563","FIRMMCRT","Cash Rate Target","AUS","AUS",2018-01-31,1.5,"M","Per cent","Original","RBA","Monthly","F1.1 Interest Rates And Yields - Money Market","Cash Rate Target; monthly average"
"13564","FXRTWI","Trade-weighted Index May 1970 = 100","AUS","AUS",2018-01-31,65.6,"D","Index","Indicative","RBA","Daily","F11.1 Exchange Rates","Australian Dollar Trade-weighted Index"
"13565","FXRTWI","Trade-weighted Index May 1970 = 100","AUS","AUS",2018-01-31,65.6,"M","Index","Indicative","RBA","Monthly","F11 Exchange Rates","Australian Dollar Trade-weighted Index"
"13566","GRCPAISDR","Commodity prices – SDR","AUS","AUS",2018-01-31,67.9046236690559,"M","Index, 2023/24=100","Original","RBA","Monthly","I2 Commodity Prices","Index of commodity prices; All items; SDR"
"13567","A124874157C","Business Turnover Index ; Total of 13 in-scope ANZSIC divisions ; Current Price ;","AUS","AUS",2018-02-01,93.6,"M","Index Numbers","Seasonally Adjusted",NA,"Monthly","Table 01: Business turnover indicator, 13 industry summary - Monthly percentage change and index",NA
"13568","A2718577A","Credits, Total goods ;","AUS","AUS",2018-02-01,27031,"M","$ Millions","Seasonally Adjusted",NA,"Monthly","TABLE 1. GOODS, Summary: Seasonally adjusted and trend estimates, Current prices",NA
"13569","A2718594C","Balance on goods ;","AUS","AUS",2018-02-01,974,"M","$ Millions","Seasonally Adjusted",NA,"Monthly","TABLE 1. GOODS, Summary: Seasonally adjusted and trend estimates, Current prices",NA
"13570","FXRTWI","Trade-weighted Index May 1970 = 100","AUS","AUS",2018-02-01,65.3,"D","Index","Indicative","RBA","Daily","F11.1 Exchange Rates","Australian Dollar Trade-weighted Index"
"13571","FXRTWI","Trade-weighted Index May 1970 = 100","AUS","AUS",2018-02-02,64.9,"D","Index","Indicative","RBA","Daily","F11.1 Exchange Rates","Australian Dollar Trade-weighted Index"
"13572","FXRTWI","Trade-weighted Index May 1970 = 100","AUS","AUS",2018-02-05,64.5,"D","Index","Indicative","RBA","Daily","F11.1 Exchange Rates","Australian Dollar Trade-weighted Index"
"13573","FXRTWI","Trade-weighted Index May 1970 = 100","AUS","AUS",2018-02-06,63.9,"D","Index","Indicative","RBA","Daily","F11.1 Exchange Rates","Australian Dollar Trade-weighted Index"
"13574","FXRTWI","Trade-weighted Index May 1970 = 100","AUS","AUS",2018-02-07,64.1,"D","Index","Indicative","RBA","Daily","F11.1 Exchange Rates","Australian Dollar Trade-weighted Index"
"13575","FXRTWI","Trade-weighted Index May 1970 = 100","AUS","AUS",2018-02-08,63.9,"D","Index","Indicative","RBA","Daily","F11.1 Exchange Rates","Australian Dollar Trade-weighted Index"
"13576","FXRTWI","Trade-weighted Index May 1970 = 100","AUS","AUS",2018-02-09,63.6,"D","Index","Indicative","RBA","Daily","F11.1 Exchange Rates","Australian Dollar Trade-weighted Index"
"13577","FXRTWI","Trade-weighted Index May 1970 = 100","AUS","AUS",2018-02-12,63.9,"D","Index","Indicative","RBA","Daily","F11.1 Exchange Rates","Australian Dollar Trade-weighted Index"
"13578","FXRTWI","Trade-weighted Index May 1970 = 100","AUS","AUS",2018-02-13,64.2,"D","Index","Indicative","RBA","Daily","F11.1 Exchange Rates","Australian Dollar Trade-weighted Index"
"13579","FXRTWI","Trade-weighted Index May 1970 = 100","AUS","AUS",2018-02-14,64.1,"D","Index","Indicative","RBA","Daily","F11.1 Exchange Rates","Australian Dollar Trade-weighted Index"
"13580","FXRTWI","Trade-weighted Index May 1970 = 100","AUS","AUS",2018-02-15,64.4,"D","Index","Indicative","RBA","Daily","F11.1 Exchange Rates","Australian Dollar Trade-weighted Index"
"13581","FXRTWI","Trade-weighted Index May 1970 = 100","AUS","AUS",2018-02-16,64.5,"D","Index","Indicative","RBA","Daily","F11.1 Exchange Rates","Australian Dollar Trade-weighted Index"
"13582","FXRTWI","Trade-weighted Index May 1970 = 100","AUS","AUS",2018-02-19,64.3,"D","Index","Indicative","RBA","Daily","F11.1 Exchange Rates","Australian Dollar Trade-weighted Index"
"13583","FXRTWI","Trade-weighted Index May 1970 = 100","AUS","AUS",2018-02-20,64.4,"D","Index","Indicative","RBA","Daily","F11.1 Exchange Rates","Australian Dollar Trade-weighted Index"
"13584","FXRTWI","Trade-weighted Index May 1970 = 100","AUS","AUS",2018-02-21,64,"D","Index","Indicative","RBA","Daily","F11.1 Exchange Rates","Australian Dollar Trade-weighted Index"
"13585","FXRTWI","Trade-weighted Index May 1970 = 100","AUS","AUS",2018-02-22,63.7,"D","Index","Indicative","RBA","Daily","F11.1 Exchange Rates","Australian Dollar Trade-weighted Index"
"13586","FXRTWI","Trade-weighted Index May 1970 = 100","AUS","AUS",2018-02-23,63.8,"D","Index","Indicative","RBA","Daily","F11.1 Exchange Rates","Australian Dollar Trade-weighted Index"
"13587","FXRTWI","Trade-weighted Index May 1970 = 100","AUS","AUS",2018-02-26,63.9,"D","Index","Indicative","RBA","Daily","F11.1 Exchange Rates","Australian Dollar Trade-weighted Index"
"13588","FXRTWI","Trade-weighted Index May 1970 = 100","AUS","AUS",2018-02-27,63.8,"D","Index","Indicative","RBA","Daily","F11.1 Exchange Rates","Australian Dollar Trade-weighted Index"
"13589","DLCACS","Credit; Total; Seasonally adjusted","AUS","AUS",2018-02-28,2795.567,"M","$ billion","Seasonally Adjusted","RBA","Monthly","D2 Lending And Credit Aggregates","Credit; Total; Seasonally adjusted – Includes securitisations – For series breaks see Series Breaks"
"13590","FIRMMCRT","Cash Rate Target","AUS","AUS",2018-02-28,1.5,"M","Per cent","Original","RBA","Monthly","F1.1 Interest Rates And Yields - Money Market","Cash Rate Target; monthly average"
"13591","FXRTWI","Trade-weighted Index May 1970 = 100","AUS","AUS",2018-02-28,63.6,"D","Index","Indicative","RBA","Daily","F11.1 Exchange Rates","Australian Dollar Trade-weighted Index"
"13592","FXRTWI","Trade-weighted Index May 1970 = 100","AUS","AUS",2018-02-28,63.6,"M","Index","Indicative","RBA","Monthly","F11 Exchange Rates","Australian Dollar Trade-weighted Index"
"13593","GRCPAISDR","Commodity prices – SDR","AUS","AUS",2018-02-28,69.4126743093671,"M","Index, 2023/24=100","Original","RBA","Monthly","I2 Commodity Prices","Index of commodity prices; All items; SDR"
"13594","A124874157C","Business Turnover Index ; Total of 13 in-scope ANZSIC divisions ; Current Price ;","AUS","AUS",2018-03-01,92.8,"M","Index Numbers","Seasonally Adjusted",NA,"Monthly","Table 01: Business turnover indicator, 13 industry summary - Monthly percentage change and index",NA
"13595","A2302956R","South Australia ; STATE FINAL DEMAND ;","SA","SA",2018-03-01,33907,"Q","$ Millions","Seasonally Adjusted",NA,"Quarterly","Table 25. State Final Demand, Summary Components by State: Chain volume measures",NA
"13596","A2302984X","Western Australia ; STATE FINAL DEMAND ;","WA","WA",2018-03-01,59198,"Q","$ Millions","Seasonally Adjusted",NA,"Quarterly","Table 25. State Final Demand, Summary Components by State: Chain volume measures",NA
"13597","A2303012X","Tasmania ; STATE FINAL DEMAND ;","TAS","TAS",2018-03-01,10186,"Q","$ Millions","Seasonally Adjusted",NA,"Quarterly","Table 25. State Final Demand, Summary Components by State: Chain volume measures",NA
"13598","A2303040J","Northern Territory ; STATE FINAL DEMAND ;","NT","NT",2018-03-01,8287,"Q","$ Millions","Seasonally Adjusted",NA,"Quarterly","Table 25. State Final Demand, Summary Components by State: Chain volume measures",NA
"13599","A2303068K","Australian Capital Territory ; STATE FINAL DEMAND ;","ACT","ACT",2018-03-01,15267,"Q","$ Millions","Seasonally Adjusted",NA,"Quarterly","Table 25. State Final Demand, Summary Components by State: Chain volume measures",NA
"13600","A2303111F","New South Wales ; STATE FINAL DEMAND ;","NSW","NSW",2018-03-01,170878,"Q","$ Millions","Seasonally Adjusted",NA,"Quarterly","Table 25. State Final Demand, Summary Components by State: Chain volume measures",NA
"13601","A2303139J","Victoria ; STATE FINAL DEMAND ;","VIC","VIC",2018-03-01,134496,"Q","$ Millions","Seasonally Adjusted",NA,"Quarterly","Table 25. State Final Demand, Summary Components by State: Chain volume measures",NA
"13602","A2303187A","Queensland ; STATE FINAL DEMAND ;","QLD","QLD",2018-03-01,103548,"Q","$ Millions","Seasonally Adjusted",NA,"Quarterly","Table 25. State Final Demand, Summary Components by State: Chain volume measures",NA
"13603","A2304418T","Gross domestic product: Current prices ;","AUS","AUS",2018-03-01,464024,"Q","$ Millions","Seasonally Adjusted",NA,"Quarterly","Table 1. Key National Accounts Aggregates",NA
"13604","A2325846C","Index Numbers ; All groups CPI ; Australia ;","AUS","AUS",2018-03-01,112.6,"Q","Index Numbers","Original",NA,"Quarterly","TABLES 1 and 2. CPI: All Groups, Index Numbers and Percentage Changes",NA
"13605","A2718577A","Credits, Total goods ;","AUS","AUS",2018-03-01,26899,"M","$ Millions","Seasonally Adjusted",NA,"Monthly","TABLE 1. GOODS, Summary: Seasonally adjusted and trend estimates, Current prices",NA
"13606","A2718594C","Balance on goods ;","AUS","AUS",2018-03-01,818,"M","$ Millions","Seasonally Adjusted",NA,"Monthly","TABLE 1. GOODS, Summary: Seasonally adjusted and trend estimates, Current prices",NA
"13607","FXRTWI","Trade-weighted Index May 1970 = 100","AUS","AUS",2018-03-01,63.2,"D","Index","Indicative","RBA","Daily","F11.1 Exchange Rates","Australian Dollar Trade-weighted Index"
"13608","FXRTWI","Trade-weighted Index May 1970 = 100","AUS","AUS",2018-03-02,63.3,"D","Index","Indicative","RBA","Daily","F11.1 Exchange Rates","Australian Dollar Trade-weighted Index"
"13609","FXRTWI","Trade-weighted Index May 1970 = 100","AUS","AUS",2018-03-05,63.2,"D","Index","Indicative","RBA","Daily","F11.1 Exchange Rates","Australian Dollar Trade-weighted Index"
"13610","FXRTWI","Trade-weighted Index May 1970 = 100","AUS","AUS",2018-03-06,63.4,"D","Index","Indicative","RBA","Daily","F11.1 Exchange Rates","Australian Dollar Trade-weighted Index"
"13611","FXRTWI","Trade-weighted Index May 1970 = 100","AUS","AUS",2018-03-07,63.4,"D","Index","Indicative","RBA","Daily","F11.1 Exchange Rates","Australian Dollar Trade-weighted Index"
"13612","FXRTWI","Trade-weighted Index May 1970 = 100","AUS","AUS",2018-03-08,63.7,"D","Index","Indicative","RBA","Daily","F11.1 Exchange Rates","Australian Dollar Trade-weighted Index"
"13613","FXRTWI","Trade-weighted Index May 1970 = 100","AUS","AUS",2018-03-09,63.5,"D","Index","Indicative","RBA","Daily","F11.1 Exchange Rates","Australian Dollar Trade-weighted Index"
"13614","FXRTWI","Trade-weighted Index May 1970 = 100","AUS","AUS",2018-03-12,64,"D","Index","Indicative","RBA","Daily","F11.1 Exchange Rates","Australian Dollar Trade-weighted Index"
"13615","FXRTWI","Trade-weighted Index May 1970 = 100","AUS","AUS",2018-03-13,64.1,"D","Index","Indicative","RBA","Daily","F11.1 Exchange Rates","Australian Dollar Trade-weighted Index"
"13616","FXRTWI","Trade-weighted Index May 1970 = 100","AUS","AUS",2018-03-14,63.9,"D","Index","Indicative","RBA","Daily","F11.1 Exchange Rates","Australian Dollar Trade-weighted Index"
"13617","FXRTWI","Trade-weighted Index May 1970 = 100","AUS","AUS",2018-03-15,64,"D","Index","Indicative","RBA","Daily","F11.1 Exchange Rates","Australian Dollar Trade-weighted Index"
"13618","FXRTWI","Trade-weighted Index May 1970 = 100","AUS","AUS",2018-03-16,63.4,"D","Index","Indicative","RBA","Daily","F11.1 Exchange Rates","Australian Dollar Trade-weighted Index"
"13619","FXRTWI","Trade-weighted Index May 1970 = 100","AUS","AUS",2018-03-19,62.7,"D","Index","Indicative","RBA","Daily","F11.1 Exchange Rates","Australian Dollar Trade-weighted Index"
"13620","FXRTWI","Trade-weighted Index May 1970 = 100","AUS","AUS",2018-03-20,62.7,"D","Index","Indicative","RBA","Daily","F11.1 Exchange Rates","Australian Dollar Trade-weighted Index"
"13621","FXRTWI","Trade-weighted Index May 1970 = 100","AUS","AUS",2018-03-21,62.8,"D","Index","Indicative","RBA","Daily","F11.1 Exchange Rates","Australian Dollar Trade-weighted Index"
"13622","FXRTWI","Trade-weighted Index May 1970 = 100","AUS","AUS",2018-03-22,62.9,"D","Index","Indicative","RBA","Daily","F11.1 Exchange Rates","Australian Dollar Trade-weighted Index"
"13623","FXRTWI","Trade-weighted Index May 1970 = 100","AUS","AUS",2018-03-23,62.7,"D","Index","Indicative","RBA","Daily","F11.1 Exchange Rates","Australian Dollar Trade-weighted Index"
"13624","FXRTWI","Trade-weighted Index May 1970 = 100","AUS","AUS",2018-03-26,62.7,"D","Index","Indicative","RBA","Daily","F11.1 Exchange Rates","Australian Dollar Trade-weighted Index"
"13625","FXRTWI","Trade-weighted Index May 1970 = 100","AUS","AUS",2018-03-27,62.6,"D","Index","Indicative","RBA","Daily","F11.1 Exchange Rates","Australian Dollar Trade-weighted Index"
"13626","FXRTWI","Trade-weighted Index May 1970 = 100","AUS","AUS",2018-03-28,62.3,"D","Index","Indicative","RBA","Daily","F11.1 Exchange Rates","Australian Dollar Trade-weighted Index"
"13627","FXRTWI","Trade-weighted Index May 1970 = 100","AUS","AUS",2018-03-29,62.3,"D","Index","Indicative","RBA","Daily","F11.1 Exchange Rates","Australian Dollar Trade-weighted Index"
"13628","FXRTWI","Trade-weighted Index May 1970 = 100","AUS","AUS",2018-03-29,62.3,"M","Index","Indicative","RBA","Monthly","F11 Exchange Rates","Australian Dollar Trade-weighted Index"
"13629","DLCACS","Credit; Total; Seasonally adjusted","AUS","AUS",2018-03-31,2807.665,"M","$ billion","Seasonally Adjusted","RBA","Monthly","D2 Lending And Credit Aggregates","Credit; Total; Seasonally adjusted – Includes securitisations – For series breaks see Series Breaks"
"13630","FIRMMCRT","Cash Rate Target","AUS","AUS",2018-03-31,1.5,"M","Per cent","Original","RBA","Monthly","F1.1 Interest Rates And Yields - Money Market","Cash Rate Target; monthly average"
"13631","GCPIOCPMTMQP","Quarterly trimmed mean inflation","AUS","AUS",2018-03-31,0.5,"Q","Per cent","Seasonally Adjusted","ABS","Quarterly","G1 Consumer Price Inflation","Consumer price index; Trimmed mean; Quarterly change (in per cent)"
"13632","GRCPAISDR","Commodity prices – SDR","AUS","AUS",2018-03-31,67.8567315381563,"M","Index, 2023/24=100","Original","RBA","Monthly","I2 Commodity Prices","Index of commodity prices; All items; SDR"
"13633","A124874157C","Business Turnover Index ; Total of 13 in-scope ANZSIC divisions ; Current Price ;","AUS","AUS",2018-04-01,94,"M","Index Numbers","Seasonally Adjusted",NA,"Monthly","Table 01: Business turnover indicator, 13 industry summary - Monthly percentage change and index",NA
"13634","A2718577A","Credits, Total goods ;","AUS","AUS",2018-04-01,26948,"M","$ Millions","Seasonally Adjusted",NA,"Monthly","TABLE 1. GOODS, Summary: Seasonally adjusted and trend estimates, Current prices",NA
"13635","A2718594C","Balance on goods ;","AUS","AUS",2018-04-01,1631,"M","$ Millions","Seasonally Adjusted",NA,"Monthly","TABLE 1. GOODS, Summary: Seasonally adjusted and trend estimates, Current prices",NA
"13636","FXRTWI","Trade-weighted Index May 1970 = 100","AUS","AUS",2018-04-03,62.4,"D","Index","Indicative","RBA","Daily","F11.1 Exchange Rates","Australian Dollar Trade-weighted Index"
"13637","FXRTWI","Trade-weighted Index May 1970 = 100","AUS","AUS",2018-04-04,62.5,"D","Index","Indicative","RBA","Daily","F11.1 Exchange Rates","Australian Dollar Trade-weighted Index"
"13638","FXRTWI","Trade-weighted Index May 1970 = 100","AUS","AUS",2018-04-05,62.5,"D","Index","Indicative","RBA","Daily","F11.1 Exchange Rates","Australian Dollar Trade-weighted Index"
"13639","FXRTWI","Trade-weighted Index May 1970 = 100","AUS","AUS",2018-04-06,62.5,"D","Index","Indicative","RBA","Daily","F11.1 Exchange Rates","Australian Dollar Trade-weighted Index"
"13640","FXRTWI","Trade-weighted Index May 1970 = 100","AUS","AUS",2018-04-09,62.5,"D","Index","Indicative","RBA","Daily","F11.1 Exchange Rates","Australian Dollar Trade-weighted Index"
"13641","FXRTWI","Trade-weighted Index May 1970 = 100","AUS","AUS",2018-04-10,62.8,"D","Index","Indicative","RBA","Daily","F11.1 Exchange Rates","Australian Dollar Trade-weighted Index"
"13642","FXRTWI","Trade-weighted Index May 1970 = 100","AUS","AUS",2018-04-11,62.8,"D","Index","Indicative","RBA","Daily","F11.1 Exchange Rates","Australian Dollar Trade-weighted Index"
"13643","FXRTWI","Trade-weighted Index May 1970 = 100","AUS","AUS",2018-04-12,62.9,"D","Index","Indicative","RBA","Daily","F11.1 Exchange Rates","Australian Dollar Trade-weighted Index"
"13644","FXRTWI","Trade-weighted Index May 1970 = 100","AUS","AUS",2018-04-13,63.2,"D","Index","Indicative","RBA","Daily","F11.1 Exchange Rates","Australian Dollar Trade-weighted Index"
"13645","FXRTWI","Trade-weighted Index May 1970 = 100","AUS","AUS",2018-04-16,63.1,"D","Index","Indicative","RBA","Daily","F11.1 Exchange Rates","Australian Dollar Trade-weighted Index"
"13646","FXRTWI","Trade-weighted Index May 1970 = 100","AUS","AUS",2018-04-17,63,"D","Index","Indicative","RBA","Daily","F11.1 Exchange Rates","Australian Dollar Trade-weighted Index"
"13647","FXRTWI","Trade-weighted Index May 1970 = 100","AUS","AUS",2018-04-18,63.1,"D","Index","Indicative","RBA","Daily","F11.1 Exchange Rates","Australian Dollar Trade-weighted Index"
"13648","FXRTWI","Trade-weighted Index May 1970 = 100","AUS","AUS",2018-04-19,63.3,"D","Index","Indicative","RBA","Daily","F11.1 Exchange Rates","Australian Dollar Trade-weighted Index"
"13649","FXRTWI","Trade-weighted Index May 1970 = 100","AUS","AUS",2018-04-20,62.8,"D","Index","Indicative","RBA","Daily","F11.1 Exchange Rates","Australian Dollar Trade-weighted Index"
"13650","FXRTWI","Trade-weighted Index May 1970 = 100","AUS","AUS",2018-04-23,62.6,"D","Index","Indicative","RBA","Daily","F11.1 Exchange Rates","Australian Dollar Trade-weighted Index"
"13651","FXRTWI","Trade-weighted Index May 1970 = 100","AUS","AUS",2018-04-24,62.3,"D","Index","Indicative","RBA","Daily","F11.1 Exchange Rates","Australian Dollar Trade-weighted Index"
"13652","FXRTWI","Trade-weighted Index May 1970 = 100","AUS","AUS",2018-04-26,62.2,"D","Index","Indicative","RBA","Daily","F11.1 Exchange Rates","Australian Dollar Trade-weighted Index"
"13653","FXRTWI","Trade-weighted Index May 1970 = 100","AUS","AUS",2018-04-27,62,"D","Index","Indicative","RBA","Daily","F11.1 Exchange Rates","Australian Dollar Trade-weighted Index"
"13654","DLCACS","Credit; Total; Seasonally adjusted","AUS","AUS",2018-04-30,2820.58,"M","$ billion","Seasonally Adjusted","RBA","Monthly","D2 Lending And Credit Aggregates","Credit; Total; Seasonally adjusted – Includes securitisations – For series breaks see Series Breaks"
"13655","FIRMMCRT","Cash Rate Target","AUS","AUS",2018-04-30,1.5,"M","Per cent","Original","RBA","Monthly","F1.1 Interest Rates And Yields - Money Market","Cash Rate Target; monthly average"
"13656","FXRTWI","Trade-weighted Index May 1970 = 100","AUS","AUS",2018-04-30,62.1,"D","Index","Indicative","RBA","Daily","F11.1 Exchange Rates","Australian Dollar Trade-weighted Index"
"13657","FXRTWI","Trade-weighted Index May 1970 = 100","AUS","AUS",2018-04-30,62.1,"M","Index","Indicative","RBA","Monthly","F11 Exchange Rates","Australian Dollar Trade-weighted Index"
"13658","GRCPAISDR","Commodity prices – SDR","AUS","AUS",2018-04-30,66.0784021205431,"M","Index, 2023/24=100","Original","RBA","Monthly","I2 Commodity Prices","Index of commodity prices; All items; SDR"
"13659","A124874157C","Business Turnover Index ; Total of 13 in-scope ANZSIC divisions ; Current Price ;","AUS","AUS",2018-05-01,94.3,"M","Index Numbers","Seasonally Adjusted",NA,"Monthly","Table 01: Business turnover indicator, 13 industry summary - Monthly percentage change and index",NA
"13660","A2718577A","Credits, Total goods ;","AUS","AUS",2018-05-01,28079,"M","$ Millions","Seasonally Adjusted",NA,"Monthly","TABLE 1. GOODS, Summary: Seasonally adjusted and trend estimates, Current prices",NA
"13661","A2718594C","Balance on goods ;","AUS","AUS",2018-05-01,1205,"M","$ Millions","Seasonally Adjusted",NA,"Monthly","TABLE 1. GOODS, Summary: Seasonally adjusted and trend estimates, Current prices",NA
"13662","FXRTWI","Trade-weighted Index May 1970 = 100","AUS","AUS",2018-05-01,62,"D","Index","Indicative","RBA","Daily","F11.1 Exchange Rates","Australian Dollar Trade-weighted Index"
"13663","FXRTWI","Trade-weighted Index May 1970 = 100","AUS","AUS",2018-05-02,61.9,"D","Index","Indicative","RBA","Daily","F11.1 Exchange Rates","Australian Dollar Trade-weighted Index"
"13664","FXRTWI","Trade-weighted Index May 1970 = 100","AUS","AUS",2018-05-03,62.1,"D","Index","Indicative","RBA","Daily","F11.1 Exchange Rates","Australian Dollar Trade-weighted Index"
"13665","FXRTWI","Trade-weighted Index May 1970 = 100","AUS","AUS",2018-05-04,62.1,"D","Index","Indicative","RBA","Daily","F11.1 Exchange Rates","Australian Dollar Trade-weighted Index"
"13666","FXRTWI","Trade-weighted Index May 1970 = 100","AUS","AUS",2018-05-07,62.1,"D","Index","Indicative","RBA","Daily","F11.1 Exchange Rates","Australian Dollar Trade-weighted Index"
"13667","FXRTWI","Trade-weighted Index May 1970 = 100","AUS","AUS",2018-05-08,62.1,"D","Index","Indicative","RBA","Daily","F11.1 Exchange Rates","Australian Dollar Trade-weighted Index"
"13668","FXRTWI","Trade-weighted Index May 1970 = 100","AUS","AUS",2018-05-09,61.6,"D","Index","Indicative","RBA","Daily","F11.1 Exchange Rates","Australian Dollar Trade-weighted Index"
"13669","FXRTWI","Trade-weighted Index May 1970 = 100","AUS","AUS",2018-05-10,61.8,"D","Index","Indicative","RBA","Daily","F11.1 Exchange Rates","Australian Dollar Trade-weighted Index"
"13670","FXRTWI","Trade-weighted Index May 1970 = 100","AUS","AUS",2018-05-11,62.2,"D","Index","Indicative","RBA","Daily","F11.1 Exchange Rates","Australian Dollar Trade-weighted Index"
"13671","FXRTWI","Trade-weighted Index May 1970 = 100","AUS","AUS",2018-05-14,62.3,"D","Index","Indicative","RBA","Daily","F11.1 Exchange Rates","Australian Dollar Trade-weighted Index"
"13672","FXRTWI","Trade-weighted Index May 1970 = 100","AUS","AUS",2018-05-15,62.1,"D","Index","Indicative","RBA","Daily","F11.1 Exchange Rates","Australian Dollar Trade-weighted Index"
"13673","FXRTWI","Trade-weighted Index May 1970 = 100","AUS","AUS",2018-05-16,62.1,"D","Index","Indicative","RBA","Daily","F11.1 Exchange Rates","Australian Dollar Trade-weighted Index"
"13674","FXRTWI","Trade-weighted Index May 1970 = 100","AUS","AUS",2018-05-17,62.5,"D","Index","Indicative","RBA","Daily","F11.1 Exchange Rates","Australian Dollar Trade-weighted Index"
"13675","FXRTWI","Trade-weighted Index May 1970 = 100","AUS","AUS",2018-05-18,62.5,"D","Index","Indicative","RBA","Daily","F11.1 Exchange Rates","Australian Dollar Trade-weighted Index"
"13676","FXRTWI","Trade-weighted Index May 1970 = 100","AUS","AUS",2018-05-21,62.6,"D","Index","Indicative","RBA","Daily","F11.1 Exchange Rates","Australian Dollar Trade-weighted Index"
"13677","FXRTWI","Trade-weighted Index May 1970 = 100","AUS","AUS",2018-05-22,63.1,"D","Index","Indicative","RBA","Daily","F11.1 Exchange Rates","Australian Dollar Trade-weighted Index"
"13678","FXRTWI","Trade-weighted Index May 1970 = 100","AUS","AUS",2018-05-23,62.7,"D","Index","Indicative","RBA","Daily","F11.1 Exchange Rates","Australian Dollar Trade-weighted Index"
"13679","FXRTWI","Trade-weighted Index May 1970 = 100","AUS","AUS",2018-05-24,62.9,"D","Index","Indicative","RBA","Daily","F11.1 Exchange Rates","Australian Dollar Trade-weighted Index"
"13680","FXRTWI","Trade-weighted Index May 1970 = 100","AUS","AUS",2018-05-25,62.9,"D","Index","Indicative","RBA","Daily","F11.1 Exchange Rates","Australian Dollar Trade-weighted Index"
"13681","FXRTWI","Trade-weighted Index May 1970 = 100","AUS","AUS",2018-05-28,62.9,"D","Index","Indicative","RBA","Daily","F11.1 Exchange Rates","Australian Dollar Trade-weighted Index"
"13682","FXRTWI","Trade-weighted Index May 1970 = 100","AUS","AUS",2018-05-29,62.7,"D","Index","Indicative","RBA","Daily","F11.1 Exchange Rates","Australian Dollar Trade-weighted Index"
"13683","FXRTWI","Trade-weighted Index May 1970 = 100","AUS","AUS",2018-05-30,62.5,"D","Index","Indicative","RBA","Daily","F11.1 Exchange Rates","Australian Dollar Trade-weighted Index"
"13684","DLCACS","Credit; Total; Seasonally adjusted","AUS","AUS",2018-05-31,2827.892,"M","$ billion","Seasonally Adjusted","RBA","Monthly","D2 Lending And Credit Aggregates","Credit; Total; Seasonally adjusted – Includes securitisations – For series breaks see Series Breaks"
"13685","FIRMMCRT","Cash Rate Target","AUS","AUS",2018-05-31,1.5,"M","Per cent","Original","RBA","Monthly","F1.1 Interest Rates And Yields - Money Market","Cash Rate Target; monthly average"
"13686","FXRTWI","Trade-weighted Index May 1970 = 100","AUS","AUS",2018-05-31,62.8,"D","Index","Indicative","RBA","Daily","F11.1 Exchange Rates","Australian Dollar Trade-weighted Index"
"13687","FXRTWI","Trade-weighted Index May 1970 = 100","AUS","AUS",2018-05-31,62.8,"M","Index","Indicative","RBA","Monthly","F11 Exchange Rates","Australian Dollar Trade-weighted Index"
"13688","GRCPAISDR","Commodity prices – SDR","AUS","AUS",2018-05-31,67.8306285528741,"M","Index, 2023/24=100","Original","RBA","Monthly","I2 Commodity Prices","Index of commodity prices; All items; SDR"
"13689","A124874157C","Business Turnover Index ; Total of 13 in-scope ANZSIC divisions ; Current Price ;","AUS","AUS",2018-06-01,95,"M","Index Numbers","Seasonally Adjusted",NA,"Monthly","Table 01: Business turnover indicator, 13 industry summary - Monthly percentage change and index",NA
"13690","A2302956R","South Australia ; STATE FINAL DEMAND ;","SA","SA",2018-06-01,34145,"Q","$ Millions","Seasonally Adjusted",NA,"Quarterly","Table 25. State Final Demand, Summary Components by State: Chain volume measures",NA
"13691","A2302984X","Western Australia ; STATE FINAL DEMAND ;","WA","WA",2018-06-01,58740,"Q","$ Millions","Seasonally Adjusted",NA,"Quarterly","Table 25. State Final Demand, Summary Components by State: Chain volume measures",NA
"13692","A2303012X","Tasmania ; STATE FINAL DEMAND ;","TAS","TAS",2018-06-01,10293,"Q","$ Millions","Seasonally Adjusted",NA,"Quarterly","Table 25. State Final Demand, Summary Components by State: Chain volume measures",NA
"13693","A2303040J","Northern Territory ; STATE FINAL DEMAND ;","NT","NT",2018-06-01,8034,"Q","$ Millions","Seasonally Adjusted",NA,"Quarterly","Table 25. State Final Demand, Summary Components by State: Chain volume measures",NA
"13694","A2303068K","Australian Capital Territory ; STATE FINAL DEMAND ;","ACT","ACT",2018-06-01,15586,"Q","$ Millions","Seasonally Adjusted",NA,"Quarterly","Table 25. State Final Demand, Summary Components by State: Chain volume measures",NA
"13695","A2303111F","New South Wales ; STATE FINAL DEMAND ;","NSW","NSW",2018-06-01,171276,"Q","$ Millions","Seasonally Adjusted",NA,"Quarterly","Table 25. State Final Demand, Summary Components by State: Chain volume measures",NA
"13696","A2303139J","Victoria ; STATE FINAL DEMAND ;","VIC","VIC",2018-06-01,136052,"Q","$ Millions","Seasonally Adjusted",NA,"Quarterly","Table 25. State Final Demand, Summary Components by State: Chain volume measures",NA
"13697","A2303187A","Queensland ; STATE FINAL DEMAND ;","QLD","QLD",2018-06-01,104065,"Q","$ Millions","Seasonally Adjusted",NA,"Quarterly","Table 25. State Final Demand, Summary Components by State: Chain volume measures",NA
"13698","A2304418T","Gross domestic product: Current prices ;","AUS","AUS",2018-06-01,470255,"Q","$ Millions","Seasonally Adjusted",NA,"Quarterly","Table 1. Key National Accounts Aggregates",NA
"13699","A2325846C","Index Numbers ; All groups CPI ; Australia ;","AUS","AUS",2018-06-01,113,"Q","Index Numbers","Original",NA,"Quarterly","TABLES 1 and 2. CPI: All Groups, Index Numbers and Percentage Changes",NA
"13700","A2336320R","New South Wales ; Gross state product: Current prices ;","NSW","NSW",2018-06-01,598348,"Annual","$ Millions","Original",NA,"Annual","Table 1. Gross State Product, Chain volume measures and current prices",NA
"13701","A2336321T","Victoria ; Gross state product: Current prices ;","VIC","VIC",2018-06-01,441820,"Annual","$ Millions","Original",NA,"Annual","Table 1. Gross State Product, Chain volume measures and current prices",NA
"13702","A2336322V","Queensland ; Gross state product: Current prices ;","QLD","QLD",2018-06-01,349630,"Annual","$ Millions","Original",NA,"Annual","Table 1. Gross State Product, Chain volume measures and current prices",NA
"13703","A2336323W","South Australia ; Gross state product: Current prices ;","SA","SA",2018-06-01,105496,"Annual","$ Millions","Original",NA,"Annual","Table 1. Gross State Product, Chain volume measures and current prices",NA
"13704","A2336324X","Western Australia ; Gross state product: Current prices ;","WA","WA",2018-06-01,255203,"Annual","$ Millions","Original",NA,"Annual","Table 1. Gross State Product, Chain volume measures and current prices",NA
"13705","A2336325A","Tasmania ; Gross state product: Current prices ;","TAS","TAS",2018-06-01,29449,"Annual","$ Millions","Original",NA,"Annual","Table 1. Gross State Product, Chain volume measures and current prices",NA
"13706","A2336326C","Northern Territory ; Gross state product: Current prices ;","NT","NT",2018-06-01,24115,"Annual","$ Millions","Original",NA,"Annual","Table 1. Gross State Product, Chain volume measures and current prices",NA
"13707","A2336327F","Australian Capital Territory ; Gross state product: Current prices ;","ACT","ACT",2018-06-01,37984,"Annual","$ Millions","Original",NA,"Annual","Table 1. Gross State Product, Chain volume measures and current prices",NA
"13708","A2718577A","Credits, Total goods ;","AUS","AUS",2018-06-01,28900,"M","$ Millions","Seasonally Adjusted",NA,"Monthly","TABLE 1. GOODS, Summary: Seasonally adjusted and trend estimates, Current prices",NA
"13709","A2718594C","Balance on goods ;","AUS","AUS",2018-06-01,1750,"M","$ Millions","Seasonally Adjusted",NA,"Monthly","TABLE 1. GOODS, Summary: Seasonally adjusted and trend estimates, Current prices",NA
"13710","FXRTWI","Trade-weighted Index May 1970 = 100","AUS","AUS",2018-06-01,62.7,"D","Index","Indicative","RBA","Daily","F11.1 Exchange Rates","Australian Dollar Trade-weighted Index"
"13711","FXRTWI","Trade-weighted Index May 1970 = 100","AUS","AUS",2018-06-04,63.3,"D","Index","Indicative","RBA","Daily","F11.1 Exchange Rates","Australian Dollar Trade-weighted Index"
"13712","FXRTWI","Trade-weighted Index May 1970 = 100","AUS","AUS",2018-06-05,63.4,"D","Index","Indicative","RBA","Daily","F11.1 Exchange Rates","Australian Dollar Trade-weighted Index"
"13713","FXRTWI","Trade-weighted Index May 1970 = 100","AUS","AUS",2018-06-06,63.5,"D","Index","Indicative","RBA","Daily","F11.1 Exchange Rates","Australian Dollar Trade-weighted Index"
"13714","FXRTWI","Trade-weighted Index May 1970 = 100","AUS","AUS",2018-06-07,63.4,"D","Index","Indicative","RBA","Daily","F11.1 Exchange Rates","Australian Dollar Trade-weighted Index"
"13715","FXRTWI","Trade-weighted Index May 1970 = 100","AUS","AUS",2018-06-08,63.1,"D","Index","Indicative","RBA","Daily","F11.1 Exchange Rates","Australian Dollar Trade-weighted Index"
"13716","FXRTWI","Trade-weighted Index May 1970 = 100","AUS","AUS",2018-06-12,63.2,"D","Index","Indicative","RBA","Daily","F11.1 Exchange Rates","Australian Dollar Trade-weighted Index"
"13717","FXRTWI","Trade-weighted Index May 1970 = 100","AUS","AUS",2018-06-13,63,"D","Index","Indicative","RBA","Daily","F11.1 Exchange Rates","Australian Dollar Trade-weighted Index"
"13718","FXRTWI","Trade-weighted Index May 1970 = 100","AUS","AUS",2018-06-14,62.7,"D","Index","Indicative","RBA","Daily","F11.1 Exchange Rates","Australian Dollar Trade-weighted Index"
"13719","FXRTWI","Trade-weighted Index May 1970 = 100","AUS","AUS",2018-06-15,62.4,"D","Index","Indicative","RBA","Daily","F11.1 Exchange Rates","Australian Dollar Trade-weighted Index"
"13720","FXRTWI","Trade-weighted Index May 1970 = 100","AUS","AUS",2018-06-18,62.3,"D","Index","Indicative","RBA","Daily","F11.1 Exchange Rates","Australian Dollar Trade-weighted Index"
"13721","FXRTWI","Trade-weighted Index May 1970 = 100","AUS","AUS",2018-06-19,61.8,"D","Index","Indicative","RBA","Daily","F11.1 Exchange Rates","Australian Dollar Trade-weighted Index"
"13722","FXRTWI","Trade-weighted Index May 1970 = 100","AUS","AUS",2018-06-20,62.1,"D","Index","Indicative","RBA","Daily","F11.1 Exchange Rates","Australian Dollar Trade-weighted Index"
"13723","FXRTWI","Trade-weighted Index May 1970 = 100","AUS","AUS",2018-06-21,61.9,"D","Index","Indicative","RBA","Daily","F11.1 Exchange Rates","Australian Dollar Trade-weighted Index"
"13724","FXRTWI","Trade-weighted Index May 1970 = 100","AUS","AUS",2018-06-22,62.1,"D","Index","Indicative","RBA","Daily","F11.1 Exchange Rates","Australian Dollar Trade-weighted Index"
"13725","FXRTWI","Trade-weighted Index May 1970 = 100","AUS","AUS",2018-06-25,62.4,"D","Index","Indicative","RBA","Daily","F11.1 Exchange Rates","Australian Dollar Trade-weighted Index"
"13726","FXRTWI","Trade-weighted Index May 1970 = 100","AUS","AUS",2018-06-26,62.4,"D","Index","Indicative","RBA","Daily","F11.1 Exchange Rates","Australian Dollar Trade-weighted Index"
"13727","FXRTWI","Trade-weighted Index May 1970 = 100","AUS","AUS",2018-06-27,62.3,"D","Index","Indicative","RBA","Daily","F11.1 Exchange Rates","Australian Dollar Trade-weighted Index"
"13728","FXRTWI","Trade-weighted Index May 1970 = 100","AUS","AUS",2018-06-28,62.3,"D","Index","Indicative","RBA","Daily","F11.1 Exchange Rates","Australian Dollar Trade-weighted Index"
"13729","FXRTWI","Trade-weighted Index May 1970 = 100","AUS","AUS",2018-06-29,62.6,"D","Index","Indicative","RBA","Daily","F11.1 Exchange Rates","Australian Dollar Trade-weighted Index"
"13730","FXRTWI","Trade-weighted Index May 1970 = 100","AUS","AUS",2018-06-29,62.6,"M","Index","Indicative","RBA","Monthly","F11 Exchange Rates","Australian Dollar Trade-weighted Index"
"13731","DLCACS","Credit; Total; Seasonally adjusted","AUS","AUS",2018-06-30,2839.312,"M","$ billion","Seasonally Adjusted","RBA","Monthly","D2 Lending And Credit Aggregates","Credit; Total; Seasonally adjusted – Includes securitisations – For series breaks see Series Breaks"
"13732","FIRMMCRT","Cash Rate Target","AUS","AUS",2018-06-30,1.5,"M","Per cent","Original","RBA","Monthly","F1.1 Interest Rates And Yields - Money Market","Cash Rate Target; monthly average"
"13733","GCPIOCPMTMQP","Quarterly trimmed mean inflation","AUS","AUS",2018-06-30,0.4,"Q","Per cent","Seasonally Adjusted","ABS","Quarterly","G1 Consumer Price Inflation","Consumer price index; Trimmed mean; Quarterly change (in per cent)"
"13734","GRCPAISDR","Commodity prices – SDR","AUS","AUS",2018-06-30,68.3646538147569,"M","Index, 2023/24=100","Original","RBA","Monthly","I2 Commodity Prices","Index of commodity prices; All items; SDR"
"13735","A124874157C","Business Turnover Index ; Total of 13 in-scope ANZSIC divisions ; Current Price ;","AUS","AUS",2018-07-01,96.8,"M","Index Numbers","Seasonally Adjusted",NA,"Monthly","Table 01: Business turnover indicator, 13 industry summary - Monthly percentage change and index",NA
"13736","A2718577A","Credits, Total goods ;","AUS","AUS",2018-07-01,29579,"M","$ Millions","Seasonally Adjusted",NA,"Monthly","TABLE 1. GOODS, Summary: Seasonally adjusted and trend estimates, Current prices",NA
"13737","A2718594C","Balance on goods ;","AUS","AUS",2018-07-01,3115,"M","$ Millions","Seasonally Adjusted",NA,"Monthly","TABLE 1. GOODS, Summary: Seasonally adjusted and trend estimates, Current prices",NA
"13738","FXRTWI","Trade-weighted Index May 1970 = 100","AUS","AUS",2018-07-02,62.6,"D","Index","Indicative","RBA","Daily","F11.1 Exchange Rates","Australian Dollar Trade-weighted Index"
"13739","FXRTWI","Trade-weighted Index May 1970 = 100","AUS","AUS",2018-07-03,62.6,"D","Index","Indicative","RBA","Daily","F11.1 Exchange Rates","Australian Dollar Trade-weighted Index"
"13740","FXRTWI","Trade-weighted Index May 1970 = 100","AUS","AUS",2018-07-04,62.7,"D","Index","Indicative","RBA","Daily","F11.1 Exchange Rates","Australian Dollar Trade-weighted Index"
"13741","FXRTWI","Trade-weighted Index May 1970 = 100","AUS","AUS",2018-07-05,62.5,"D","Index","Indicative","RBA","Daily","F11.1 Exchange Rates","Australian Dollar Trade-weighted Index"
"13742","FXRTWI","Trade-weighted Index May 1970 = 100","AUS","AUS",2018-07-06,62.8,"D","Index","Indicative","RBA","Daily","F11.1 Exchange Rates","Australian Dollar Trade-weighted Index"
"13743","FXRTWI","Trade-weighted Index May 1970 = 100","AUS","AUS",2018-07-09,63.1,"D","Index","Indicative","RBA","Daily","F11.1 Exchange Rates","Australian Dollar Trade-weighted Index"
"13744","FXRTWI","Trade-weighted Index May 1970 = 100","AUS","AUS",2018-07-10,63,"D","Index","Indicative","RBA","Daily","F11.1 Exchange Rates","Australian Dollar Trade-weighted Index"
"13745","FXRTWI","Trade-weighted Index May 1970 = 100","AUS","AUS",2018-07-11,62.8,"D","Index","Indicative","RBA","Daily","F11.1 Exchange Rates","Australian Dollar Trade-weighted Index"
"13746","FXRTWI","Trade-weighted Index May 1970 = 100","AUS","AUS",2018-07-12,62.9,"D","Index","Indicative","RBA","Daily","F11.1 Exchange Rates","Australian Dollar Trade-weighted Index"
"13747","FXRTWI","Trade-weighted Index May 1970 = 100","AUS","AUS",2018-07-13,63.1,"D","Index","Indicative","RBA","Daily","F11.1 Exchange Rates","Australian Dollar Trade-weighted Index"
"13748","FXRTWI","Trade-weighted Index May 1970 = 100","AUS","AUS",2018-07-16,63.3,"D","Index","Indicative","RBA","Daily","F11.1 Exchange Rates","Australian Dollar Trade-weighted Index"
"13749","FXRTWI","Trade-weighted Index May 1970 = 100","AUS","AUS",2018-07-17,63.1,"D","Index","Indicative","RBA","Daily","F11.1 Exchange Rates","Australian Dollar Trade-weighted Index"
"13750","FXRTWI","Trade-weighted Index May 1970 = 100","AUS","AUS",2018-07-18,62.8,"D","Index","Indicative","RBA","Daily","F11.1 Exchange Rates","Australian Dollar Trade-weighted Index"
"13751","FXRTWI","Trade-weighted Index May 1970 = 100","AUS","AUS",2018-07-19,63.3,"D","Index","Indicative","RBA","Daily","F11.1 Exchange Rates","Australian Dollar Trade-weighted Index"
"13752","FXRTWI","Trade-weighted Index May 1970 = 100","AUS","AUS",2018-07-20,63.1,"D","Index","Indicative","RBA","Daily","F11.1 Exchange Rates","Australian Dollar Trade-weighted Index"
"13753","FXRTWI","Trade-weighted Index May 1970 = 100","AUS","AUS",2018-07-23,63.3,"D","Index","Indicative","RBA","Daily","F11.1 Exchange Rates","Australian Dollar Trade-weighted Index"
"13754","FXRTWI","Trade-weighted Index May 1970 = 100","AUS","AUS",2018-07-24,63.2,"D","Index","Indicative","RBA","Daily","F11.1 Exchange Rates","Australian Dollar Trade-weighted Index"
"13755","FXRTWI","Trade-weighted Index May 1970 = 100","AUS","AUS",2018-07-25,63.2,"D","Index","Indicative","RBA","Daily","F11.1 Exchange Rates","Australian Dollar Trade-weighted Index"
"13756","FXRTWI","Trade-weighted Index May 1970 = 100","AUS","AUS",2018-07-26,63.3,"D","Index","Indicative","RBA","Daily","F11.1 Exchange Rates","Australian Dollar Trade-weighted Index"
"13757","FXRTWI","Trade-weighted Index May 1970 = 100","AUS","AUS",2018-07-27,63.1,"D","Index","Indicative","RBA","Daily","F11.1 Exchange Rates","Australian Dollar Trade-weighted Index"
"13758","FXRTWI","Trade-weighted Index May 1970 = 100","AUS","AUS",2018-07-30,63.3,"D","Index","Indicative","RBA","Daily","F11.1 Exchange Rates","Australian Dollar Trade-weighted Index"
"13759","DLCACS","Credit; Total; Seasonally adjusted","AUS","AUS",2018-07-31,2854.181,"M","$ billion","Seasonally Adjusted","RBA","Monthly","D2 Lending And Credit Aggregates","Credit; Total; Seasonally adjusted – Includes securitisations – For series breaks see Series Breaks"
"13760","FIRMMCRT","Cash Rate Target","AUS","AUS",2018-07-31,1.5,"M","Per cent","Original","RBA","Monthly","F1.1 Interest Rates And Yields - Money Market","Cash Rate Target; monthly average"
"13761","FXRTWI","Trade-weighted Index May 1970 = 100","AUS","AUS",2018-07-31,63.5,"D","Index","Indicative","RBA","Daily","F11.1 Exchange Rates","Australian Dollar Trade-weighted Index"
"13762","FXRTWI","Trade-weighted Index May 1970 = 100","AUS","AUS",2018-07-31,63.5,"M","Index","Indicative","RBA","Monthly","F11 Exchange Rates","Australian Dollar Trade-weighted Index"
"13763","GRCPAISDR","Commodity prices – SDR","AUS","AUS",2018-07-31,69.0663323256578,"M","Index, 2023/24=100","Original","RBA","Monthly","I2 Commodity Prices","Index of commodity prices; All items; SDR"
"13764","A124874157C","Business Turnover Index ; Total of 13 in-scope ANZSIC divisions ; Current Price ;","AUS","AUS",2018-08-01,97.3,"M","Index Numbers","Seasonally Adjusted",NA,"Monthly","Table 01: Business turnover indicator, 13 industry summary - Monthly percentage change and index",NA
"13765","A2718577A","Credits, Total goods ;","AUS","AUS",2018-08-01,29707,"M","$ Millions","Seasonally Adjusted",NA,"Monthly","TABLE 1. GOODS, Summary: Seasonally adjusted and trend estimates, Current prices",NA
"13766","A2718594C","Balance on goods ;","AUS","AUS",2018-08-01,2650,"M","$ Millions","Seasonally Adjusted",NA,"Monthly","TABLE 1. GOODS, Summary: Seasonally adjusted and trend estimates, Current prices",NA
"13767","FXRTWI","Trade-weighted Index May 1970 = 100","AUS","AUS",2018-08-01,63.4,"D","Index","Indicative","RBA","Daily","F11.1 Exchange Rates","Australian Dollar Trade-weighted Index"
"13768","FXRTWI","Trade-weighted Index May 1970 = 100","AUS","AUS",2018-08-02,63.2,"D","Index","Indicative","RBA","Daily","F11.1 Exchange Rates","Australian Dollar Trade-weighted Index"
"13769","FXRTWI","Trade-weighted Index May 1970 = 100","AUS","AUS",2018-08-03,63.3,"D","Index","Indicative","RBA","Daily","F11.1 Exchange Rates","Australian Dollar Trade-weighted Index"
"13770","FXRTWI","Trade-weighted Index May 1970 = 100","AUS","AUS",2018-08-07,63.5,"D","Index","Indicative","RBA","Daily","F11.1 Exchange Rates","Australian Dollar Trade-weighted Index"
"13771","FXRTWI","Trade-weighted Index May 1970 = 100","AUS","AUS",2018-08-08,63.6,"D","Index","Indicative","RBA","Daily","F11.1 Exchange Rates","Australian Dollar Trade-weighted Index"
"13772","FXRTWI","Trade-weighted Index May 1970 = 100","AUS","AUS",2018-08-09,63.7,"D","Index","Indicative","RBA","Daily","F11.1 Exchange Rates","Australian Dollar Trade-weighted Index"
"13773","FXRTWI","Trade-weighted Index May 1970 = 100","AUS","AUS",2018-08-10,63.1,"D","Index","Indicative","RBA","Daily","F11.1 Exchange Rates","Australian Dollar Trade-weighted Index"
"13774","FXRTWI","Trade-weighted Index May 1970 = 100","AUS","AUS",2018-08-13,62.8,"D","Index","Indicative","RBA","Daily","F11.1 Exchange Rates","Australian Dollar Trade-weighted Index"
"13775","FXRTWI","Trade-weighted Index May 1970 = 100","AUS","AUS",2018-08-14,62.7,"D","Index","Indicative","RBA","Daily","F11.1 Exchange Rates","Australian Dollar Trade-weighted Index"
"13776","FXRTWI","Trade-weighted Index May 1970 = 100","AUS","AUS",2018-08-15,62.4,"D","Index","Indicative","RBA","Daily","F11.1 Exchange Rates","Australian Dollar Trade-weighted Index"
"13777","FXRTWI","Trade-weighted Index May 1970 = 100","AUS","AUS",2018-08-16,62.8,"D","Index","Indicative","RBA","Daily","F11.1 Exchange Rates","Australian Dollar Trade-weighted Index"
"13778","FXRTWI","Trade-weighted Index May 1970 = 100","AUS","AUS",2018-08-17,62.8,"D","Index","Indicative","RBA","Daily","F11.1 Exchange Rates","Australian Dollar Trade-weighted Index"
"13779","FXRTWI","Trade-weighted Index May 1970 = 100","AUS","AUS",2018-08-20,62.9,"D","Index","Indicative","RBA","Daily","F11.1 Exchange Rates","Australian Dollar Trade-weighted Index"
"13780","FXRTWI","Trade-weighted Index May 1970 = 100","AUS","AUS",2018-08-21,63.1,"D","Index","Indicative","RBA","Daily","F11.1 Exchange Rates","Australian Dollar Trade-weighted Index"
"13781","FXRTWI","Trade-weighted Index May 1970 = 100","AUS","AUS",2018-08-22,63.1,"D","Index","Indicative","RBA","Daily","F11.1 Exchange Rates","Australian Dollar Trade-weighted Index"
"13782","FXRTWI","Trade-weighted Index May 1970 = 100","AUS","AUS",2018-08-23,62.7,"D","Index","Indicative","RBA","Daily","F11.1 Exchange Rates","Australian Dollar Trade-weighted Index"
"13783","FXRTWI","Trade-weighted Index May 1970 = 100","AUS","AUS",2018-08-24,62.7,"D","Index","Indicative","RBA","Daily","F11.1 Exchange Rates","Australian Dollar Trade-weighted Index"
"13784","FXRTWI","Trade-weighted Index May 1970 = 100","AUS","AUS",2018-08-27,62.7,"D","Index","Indicative","RBA","Daily","F11.1 Exchange Rates","Australian Dollar Trade-weighted Index"
"13785","FXRTWI","Trade-weighted Index May 1970 = 100","AUS","AUS",2018-08-28,62.7,"D","Index","Indicative","RBA","Daily","F11.1 Exchange Rates","Australian Dollar Trade-weighted Index"
"13786","FXRTWI","Trade-weighted Index May 1970 = 100","AUS","AUS",2018-08-29,62.6,"D","Index","Indicative","RBA","Daily","F11.1 Exchange Rates","Australian Dollar Trade-weighted Index"
"13787","FXRTWI","Trade-weighted Index May 1970 = 100","AUS","AUS",2018-08-30,62.4,"D","Index","Indicative","RBA","Daily","F11.1 Exchange Rates","Australian Dollar Trade-weighted Index"
"13788","DLCACS","Credit; Total; Seasonally adjusted","AUS","AUS",2018-08-31,2869.866,"M","$ billion","Seasonally Adjusted","RBA","Monthly","D2 Lending And Credit Aggregates","Credit; Total; Seasonally adjusted – Includes securitisations – For series breaks see Series Breaks"
"13789","FIRMMCRT","Cash Rate Target","AUS","AUS",2018-08-31,1.5,"M","Per cent","Original","RBA","Monthly","F1.1 Interest Rates And Yields - Money Market","Cash Rate Target; monthly average"
"13790","FXRTWI","Trade-weighted Index May 1970 = 100","AUS","AUS",2018-08-31,62.2,"D","Index","Indicative","RBA","Daily","F11.1 Exchange Rates","Australian Dollar Trade-weighted Index"
"13791","FXRTWI","Trade-weighted Index May 1970 = 100","AUS","AUS",2018-08-31,62.2,"M","Index","Indicative","RBA","Monthly","F11 Exchange Rates","Australian Dollar Trade-weighted Index"
"13792","GRCPAISDR","Commodity prices – SDR","AUS","AUS",2018-08-31,69.9080304214425,"M","Index, 2023/24=100","Original","RBA","Monthly","I2 Commodity Prices","Index of commodity prices; All items; SDR"
"13793","A124874157C","Business Turnover Index ; Total of 13 in-scope ANZSIC divisions ; Current Price ;","AUS","AUS",2018-09-01,97.9,"M","Index Numbers","Seasonally Adjusted",NA,"Monthly","Table 01: Business turnover indicator, 13 industry summary - Monthly percentage change and index",NA
"13794","A2302956R","South Australia ; STATE FINAL DEMAND ;","SA","SA",2018-09-01,34118,"Q","$ Millions","Seasonally Adjusted",NA,"Quarterly","Table 25. State Final Demand, Summary Components by State: Chain volume measures",NA
"13795","A2302984X","Western Australia ; STATE FINAL DEMAND ;","WA","WA",2018-09-01,58816,"Q","$ Millions","Seasonally Adjusted",NA,"Quarterly","Table 25. State Final Demand, Summary Components by State: Chain volume measures",NA
"13796","A2303012X","Tasmania ; STATE FINAL DEMAND ;","TAS","TAS",2018-09-01,10404,"Q","$ Millions","Seasonally Adjusted",NA,"Quarterly","Table 25. State Final Demand, Summary Components by State: Chain volume measures",NA
"13797","A2303040J","Northern Territory ; STATE FINAL DEMAND ;","NT","NT",2018-09-01,7288,"Q","$ Millions","Seasonally Adjusted",NA,"Quarterly","Table 25. State Final Demand, Summary Components by State: Chain volume measures",NA
"13798","A2303068K","Australian Capital Territory ; STATE FINAL DEMAND ;","ACT","ACT",2018-09-01,15849,"Q","$ Millions","Seasonally Adjusted",NA,"Quarterly","Table 25. State Final Demand, Summary Components by State: Chain volume measures",NA
"13799","A2303111F","New South Wales ; STATE FINAL DEMAND ;","NSW","NSW",2018-09-01,173585,"Q","$ Millions","Seasonally Adjusted",NA,"Quarterly","Table 25. State Final Demand, Summary Components by State: Chain volume measures",NA
"13800","A2303139J","Victoria ; STATE FINAL DEMAND ;","VIC","VIC",2018-09-01,136662,"Q","$ Millions","Seasonally Adjusted",NA,"Quarterly","Table 25. State Final Demand, Summary Components by State: Chain volume measures",NA
"13801","A2303187A","Queensland ; STATE FINAL DEMAND ;","QLD","QLD",2018-09-01,103309,"Q","$ Millions","Seasonally Adjusted",NA,"Quarterly","Table 25. State Final Demand, Summary Components by State: Chain volume measures",NA
"13802","A2304418T","Gross domestic product: Current prices ;","AUS","AUS",2018-09-01,477585,"Q","$ Millions","Seasonally Adjusted",NA,"Quarterly","Table 1. Key National Accounts Aggregates",NA
"13803","A2325846C","Index Numbers ; All groups CPI ; Australia ;","AUS","AUS",2018-09-01,113.5,"Q","Index Numbers","Original",NA,"Quarterly","TABLES 1 and 2. CPI: All Groups, Index Numbers and Percentage Changes",NA
"13804","A2718577A","Credits, Total goods ;","AUS","AUS",2018-09-01,30070,"M","$ Millions","Seasonally Adjusted",NA,"Monthly","TABLE 1. GOODS, Summary: Seasonally adjusted and trend estimates, Current prices",NA
"13805","A2718594C","Balance on goods ;","AUS","AUS",2018-09-01,3202,"M","$ Millions","Seasonally Adjusted",NA,"Monthly","TABLE 1. GOODS, Summary: Seasonally adjusted and trend estimates, Current prices",NA
"13806","FXRTWI","Trade-weighted Index May 1970 = 100","AUS","AUS",2018-09-03,61.8,"D","Index","Indicative","RBA","Daily","F11.1 Exchange Rates","Australian Dollar Trade-weighted Index"
"13807","FXRTWI","Trade-weighted Index May 1970 = 100","AUS","AUS",2018-09-04,62.1,"D","Index","Indicative","RBA","Daily","F11.1 Exchange Rates","Australian Dollar Trade-weighted Index"
"13808","FXRTWI","Trade-weighted Index May 1970 = 100","AUS","AUS",2018-09-05,61.9,"D","Index","Indicative","RBA","Daily","F11.1 Exchange Rates","Australian Dollar Trade-weighted Index"
"13809","FXRTWI","Trade-weighted Index May 1970 = 100","AUS","AUS",2018-09-06,61.7,"D","Index","Indicative","RBA","Daily","F11.1 Exchange Rates","Australian Dollar Trade-weighted Index"
"13810","FXRTWI","Trade-weighted Index May 1970 = 100","AUS","AUS",2018-09-07,61.5,"D","Index","Indicative","RBA","Daily","F11.1 Exchange Rates","Australian Dollar Trade-weighted Index"
"13811","FXRTWI","Trade-weighted Index May 1970 = 100","AUS","AUS",2018-09-10,61.4,"D","Index","Indicative","RBA","Daily","F11.1 Exchange Rates","Australian Dollar Trade-weighted Index"
"13812","FXRTWI","Trade-weighted Index May 1970 = 100","AUS","AUS",2018-09-11,61.4,"D","Index","Indicative","RBA","Daily","F11.1 Exchange Rates","Australian Dollar Trade-weighted Index"
"13813","FXRTWI","Trade-weighted Index May 1970 = 100","AUS","AUS",2018-09-12,61.3,"D","Index","Indicative","RBA","Daily","F11.1 Exchange Rates","Australian Dollar Trade-weighted Index"
"13814","FXRTWI","Trade-weighted Index May 1970 = 100","AUS","AUS",2018-09-13,61.8,"D","Index","Indicative","RBA","Daily","F11.1 Exchange Rates","Australian Dollar Trade-weighted Index"
"13815","FXRTWI","Trade-weighted Index May 1970 = 100","AUS","AUS",2018-09-14,61.9,"D","Index","Indicative","RBA","Daily","F11.1 Exchange Rates","Australian Dollar Trade-weighted Index"
"13816","FXRTWI","Trade-weighted Index May 1970 = 100","AUS","AUS",2018-09-17,61.7,"D","Index","Indicative","RBA","Daily","F11.1 Exchange Rates","Australian Dollar Trade-weighted Index"
"13817","FXRTWI","Trade-weighted Index May 1970 = 100","AUS","AUS",2018-09-18,62,"D","Index","Indicative","RBA","Daily","F11.1 Exchange Rates","Australian Dollar Trade-weighted Index"
"13818","FXRTWI","Trade-weighted Index May 1970 = 100","AUS","AUS",2018-09-19,62.3,"D","Index","Indicative","RBA","Daily","F11.1 Exchange Rates","Australian Dollar Trade-weighted Index"
"13819","FXRTWI","Trade-weighted Index May 1970 = 100","AUS","AUS",2018-09-20,62.4,"D","Index","Indicative","RBA","Daily","F11.1 Exchange Rates","Australian Dollar Trade-weighted Index"
"13820","FXRTWI","Trade-weighted Index May 1970 = 100","AUS","AUS",2018-09-21,62.5,"D","Index","Indicative","RBA","Daily","F11.1 Exchange Rates","Australian Dollar Trade-weighted Index"
"13821","FXRTWI","Trade-weighted Index May 1970 = 100","AUS","AUS",2018-09-24,62.4,"D","Index","Indicative","RBA","Daily","F11.1 Exchange Rates","Australian Dollar Trade-weighted Index"
"13822","FXRTWI","Trade-weighted Index May 1970 = 100","AUS","AUS",2018-09-25,62.3,"D","Index","Indicative","RBA","Daily","F11.1 Exchange Rates","Australian Dollar Trade-weighted Index"
"13823","FXRTWI","Trade-weighted Index May 1970 = 100","AUS","AUS",2018-09-26,62.5,"D","Index","Indicative","RBA","Daily","F11.1 Exchange Rates","Australian Dollar Trade-weighted Index"
"13824","FXRTWI","Trade-weighted Index May 1970 = 100","AUS","AUS",2018-09-27,62.2,"D","Index","Indicative","RBA","Daily","F11.1 Exchange Rates","Australian Dollar Trade-weighted Index"
"13825","FXRTWI","Trade-weighted Index May 1970 = 100","AUS","AUS",2018-09-28,62.2,"D","Index","Indicative","RBA","Daily","F11.1 Exchange Rates","Australian Dollar Trade-weighted Index"
"13826","FXRTWI","Trade-weighted Index May 1970 = 100","AUS","AUS",2018-09-28,62.2,"M","Index","Indicative","RBA","Monthly","F11 Exchange Rates","Australian Dollar Trade-weighted Index"
"13827","DLCACS","Credit; Total; Seasonally adjusted","AUS","AUS",2018-09-30,2884.147,"M","$ billion","Seasonally Adjusted","RBA","Monthly","D2 Lending And Credit Aggregates","Credit; Total; Seasonally adjusted – Includes securitisations – For series breaks see Series Breaks"
"13828","FIRMMCRT","Cash Rate Target","AUS","AUS",2018-09-30,1.5,"M","Per cent","Original","RBA","Monthly","F1.1 Interest Rates And Yields - Money Market","Cash Rate Target; monthly average"
"13829","GCPIOCPMTMQP","Quarterly trimmed mean inflation","AUS","AUS",2018-09-30,0.4,"Q","Per cent","Seasonally Adjusted","ABS","Quarterly","G1 Consumer Price Inflation","Consumer price index; Trimmed mean; Quarterly change (in per cent)"
"13830","GRCPAISDR","Commodity prices – SDR","AUS","AUS",2018-09-30,71.3566904219157,"M","Index, 2023/24=100","Original","RBA","Monthly","I2 Commodity Prices","Index of commodity prices; All items; SDR"
"13831","A124874157C","Business Turnover Index ; Total of 13 in-scope ANZSIC divisions ; Current Price ;","AUS","AUS",2018-10-01,98.4,"M","Index Numbers","Seasonally Adjusted",NA,"Monthly","Table 01: Business turnover indicator, 13 industry summary - Monthly percentage change and index",NA
"13832","A2718577A","Credits, Total goods ;","AUS","AUS",2018-10-01,30673,"M","$ Millions","Seasonally Adjusted",NA,"Monthly","TABLE 1. GOODS, Summary: Seasonally adjusted and trend estimates, Current prices",NA
"13833","A2718594C","Balance on goods ;","AUS","AUS",2018-10-01,3554,"M","$ Millions","Seasonally Adjusted",NA,"Monthly","TABLE 1. GOODS, Summary: Seasonally adjusted and trend estimates, Current prices",NA
"13834","FXRTWI","Trade-weighted Index May 1970 = 100","AUS","AUS",2018-10-02,62.2,"D","Index","Indicative","RBA","Daily","F11.1 Exchange Rates","Australian Dollar Trade-weighted Index"
"13835","FXRTWI","Trade-weighted Index May 1970 = 100","AUS","AUS",2018-10-03,62,"D","Index","Indicative","RBA","Daily","F11.1 Exchange Rates","Australian Dollar Trade-weighted Index"
"13836","FXRTWI","Trade-weighted Index May 1970 = 100","AUS","AUS",2018-10-04,61.4,"D","Index","Indicative","RBA","Daily","F11.1 Exchange Rates","Australian Dollar Trade-weighted Index"
"13837","FXRTWI","Trade-weighted Index May 1970 = 100","AUS","AUS",2018-10-05,61.2,"D","Index","Indicative","RBA","Daily","F11.1 Exchange Rates","Australian Dollar Trade-weighted Index"
"13838","FXRTWI","Trade-weighted Index May 1970 = 100","AUS","AUS",2018-10-08,61.3,"D","Index","Indicative","RBA","Daily","F11.1 Exchange Rates","Australian Dollar Trade-weighted Index"
"13839","FXRTWI","Trade-weighted Index May 1970 = 100","AUS","AUS",2018-10-09,61.5,"D","Index","Indicative","RBA","Daily","F11.1 Exchange Rates","Australian Dollar Trade-weighted Index"
"13840","FXRTWI","Trade-weighted Index May 1970 = 100","AUS","AUS",2018-10-10,61.8,"D","Index","Indicative","RBA","Daily","F11.1 Exchange Rates","Australian Dollar Trade-weighted Index"
"13841","FXRTWI","Trade-weighted Index May 1970 = 100","AUS","AUS",2018-10-11,61.4,"D","Index","Indicative","RBA","Daily","F11.1 Exchange Rates","Australian Dollar Trade-weighted Index"
"13842","FXRTWI","Trade-weighted Index May 1970 = 100","AUS","AUS",2018-10-12,61.6,"D","Index","Indicative","RBA","Daily","F11.1 Exchange Rates","Australian Dollar Trade-weighted Index"
"13843","FXRTWI","Trade-weighted Index May 1970 = 100","AUS","AUS",2018-10-15,61.6,"D","Index","Indicative","RBA","Daily","F11.1 Exchange Rates","Australian Dollar Trade-weighted Index"
"13844","FXRTWI","Trade-weighted Index May 1970 = 100","AUS","AUS",2018-10-16,61.6,"D","Index","Indicative","RBA","Daily","F11.1 Exchange Rates","Australian Dollar Trade-weighted Index"
"13845","FXRTWI","Trade-weighted Index May 1970 = 100","AUS","AUS",2018-10-17,61.7,"D","Index","Indicative","RBA","Daily","F11.1 Exchange Rates","Australian Dollar Trade-weighted Index"
"13846","FXRTWI","Trade-weighted Index May 1970 = 100","AUS","AUS",2018-10-18,61.8,"D","Index","Indicative","RBA","Daily","F11.1 Exchange Rates","Australian Dollar Trade-weighted Index"
"13847","FXRTWI","Trade-weighted Index May 1970 = 100","AUS","AUS",2018-10-19,61.7,"D","Index","Indicative","RBA","Daily","F11.1 Exchange Rates","Australian Dollar Trade-weighted Index"
"13848","FXRTWI","Trade-weighted Index May 1970 = 100","AUS","AUS",2018-10-22,61.6,"D","Index","Indicative","RBA","Daily","F11.1 Exchange Rates","Australian Dollar Trade-weighted Index"
"13849","FXRTWI","Trade-weighted Index May 1970 = 100","AUS","AUS",2018-10-23,61.4,"D","Index","Indicative","RBA","Daily","F11.1 Exchange Rates","Australian Dollar Trade-weighted Index"
"13850","FXRTWI","Trade-weighted Index May 1970 = 100","AUS","AUS",2018-10-24,61.6,"D","Index","Indicative","RBA","Daily","F11.1 Exchange Rates","Australian Dollar Trade-weighted Index"
"13851","FXRTWI","Trade-weighted Index May 1970 = 100","AUS","AUS",2018-10-25,61.5,"D","Index","Indicative","RBA","Daily","F11.1 Exchange Rates","Australian Dollar Trade-weighted Index"
"13852","FXRTWI","Trade-weighted Index May 1970 = 100","AUS","AUS",2018-10-26,61.3,"D","Index","Indicative","RBA","Daily","F11.1 Exchange Rates","Australian Dollar Trade-weighted Index"
"13853","FXRTWI","Trade-weighted Index May 1970 = 100","AUS","AUS",2018-10-29,61.8,"D","Index","Indicative","RBA","Daily","F11.1 Exchange Rates","Australian Dollar Trade-weighted Index"
"13854","FXRTWI","Trade-weighted Index May 1970 = 100","AUS","AUS",2018-10-30,61.8,"D","Index","Indicative","RBA","Daily","F11.1 Exchange Rates","Australian Dollar Trade-weighted Index"
"13855","DLCACS","Credit; Total; Seasonally adjusted","AUS","AUS",2018-10-31,2894.644,"M","$ billion","Seasonally Adjusted","RBA","Monthly","D2 Lending And Credit Aggregates","Credit; Total; Seasonally adjusted – Includes securitisations – For series breaks see Series Breaks"
"13856","FIRMMCRT","Cash Rate Target","AUS","AUS",2018-10-31,1.5,"M","Per cent","Original","RBA","Monthly","F1.1 Interest Rates And Yields - Money Market","Cash Rate Target; monthly average"
"13857","FXRTWI","Trade-weighted Index May 1970 = 100","AUS","AUS",2018-10-31,61.9,"D","Index","Indicative","RBA","Daily","F11.1 Exchange Rates","Australian Dollar Trade-weighted Index"
"13858","FXRTWI","Trade-weighted Index May 1970 = 100","AUS","AUS",2018-10-31,61.9,"M","Index","Indicative","RBA","Monthly","F11 Exchange Rates","Australian Dollar Trade-weighted Index"
"13859","GRCPAISDR","Commodity prices – SDR","AUS","AUS",2018-10-31,72.9350228772875,"M","Index, 2023/24=100","Original","RBA","Monthly","I2 Commodity Prices","Index of commodity prices; All items; SDR"
"13860","A124874157C","Business Turnover Index ; Total of 13 in-scope ANZSIC divisions ; Current Price ;","AUS","AUS",2018-11-01,97.1,"M","Index Numbers","Seasonally Adjusted",NA,"Monthly","Table 01: Business turnover indicator, 13 industry summary - Monthly percentage change and index",NA
"13861","A2718577A","Credits, Total goods ;","AUS","AUS",2018-11-01,30513,"M","$ Millions","Seasonally Adjusted",NA,"Monthly","TABLE 1. GOODS, Summary: Seasonally adjusted and trend estimates, Current prices",NA
"13862","A2718594C","Balance on goods ;","AUS","AUS",2018-11-01,3249,"M","$ Millions","Seasonally Adjusted",NA,"Monthly","TABLE 1. GOODS, Summary: Seasonally adjusted and trend estimates, Current prices",NA
"13863","FXRTWI","Trade-weighted Index May 1970 = 100","AUS","AUS",2018-11-01,62.1,"D","Index","Indicative","RBA","Daily","F11.1 Exchange Rates","Australian Dollar Trade-weighted Index"
"13864","FXRTWI","Trade-weighted Index May 1970 = 100","AUS","AUS",2018-11-02,62.8,"D","Index","Indicative","RBA","Daily","F11.1 Exchange Rates","Australian Dollar Trade-weighted Index"
"13865","FXRTWI","Trade-weighted Index May 1970 = 100","AUS","AUS",2018-11-05,62.3,"D","Index","Indicative","RBA","Daily","F11.1 Exchange Rates","Australian Dollar Trade-weighted Index"
"13866","FXRTWI","Trade-weighted Index May 1970 = 100","AUS","AUS",2018-11-06,62.6,"D","Index","Indicative","RBA","Daily","F11.1 Exchange Rates","Australian Dollar Trade-weighted Index"
"13867","FXRTWI","Trade-weighted Index May 1970 = 100","AUS","AUS",2018-11-07,62.8,"D","Index","Indicative","RBA","Daily","F11.1 Exchange Rates","Australian Dollar Trade-weighted Index"
"13868","FXRTWI","Trade-weighted Index May 1970 = 100","AUS","AUS",2018-11-08,63,"D","Index","Indicative","RBA","Daily","F11.1 Exchange Rates","Australian Dollar Trade-weighted Index"
"13869","FXRTWI","Trade-weighted Index May 1970 = 100","AUS","AUS",2018-11-09,62.9,"D","Index","Indicative","RBA","Daily","F11.1 Exchange Rates","Australian Dollar Trade-weighted Index"
"13870","FXRTWI","Trade-weighted Index May 1970 = 100","AUS","AUS",2018-11-12,62.9,"D","Index","Indicative","RBA","Daily","F11.1 Exchange Rates","Australian Dollar Trade-weighted Index"
"13871","FXRTWI","Trade-weighted Index May 1970 = 100","AUS","AUS",2018-11-13,62.8,"D","Index","Indicative","RBA","Daily","F11.1 Exchange Rates","Australian Dollar Trade-weighted Index"
"13872","FXRTWI","Trade-weighted Index May 1970 = 100","AUS","AUS",2018-11-14,62.7,"D","Index","Indicative","RBA","Daily","F11.1 Exchange Rates","Australian Dollar Trade-weighted Index"
"13873","FXRTWI","Trade-weighted Index May 1970 = 100","AUS","AUS",2018-11-15,63.1,"D","Index","Indicative","RBA","Daily","F11.1 Exchange Rates","Australian Dollar Trade-weighted Index"
"13874","FXRTWI","Trade-weighted Index May 1970 = 100","AUS","AUS",2018-11-16,63.1,"D","Index","Indicative","RBA","Daily","F11.1 Exchange Rates","Australian Dollar Trade-weighted Index"
"13875","FXRTWI","Trade-weighted Index May 1970 = 100","AUS","AUS",2018-11-19,63.3,"D","Index","Indicative","RBA","Daily","F11.1 Exchange Rates","Australian Dollar Trade-weighted Index"
"13876","FXRTWI","Trade-weighted Index May 1970 = 100","AUS","AUS",2018-11-20,62.9,"D","Index","Indicative","RBA","Daily","F11.1 Exchange Rates","Australian Dollar Trade-weighted Index"
"13877","FXRTWI","Trade-weighted Index May 1970 = 100","AUS","AUS",2018-11-21,62.7,"D","Index","Indicative","RBA","Daily","F11.1 Exchange Rates","Australian Dollar Trade-weighted Index"
"13878","FXRTWI","Trade-weighted Index May 1970 = 100","AUS","AUS",2018-11-22,62.8,"D","Index","Indicative","RBA","Daily","F11.1 Exchange Rates","Australian Dollar Trade-weighted Index"
"13879","FXRTWI","Trade-weighted Index May 1970 = 100","AUS","AUS",2018-11-23,62.8,"D","Index","Indicative","RBA","Daily","F11.1 Exchange Rates","Australian Dollar Trade-weighted Index"
"13880","FXRTWI","Trade-weighted Index May 1970 = 100","AUS","AUS",2018-11-26,62.8,"D","Index","Indicative","RBA","Daily","F11.1 Exchange Rates","Australian Dollar Trade-weighted Index"
"13881","FXRTWI","Trade-weighted Index May 1970 = 100","AUS","AUS",2018-11-27,62.7,"D","Index","Indicative","RBA","Daily","F11.1 Exchange Rates","Australian Dollar Trade-weighted Index"
"13882","FXRTWI","Trade-weighted Index May 1970 = 100","AUS","AUS",2018-11-28,62.8,"D","Index","Indicative","RBA","Daily","F11.1 Exchange Rates","Australian Dollar Trade-weighted Index"
"13883","FXRTWI","Trade-weighted Index May 1970 = 100","AUS","AUS",2018-11-29,63.2,"D","Index","Indicative","RBA","Daily","F11.1 Exchange Rates","Australian Dollar Trade-weighted Index"
"13884","DLCACS","Credit; Total; Seasonally adjusted","AUS","AUS",2018-11-30,2903.917,"M","$ billion","Seasonally Adjusted","RBA","Monthly","D2 Lending And Credit Aggregates","Credit; Total; Seasonally adjusted – Includes securitisations – For series breaks see Series Breaks"
"13885","FIRMMCRT","Cash Rate Target","AUS","AUS",2018-11-30,1.5,"M","Per cent","Original","RBA","Monthly","F1.1 Interest Rates And Yields - Money Market","Cash Rate Target; monthly average"
"13886","FXRTWI","Trade-weighted Index May 1970 = 100","AUS","AUS",2018-11-30,63.3,"D","Index","Indicative","RBA","Daily","F11.1 Exchange Rates","Australian Dollar Trade-weighted Index"
"13887","FXRTWI","Trade-weighted Index May 1970 = 100","AUS","AUS",2018-11-30,63.3,"M","Index","Indicative","RBA","Monthly","F11 Exchange Rates","Australian Dollar Trade-weighted Index"
"13888","GRCPAISDR","Commodity prices – SDR","AUS","AUS",2018-11-30,73.3077637077496,"M","Index, 2023/24=100","Original","RBA","Monthly","I2 Commodity Prices","Index of commodity prices; All items; SDR"
"13889","A124874157C","Business Turnover Index ; Total of 13 in-scope ANZSIC divisions ; Current Price ;","AUS","AUS",2018-12-01,95.9,"M","Index Numbers","Seasonally Adjusted",NA,"Monthly","Table 01: Business turnover indicator, 13 industry summary - Monthly percentage change and index",NA
"13890","A2302956R","South Australia ; STATE FINAL DEMAND ;","SA","SA",2018-12-01,34442,"Q","$ Millions","Seasonally Adjusted",NA,"Quarterly","Table 25. State Final Demand, Summary Components by State: Chain volume measures",NA
"13891","A2302984X","Western Australia ; STATE FINAL DEMAND ;","WA","WA",2018-12-01,58414,"Q","$ Millions","Seasonally Adjusted",NA,"Quarterly","Table 25. State Final Demand, Summary Components by State: Chain volume measures",NA
"13892","A2303012X","Tasmania ; STATE FINAL DEMAND ;","TAS","TAS",2018-12-01,10510,"Q","$ Millions","Seasonally Adjusted",NA,"Quarterly","Table 25. State Final Demand, Summary Components by State: Chain volume measures",NA
"13893","A2303040J","Northern Territory ; STATE FINAL DEMAND ;","NT","NT",2018-12-01,7082,"Q","$ Millions","Seasonally Adjusted",NA,"Quarterly","Table 25. State Final Demand, Summary Components by State: Chain volume measures",NA
"13894","A2303068K","Australian Capital Territory ; STATE FINAL DEMAND ;","ACT","ACT",2018-12-01,16136,"Q","$ Millions","Seasonally Adjusted",NA,"Quarterly","Table 25. State Final Demand, Summary Components by State: Chain volume measures",NA
"13895","A2303111F","New South Wales ; STATE FINAL DEMAND ;","NSW","NSW",2018-12-01,172337,"Q","$ Millions","Seasonally Adjusted",NA,"Quarterly","Table 25. State Final Demand, Summary Components by State: Chain volume measures",NA
"13896","A2303139J","Victoria ; STATE FINAL DEMAND ;","VIC","VIC",2018-12-01,137731,"Q","$ Millions","Seasonally Adjusted",NA,"Quarterly","Table 25. State Final Demand, Summary Components by State: Chain volume measures",NA
"13897","A2303187A","Queensland ; STATE FINAL DEMAND ;","QLD","QLD",2018-12-01,103638,"Q","$ Millions","Seasonally Adjusted",NA,"Quarterly","Table 25. State Final Demand, Summary Components by State: Chain volume measures",NA
"13898","A2304418T","Gross domestic product: Current prices ;","AUS","AUS",2018-12-01,482377,"Q","$ Millions","Seasonally Adjusted",NA,"Quarterly","Table 1. Key National Accounts Aggregates",NA
"13899","A2325846C","Index Numbers ; All groups CPI ; Australia ;","AUS","AUS",2018-12-01,114.1,"Q","Index Numbers","Original",NA,"Quarterly","TABLES 1 and 2. CPI: All Groups, Index Numbers and Percentage Changes",NA
"13900","A2718577A","Credits, Total goods ;","AUS","AUS",2018-12-01,30112,"M","$ Millions","Seasonally Adjusted",NA,"Monthly","TABLE 1. GOODS, Summary: Seasonally adjusted and trend estimates, Current prices",NA
"13901","A2718594C","Balance on goods ;","AUS","AUS",2018-12-01,4819,"M","$ Millions","Seasonally Adjusted",NA,"Monthly","TABLE 1. GOODS, Summary: Seasonally adjusted and trend estimates, Current prices",NA
"13902","FXRTWI","Trade-weighted Index May 1970 = 100","AUS","AUS",2018-12-03,63.6,"D","Index","Indicative","RBA","Daily","F11.1 Exchange Rates","Australian Dollar Trade-weighted Index"
"13903","FXRTWI","Trade-weighted Index May 1970 = 100","AUS","AUS",2018-12-04,63.4,"D","Index","Indicative","RBA","Daily","F11.1 Exchange Rates","Australian Dollar Trade-weighted Index"
"13904","FXRTWI","Trade-weighted Index May 1970 = 100","AUS","AUS",2018-12-05,62.8,"D","Index","Indicative","RBA","Daily","F11.1 Exchange Rates","Australian Dollar Trade-weighted Index"
"13905","FXRTWI","Trade-weighted Index May 1970 = 100","AUS","AUS",2018-12-06,62.4,"D","Index","Indicative","RBA","Daily","F11.1 Exchange Rates","Australian Dollar Trade-weighted Index"
"13906","FXRTWI","Trade-weighted Index May 1970 = 100","AUS","AUS",2018-12-07,62.4,"D","Index","Indicative","RBA","Daily","F11.1 Exchange Rates","Australian Dollar Trade-weighted Index"
"13907","FXRTWI","Trade-weighted Index May 1970 = 100","AUS","AUS",2018-12-10,62.3,"D","Index","Indicative","RBA","Daily","F11.1 Exchange Rates","Australian Dollar Trade-weighted Index"
"13908","FXRTWI","Trade-weighted Index May 1970 = 100","AUS","AUS",2018-12-11,62.4,"D","Index","Indicative","RBA","Daily","F11.1 Exchange Rates","Australian Dollar Trade-weighted Index"
"13909","FXRTWI","Trade-weighted Index May 1970 = 100","AUS","AUS",2018-12-12,62.5,"D","Index","Indicative","RBA","Daily","F11.1 Exchange Rates","Australian Dollar Trade-weighted Index"
"13910","FXRTWI","Trade-weighted Index May 1970 = 100","AUS","AUS",2018-12-13,62.5,"D","Index","Indicative","RBA","Daily","F11.1 Exchange Rates","Australian Dollar Trade-weighted Index"
"13911","FXRTWI","Trade-weighted Index May 1970 = 100","AUS","AUS",2018-12-14,62.2,"D","Index","Indicative","RBA","Daily","F11.1 Exchange Rates","Australian Dollar Trade-weighted Index"
"13912","FXRTWI","Trade-weighted Index May 1970 = 100","AUS","AUS",2018-12-17,62.2,"D","Index","Indicative","RBA","Daily","F11.1 Exchange Rates","Australian Dollar Trade-weighted Index"
"13913","FXRTWI","Trade-weighted Index May 1970 = 100","AUS","AUS",2018-12-18,62.2,"D","Index","Indicative","RBA","Daily","F11.1 Exchange Rates","Australian Dollar Trade-weighted Index"
"13914","FXRTWI","Trade-weighted Index May 1970 = 100","AUS","AUS",2018-12-19,62.1,"D","Index","Indicative","RBA","Daily","F11.1 Exchange Rates","Australian Dollar Trade-weighted Index"
"13915","FXRTWI","Trade-weighted Index May 1970 = 100","AUS","AUS",2018-12-20,61.4,"D","Index","Indicative","RBA","Daily","F11.1 Exchange Rates","Australian Dollar Trade-weighted Index"
"13916","FXRTWI","Trade-weighted Index May 1970 = 100","AUS","AUS",2018-12-21,61.3,"D","Index","Indicative","RBA","Daily","F11.1 Exchange Rates","Australian Dollar Trade-weighted Index"
"13917","FXRTWI","Trade-weighted Index May 1970 = 100","AUS","AUS",2018-12-24,61,"D","Index","Indicative","RBA","Daily","F11.1 Exchange Rates","Australian Dollar Trade-weighted Index"
"13918","FXRTWI","Trade-weighted Index May 1970 = 100","AUS","AUS",2018-12-27,60.9,"D","Index","Indicative","RBA","Daily","F11.1 Exchange Rates","Australian Dollar Trade-weighted Index"
"13919","FXRTWI","Trade-weighted Index May 1970 = 100","AUS","AUS",2018-12-28,60.6,"D","Index","Indicative","RBA","Daily","F11.1 Exchange Rates","Australian Dollar Trade-weighted Index"
"13920","DLCACS","Credit; Total; Seasonally adjusted","AUS","AUS",2018-12-31,2911.481,"M","$ billion","Seasonally Adjusted","RBA","Monthly","D2 Lending And Credit Aggregates","Credit; Total; Seasonally adjusted – Includes securitisations – For series breaks see Series Breaks"
"13921","FIRMMCRT","Cash Rate Target","AUS","AUS",2018-12-31,1.5,"M","Per cent","Original","RBA","Monthly","F1.1 Interest Rates And Yields - Money Market","Cash Rate Target; monthly average"
"13922","FXRTWI","Trade-weighted Index May 1970 = 100","AUS","AUS",2018-12-31,60.7,"D","Index","Indicative","RBA","Daily","F11.1 Exchange Rates","Australian Dollar Trade-weighted Index"
"13923","FXRTWI","Trade-weighted Index May 1970 = 100","AUS","AUS",2018-12-31,60.7,"M","Index","Indicative","RBA","Monthly","F11 Exchange Rates","Australian Dollar Trade-weighted Index"
"13924","GCPIOCPMTMQP","Quarterly trimmed mean inflation","AUS","AUS",2018-12-31,0.5,"Q","Per cent","Seasonally Adjusted","ABS","Quarterly","G1 Consumer Price Inflation","Consumer price index; Trimmed mean; Quarterly change (in per cent)"
"13925","GRCPAISDR","Commodity prices – SDR","AUS","AUS",2018-12-31,71.701317941227,"M","Index, 2023/24=100","Original","RBA","Monthly","I2 Commodity Prices","Index of commodity prices; All items; SDR"
"13926","A124874157C","Business Turnover Index ; Total of 13 in-scope ANZSIC divisions ; Current Price ;","AUS","AUS",2019-01-01,97.2,"M","Index Numbers","Seasonally Adjusted",NA,"Monthly","Table 01: Business turnover indicator, 13 industry summary - Monthly percentage change and index",NA
"13927","A2718577A","Credits, Total goods ;","AUS","AUS",2019-01-01,31642,"M","$ Millions","Seasonally Adjusted",NA,"Monthly","TABLE 1. GOODS, Summary: Seasonally adjusted and trend estimates, Current prices",NA
"13928","A2718594C","Balance on goods ;","AUS","AUS",2019-01-01,4630,"M","$ Millions","Seasonally Adjusted",NA,"Monthly","TABLE 1. GOODS, Summary: Seasonally adjusted and trend estimates, Current prices",NA
"13929","FXRTWI","Trade-weighted Index May 1970 = 100","AUS","AUS",2019-01-02,60.3,"D","Index","Indicative","RBA","Daily","F11.1 Exchange Rates","Australian Dollar Trade-weighted Index"
"13930","FXRTWI","Trade-weighted Index May 1970 = 100","AUS","AUS",2019-01-03,59.7,"D","Index","Indicative","RBA","Daily","F11.1 Exchange Rates","Australian Dollar Trade-weighted Index"
"13931","FXRTWI","Trade-weighted Index May 1970 = 100","AUS","AUS",2019-01-04,60.3,"D","Index","Indicative","RBA","Daily","F11.1 Exchange Rates","Australian Dollar Trade-weighted Index"
"13932","FXRTWI","Trade-weighted Index May 1970 = 100","AUS","AUS",2019-01-07,61,"D","Index","Indicative","RBA","Daily","F11.1 Exchange Rates","Australian Dollar Trade-weighted Index"
"13933","FXRTWI","Trade-weighted Index May 1970 = 100","AUS","AUS",2019-01-08,61.1,"D","Index","Indicative","RBA","Daily","F11.1 Exchange Rates","Australian Dollar Trade-weighted Index"
"13934","FXRTWI","Trade-weighted Index May 1970 = 100","AUS","AUS",2019-01-09,61.2,"D","Index","Indicative","RBA","Daily","F11.1 Exchange Rates","Australian Dollar Trade-weighted Index"
"13935","FXRTWI","Trade-weighted Index May 1970 = 100","AUS","AUS",2019-01-10,61.2,"D","Index","Indicative","RBA","Daily","F11.1 Exchange Rates","Australian Dollar Trade-weighted Index"
"13936","FXRTWI","Trade-weighted Index May 1970 = 100","AUS","AUS",2019-01-11,61.4,"D","Index","Indicative","RBA","Daily","F11.1 Exchange Rates","Australian Dollar Trade-weighted Index"
"13937","FXRTWI","Trade-weighted Index May 1970 = 100","AUS","AUS",2019-01-14,61.2,"D","Index","Indicative","RBA","Daily","F11.1 Exchange Rates","Australian Dollar Trade-weighted Index"
"13938","FXRTWI","Trade-weighted Index May 1970 = 100","AUS","AUS",2019-01-15,61.4,"D","Index","Indicative","RBA","Daily","F11.1 Exchange Rates","Australian Dollar Trade-weighted Index"
"13939","FXRTWI","Trade-weighted Index May 1970 = 100","AUS","AUS",2019-01-16,61.4,"D","Index","Indicative","RBA","Daily","F11.1 Exchange Rates","Australian Dollar Trade-weighted Index"
"13940","FXRTWI","Trade-weighted Index May 1970 = 100","AUS","AUS",2019-01-17,61.1,"D","Index","Indicative","RBA","Daily","F11.1 Exchange Rates","Australian Dollar Trade-weighted Index"
"13941","FXRTWI","Trade-weighted Index May 1970 = 100","AUS","AUS",2019-01-18,61.5,"D","Index","Indicative","RBA","Daily","F11.1 Exchange Rates","Australian Dollar Trade-weighted Index"
"13942","FXRTWI","Trade-weighted Index May 1970 = 100","AUS","AUS",2019-01-21,61.4,"D","Index","Indicative","RBA","Daily","F11.1 Exchange Rates","Australian Dollar Trade-weighted Index"
"13943","FXRTWI","Trade-weighted Index May 1970 = 100","AUS","AUS",2019-01-22,61.2,"D","Index","Indicative","RBA","Daily","F11.1 Exchange Rates","Australian Dollar Trade-weighted Index"
"13944","FXRTWI","Trade-weighted Index May 1970 = 100","AUS","AUS",2019-01-23,61.1,"D","Index","Indicative","RBA","Daily","F11.1 Exchange Rates","Australian Dollar Trade-weighted Index"
"13945","FXRTWI","Trade-weighted Index May 1970 = 100","AUS","AUS",2019-01-24,60.8,"D","Index","Indicative","RBA","Daily","F11.1 Exchange Rates","Australian Dollar Trade-weighted Index"
"13946","FXRTWI","Trade-weighted Index May 1970 = 100","AUS","AUS",2019-01-25,60.7,"D","Index","Indicative","RBA","Daily","F11.1 Exchange Rates","Australian Dollar Trade-weighted Index"
"13947","FXRTWI","Trade-weighted Index May 1970 = 100","AUS","AUS",2019-01-29,61,"D","Index","Indicative","RBA","Daily","F11.1 Exchange Rates","Australian Dollar Trade-weighted Index"
"13948","FXRTWI","Trade-weighted Index May 1970 = 100","AUS","AUS",2019-01-30,61.2,"D","Index","Indicative","RBA","Daily","F11.1 Exchange Rates","Australian Dollar Trade-weighted Index"
"13949","DLCACS","Credit; Total; Seasonally adjusted","AUS","AUS",2019-01-31,2917.355,"M","$ billion","Seasonally Adjusted","RBA","Monthly","D2 Lending And Credit Aggregates","Credit; Total; Seasonally adjusted – Includes securitisations – For series breaks see Series Breaks"
"13950","FIRMMCRT","Cash Rate Target","AUS","AUS",2019-01-31,1.5,"M","Per cent","Original","RBA","Monthly","F1.1 Interest Rates And Yields - Money Market","Cash Rate Target; monthly average"
"13951","FXRTWI","Trade-weighted Index May 1970 = 100","AUS","AUS",2019-01-31,61.6,"D","Index","Indicative","RBA","Daily","F11.1 Exchange Rates","Australian Dollar Trade-weighted Index"
"13952","FXRTWI","Trade-weighted Index May 1970 = 100","AUS","AUS",2019-01-31,61.6,"M","Index","Indicative","RBA","Monthly","F11 Exchange Rates","Australian Dollar Trade-weighted Index"
"13953","GRCPAISDR","Commodity prices – SDR","AUS","AUS",2019-01-31,73.5623658800602,"M","Index, 2023/24=100","Original","RBA","Monthly","I2 Commodity Prices","Index of commodity prices; All items; SDR"
"13954","A124874157C","Business Turnover Index ; Total of 13 in-scope ANZSIC divisions ; Current Price ;","AUS","AUS",2019-02-01,99.4,"M","Index Numbers","Seasonally Adjusted",NA,"Monthly","Table 01: Business turnover indicator, 13 industry summary - Monthly percentage change and index",NA
"13955","A2718577A","Credits, Total goods ;","AUS","AUS",2019-02-01,31480,"M","$ Millions","Seasonally Adjusted",NA,"Monthly","TABLE 1. GOODS, Summary: Seasonally adjusted and trend estimates, Current prices",NA
"13956","A2718594C","Balance on goods ;","AUS","AUS",2019-02-01,4627,"M","$ Millions","Seasonally Adjusted",NA,"Monthly","TABLE 1. GOODS, Summary: Seasonally adjusted and trend estimates, Current prices",NA
"13957","FXRTWI","Trade-weighted Index May 1970 = 100","AUS","AUS",2019-02-01,61.5,"D","Index","Indicative","RBA","Daily","F11.1 Exchange Rates","Australian Dollar Trade-weighted Index"
"13958","FXRTWI","Trade-weighted Index May 1970 = 100","AUS","AUS",2019-02-04,61.5,"D","Index","Indicative","RBA","Daily","F11.1 Exchange Rates","Australian Dollar Trade-weighted Index"
"13959","FXRTWI","Trade-weighted Index May 1970 = 100","AUS","AUS",2019-02-05,61.8,"D","Index","Indicative","RBA","Daily","F11.1 Exchange Rates","Australian Dollar Trade-weighted Index"
"13960","FXRTWI","Trade-weighted Index May 1970 = 100","AUS","AUS",2019-02-06,60.9,"D","Index","Indicative","RBA","Daily","F11.1 Exchange Rates","Australian Dollar Trade-weighted Index"
"13961","FXRTWI","Trade-weighted Index May 1970 = 100","AUS","AUS",2019-02-07,60.6,"D","Index","Indicative","RBA","Daily","F11.1 Exchange Rates","Australian Dollar Trade-weighted Index"
"13962","FXRTWI","Trade-weighted Index May 1970 = 100","AUS","AUS",2019-02-08,60.4,"D","Index","Indicative","RBA","Daily","F11.1 Exchange Rates","Australian Dollar Trade-weighted Index"
"13963","FXRTWI","Trade-weighted Index May 1970 = 100","AUS","AUS",2019-02-11,60.7,"D","Index","Indicative","RBA","Daily","F11.1 Exchange Rates","Australian Dollar Trade-weighted Index"
"13964","FXRTWI","Trade-weighted Index May 1970 = 100","AUS","AUS",2019-02-12,60.6,"D","Index","Indicative","RBA","Daily","F11.1 Exchange Rates","Australian Dollar Trade-weighted Index"
"13965","FXRTWI","Trade-weighted Index May 1970 = 100","AUS","AUS",2019-02-13,60.9,"D","Index","Indicative","RBA","Daily","F11.1 Exchange Rates","Australian Dollar Trade-weighted Index"
"13966","FXRTWI","Trade-weighted Index May 1970 = 100","AUS","AUS",2019-02-14,60.9,"D","Index","Indicative","RBA","Daily","F11.1 Exchange Rates","Australian Dollar Trade-weighted Index"
"13967","FXRTWI","Trade-weighted Index May 1970 = 100","AUS","AUS",2019-02-15,60.7,"D","Index","Indicative","RBA","Daily","F11.1 Exchange Rates","Australian Dollar Trade-weighted Index"
"13968","FXRTWI","Trade-weighted Index May 1970 = 100","AUS","AUS",2019-02-18,61.1,"D","Index","Indicative","RBA","Daily","F11.1 Exchange Rates","Australian Dollar Trade-weighted Index"
"13969","FXRTWI","Trade-weighted Index May 1970 = 100","AUS","AUS",2019-02-19,60.9,"D","Index","Indicative","RBA","Daily","F11.1 Exchange Rates","Australian Dollar Trade-weighted Index"
"13970","FXRTWI","Trade-weighted Index May 1970 = 100","AUS","AUS",2019-02-20,61,"D","Index","Indicative","RBA","Daily","F11.1 Exchange Rates","Australian Dollar Trade-weighted Index"
"13971","FXRTWI","Trade-weighted Index May 1970 = 100","AUS","AUS",2019-02-21,61,"D","Index","Indicative","RBA","Daily","F11.1 Exchange Rates","Australian Dollar Trade-weighted Index"
"13972","FXRTWI","Trade-weighted Index May 1970 = 100","AUS","AUS",2019-02-22,60.5,"D","Index","Indicative","RBA","Daily","F11.1 Exchange Rates","Australian Dollar Trade-weighted Index"
"13973","FXRTWI","Trade-weighted Index May 1970 = 100","AUS","AUS",2019-02-25,60.8,"D","Index","Indicative","RBA","Daily","F11.1 Exchange Rates","Australian Dollar Trade-weighted Index"
"13974","FXRTWI","Trade-weighted Index May 1970 = 100","AUS","AUS",2019-02-26,60.9,"D","Index","Indicative","RBA","Daily","F11.1 Exchange Rates","Australian Dollar Trade-weighted Index"
"13975","FXRTWI","Trade-weighted Index May 1970 = 100","AUS","AUS",2019-02-27,61,"D","Index","Indicative","RBA","Daily","F11.1 Exchange Rates","Australian Dollar Trade-weighted Index"
"13976","DLCACS","Credit; Total; Seasonally adjusted","AUS","AUS",2019-02-28,2922.797,"M","$ billion","Seasonally Adjusted","RBA","Monthly","D2 Lending And Credit Aggregates","Credit; Total; Seasonally adjusted – Includes securitisations – For series breaks see Series Breaks"
"13977","FIRMMCRT","Cash Rate Target","AUS","AUS",2019-02-28,1.5,"M","Per cent","Original","RBA","Monthly","F1.1 Interest Rates And Yields - Money Market","Cash Rate Target; monthly average"
"13978","FXRTWI","Trade-weighted Index May 1970 = 100","AUS","AUS",2019-02-28,60.7,"D","Index","Indicative","RBA","Daily","F11.1 Exchange Rates","Australian Dollar Trade-weighted Index"
"13979","FXRTWI","Trade-weighted Index May 1970 = 100","AUS","AUS",2019-02-28,60.7,"M","Index","Indicative","RBA","Monthly","F11 Exchange Rates","Australian Dollar Trade-weighted Index"
"13980","GRCPAISDR","Commodity prices – SDR","AUS","AUS",2019-02-28,75.8633819848324,"M","Index, 2023/24=100","Original","RBA","Monthly","I2 Commodity Prices","Index of commodity prices; All items; SDR"
"13981","A124874157C","Business Turnover Index ; Total of 13 in-scope ANZSIC divisions ; Current Price ;","AUS","AUS",2019-03-01,98.6,"M","Index Numbers","Seasonally Adjusted",NA,"Monthly","Table 01: Business turnover indicator, 13 industry summary - Monthly percentage change and index",NA
"13982","A2302956R","South Australia ; STATE FINAL DEMAND ;","SA","SA",2019-03-01,34386,"Q","$ Millions","Seasonally Adjusted",NA,"Quarterly","Table 25. State Final Demand, Summary Components by State: Chain volume measures",NA
"13983","A2302984X","Western Australia ; STATE FINAL DEMAND ;","WA","WA",2019-03-01,57829,"Q","$ Millions","Seasonally Adjusted",NA,"Quarterly","Table 25. State Final Demand, Summary Components by State: Chain volume measures",NA
"13984","A2303012X","Tasmania ; STATE FINAL DEMAND ;","TAS","TAS",2019-03-01,10603,"Q","$ Millions","Seasonally Adjusted",NA,"Quarterly","Table 25. State Final Demand, Summary Components by State: Chain volume measures",NA
"13985","A2303040J","Northern Territory ; STATE FINAL DEMAND ;","NT","NT",2019-03-01,6916,"Q","$ Millions","Seasonally Adjusted",NA,"Quarterly","Table 25. State Final Demand, Summary Components by State: Chain volume measures",NA
"13986","A2303068K","Australian Capital Territory ; STATE FINAL DEMAND ;","ACT","ACT",2019-03-01,16182,"Q","$ Millions","Seasonally Adjusted",NA,"Quarterly","Table 25. State Final Demand, Summary Components by State: Chain volume measures",NA
"13987","A2303111F","New South Wales ; STATE FINAL DEMAND ;","NSW","NSW",2019-03-01,173271,"Q","$ Millions","Seasonally Adjusted",NA,"Quarterly","Table 25. State Final Demand, Summary Components by State: Chain volume measures",NA
"13988","A2303139J","Victoria ; STATE FINAL DEMAND ;","VIC","VIC",2019-03-01,137628,"Q","$ Millions","Seasonally Adjusted",NA,"Quarterly","Table 25. State Final Demand, Summary Components by State: Chain volume measures",NA
"13989","A2303187A","Queensland ; STATE FINAL DEMAND ;","QLD","QLD",2019-03-01,104166,"Q","$ Millions","Seasonally Adjusted",NA,"Quarterly","Table 25. State Final Demand, Summary Components by State: Chain volume measures",NA
"13990","A2304418T","Gross domestic product: Current prices ;","AUS","AUS",2019-03-01,489582,"Q","$ Millions","Seasonally Adjusted",NA,"Quarterly","Table 1. Key National Accounts Aggregates",NA
"13991","A2325846C","Index Numbers ; All groups CPI ; Australia ;","AUS","AUS",2019-03-01,114.1,"Q","Index Numbers","Original",NA,"Quarterly","TABLES 1 and 2. CPI: All Groups, Index Numbers and Percentage Changes",NA
"13992","A2718577A","Credits, Total goods ;","AUS","AUS",2019-03-01,30396,"M","$ Millions","Seasonally Adjusted",NA,"Monthly","TABLE 1. GOODS, Summary: Seasonally adjusted and trend estimates, Current prices",NA
"13993","A2718594C","Balance on goods ;","AUS","AUS",2019-03-01,4093,"M","$ Millions","Seasonally Adjusted",NA,"Monthly","TABLE 1. GOODS, Summary: Seasonally adjusted and trend estimates, Current prices",NA
"13994","FXRTWI","Trade-weighted Index May 1970 = 100","AUS","AUS",2019-03-01,60.4,"D","Index","Indicative","RBA","Daily","F11.1 Exchange Rates","Australian Dollar Trade-weighted Index"
"13995","FXRTWI","Trade-weighted Index May 1970 = 100","AUS","AUS",2019-03-04,60.5,"D","Index","Indicative","RBA","Daily","F11.1 Exchange Rates","Australian Dollar Trade-weighted Index"
"13996","FXRTWI","Trade-weighted Index May 1970 = 100","AUS","AUS",2019-03-05,60.4,"D","Index","Indicative","RBA","Daily","F11.1 Exchange Rates","Australian Dollar Trade-weighted Index"
"13997","FXRTWI","Trade-weighted Index May 1970 = 100","AUS","AUS",2019-03-06,60.1,"D","Index","Indicative","RBA","Daily","F11.1 Exchange Rates","Australian Dollar Trade-weighted Index"
"13998","FXRTWI","Trade-weighted Index May 1970 = 100","AUS","AUS",2019-03-07,60.2,"D","Index","Indicative","RBA","Daily","F11.1 Exchange Rates","Australian Dollar Trade-weighted Index"
"13999","FXRTWI","Trade-weighted Index May 1970 = 100","AUS","AUS",2019-03-08,60,"D","Index","Indicative","RBA","Daily","F11.1 Exchange Rates","Australian Dollar Trade-weighted Index"
"14000","FXRTWI","Trade-weighted Index May 1970 = 100","AUS","AUS",2019-03-11,60.2,"D","Index","Indicative","RBA","Daily","F11.1 Exchange Rates","Australian Dollar Trade-weighted Index"
"14001","FXRTWI","Trade-weighted Index May 1970 = 100","AUS","AUS",2019-03-12,60.3,"D","Index","Indicative","RBA","Daily","F11.1 Exchange Rates","Australian Dollar Trade-weighted Index"
"14002","FXRTWI","Trade-weighted Index May 1970 = 100","AUS","AUS",2019-03-13,60.2,"D","Index","Indicative","RBA","Daily","F11.1 Exchange Rates","Australian Dollar Trade-weighted Index"
"14003","FXRTWI","Trade-weighted Index May 1970 = 100","AUS","AUS",2019-03-14,60.2,"D","Index","Indicative","RBA","Daily","F11.1 Exchange Rates","Australian Dollar Trade-weighted Index"
"14004","FXRTWI","Trade-weighted Index May 1970 = 100","AUS","AUS",2019-03-15,60.5,"D","Index","Indicative","RBA","Daily","F11.1 Exchange Rates","Australian Dollar Trade-weighted Index"
"14005","FXRTWI","Trade-weighted Index May 1970 = 100","AUS","AUS",2019-03-18,60.6,"D","Index","Indicative","RBA","Daily","F11.1 Exchange Rates","Australian Dollar Trade-weighted Index"
"14006","FXRTWI","Trade-weighted Index May 1970 = 100","AUS","AUS",2019-03-19,60.5,"D","Index","Indicative","RBA","Daily","F11.1 Exchange Rates","Australian Dollar Trade-weighted Index"
"14007","FXRTWI","Trade-weighted Index May 1970 = 100","AUS","AUS",2019-03-20,60.3,"D","Index","Indicative","RBA","Daily","F11.1 Exchange Rates","Australian Dollar Trade-weighted Index"
"14008","FXRTWI","Trade-weighted Index May 1970 = 100","AUS","AUS",2019-03-21,60.6,"D","Index","Indicative","RBA","Daily","F11.1 Exchange Rates","Australian Dollar Trade-weighted Index"
"14009","FXRTWI","Trade-weighted Index May 1970 = 100","AUS","AUS",2019-03-22,60.5,"D","Index","Indicative","RBA","Daily","F11.1 Exchange Rates","Australian Dollar Trade-weighted Index"
"14010","FXRTWI","Trade-weighted Index May 1970 = 100","AUS","AUS",2019-03-25,60.3,"D","Index","Indicative","RBA","Daily","F11.1 Exchange Rates","Australian Dollar Trade-weighted Index"
"14011","FXRTWI","Trade-weighted Index May 1970 = 100","AUS","AUS",2019-03-26,60.6,"D","Index","Indicative","RBA","Daily","F11.1 Exchange Rates","Australian Dollar Trade-weighted Index"
"14012","FXRTWI","Trade-weighted Index May 1970 = 100","AUS","AUS",2019-03-27,60.6,"D","Index","Indicative","RBA","Daily","F11.1 Exchange Rates","Australian Dollar Trade-weighted Index"
"14013","FXRTWI","Trade-weighted Index May 1970 = 100","AUS","AUS",2019-03-28,60.6,"D","Index","Indicative","RBA","Daily","F11.1 Exchange Rates","Australian Dollar Trade-weighted Index"
"14014","FXRTWI","Trade-weighted Index May 1970 = 100","AUS","AUS",2019-03-29,60.5,"D","Index","Indicative","RBA","Daily","F11.1 Exchange Rates","Australian Dollar Trade-weighted Index"
"14015","FXRTWI","Trade-weighted Index May 1970 = 100","AUS","AUS",2019-03-29,60.5,"M","Index","Indicative","RBA","Monthly","F11 Exchange Rates","Australian Dollar Trade-weighted Index"
"14016","DLCACS","Credit; Total; Seasonally adjusted","AUS","AUS",2019-03-31,2925.221,"M","$ billion","Seasonally Adjusted","RBA","Monthly","D2 Lending And Credit Aggregates","Credit; Total; Seasonally adjusted – Includes securitisations – For series breaks see Series Breaks"
"14017","FIRMMCRT","Cash Rate Target","AUS","AUS",2019-03-31,1.5,"M","Per cent","Original","RBA","Monthly","F1.1 Interest Rates And Yields - Money Market","Cash Rate Target; monthly average"
"14018","GCPIOCPMTMQP","Quarterly trimmed mean inflation","AUS","AUS",2019-03-31,0.3,"Q","Per cent","Seasonally Adjusted","ABS","Quarterly","G1 Consumer Price Inflation","Consumer price index; Trimmed mean; Quarterly change (in per cent)"
"14019","GRCPAISDR","Commodity prices – SDR","AUS","AUS",2019-03-31,76.4375585471832,"M","Index, 2023/24=100","Original","RBA","Monthly","I2 Commodity Prices","Index of commodity prices; All items; SDR"
"14020","A124874157C","Business Turnover Index ; Total of 13 in-scope ANZSIC divisions ; Current Price ;","AUS","AUS",2019-04-01,98.6,"M","Index Numbers","Seasonally Adjusted",NA,"Monthly","Table 01: Business turnover indicator, 13 industry summary - Monthly percentage change and index",NA
"14021","A2718577A","Credits, Total goods ;","AUS","AUS",2019-04-01,31791,"M","$ Millions","Seasonally Adjusted",NA,"Monthly","TABLE 1. GOODS, Summary: Seasonally adjusted and trend estimates, Current prices",NA
"14022","A2718594C","Balance on goods ;","AUS","AUS",2019-04-01,5094,"M","$ Millions","Seasonally Adjusted",NA,"Monthly","TABLE 1. GOODS, Summary: Seasonally adjusted and trend estimates, Current prices",NA
"14023","FXRTWI","Trade-weighted Index May 1970 = 100","AUS","AUS",2019-04-01,60.8,"D","Index","Indicative","RBA","Daily","F11.1 Exchange Rates","Australian Dollar Trade-weighted Index"
"14024","FXRTWI","Trade-weighted Index May 1970 = 100","AUS","AUS",2019-04-02,60.5,"D","Index","Indicative","RBA","Daily","F11.1 Exchange Rates","Australian Dollar Trade-weighted Index"
"14025","FXRTWI","Trade-weighted Index May 1970 = 100","AUS","AUS",2019-04-03,60.7,"D","Index","Indicative","RBA","Daily","F11.1 Exchange Rates","Australian Dollar Trade-weighted Index"
"14026","FXRTWI","Trade-weighted Index May 1970 = 100","AUS","AUS",2019-04-04,60.7,"D","Index","Indicative","RBA","Daily","F11.1 Exchange Rates","Australian Dollar Trade-weighted Index"
"14027","FXRTWI","Trade-weighted Index May 1970 = 100","AUS","AUS",2019-04-05,60.9,"D","Index","Indicative","RBA","Daily","F11.1 Exchange Rates","Australian Dollar Trade-weighted Index"
"14028","FXRTWI","Trade-weighted Index May 1970 = 100","AUS","AUS",2019-04-08,60.7,"D","Index","Indicative","RBA","Daily","F11.1 Exchange Rates","Australian Dollar Trade-weighted Index"
"14029","FXRTWI","Trade-weighted Index May 1970 = 100","AUS","AUS",2019-04-09,61,"D","Index","Indicative","RBA","Daily","F11.1 Exchange Rates","Australian Dollar Trade-weighted Index"
"14030","FXRTWI","Trade-weighted Index May 1970 = 100","AUS","AUS",2019-04-10,61,"D","Index","Indicative","RBA","Daily","F11.1 Exchange Rates","Australian Dollar Trade-weighted Index"
"14031","FXRTWI","Trade-weighted Index May 1970 = 100","AUS","AUS",2019-04-11,61.2,"D","Index","Indicative","RBA","Daily","F11.1 Exchange Rates","Australian Dollar Trade-weighted Index"
"14032","FXRTWI","Trade-weighted Index May 1970 = 100","AUS","AUS",2019-04-12,61,"D","Index","Indicative","RBA","Daily","F11.1 Exchange Rates","Australian Dollar Trade-weighted Index"
"14033","FXRTWI","Trade-weighted Index May 1970 = 100","AUS","AUS",2019-04-15,61.2,"D","Index","Indicative","RBA","Daily","F11.1 Exchange Rates","Australian Dollar Trade-weighted Index"
"14034","FXRTWI","Trade-weighted Index May 1970 = 100","AUS","AUS",2019-04-16,61.1,"D","Index","Indicative","RBA","Daily","F11.1 Exchange Rates","Australian Dollar Trade-weighted Index"
"14035","FXRTWI","Trade-weighted Index May 1970 = 100","AUS","AUS",2019-04-17,61.5,"D","Index","Indicative","RBA","Daily","F11.1 Exchange Rates","Australian Dollar Trade-weighted Index"
"14036","FXRTWI","Trade-weighted Index May 1970 = 100","AUS","AUS",2019-04-18,61.4,"D","Index","Indicative","RBA","Daily","F11.1 Exchange Rates","Australian Dollar Trade-weighted Index"
"14037","FXRTWI","Trade-weighted Index May 1970 = 100","AUS","AUS",2019-04-23,61,"D","Index","Indicative","RBA","Daily","F11.1 Exchange Rates","Australian Dollar Trade-weighted Index"
"14038","FXRTWI","Trade-weighted Index May 1970 = 100","AUS","AUS",2019-04-24,60.4,"D","Index","Indicative","RBA","Daily","F11.1 Exchange Rates","Australian Dollar Trade-weighted Index"
"14039","FXRTWI","Trade-weighted Index May 1970 = 100","AUS","AUS",2019-04-26,60.4,"D","Index","Indicative","RBA","Daily","F11.1 Exchange Rates","Australian Dollar Trade-weighted Index"
"14040","FXRTWI","Trade-weighted Index May 1970 = 100","AUS","AUS",2019-04-29,60.6,"D","Index","Indicative","RBA","Daily","F11.1 Exchange Rates","Australian Dollar Trade-weighted Index"
"14041","DLCACS","Credit; Total; Seasonally adjusted","AUS","AUS",2019-04-30,2929.582,"M","$ billion","Seasonally Adjusted","RBA","Monthly","D2 Lending And Credit Aggregates","Credit; Total; Seasonally adjusted – Includes securitisations – For series breaks see Series Breaks"
"14042","FIRMMCRT","Cash Rate Target","AUS","AUS",2019-04-30,1.5,"M","Per cent","Original","RBA","Monthly","F1.1 Interest Rates And Yields - Money Market","Cash Rate Target; monthly average"
"14043","FXRTWI","Trade-weighted Index May 1970 = 100","AUS","AUS",2019-04-30,60.5,"D","Index","Indicative","RBA","Daily","F11.1 Exchange Rates","Australian Dollar Trade-weighted Index"
"14044","FXRTWI","Trade-weighted Index May 1970 = 100","AUS","AUS",2019-04-30,60.5,"M","Index","Indicative","RBA","Monthly","F11 Exchange Rates","Australian Dollar Trade-weighted Index"
"14045","GRCPAISDR","Commodity prices – SDR","AUS","AUS",2019-04-30,75.1749145600085,"M","Index, 2023/24=100","Original","RBA","Monthly","I2 Commodity Prices","Index of commodity prices; All items; SDR"
"14046","A124874157C","Business Turnover Index ; Total of 13 in-scope ANZSIC divisions ; Current Price ;","AUS","AUS",2019-05-01,99.5,"M","Index Numbers","Seasonally Adjusted",NA,"Monthly","Table 01: Business turnover indicator, 13 industry summary - Monthly percentage change and index",NA
"14047","A2718577A","Credits, Total goods ;","AUS","AUS",2019-05-01,33392,"M","$ Millions","Seasonally Adjusted",NA,"Monthly","TABLE 1. GOODS, Summary: Seasonally adjusted and trend estimates, Current prices",NA
"14048","A2718594C","Balance on goods ;","AUS","AUS",2019-05-01,6257,"M","$ Millions","Seasonally Adjusted",NA,"Monthly","TABLE 1. GOODS, Summary: Seasonally adjusted and trend estimates, Current prices",NA
"14049","FXRTWI","Trade-weighted Index May 1970 = 100","AUS","AUS",2019-05-01,60.6,"D","Index","Indicative","RBA","Daily","F11.1 Exchange Rates","Australian Dollar Trade-weighted Index"
"14050","FXRTWI","Trade-weighted Index May 1970 = 100","AUS","AUS",2019-05-02,60.3,"D","Index","Indicative","RBA","Daily","F11.1 Exchange Rates","Australian Dollar Trade-weighted Index"
"14051","FXRTWI","Trade-weighted Index May 1970 = 100","AUS","AUS",2019-05-03,60.1,"D","Index","Indicative","RBA","Daily","F11.1 Exchange Rates","Australian Dollar Trade-weighted Index"
"14052","FXRTWI","Trade-weighted Index May 1970 = 100","AUS","AUS",2019-05-06,60.1,"D","Index","Indicative","RBA","Daily","F11.1 Exchange Rates","Australian Dollar Trade-weighted Index"
"14053","FXRTWI","Trade-weighted Index May 1970 = 100","AUS","AUS",2019-05-07,60.5,"D","Index","Indicative","RBA","Daily","F11.1 Exchange Rates","Australian Dollar Trade-weighted Index"
"14054","FXRTWI","Trade-weighted Index May 1970 = 100","AUS","AUS",2019-05-08,60.4,"D","Index","Indicative","RBA","Daily","F11.1 Exchange Rates","Australian Dollar Trade-weighted Index"
"14055","FXRTWI","Trade-weighted Index May 1970 = 100","AUS","AUS",2019-05-09,60.1,"D","Index","Indicative","RBA","Daily","F11.1 Exchange Rates","Australian Dollar Trade-weighted Index"
"14056","FXRTWI","Trade-weighted Index May 1970 = 100","AUS","AUS",2019-05-10,60.2,"D","Index","Indicative","RBA","Daily","F11.1 Exchange Rates","Australian Dollar Trade-weighted Index"
"14057","FXRTWI","Trade-weighted Index May 1970 = 100","AUS","AUS",2019-05-13,60.2,"D","Index","Indicative","RBA","Daily","F11.1 Exchange Rates","Australian Dollar Trade-weighted Index"
"14058","FXRTWI","Trade-weighted Index May 1970 = 100","AUS","AUS",2019-05-14,60.1,"D","Index","Indicative","RBA","Daily","F11.1 Exchange Rates","Australian Dollar Trade-weighted Index"
"14059","FXRTWI","Trade-weighted Index May 1970 = 100","AUS","AUS",2019-05-15,60,"D","Index","Indicative","RBA","Daily","F11.1 Exchange Rates","Australian Dollar Trade-weighted Index"
"14060","FXRTWI","Trade-weighted Index May 1970 = 100","AUS","AUS",2019-05-16,59.8,"D","Index","Indicative","RBA","Daily","F11.1 Exchange Rates","Australian Dollar Trade-weighted Index"
"14061","FXRTWI","Trade-weighted Index May 1970 = 100","AUS","AUS",2019-05-17,59.7,"D","Index","Indicative","RBA","Daily","F11.1 Exchange Rates","Australian Dollar Trade-weighted Index"
"14062","FXRTWI","Trade-weighted Index May 1970 = 100","AUS","AUS",2019-05-20,60.1,"D","Index","Indicative","RBA","Daily","F11.1 Exchange Rates","Australian Dollar Trade-weighted Index"
"14063","FXRTWI","Trade-weighted Index May 1970 = 100","AUS","AUS",2019-05-21,59.7,"D","Index","Indicative","RBA","Daily","F11.1 Exchange Rates","Australian Dollar Trade-weighted Index"
"14064","FXRTWI","Trade-weighted Index May 1970 = 100","AUS","AUS",2019-05-22,59.8,"D","Index","Indicative","RBA","Daily","F11.1 Exchange Rates","Australian Dollar Trade-weighted Index"
"14065","FXRTWI","Trade-weighted Index May 1970 = 100","AUS","AUS",2019-05-23,59.8,"D","Index","Indicative","RBA","Daily","F11.1 Exchange Rates","Australian Dollar Trade-weighted Index"
"14066","FXRTWI","Trade-weighted Index May 1970 = 100","AUS","AUS",2019-05-24,59.8,"D","Index","Indicative","RBA","Daily","F11.1 Exchange Rates","Australian Dollar Trade-weighted Index"
"14067","FXRTWI","Trade-weighted Index May 1970 = 100","AUS","AUS",2019-05-27,60,"D","Index","Indicative","RBA","Daily","F11.1 Exchange Rates","Australian Dollar Trade-weighted Index"
"14068","FXRTWI","Trade-weighted Index May 1970 = 100","AUS","AUS",2019-05-28,60.1,"D","Index","Indicative","RBA","Daily","F11.1 Exchange Rates","Australian Dollar Trade-weighted Index"
"14069","FXRTWI","Trade-weighted Index May 1970 = 100","AUS","AUS",2019-05-29,60.1,"D","Index","Indicative","RBA","Daily","F11.1 Exchange Rates","Australian Dollar Trade-weighted Index"
"14070","FXRTWI","Trade-weighted Index May 1970 = 100","AUS","AUS",2019-05-30,60.2,"D","Index","Indicative","RBA","Daily","F11.1 Exchange Rates","Australian Dollar Trade-weighted Index"
"14071","DLCACS","Credit; Total; Seasonally adjusted","AUS","AUS",2019-05-31,2930.156,"M","$ billion","Seasonally Adjusted","RBA","Monthly","D2 Lending And Credit Aggregates","Credit; Total; Seasonally adjusted – Includes securitisations – For series breaks see Series Breaks"
"14072","FIRMMCRT","Cash Rate Target","AUS","AUS",2019-05-31,1.5,"M","Per cent","Original","RBA","Monthly","F1.1 Interest Rates And Yields - Money Market","Cash Rate Target; monthly average"
"14073","FXRTWI","Trade-weighted Index May 1970 = 100","AUS","AUS",2019-05-31,60,"D","Index","Indicative","RBA","Daily","F11.1 Exchange Rates","Australian Dollar Trade-weighted Index"
"14074","FXRTWI","Trade-weighted Index May 1970 = 100","AUS","AUS",2019-05-31,60,"M","Index","Indicative","RBA","Monthly","F11 Exchange Rates","Australian Dollar Trade-weighted Index"
"14075","GRCPAISDR","Commodity prices – SDR","AUS","AUS",2019-05-31,76.6166870174646,"M","Index, 2023/24=100","Original","RBA","Monthly","I2 Commodity Prices","Index of commodity prices; All items; SDR"
"14076","A124874157C","Business Turnover Index ; Total of 13 in-scope ANZSIC divisions ; Current Price ;","AUS","AUS",2019-06-01,100.4,"M","Index Numbers","Seasonally Adjusted",NA,"Monthly","Table 01: Business turnover indicator, 13 industry summary - Monthly percentage change and index",NA
"14077","A2302956R","South Australia ; STATE FINAL DEMAND ;","SA","SA",2019-06-01,34352,"Q","$ Millions","Seasonally Adjusted",NA,"Quarterly","Table 25. State Final Demand, Summary Components by State: Chain volume measures",NA
"14078","A2302984X","Western Australia ; STATE FINAL DEMAND ;","WA","WA",2019-06-01,59106,"Q","$ Millions","Seasonally Adjusted",NA,"Quarterly","Table 25. State Final Demand, Summary Components by State: Chain volume measures",NA
"14079","A2303012X","Tasmania ; STATE FINAL DEMAND ;","TAS","TAS",2019-06-01,10665,"Q","$ Millions","Seasonally Adjusted",NA,"Quarterly","Table 25. State Final Demand, Summary Components by State: Chain volume measures",NA
"14080","A2303040J","Northern Territory ; STATE FINAL DEMAND ;","NT","NT",2019-06-01,6857,"Q","$ Millions","Seasonally Adjusted",NA,"Quarterly","Table 25. State Final Demand, Summary Components by State: Chain volume measures",NA
"14081","A2303068K","Australian Capital Territory ; STATE FINAL DEMAND ;","ACT","ACT",2019-06-01,16210,"Q","$ Millions","Seasonally Adjusted",NA,"Quarterly","Table 25. State Final Demand, Summary Components by State: Chain volume measures",NA
"14082","A2303111F","New South Wales ; STATE FINAL DEMAND ;","NSW","NSW",2019-06-01,173142,"Q","$ Millions","Seasonally Adjusted",NA,"Quarterly","Table 25. State Final Demand, Summary Components by State: Chain volume measures",NA
"14083","A2303139J","Victoria ; STATE FINAL DEMAND ;","VIC","VIC",2019-06-01,138568,"Q","$ Millions","Seasonally Adjusted",NA,"Quarterly","Table 25. State Final Demand, Summary Components by State: Chain volume measures",NA
"14084","A2303187A","Queensland ; STATE FINAL DEMAND ;","QLD","QLD",2019-06-01,104372,"Q","$ Millions","Seasonally Adjusted",NA,"Quarterly","Table 25. State Final Demand, Summary Components by State: Chain volume measures",NA
"14085","A2304418T","Gross domestic product: Current prices ;","AUS","AUS",2019-06-01,497149,"Q","$ Millions","Seasonally Adjusted",NA,"Quarterly","Table 1. Key National Accounts Aggregates",NA
"14086","A2325846C","Index Numbers ; All groups CPI ; Australia ;","AUS","AUS",2019-06-01,114.8,"Q","Index Numbers","Original",NA,"Quarterly","TABLES 1 and 2. CPI: All Groups, Index Numbers and Percentage Changes",NA
"14087","A2336320R","New South Wales ; Gross state product: Current prices ;","NSW","NSW",2019-06-01,626017,"Annual","$ Millions","Original",NA,"Annual","Table 1. Gross State Product, Chain volume measures and current prices",NA
"14088","A2336321T","Victoria ; Gross state product: Current prices ;","VIC","VIC",2019-06-01,463001,"Annual","$ Millions","Original",NA,"Annual","Table 1. Gross State Product, Chain volume measures and current prices",NA
"14089","A2336322V","Queensland ; Gross state product: Current prices ;","QLD","QLD",2019-06-01,365944,"Annual","$ Millions","Original",NA,"Annual","Table 1. Gross State Product, Chain volume measures and current prices",NA
"14090","A2336323W","South Australia ; Gross state product: Current prices ;","SA","SA",2019-06-01,109266,"Annual","$ Millions","Original",NA,"Annual","Table 1. Gross State Product, Chain volume measures and current prices",NA
"14091","A2336324X","Western Australia ; Gross state product: Current prices ;","WA","WA",2019-06-01,286257,"Annual","$ Millions","Original",NA,"Annual","Table 1. Gross State Product, Chain volume measures and current prices",NA
"14092","A2336325A","Tasmania ; Gross state product: Current prices ;","TAS","TAS",2019-06-01,31276,"Annual","$ Millions","Original",NA,"Annual","Table 1. Gross State Product, Chain volume measures and current prices",NA
"14093","A2336326C","Northern Territory ; Gross state product: Current prices ;","NT","NT",2019-06-01,25315,"Annual","$ Millions","Original",NA,"Annual","Table 1. Gross State Product, Chain volume measures and current prices",NA
"14094","A2336327F","Australian Capital Territory ; Gross state product: Current prices ;","ACT","ACT",2019-06-01,40243,"Annual","$ Millions","Original",NA,"Annual","Table 1. Gross State Product, Chain volume measures and current prices",NA
"14095","A2718577A","Credits, Total goods ;","AUS","AUS",2019-06-01,33762,"M","$ Millions","Seasonally Adjusted",NA,"Monthly","TABLE 1. GOODS, Summary: Seasonally adjusted and trend estimates, Current prices",NA
"14096","A2718594C","Balance on goods ;","AUS","AUS",2019-06-01,7169,"M","$ Millions","Seasonally Adjusted",NA,"Monthly","TABLE 1. GOODS, Summary: Seasonally adjusted and trend estimates, Current prices",NA
"14097","FXRTWI","Trade-weighted Index May 1970 = 100","AUS","AUS",2019-06-03,60.1,"D","Index","Indicative","RBA","Daily","F11.1 Exchange Rates","Australian Dollar Trade-weighted Index"
"14098","FXRTWI","Trade-weighted Index May 1970 = 100","AUS","AUS",2019-06-04,60.3,"D","Index","Indicative","RBA","Daily","F11.1 Exchange Rates","Australian Dollar Trade-weighted Index"
"14099","FXRTWI","Trade-weighted Index May 1970 = 100","AUS","AUS",2019-06-05,60.4,"D","Index","Indicative","RBA","Daily","F11.1 Exchange Rates","Australian Dollar Trade-weighted Index"
"14100","FXRTWI","Trade-weighted Index May 1970 = 100","AUS","AUS",2019-06-06,60.2,"D","Index","Indicative","RBA","Daily","F11.1 Exchange Rates","Australian Dollar Trade-weighted Index"
"14101","FXRTWI","Trade-weighted Index May 1970 = 100","AUS","AUS",2019-06-07,60.2,"D","Index","Indicative","RBA","Daily","F11.1 Exchange Rates","Australian Dollar Trade-weighted Index"
"14102","FXRTWI","Trade-weighted Index May 1970 = 100","AUS","AUS",2019-06-11,60,"D","Index","Indicative","RBA","Daily","F11.1 Exchange Rates","Australian Dollar Trade-weighted Index"
"14103","FXRTWI","Trade-weighted Index May 1970 = 100","AUS","AUS",2019-06-12,60,"D","Index","Indicative","RBA","Daily","F11.1 Exchange Rates","Australian Dollar Trade-weighted Index"
"14104","FXRTWI","Trade-weighted Index May 1970 = 100","AUS","AUS",2019-06-13,59.7,"D","Index","Indicative","RBA","Daily","F11.1 Exchange Rates","Australian Dollar Trade-weighted Index"
"14105","FXRTWI","Trade-weighted Index May 1970 = 100","AUS","AUS",2019-06-14,59.6,"D","Index","Indicative","RBA","Daily","F11.1 Exchange Rates","Australian Dollar Trade-weighted Index"
"14106","FXRTWI","Trade-weighted Index May 1970 = 100","AUS","AUS",2019-06-17,59.6,"D","Index","Indicative","RBA","Daily","F11.1 Exchange Rates","Australian Dollar Trade-weighted Index"
"14107","FXRTWI","Trade-weighted Index May 1970 = 100","AUS","AUS",2019-06-18,59.2,"D","Index","Indicative","RBA","Daily","F11.1 Exchange Rates","Australian Dollar Trade-weighted Index"
"14108","FXRTWI","Trade-weighted Index May 1970 = 100","AUS","AUS",2019-06-19,59.5,"D","Index","Indicative","RBA","Daily","F11.1 Exchange Rates","Australian Dollar Trade-weighted Index"
"14109","FXRTWI","Trade-weighted Index May 1970 = 100","AUS","AUS",2019-06-20,59.3,"D","Index","Indicative","RBA","Daily","F11.1 Exchange Rates","Australian Dollar Trade-weighted Index"
"14110","FXRTWI","Trade-weighted Index May 1970 = 100","AUS","AUS",2019-06-21,59.5,"D","Index","Indicative","RBA","Daily","F11.1 Exchange Rates","Australian Dollar Trade-weighted Index"
"14111","FXRTWI","Trade-weighted Index May 1970 = 100","AUS","AUS",2019-06-24,59.6,"D","Index","Indicative","RBA","Daily","F11.1 Exchange Rates","Australian Dollar Trade-weighted Index"
"14112","FXRTWI","Trade-weighted Index May 1970 = 100","AUS","AUS",2019-06-25,59.6,"D","Index","Indicative","RBA","Daily","F11.1 Exchange Rates","Australian Dollar Trade-weighted Index"
"14113","FXRTWI","Trade-weighted Index May 1970 = 100","AUS","AUS",2019-06-26,59.8,"D","Index","Indicative","RBA","Daily","F11.1 Exchange Rates","Australian Dollar Trade-weighted Index"
"14114","FXRTWI","Trade-weighted Index May 1970 = 100","AUS","AUS",2019-06-27,60,"D","Index","Indicative","RBA","Daily","F11.1 Exchange Rates","Australian Dollar Trade-weighted Index"
"14115","FXRTWI","Trade-weighted Index May 1970 = 100","AUS","AUS",2019-06-28,60.1,"D","Index","Indicative","RBA","Daily","F11.1 Exchange Rates","Australian Dollar Trade-weighted Index"
"14116","FXRTWI","Trade-weighted Index May 1970 = 100","AUS","AUS",2019-06-28,60.1,"M","Index","Indicative","RBA","Monthly","F11 Exchange Rates","Australian Dollar Trade-weighted Index"
"14117","DLCACS","Credit; Total; Seasonally adjusted","AUS","AUS",2019-06-30,2938.676,"M","$ billion","Seasonally Adjusted","RBA","Monthly","D2 Lending And Credit Aggregates","Credit; Total; Seasonally adjusted – Includes securitisations – For series breaks see Series Breaks"
"14118","FIRMMCRT","Cash Rate Target","AUS","AUS",2019-06-30,1.28,"M","Per cent","Original","RBA","Monthly","F1.1 Interest Rates And Yields - Money Market","Cash Rate Target; monthly average"
"14119","GCPIOCPMTMQP","Quarterly trimmed mean inflation","AUS","AUS",2019-06-30,0.4,"Q","Per cent","Seasonally Adjusted","ABS","Quarterly","G1 Consumer Price Inflation","Consumer price index; Trimmed mean; Quarterly change (in per cent)"
"14120","GRCPAISDR","Commodity prices – SDR","AUS","AUS",2019-06-30,77.2742999790287,"M","Index, 2023/24=100","Original","RBA","Monthly","I2 Commodity Prices","Index of commodity prices; All items; SDR"
"14121","A124874157C","Business Turnover Index ; Total of 13 in-scope ANZSIC divisions ; Current Price ;","AUS","AUS",2019-07-01,100,"M","Index Numbers","Seasonally Adjusted",NA,"Monthly","Table 01: Business turnover indicator, 13 industry summary - Monthly percentage change and index",NA
"14122","A2718577A","Credits, Total goods ;","AUS","AUS",2019-07-01,35778,"M","$ Millions","Seasonally Adjusted",NA,"Monthly","TABLE 1. GOODS, Summary: Seasonally adjusted and trend estimates, Current prices",NA
"14123","A2718594C","Balance on goods ;","AUS","AUS",2019-07-01,9021,"M","$ Millions","Seasonally Adjusted",NA,"Monthly","TABLE 1. GOODS, Summary: Seasonally adjusted and trend estimates, Current prices",NA
"14124","FXRTWI","Trade-weighted Index May 1970 = 100","AUS","AUS",2019-07-01,59.9,"D","Index","Indicative","RBA","Daily","F11.1 Exchange Rates","Australian Dollar Trade-weighted Index"
"14125","FXRTWI","Trade-weighted Index May 1970 = 100","AUS","AUS",2019-07-02,59.9,"D","Index","Indicative","RBA","Daily","F11.1 Exchange Rates","Australian Dollar Trade-weighted Index"
"14126","FXRTWI","Trade-weighted Index May 1970 = 100","AUS","AUS",2019-07-03,60.1,"D","Index","Indicative","RBA","Daily","F11.1 Exchange Rates","Australian Dollar Trade-weighted Index"
"14127","FXRTWI","Trade-weighted Index May 1970 = 100","AUS","AUS",2019-07-04,60.4,"D","Index","Indicative","RBA","Daily","F11.1 Exchange Rates","Australian Dollar Trade-weighted Index"
"14128","FXRTWI","Trade-weighted Index May 1970 = 100","AUS","AUS",2019-07-05,60.3,"D","Index","Indicative","RBA","Daily","F11.1 Exchange Rates","Australian Dollar Trade-weighted Index"
"14129","FXRTWI","Trade-weighted Index May 1970 = 100","AUS","AUS",2019-07-08,60.2,"D","Index","Indicative","RBA","Daily","F11.1 Exchange Rates","Australian Dollar Trade-weighted Index"
"14130","FXRTWI","Trade-weighted Index May 1970 = 100","AUS","AUS",2019-07-09,60,"D","Index","Indicative","RBA","Daily","F11.1 Exchange Rates","Australian Dollar Trade-weighted Index"
"14131","FXRTWI","Trade-weighted Index May 1970 = 100","AUS","AUS",2019-07-10,59.7,"D","Index","Indicative","RBA","Daily","F11.1 Exchange Rates","Australian Dollar Trade-weighted Index"
"14132","FXRTWI","Trade-weighted Index May 1970 = 100","AUS","AUS",2019-07-11,59.9,"D","Index","Indicative","RBA","Daily","F11.1 Exchange Rates","Australian Dollar Trade-weighted Index"
"14133","FXRTWI","Trade-weighted Index May 1970 = 100","AUS","AUS",2019-07-12,60.2,"D","Index","Indicative","RBA","Daily","F11.1 Exchange Rates","Australian Dollar Trade-weighted Index"
"14134","FXRTWI","Trade-weighted Index May 1970 = 100","AUS","AUS",2019-07-15,60.4,"D","Index","Indicative","RBA","Daily","F11.1 Exchange Rates","Australian Dollar Trade-weighted Index"
"14135","FXRTWI","Trade-weighted Index May 1970 = 100","AUS","AUS",2019-07-16,60.4,"D","Index","Indicative","RBA","Daily","F11.1 Exchange Rates","Australian Dollar Trade-weighted Index"
"14136","FXRTWI","Trade-weighted Index May 1970 = 100","AUS","AUS",2019-07-17,60.3,"D","Index","Indicative","RBA","Daily","F11.1 Exchange Rates","Australian Dollar Trade-weighted Index"
"14137","FXRTWI","Trade-weighted Index May 1970 = 100","AUS","AUS",2019-07-18,60.5,"D","Index","Indicative","RBA","Daily","F11.1 Exchange Rates","Australian Dollar Trade-weighted Index"
"14138","FXRTWI","Trade-weighted Index May 1970 = 100","AUS","AUS",2019-07-19,60.6,"D","Index","Indicative","RBA","Daily","F11.1 Exchange Rates","Australian Dollar Trade-weighted Index"
"14139","FXRTWI","Trade-weighted Index May 1970 = 100","AUS","AUS",2019-07-22,60.5,"D","Index","Indicative","RBA","Daily","F11.1 Exchange Rates","Australian Dollar Trade-weighted Index"
"14140","FXRTWI","Trade-weighted Index May 1970 = 100","AUS","AUS",2019-07-23,60.4,"D","Index","Indicative","RBA","Daily","F11.1 Exchange Rates","Australian Dollar Trade-weighted Index"
"14141","FXRTWI","Trade-weighted Index May 1970 = 100","AUS","AUS",2019-07-24,60.2,"D","Index","Indicative","RBA","Daily","F11.1 Exchange Rates","Australian Dollar Trade-weighted Index"
"14142","FXRTWI","Trade-weighted Index May 1970 = 100","AUS","AUS",2019-07-25,60,"D","Index","Indicative","RBA","Daily","F11.1 Exchange Rates","Australian Dollar Trade-weighted Index"
"14143","FXRTWI","Trade-weighted Index May 1970 = 100","AUS","AUS",2019-07-26,59.9,"D","Index","Indicative","RBA","Daily","F11.1 Exchange Rates","Australian Dollar Trade-weighted Index"
"14144","FXRTWI","Trade-weighted Index May 1970 = 100","AUS","AUS",2019-07-29,59.6,"D","Index","Indicative","RBA","Daily","F11.1 Exchange Rates","Australian Dollar Trade-weighted Index"
"14145","FXRTWI","Trade-weighted Index May 1970 = 100","AUS","AUS",2019-07-30,59.6,"D","Index","Indicative","RBA","Daily","F11.1 Exchange Rates","Australian Dollar Trade-weighted Index"
"14146","FIRMMCRT","Cash Rate Target","AUS","AUS",2019-07-31,1.02,"M","Per cent","Original","RBA","Monthly","F1.1 Interest Rates And Yields - Money Market","Cash Rate Target; monthly average"
"14147","FXRTWI","Trade-weighted Index May 1970 = 100","AUS","AUS",2019-07-31,59.5,"D","Index","Indicative","RBA","Daily","F11.1 Exchange Rates","Australian Dollar Trade-weighted Index"
"14148","FXRTWI","Trade-weighted Index May 1970 = 100","AUS","AUS",2019-07-31,59.5,"M","Index","Indicative","RBA","Monthly","F11 Exchange Rates","Australian Dollar Trade-weighted Index"
"14149","GRCPAISDR","Commodity prices – SDR","AUS","AUS",2019-07-31,79.2617340236566,"M","Index, 2023/24=100","Original","RBA","Monthly","I2 Commodity Prices","Index of commodity prices; All items; SDR"
"14150","A124874157C","Business Turnover Index ; Total of 13 in-scope ANZSIC divisions ; Current Price ;","AUS","AUS",2019-08-01,100.4,"M","Index Numbers","Seasonally Adjusted",NA,"Monthly","Table 01: Business turnover indicator, 13 industry summary - Monthly percentage change and index",NA
"14151","A2718577A","Credits, Total goods ;","AUS","AUS",2019-08-01,33516,"M","$ Millions","Seasonally Adjusted",NA,"Monthly","TABLE 1. GOODS, Summary: Seasonally adjusted and trend estimates, Current prices",NA
"14152","A2718594C","Balance on goods ;","AUS","AUS",2019-08-01,6776,"M","$ Millions","Seasonally Adjusted",NA,"Monthly","TABLE 1. GOODS, Summary: Seasonally adjusted and trend estimates, Current prices",NA
"14153","FXRTWI","Trade-weighted Index May 1970 = 100","AUS","AUS",2019-08-01,59.4,"D","Index","Indicative","RBA","Daily","F11.1 Exchange Rates","Australian Dollar Trade-weighted Index"
"14154","FXRTWI","Trade-weighted Index May 1970 = 100","AUS","AUS",2019-08-02,59,"D","Index","Indicative","RBA","Daily","F11.1 Exchange Rates","Australian Dollar Trade-weighted Index"
"14155","FXRTWI","Trade-weighted Index May 1970 = 100","AUS","AUS",2019-08-06,59.1,"D","Index","Indicative","RBA","Daily","F11.1 Exchange Rates","Australian Dollar Trade-weighted Index"
"14156","FXRTWI","Trade-weighted Index May 1970 = 100","AUS","AUS",2019-08-07,58.5,"D","Index","Indicative","RBA","Daily","F11.1 Exchange Rates","Australian Dollar Trade-weighted Index"
"14157","FXRTWI","Trade-weighted Index May 1970 = 100","AUS","AUS",2019-08-08,59,"D","Index","Indicative","RBA","Daily","F11.1 Exchange Rates","Australian Dollar Trade-weighted Index"
"14158","FXRTWI","Trade-weighted Index May 1970 = 100","AUS","AUS",2019-08-09,59.3,"D","Index","Indicative","RBA","Daily","F11.1 Exchange Rates","Australian Dollar Trade-weighted Index"
"14159","FXRTWI","Trade-weighted Index May 1970 = 100","AUS","AUS",2019-08-12,59.1,"D","Index","Indicative","RBA","Daily","F11.1 Exchange Rates","Australian Dollar Trade-weighted Index"
"14160","FXRTWI","Trade-weighted Index May 1970 = 100","AUS","AUS",2019-08-13,59,"D","Index","Indicative","RBA","Daily","F11.1 Exchange Rates","Australian Dollar Trade-weighted Index"
"14161","FXRTWI","Trade-weighted Index May 1970 = 100","AUS","AUS",2019-08-14,59.1,"D","Index","Indicative","RBA","Daily","F11.1 Exchange Rates","Australian Dollar Trade-weighted Index"
"14162","FXRTWI","Trade-weighted Index May 1970 = 100","AUS","AUS",2019-08-15,59.1,"D","Index","Indicative","RBA","Daily","F11.1 Exchange Rates","Australian Dollar Trade-weighted Index"
"14163","FXRTWI","Trade-weighted Index May 1970 = 100","AUS","AUS",2019-08-16,59.2,"D","Index","Indicative","RBA","Daily","F11.1 Exchange Rates","Australian Dollar Trade-weighted Index"
"14164","FXRTWI","Trade-weighted Index May 1970 = 100","AUS","AUS",2019-08-19,59.2,"D","Index","Indicative","RBA","Daily","F11.1 Exchange Rates","Australian Dollar Trade-weighted Index"
"14165","FXRTWI","Trade-weighted Index May 1970 = 100","AUS","AUS",2019-08-20,59.3,"D","Index","Indicative","RBA","Daily","F11.1 Exchange Rates","Australian Dollar Trade-weighted Index"
"14166","FXRTWI","Trade-weighted Index May 1970 = 100","AUS","AUS",2019-08-21,59.2,"D","Index","Indicative","RBA","Daily","F11.1 Exchange Rates","Australian Dollar Trade-weighted Index"
"14167","FXRTWI","Trade-weighted Index May 1970 = 100","AUS","AUS",2019-08-22,59.1,"D","Index","Indicative","RBA","Daily","F11.1 Exchange Rates","Australian Dollar Trade-weighted Index"
"14168","FXRTWI","Trade-weighted Index May 1970 = 100","AUS","AUS",2019-08-23,59.1,"D","Index","Indicative","RBA","Daily","F11.1 Exchange Rates","Australian Dollar Trade-weighted Index"
"14169","FXRTWI","Trade-weighted Index May 1970 = 100","AUS","AUS",2019-08-26,58.9,"D","Index","Indicative","RBA","Daily","F11.1 Exchange Rates","Australian Dollar Trade-weighted Index"
"14170","FXRTWI","Trade-weighted Index May 1970 = 100","AUS","AUS",2019-08-27,59.2,"D","Index","Indicative","RBA","Daily","F11.1 Exchange Rates","Australian Dollar Trade-weighted Index"
"14171","FXRTWI","Trade-weighted Index May 1970 = 100","AUS","AUS",2019-08-28,59.1,"D","Index","Indicative","RBA","Daily","F11.1 Exchange Rates","Australian Dollar Trade-weighted Index"
"14172","FXRTWI","Trade-weighted Index May 1970 = 100","AUS","AUS",2019-08-29,59,"D","Index","Indicative","RBA","Daily","F11.1 Exchange Rates","Australian Dollar Trade-weighted Index"
"14173","FXRTWI","Trade-weighted Index May 1970 = 100","AUS","AUS",2019-08-30,58.9,"D","Index","Indicative","RBA","Daily","F11.1 Exchange Rates","Australian Dollar Trade-weighted Index"
"14174","FXRTWI","Trade-weighted Index May 1970 = 100","AUS","AUS",2019-08-30,58.9,"M","Index","Indicative","RBA","Monthly","F11 Exchange Rates","Australian Dollar Trade-weighted Index"
"14175","FIRMMCRT","Cash Rate Target","AUS","AUS",2019-08-31,1,"M","Per cent","Original","RBA","Monthly","F1.1 Interest Rates And Yields - Money Market","Cash Rate Target; monthly average"
"14176","GRCPAISDR","Commodity prices – SDR","AUS","AUS",2019-08-31,76.0298217520744,"M","Index, 2023/24=100","Original","RBA","Monthly","I2 Commodity Prices","Index of commodity prices; All items; SDR"
"14177","A124874157C","Business Turnover Index ; Total of 13 in-scope ANZSIC divisions ; Current Price ;","AUS","AUS",2019-09-01,100.9,"M","Index Numbers","Seasonally Adjusted",NA,"Monthly","Table 01: Business turnover indicator, 13 industry summary - Monthly percentage change and index",NA
"14178","A2302956R","South Australia ; STATE FINAL DEMAND ;","SA","SA",2019-09-01,34245,"Q","$ Millions","Seasonally Adjusted",NA,"Quarterly","Table 25. State Final Demand, Summary Components by State: Chain volume measures",NA
"14179","A2302984X","Western Australia ; STATE FINAL DEMAND ;","WA","WA",2019-09-01,59835,"Q","$ Millions","Seasonally Adjusted",NA,"Quarterly","Table 25. State Final Demand, Summary Components by State: Chain volume measures",NA
"14180","A2303012X","Tasmania ; STATE FINAL DEMAND ;","TAS","TAS",2019-09-01,10729,"Q","$ Millions","Seasonally Adjusted",NA,"Quarterly","Table 25. State Final Demand, Summary Components by State: Chain volume measures",NA
"14181","A2303040J","Northern Territory ; STATE FINAL DEMAND ;","NT","NT",2019-09-01,6739,"Q","$ Millions","Seasonally Adjusted",NA,"Quarterly","Table 25. State Final Demand, Summary Components by State: Chain volume measures",NA
"14182","A2303068K","Australian Capital Territory ; STATE FINAL DEMAND ;","ACT","ACT",2019-09-01,16213,"Q","$ Millions","Seasonally Adjusted",NA,"Quarterly","Table 25. State Final Demand, Summary Components by State: Chain volume measures",NA
"14183","A2303111F","New South Wales ; STATE FINAL DEMAND ;","NSW","NSW",2019-09-01,173321,"Q","$ Millions","Seasonally Adjusted",NA,"Quarterly","Table 25. State Final Demand, Summary Components by State: Chain volume measures",NA
"14184","A2303139J","Victoria ; STATE FINAL DEMAND ;","VIC","VIC",2019-09-01,139400,"Q","$ Millions","Seasonally Adjusted",NA,"Quarterly","Table 25. State Final Demand, Summary Components by State: Chain volume measures",NA
"14185","A2303187A","Queensland ; STATE FINAL DEMAND ;","QLD","QLD",2019-09-01,104845,"Q","$ Millions","Seasonally Adjusted",NA,"Quarterly","Table 25. State Final Demand, Summary Components by State: Chain volume measures",NA
"14186","A2304418T","Gross domestic product: Current prices ;","AUS","AUS",2019-09-01,503842,"Q","$ Millions","Seasonally Adjusted",NA,"Quarterly","Table 1. Key National Accounts Aggregates",NA
"14187","A2325846C","Index Numbers ; All groups CPI ; Australia ;","AUS","AUS",2019-09-01,115.4,"Q","Index Numbers","Original",NA,"Quarterly","TABLES 1 and 2. CPI: All Groups, Index Numbers and Percentage Changes",NA
"14188","A2718577A","Credits, Total goods ;","AUS","AUS",2019-09-01,33332,"M","$ Millions","Seasonally Adjusted",NA,"Monthly","TABLE 1. GOODS, Summary: Seasonally adjusted and trend estimates, Current prices",NA
"14189","A2718594C","Balance on goods ;","AUS","AUS",2019-09-01,5796,"M","$ Millions","Seasonally Adjusted",NA,"Monthly","TABLE 1. GOODS, Summary: Seasonally adjusted and trend estimates, Current prices",NA
"14190","FXRTWI","Trade-weighted Index May 1970 = 100","AUS","AUS",2019-09-02,59,"D","Index","Indicative","RBA","Daily","F11.1 Exchange Rates","Australian Dollar Trade-weighted Index"
"14191","FXRTWI","Trade-weighted Index May 1970 = 100","AUS","AUS",2019-09-03,59.1,"D","Index","Indicative","RBA","Daily","F11.1 Exchange Rates","Australian Dollar Trade-weighted Index"
"14192","FXRTWI","Trade-weighted Index May 1970 = 100","AUS","AUS",2019-09-04,59.5,"D","Index","Indicative","RBA","Daily","F11.1 Exchange Rates","Australian Dollar Trade-weighted Index"
"14193","FXRTWI","Trade-weighted Index May 1970 = 100","AUS","AUS",2019-09-05,59.7,"D","Index","Indicative","RBA","Daily","F11.1 Exchange Rates","Australian Dollar Trade-weighted Index"
"14194","FXRTWI","Trade-weighted Index May 1970 = 100","AUS","AUS",2019-09-06,59.7,"D","Index","Indicative","RBA","Daily","F11.1 Exchange Rates","Australian Dollar Trade-weighted Index"
"14195","FXRTWI","Trade-weighted Index May 1970 = 100","AUS","AUS",2019-09-09,60,"D","Index","Indicative","RBA","Daily","F11.1 Exchange Rates","Australian Dollar Trade-weighted Index"
"14196","FXRTWI","Trade-weighted Index May 1970 = 100","AUS","AUS",2019-09-10,59.9,"D","Index","Indicative","RBA","Daily","F11.1 Exchange Rates","Australian Dollar Trade-weighted Index"
"14197","FXRTWI","Trade-weighted Index May 1970 = 100","AUS","AUS",2019-09-11,60.1,"D","Index","Indicative","RBA","Daily","F11.1 Exchange Rates","Australian Dollar Trade-weighted Index"
"14198","FXRTWI","Trade-weighted Index May 1970 = 100","AUS","AUS",2019-09-12,60.1,"D","Index","Indicative","RBA","Daily","F11.1 Exchange Rates","Australian Dollar Trade-weighted Index"
"14199","FXRTWI","Trade-weighted Index May 1970 = 100","AUS","AUS",2019-09-13,59.9,"D","Index","Indicative","RBA","Daily","F11.1 Exchange Rates","Australian Dollar Trade-weighted Index"
"14200","FXRTWI","Trade-weighted Index May 1970 = 100","AUS","AUS",2019-09-16,59.9,"D","Index","Indicative","RBA","Daily","F11.1 Exchange Rates","Australian Dollar Trade-weighted Index"
"14201","FXRTWI","Trade-weighted Index May 1970 = 100","AUS","AUS",2019-09-17,59.8,"D","Index","Indicative","RBA","Daily","F11.1 Exchange Rates","Australian Dollar Trade-weighted Index"
"14202","FXRTWI","Trade-weighted Index May 1970 = 100","AUS","AUS",2019-09-18,59.8,"D","Index","Indicative","RBA","Daily","F11.1 Exchange Rates","Australian Dollar Trade-weighted Index"
"14203","FXRTWI","Trade-weighted Index May 1970 = 100","AUS","AUS",2019-09-19,59.4,"D","Index","Indicative","RBA","Daily","F11.1 Exchange Rates","Australian Dollar Trade-weighted Index"
"14204","FXRTWI","Trade-weighted Index May 1970 = 100","AUS","AUS",2019-09-20,59.3,"D","Index","Indicative","RBA","Daily","F11.1 Exchange Rates","Australian Dollar Trade-weighted Index"
"14205","FXRTWI","Trade-weighted Index May 1970 = 100","AUS","AUS",2019-09-23,59.3,"D","Index","Indicative","RBA","Daily","F11.1 Exchange Rates","Australian Dollar Trade-weighted Index"
"14206","FXRTWI","Trade-weighted Index May 1970 = 100","AUS","AUS",2019-09-24,59.3,"D","Index","Indicative","RBA","Daily","F11.1 Exchange Rates","Australian Dollar Trade-weighted Index"
"14207","FXRTWI","Trade-weighted Index May 1970 = 100","AUS","AUS",2019-09-25,59.3,"D","Index","Indicative","RBA","Daily","F11.1 Exchange Rates","Australian Dollar Trade-weighted Index"
"14208","FXRTWI","Trade-weighted Index May 1970 = 100","AUS","AUS",2019-09-26,59.2,"D","Index","Indicative","RBA","Daily","F11.1 Exchange Rates","Australian Dollar Trade-weighted Index"
"14209","FXRTWI","Trade-weighted Index May 1970 = 100","AUS","AUS",2019-09-27,59.3,"D","Index","Indicative","RBA","Daily","F11.1 Exchange Rates","Australian Dollar Trade-weighted Index"
"14210","FIRMMCRT","Cash Rate Target","AUS","AUS",2019-09-30,1,"M","Per cent","Original","RBA","Monthly","F1.1 Interest Rates And Yields - Money Market","Cash Rate Target; monthly average"
"14211","FXRTWI","Trade-weighted Index May 1970 = 100","AUS","AUS",2019-09-30,59.2,"D","Index","Indicative","RBA","Daily","F11.1 Exchange Rates","Australian Dollar Trade-weighted Index"
"14212","FXRTWI","Trade-weighted Index May 1970 = 100","AUS","AUS",2019-09-30,59.2,"M","Index","Indicative","RBA","Monthly","F11 Exchange Rates","Australian Dollar Trade-weighted Index"
"14213","GCPIOCPMTMQP","Quarterly trimmed mean inflation","AUS","AUS",2019-09-30,0.4,"Q","Per cent","Seasonally Adjusted","ABS","Quarterly","G1 Consumer Price Inflation","Consumer price index; Trimmed mean; Quarterly change (in per cent)"
"14214","GRCPAISDR","Commodity prices – SDR","AUS","AUS",2019-09-30,73.8099210465378,"M","Index, 2023/24=100","Original","RBA","Monthly","I2 Commodity Prices","Index of commodity prices; All items; SDR"
"14215","A124874157C","Business Turnover Index ; Total of 13 in-scope ANZSIC divisions ; Current Price ;","AUS","AUS",2019-10-01,99.3,"M","Index Numbers","Seasonally Adjusted",NA,"Monthly","Table 01: Business turnover indicator, 13 industry summary - Monthly percentage change and index",NA
"14216","A2718577A","Credits, Total goods ;","AUS","AUS",2019-10-01,31738,"M","$ Millions","Seasonally Adjusted",NA,"Monthly","TABLE 1. GOODS, Summary: Seasonally adjusted and trend estimates, Current prices",NA
"14217","A2718594C","Balance on goods ;","AUS","AUS",2019-10-01,4291,"M","$ Millions","Seasonally Adjusted",NA,"Monthly","TABLE 1. GOODS, Summary: Seasonally adjusted and trend estimates, Current prices",NA
"14218","FXRTWI","Trade-weighted Index May 1970 = 100","AUS","AUS",2019-10-01,58.9,"D","Index","Indicative","RBA","Daily","F11.1 Exchange Rates","Australian Dollar Trade-weighted Index"
"14219","FXRTWI","Trade-weighted Index May 1970 = 100","AUS","AUS",2019-10-02,59,"D","Index","Indicative","RBA","Daily","F11.1 Exchange Rates","Australian Dollar Trade-weighted Index"
"14220","FXRTWI","Trade-weighted Index May 1970 = 100","AUS","AUS",2019-10-03,58.9,"D","Index","Indicative","RBA","Daily","F11.1 Exchange Rates","Australian Dollar Trade-weighted Index"
"14221","FXRTWI","Trade-weighted Index May 1970 = 100","AUS","AUS",2019-10-04,59.1,"D","Index","Indicative","RBA","Daily","F11.1 Exchange Rates","Australian Dollar Trade-weighted Index"
"14222","FXRTWI","Trade-weighted Index May 1970 = 100","AUS","AUS",2019-10-08,59.1,"D","Index","Indicative","RBA","Daily","F11.1 Exchange Rates","Australian Dollar Trade-weighted Index"
"14223","FXRTWI","Trade-weighted Index May 1970 = 100","AUS","AUS",2019-10-09,59,"D","Index","Indicative","RBA","Daily","F11.1 Exchange Rates","Australian Dollar Trade-weighted Index"
"14224","FXRTWI","Trade-weighted Index May 1970 = 100","AUS","AUS",2019-10-10,59,"D","Index","Indicative","RBA","Daily","F11.1 Exchange Rates","Australian Dollar Trade-weighted Index"
"14225","FXRTWI","Trade-weighted Index May 1970 = 100","AUS","AUS",2019-10-11,59.2,"D","Index","Indicative","RBA","Daily","F11.1 Exchange Rates","Australian Dollar Trade-weighted Index"
"14226","FXRTWI","Trade-weighted Index May 1970 = 100","AUS","AUS",2019-10-14,59.1,"D","Index","Indicative","RBA","Daily","F11.1 Exchange Rates","Australian Dollar Trade-weighted Index"
"14227","FXRTWI","Trade-weighted Index May 1970 = 100","AUS","AUS",2019-10-15,59.1,"D","Index","Indicative","RBA","Daily","F11.1 Exchange Rates","Australian Dollar Trade-weighted Index"
"14228","FXRTWI","Trade-weighted Index May 1970 = 100","AUS","AUS",2019-10-16,58.8,"D","Index","Indicative","RBA","Daily","F11.1 Exchange Rates","Australian Dollar Trade-weighted Index"
"14229","FXRTWI","Trade-weighted Index May 1970 = 100","AUS","AUS",2019-10-17,59.2,"D","Index","Indicative","RBA","Daily","F11.1 Exchange Rates","Australian Dollar Trade-weighted Index"
"14230","FXRTWI","Trade-weighted Index May 1970 = 100","AUS","AUS",2019-10-18,59.5,"D","Index","Indicative","RBA","Daily","F11.1 Exchange Rates","Australian Dollar Trade-weighted Index"
"14231","FXRTWI","Trade-weighted Index May 1970 = 100","AUS","AUS",2019-10-21,59.6,"D","Index","Indicative","RBA","Daily","F11.1 Exchange Rates","Australian Dollar Trade-weighted Index"
"14232","FXRTWI","Trade-weighted Index May 1970 = 100","AUS","AUS",2019-10-22,59.7,"D","Index","Indicative","RBA","Daily","F11.1 Exchange Rates","Australian Dollar Trade-weighted Index"
"14233","FXRTWI","Trade-weighted Index May 1970 = 100","AUS","AUS",2019-10-23,59.5,"D","Index","Indicative","RBA","Daily","F11.1 Exchange Rates","Australian Dollar Trade-weighted Index"
"14234","FXRTWI","Trade-weighted Index May 1970 = 100","AUS","AUS",2019-10-24,59.4,"D","Index","Indicative","RBA","Daily","F11.1 Exchange Rates","Australian Dollar Trade-weighted Index"
"14235","FXRTWI","Trade-weighted Index May 1970 = 100","AUS","AUS",2019-10-25,59.3,"D","Index","Indicative","RBA","Daily","F11.1 Exchange Rates","Australian Dollar Trade-weighted Index"
"14236","FXRTWI","Trade-weighted Index May 1970 = 100","AUS","AUS",2019-10-28,59.2,"D","Index","Indicative","RBA","Daily","F11.1 Exchange Rates","Australian Dollar Trade-weighted Index"
"14237","FXRTWI","Trade-weighted Index May 1970 = 100","AUS","AUS",2019-10-29,59.6,"D","Index","Indicative","RBA","Daily","F11.1 Exchange Rates","Australian Dollar Trade-weighted Index"
"14238","FXRTWI","Trade-weighted Index May 1970 = 100","AUS","AUS",2019-10-30,59.7,"D","Index","Indicative","RBA","Daily","F11.1 Exchange Rates","Australian Dollar Trade-weighted Index"
"14239","FIRMMCRT","Cash Rate Target","AUS","AUS",2019-10-31,0.76,"M","Per cent","Original","RBA","Monthly","F1.1 Interest Rates And Yields - Money Market","Cash Rate Target; monthly average"
"14240","FXRTWI","Trade-weighted Index May 1970 = 100","AUS","AUS",2019-10-31,60,"D","Index","Indicative","RBA","Daily","F11.1 Exchange Rates","Australian Dollar Trade-weighted Index"
"14241","FXRTWI","Trade-weighted Index May 1970 = 100","AUS","AUS",2019-10-31,60,"M","Index","Indicative","RBA","Monthly","F11 Exchange Rates","Australian Dollar Trade-weighted Index"
"14242","GRCPAISDR","Commodity prices – SDR","AUS","AUS",2019-10-31,70.8335625212909,"M","Index, 2023/24=100","Original","RBA","Monthly","I2 Commodity Prices","Index of commodity prices; All items; SDR"
"14243","A124874157C","Business Turnover Index ; Total of 13 in-scope ANZSIC divisions ; Current Price ;","AUS","AUS",2019-11-01,100.2,"M","Index Numbers","Seasonally Adjusted",NA,"Monthly","Table 01: Business turnover indicator, 13 industry summary - Monthly percentage change and index",NA
"14244","A2718577A","Credits, Total goods ;","AUS","AUS",2019-11-01,32005,"M","$ Millions","Seasonally Adjusted",NA,"Monthly","TABLE 1. GOODS, Summary: Seasonally adjusted and trend estimates, Current prices",NA
"14245","A2718594C","Balance on goods ;","AUS","AUS",2019-11-01,5626,"M","$ Millions","Seasonally Adjusted",NA,"Monthly","TABLE 1. GOODS, Summary: Seasonally adjusted and trend estimates, Current prices",NA
"14246","FXRTWI","Trade-weighted Index May 1970 = 100","AUS","AUS",2019-11-01,59.8,"D","Index","Indicative","RBA","Daily","F11.1 Exchange Rates","Australian Dollar Trade-weighted Index"
"14247","FXRTWI","Trade-weighted Index May 1970 = 100","AUS","AUS",2019-11-04,59.9,"D","Index","Indicative","RBA","Daily","F11.1 Exchange Rates","Australian Dollar Trade-weighted Index"
"14248","FXRTWI","Trade-weighted Index May 1970 = 100","AUS","AUS",2019-11-05,59.8,"D","Index","Indicative","RBA","Daily","F11.1 Exchange Rates","Australian Dollar Trade-weighted Index"
"14249","FXRTWI","Trade-weighted Index May 1970 = 100","AUS","AUS",2019-11-06,59.7,"D","Index","Indicative","RBA","Daily","F11.1 Exchange Rates","Australian Dollar Trade-weighted Index"
"14250","FXRTWI","Trade-weighted Index May 1970 = 100","AUS","AUS",2019-11-07,59.6,"D","Index","Indicative","RBA","Daily","F11.1 Exchange Rates","Australian Dollar Trade-weighted Index"
"14251","FXRTWI","Trade-weighted Index May 1970 = 100","AUS","AUS",2019-11-08,59.6,"D","Index","Indicative","RBA","Daily","F11.1 Exchange Rates","Australian Dollar Trade-weighted Index"
"14252","FXRTWI","Trade-weighted Index May 1970 = 100","AUS","AUS",2019-11-11,59.5,"D","Index","Indicative","RBA","Daily","F11.1 Exchange Rates","Australian Dollar Trade-weighted Index"
"14253","FXRTWI","Trade-weighted Index May 1970 = 100","AUS","AUS",2019-11-12,59.4,"D","Index","Indicative","RBA","Daily","F11.1 Exchange Rates","Australian Dollar Trade-weighted Index"
"14254","FXRTWI","Trade-weighted Index May 1970 = 100","AUS","AUS",2019-11-13,59.5,"D","Index","Indicative","RBA","Daily","F11.1 Exchange Rates","Australian Dollar Trade-weighted Index"
"14255","FXRTWI","Trade-weighted Index May 1970 = 100","AUS","AUS",2019-11-14,59.1,"D","Index","Indicative","RBA","Daily","F11.1 Exchange Rates","Australian Dollar Trade-weighted Index"
"14256","FXRTWI","Trade-weighted Index May 1970 = 100","AUS","AUS",2019-11-15,59,"D","Index","Indicative","RBA","Daily","F11.1 Exchange Rates","Australian Dollar Trade-weighted Index"
"14257","FXRTWI","Trade-weighted Index May 1970 = 100","AUS","AUS",2019-11-18,59.1,"D","Index","Indicative","RBA","Daily","F11.1 Exchange Rates","Australian Dollar Trade-weighted Index"
"14258","FXRTWI","Trade-weighted Index May 1970 = 100","AUS","AUS",2019-11-19,59,"D","Index","Indicative","RBA","Daily","F11.1 Exchange Rates","Australian Dollar Trade-weighted Index"
"14259","FXRTWI","Trade-weighted Index May 1970 = 100","AUS","AUS",2019-11-20,59.2,"D","Index","Indicative","RBA","Daily","F11.1 Exchange Rates","Australian Dollar Trade-weighted Index"
"14260","FXRTWI","Trade-weighted Index May 1970 = 100","AUS","AUS",2019-11-21,59.1,"D","Index","Indicative","RBA","Daily","F11.1 Exchange Rates","Australian Dollar Trade-weighted Index"
"14261","FXRTWI","Trade-weighted Index May 1970 = 100","AUS","AUS",2019-11-22,59,"D","Index","Indicative","RBA","Daily","F11.1 Exchange Rates","Australian Dollar Trade-weighted Index"
"14262","FXRTWI","Trade-weighted Index May 1970 = 100","AUS","AUS",2019-11-25,59.1,"D","Index","Indicative","RBA","Daily","F11.1 Exchange Rates","Australian Dollar Trade-weighted Index"
"14263","FXRTWI","Trade-weighted Index May 1970 = 100","AUS","AUS",2019-11-26,59,"D","Index","Indicative","RBA","Daily","F11.1 Exchange Rates","Australian Dollar Trade-weighted Index"
"14264","FXRTWI","Trade-weighted Index May 1970 = 100","AUS","AUS",2019-11-27,58.9,"D","Index","Indicative","RBA","Daily","F11.1 Exchange Rates","Australian Dollar Trade-weighted Index"
"14265","FXRTWI","Trade-weighted Index May 1970 = 100","AUS","AUS",2019-11-28,58.8,"D","Index","Indicative","RBA","Daily","F11.1 Exchange Rates","Australian Dollar Trade-weighted Index"
"14266","FXRTWI","Trade-weighted Index May 1970 = 100","AUS","AUS",2019-11-29,59,"D","Index","Indicative","RBA","Daily","F11.1 Exchange Rates","Australian Dollar Trade-weighted Index"
"14267","FXRTWI","Trade-weighted Index May 1970 = 100","AUS","AUS",2019-11-29,59,"M","Index","Indicative","RBA","Monthly","F11 Exchange Rates","Australian Dollar Trade-weighted Index"
"14268","FIRMMCRT","Cash Rate Target","AUS","AUS",2019-11-30,0.75,"M","Per cent","Original","RBA","Monthly","F1.1 Interest Rates And Yields - Money Market","Cash Rate Target; monthly average"
"14269","GRCPAISDR","Commodity prices – SDR","AUS","AUS",2019-11-30,70.4137067117569,"M","Index, 2023/24=100","Original","RBA","Monthly","I2 Commodity Prices","Index of commodity prices; All items; SDR"
"14270","A124874157C","Business Turnover Index ; Total of 13 in-scope ANZSIC divisions ; Current Price ;","AUS","AUS",2019-12-01,99,"M","Index Numbers","Seasonally Adjusted",NA,"Monthly","Table 01: Business turnover indicator, 13 industry summary - Monthly percentage change and index",NA
"14271","A2302956R","South Australia ; STATE FINAL DEMAND ;","SA","SA",2019-12-01,34488,"Q","$ Millions","Seasonally Adjusted",NA,"Quarterly","Table 25. State Final Demand, Summary Components by State: Chain volume measures",NA
"14272","A2302984X","Western Australia ; STATE FINAL DEMAND ;","WA","WA",2019-12-01,60269,"Q","$ Millions","Seasonally Adjusted",NA,"Quarterly","Table 25. State Final Demand, Summary Components by State: Chain volume measures",NA
"14273","A2303012X","Tasmania ; STATE FINAL DEMAND ;","TAS","TAS",2019-12-01,10607,"Q","$ Millions","Seasonally Adjusted",NA,"Quarterly","Table 25. State Final Demand, Summary Components by State: Chain volume measures",NA
"14274","A2303040J","Northern Territory ; STATE FINAL DEMAND ;","NT","NT",2019-12-01,6757,"Q","$ Millions","Seasonally Adjusted",NA,"Quarterly","Table 25. State Final Demand, Summary Components by State: Chain volume measures",NA
"14275","A2303068K","Australian Capital Territory ; STATE FINAL DEMAND ;","ACT","ACT",2019-12-01,16374,"Q","$ Millions","Seasonally Adjusted",NA,"Quarterly","Table 25. State Final Demand, Summary Components by State: Chain volume measures",NA
"14276","A2303111F","New South Wales ; STATE FINAL DEMAND ;","NSW","NSW",2019-12-01,174158,"Q","$ Millions","Seasonally Adjusted",NA,"Quarterly","Table 25. State Final Demand, Summary Components by State: Chain volume measures",NA
"14277","A2303139J","Victoria ; STATE FINAL DEMAND ;","VIC","VIC",2019-12-01,139770,"Q","$ Millions","Seasonally Adjusted",NA,"Quarterly","Table 25. State Final Demand, Summary Components by State: Chain volume measures",NA
"14278","A2303187A","Queensland ; STATE FINAL DEMAND ;","QLD","QLD",2019-12-01,105664,"Q","$ Millions","Seasonally Adjusted",NA,"Quarterly","Table 25. State Final Demand, Summary Components by State: Chain volume measures",NA
"14279","A2304418T","Gross domestic product: Current prices ;","AUS","AUS",2019-12-01,502871,"Q","$ Millions","Seasonally Adjusted",NA,"Quarterly","Table 1. Key National Accounts Aggregates",NA
"14280","A2325846C","Index Numbers ; All groups CPI ; Australia ;","AUS","AUS",2019-12-01,116.2,"Q","Index Numbers","Original",NA,"Quarterly","TABLES 1 and 2. CPI: All Groups, Index Numbers and Percentage Changes",NA
"14281","A2718577A","Credits, Total goods ;","AUS","AUS",2019-12-01,31951,"M","$ Millions","Seasonally Adjusted",NA,"Monthly","TABLE 1. GOODS, Summary: Seasonally adjusted and trend estimates, Current prices",NA
"14282","A2718594C","Balance on goods ;","AUS","AUS",2019-12-01,5195,"M","$ Millions","Seasonally Adjusted",NA,"Monthly","TABLE 1. GOODS, Summary: Seasonally adjusted and trend estimates, Current prices",NA
"14283","FXRTWI","Trade-weighted Index May 1970 = 100","AUS","AUS",2019-12-02,58.9,"D","Index","Indicative","RBA","Daily","F11.1 Exchange Rates","Australian Dollar Trade-weighted Index"
"14284","FXRTWI","Trade-weighted Index May 1970 = 100","AUS","AUS",2019-12-03,59.5,"D","Index","Indicative","RBA","Daily","F11.1 Exchange Rates","Australian Dollar Trade-weighted Index"
"14285","FXRTWI","Trade-weighted Index May 1970 = 100","AUS","AUS",2019-12-04,59.4,"D","Index","Indicative","RBA","Daily","F11.1 Exchange Rates","Australian Dollar Trade-weighted Index"
"14286","FXRTWI","Trade-weighted Index May 1970 = 100","AUS","AUS",2019-12-05,59.4,"D","Index","Indicative","RBA","Daily","F11.1 Exchange Rates","Australian Dollar Trade-weighted Index"
"14287","FXRTWI","Trade-weighted Index May 1970 = 100","AUS","AUS",2019-12-06,59.4,"D","Index","Indicative","RBA","Daily","F11.1 Exchange Rates","Australian Dollar Trade-weighted Index"
"14288","FXRTWI","Trade-weighted Index May 1970 = 100","AUS","AUS",2019-12-09,59.3,"D","Index","Indicative","RBA","Daily","F11.1 Exchange Rates","Australian Dollar Trade-weighted Index"
"14289","FXRTWI","Trade-weighted Index May 1970 = 100","AUS","AUS",2019-12-10,59.2,"D","Index","Indicative","RBA","Daily","F11.1 Exchange Rates","Australian Dollar Trade-weighted Index"
"14290","FXRTWI","Trade-weighted Index May 1970 = 100","AUS","AUS",2019-12-11,59.2,"D","Index","Indicative","RBA","Daily","F11.1 Exchange Rates","Australian Dollar Trade-weighted Index"
"14291","FXRTWI","Trade-weighted Index May 1970 = 100","AUS","AUS",2019-12-12,59.6,"D","Index","Indicative","RBA","Daily","F11.1 Exchange Rates","Australian Dollar Trade-weighted Index"
"14292","FXRTWI","Trade-weighted Index May 1970 = 100","AUS","AUS",2019-12-13,59.7,"D","Index","Indicative","RBA","Daily","F11.1 Exchange Rates","Australian Dollar Trade-weighted Index"
"14293","FXRTWI","Trade-weighted Index May 1970 = 100","AUS","AUS",2019-12-16,59.4,"D","Index","Indicative","RBA","Daily","F11.1 Exchange Rates","Australian Dollar Trade-weighted Index"
"14294","FXRTWI","Trade-weighted Index May 1970 = 100","AUS","AUS",2019-12-17,59.4,"D","Index","Indicative","RBA","Daily","F11.1 Exchange Rates","Australian Dollar Trade-weighted Index"
"14295","FXRTWI","Trade-weighted Index May 1970 = 100","AUS","AUS",2019-12-18,59.2,"D","Index","Indicative","RBA","Daily","F11.1 Exchange Rates","Australian Dollar Trade-weighted Index"
"14296","FXRTWI","Trade-weighted Index May 1970 = 100","AUS","AUS",2019-12-19,59.5,"D","Index","Indicative","RBA","Daily","F11.1 Exchange Rates","Australian Dollar Trade-weighted Index"
"14297","FXRTWI","Trade-weighted Index May 1970 = 100","AUS","AUS",2019-12-20,59.6,"D","Index","Indicative","RBA","Daily","F11.1 Exchange Rates","Australian Dollar Trade-weighted Index"
"14298","FXRTWI","Trade-weighted Index May 1970 = 100","AUS","AUS",2019-12-23,59.8,"D","Index","Indicative","RBA","Daily","F11.1 Exchange Rates","Australian Dollar Trade-weighted Index"
"14299","FXRTWI","Trade-weighted Index May 1970 = 100","AUS","AUS",2019-12-24,59.8,"D","Index","Indicative","RBA","Daily","F11.1 Exchange Rates","Australian Dollar Trade-weighted Index"
"14300","FXRTWI","Trade-weighted Index May 1970 = 100","AUS","AUS",2019-12-27,60.1,"D","Index","Indicative","RBA","Daily","F11.1 Exchange Rates","Australian Dollar Trade-weighted Index"
"14301","FXRTWI","Trade-weighted Index May 1970 = 100","AUS","AUS",2019-12-30,60.2,"D","Index","Indicative","RBA","Daily","F11.1 Exchange Rates","Australian Dollar Trade-weighted Index"
"14302","FIRMMCRT","Cash Rate Target","AUS","AUS",2019-12-31,0.75,"M","Per cent","Original","RBA","Monthly","F1.1 Interest Rates And Yields - Money Market","Cash Rate Target; monthly average"
"14303","FXRTWI","Trade-weighted Index May 1970 = 100","AUS","AUS",2019-12-31,60.3,"D","Index","Indicative","RBA","Daily","F11.1 Exchange Rates","Australian Dollar Trade-weighted Index"
"14304","FXRTWI","Trade-weighted Index May 1970 = 100","AUS","AUS",2019-12-31,60.3,"M","Index","Indicative","RBA","Monthly","F11 Exchange Rates","Australian Dollar Trade-weighted Index"
"14305","GCPIOCPMTMQP","Quarterly trimmed mean inflation","AUS","AUS",2019-12-31,0.4,"Q","Per cent","Seasonally Adjusted","ABS","Quarterly","G1 Consumer Price Inflation","Consumer price index; Trimmed mean; Quarterly change (in per cent)"
"14306","GRCPAISDR","Commodity prices – SDR","AUS","AUS",2019-12-31,70.0625139312367,"M","Index, 2023/24=100","Original","RBA","Monthly","I2 Commodity Prices","Index of commodity prices; All items; SDR"
"14307","A124874157C","Business Turnover Index ; Total of 13 in-scope ANZSIC divisions ; Current Price ;","AUS","AUS",2020-01-01,99.7,"M","Index Numbers","Seasonally Adjusted",NA,"Monthly","Table 01: Business turnover indicator, 13 industry summary - Monthly percentage change and index",NA
"14308","A2718577A","Credits, Total goods ;","AUS","AUS",2020-01-01,30474,"M","$ Millions","Seasonally Adjusted",NA,"Monthly","TABLE 1. GOODS, Summary: Seasonally adjusted and trend estimates, Current prices",NA
"14309","A2718594C","Balance on goods ;","AUS","AUS",2020-01-01,4756,"M","$ Millions","Seasonally Adjusted",NA,"Monthly","TABLE 1. GOODS, Summary: Seasonally adjusted and trend estimates, Current prices",NA
"14310","FXRTWI","Trade-weighted Index May 1970 = 100","AUS","AUS",2020-01-02,60.2,"D","Index","Indicative","RBA","Daily","F11.1 Exchange Rates","Australian Dollar Trade-weighted Index"
"14311","FXRTWI","Trade-weighted Index May 1970 = 100","AUS","AUS",2020-01-03,60,"D","Index","Indicative","RBA","Daily","F11.1 Exchange Rates","Australian Dollar Trade-weighted Index"
"14312","FXRTWI","Trade-weighted Index May 1970 = 100","AUS","AUS",2020-01-06,59.8,"D","Index","Indicative","RBA","Daily","F11.1 Exchange Rates","Australian Dollar Trade-weighted Index"
"14313","FXRTWI","Trade-weighted Index May 1970 = 100","AUS","AUS",2020-01-07,59.6,"D","Index","Indicative","RBA","Daily","F11.1 Exchange Rates","Australian Dollar Trade-weighted Index"
"14314","FXRTWI","Trade-weighted Index May 1970 = 100","AUS","AUS",2020-01-08,59.2,"D","Index","Indicative","RBA","Daily","F11.1 Exchange Rates","Australian Dollar Trade-weighted Index"
"14315","FXRTWI","Trade-weighted Index May 1970 = 100","AUS","AUS",2020-01-09,59.2,"D","Index","Indicative","RBA","Daily","F11.1 Exchange Rates","Australian Dollar Trade-weighted Index"
"14316","FXRTWI","Trade-weighted Index May 1970 = 100","AUS","AUS",2020-01-10,59.2,"D","Index","Indicative","RBA","Daily","F11.1 Exchange Rates","Australian Dollar Trade-weighted Index"
"14317","FXRTWI","Trade-weighted Index May 1970 = 100","AUS","AUS",2020-01-13,59.4,"D","Index","Indicative","RBA","Daily","F11.1 Exchange Rates","Australian Dollar Trade-weighted Index"
"14318","FXRTWI","Trade-weighted Index May 1970 = 100","AUS","AUS",2020-01-14,59.3,"D","Index","Indicative","RBA","Daily","F11.1 Exchange Rates","Australian Dollar Trade-weighted Index"
"14319","FXRTWI","Trade-weighted Index May 1970 = 100","AUS","AUS",2020-01-15,59.3,"D","Index","Indicative","RBA","Daily","F11.1 Exchange Rates","Australian Dollar Trade-weighted Index"
"14320","FXRTWI","Trade-weighted Index May 1970 = 100","AUS","AUS",2020-01-16,59.3,"D","Index","Indicative","RBA","Daily","F11.1 Exchange Rates","Australian Dollar Trade-weighted Index"
"14321","FXRTWI","Trade-weighted Index May 1970 = 100","AUS","AUS",2020-01-17,59.2,"D","Index","Indicative","RBA","Daily","F11.1 Exchange Rates","Australian Dollar Trade-weighted Index"
"14322","FXRTWI","Trade-weighted Index May 1970 = 100","AUS","AUS",2020-01-20,59.1,"D","Index","Indicative","RBA","Daily","F11.1 Exchange Rates","Australian Dollar Trade-weighted Index"
"14323","FXRTWI","Trade-weighted Index May 1970 = 100","AUS","AUS",2020-01-21,59.1,"D","Index","Indicative","RBA","Daily","F11.1 Exchange Rates","Australian Dollar Trade-weighted Index"
"14324","FXRTWI","Trade-weighted Index May 1970 = 100","AUS","AUS",2020-01-22,58.9,"D","Index","Indicative","RBA","Daily","F11.1 Exchange Rates","Australian Dollar Trade-weighted Index"
"14325","FXRTWI","Trade-weighted Index May 1970 = 100","AUS","AUS",2020-01-23,59.1,"D","Index","Indicative","RBA","Daily","F11.1 Exchange Rates","Australian Dollar Trade-weighted Index"
"14326","FXRTWI","Trade-weighted Index May 1970 = 100","AUS","AUS",2020-01-24,59,"D","Index","Indicative","RBA","Daily","F11.1 Exchange Rates","Australian Dollar Trade-weighted Index"
"14327","FXRTWI","Trade-weighted Index May 1970 = 100","AUS","AUS",2020-01-28,58.4,"D","Index","Indicative","RBA","Daily","F11.1 Exchange Rates","Australian Dollar Trade-weighted Index"
"14328","FXRTWI","Trade-weighted Index May 1970 = 100","AUS","AUS",2020-01-29,58.5,"D","Index","Indicative","RBA","Daily","F11.1 Exchange Rates","Australian Dollar Trade-weighted Index"
"14329","FXRTWI","Trade-weighted Index May 1970 = 100","AUS","AUS",2020-01-30,58.3,"D","Index","Indicative","RBA","Daily","F11.1 Exchange Rates","Australian Dollar Trade-weighted Index"
"14330","FIRMMCRT","Cash Rate Target","AUS","AUS",2020-01-31,0.75,"M","Per cent","Original","RBA","Monthly","F1.1 Interest Rates And Yields - Money Market","Cash Rate Target; monthly average"
"14331","FXRTWI","Trade-weighted Index May 1970 = 100","AUS","AUS",2020-01-31,58.1,"D","Index","Indicative","RBA","Daily","F11.1 Exchange Rates","Australian Dollar Trade-weighted Index"
"14332","FXRTWI","Trade-weighted Index May 1970 = 100","AUS","AUS",2020-01-31,58.1,"M","Index","Indicative","RBA","Monthly","F11 Exchange Rates","Australian Dollar Trade-weighted Index"
"14333","GRCPAISDR","Commodity prices – SDR","AUS","AUS",2020-01-31,70.6148186529756,"M","Index, 2023/24=100","Original","RBA","Monthly","I2 Commodity Prices","Index of commodity prices; All items; SDR"
"14334","A124874157C","Business Turnover Index ; Total of 13 in-scope ANZSIC divisions ; Current Price ;","AUS","AUS",2020-02-01,97.9,"M","Index Numbers","Seasonally Adjusted",NA,"Monthly","Table 01: Business turnover indicator, 13 industry summary - Monthly percentage change and index",NA
"14335","A2718577A","Credits, Total goods ;","AUS","AUS",2020-02-01,29346,"M","$ Millions","Seasonally Adjusted",NA,"Monthly","TABLE 1. GOODS, Summary: Seasonally adjusted and trend estimates, Current prices",NA
"14336","A2718594C","Balance on goods ;","AUS","AUS",2020-02-01,4327,"M","$ Millions","Seasonally Adjusted",NA,"Monthly","TABLE 1. GOODS, Summary: Seasonally adjusted and trend estimates, Current prices",NA
"14337","FXRTWI","Trade-weighted Index May 1970 = 100","AUS","AUS",2020-02-03,58.1,"D","Index","Indicative","RBA","Daily","F11.1 Exchange Rates","Australian Dollar Trade-weighted Index"
"14338","FXRTWI","Trade-weighted Index May 1970 = 100","AUS","AUS",2020-02-04,58.2,"D","Index","Indicative","RBA","Daily","F11.1 Exchange Rates","Australian Dollar Trade-weighted Index"
"14339","FXRTWI","Trade-weighted Index May 1970 = 100","AUS","AUS",2020-02-05,58.5,"D","Index","Indicative","RBA","Daily","F11.1 Exchange Rates","Australian Dollar Trade-weighted Index"
"14340","FXRTWI","Trade-weighted Index May 1970 = 100","AUS","AUS",2020-02-06,58.6,"D","Index","Indicative","RBA","Daily","F11.1 Exchange Rates","Australian Dollar Trade-weighted Index"
"14341","FXRTWI","Trade-weighted Index May 1970 = 100","AUS","AUS",2020-02-07,58.4,"D","Index","Indicative","RBA","Daily","F11.1 Exchange Rates","Australian Dollar Trade-weighted Index"
"14342","FXRTWI","Trade-weighted Index May 1970 = 100","AUS","AUS",2020-02-10,58.3,"D","Index","Indicative","RBA","Daily","F11.1 Exchange Rates","Australian Dollar Trade-weighted Index"
"14343","FXRTWI","Trade-weighted Index May 1970 = 100","AUS","AUS",2020-02-11,58.3,"D","Index","Indicative","RBA","Daily","F11.1 Exchange Rates","Australian Dollar Trade-weighted Index"
"14344","FXRTWI","Trade-weighted Index May 1970 = 100","AUS","AUS",2020-02-12,58.4,"D","Index","Indicative","RBA","Daily","F11.1 Exchange Rates","Australian Dollar Trade-weighted Index"
"14345","FXRTWI","Trade-weighted Index May 1970 = 100","AUS","AUS",2020-02-13,58.4,"D","Index","Indicative","RBA","Daily","F11.1 Exchange Rates","Australian Dollar Trade-weighted Index"
"14346","FXRTWI","Trade-weighted Index May 1970 = 100","AUS","AUS",2020-02-14,58.4,"D","Index","Indicative","RBA","Daily","F11.1 Exchange Rates","Australian Dollar Trade-weighted Index"
"14347","FXRTWI","Trade-weighted Index May 1970 = 100","AUS","AUS",2020-02-17,58.5,"D","Index","Indicative","RBA","Daily","F11.1 Exchange Rates","Australian Dollar Trade-weighted Index"
"14348","FXRTWI","Trade-weighted Index May 1970 = 100","AUS","AUS",2020-02-18,58.3,"D","Index","Indicative","RBA","Daily","F11.1 Exchange Rates","Australian Dollar Trade-weighted Index"
"14349","FXRTWI","Trade-weighted Index May 1970 = 100","AUS","AUS",2020-02-19,58.4,"D","Index","Indicative","RBA","Daily","F11.1 Exchange Rates","Australian Dollar Trade-weighted Index"
"14350","FXRTWI","Trade-weighted Index May 1970 = 100","AUS","AUS",2020-02-20,58.2,"D","Index","Indicative","RBA","Daily","F11.1 Exchange Rates","Australian Dollar Trade-weighted Index"
"14351","FXRTWI","Trade-weighted Index May 1970 = 100","AUS","AUS",2020-02-21,57.9,"D","Index","Indicative","RBA","Daily","F11.1 Exchange Rates","Australian Dollar Trade-weighted Index"
"14352","FXRTWI","Trade-weighted Index May 1970 = 100","AUS","AUS",2020-02-24,58,"D","Index","Indicative","RBA","Daily","F11.1 Exchange Rates","Australian Dollar Trade-weighted Index"
"14353","FXRTWI","Trade-weighted Index May 1970 = 100","AUS","AUS",2020-02-25,57.9,"D","Index","Indicative","RBA","Daily","F11.1 Exchange Rates","Australian Dollar Trade-weighted Index"
"14354","FXRTWI","Trade-weighted Index May 1970 = 100","AUS","AUS",2020-02-26,57.7,"D","Index","Indicative","RBA","Daily","F11.1 Exchange Rates","Australian Dollar Trade-weighted Index"
"14355","FXRTWI","Trade-weighted Index May 1970 = 100","AUS","AUS",2020-02-27,57.4,"D","Index","Indicative","RBA","Daily","F11.1 Exchange Rates","Australian Dollar Trade-weighted Index"
"14356","FXRTWI","Trade-weighted Index May 1970 = 100","AUS","AUS",2020-02-28,57,"D","Index","Indicative","RBA","Daily","F11.1 Exchange Rates","Australian Dollar Trade-weighted Index"
"14357","FXRTWI","Trade-weighted Index May 1970 = 100","AUS","AUS",2020-02-28,57,"M","Index","Indicative","RBA","Monthly","F11 Exchange Rates","Australian Dollar Trade-weighted Index"
"14358","FIRMMCRT","Cash Rate Target","AUS","AUS",2020-02-29,0.75,"M","Per cent","Original","RBA","Monthly","F1.1 Interest Rates And Yields - Money Market","Cash Rate Target; monthly average"
"14359","GRCPAISDR","Commodity prices – SDR","AUS","AUS",2020-02-29,70.6951393054344,"M","Index, 2023/24=100","Original","RBA","Monthly","I2 Commodity Prices","Index of commodity prices; All items; SDR"
"14360","A124874157C","Business Turnover Index ; Total of 13 in-scope ANZSIC divisions ; Current Price ;","AUS","AUS",2020-03-01,100.2,"M","Index Numbers","Seasonally Adjusted",NA,"Monthly","Table 01: Business turnover indicator, 13 industry summary - Monthly percentage change and index",NA
"14361","A2302956R","South Australia ; STATE FINAL DEMAND ;","SA","SA",2020-03-01,34327,"Q","$ Millions","Seasonally Adjusted",NA,"Quarterly","Table 25. State Final Demand, Summary Components by State: Chain volume measures",NA
"14362","A2302984X","Western Australia ; STATE FINAL DEMAND ;","WA","WA",2020-03-01,60566,"Q","$ Millions","Seasonally Adjusted",NA,"Quarterly","Table 25. State Final Demand, Summary Components by State: Chain volume measures",NA
"14363","A2303012X","Tasmania ; STATE FINAL DEMAND ;","TAS","TAS",2020-03-01,10734,"Q","$ Millions","Seasonally Adjusted",NA,"Quarterly","Table 25. State Final Demand, Summary Components by State: Chain volume measures",NA
"14364","A2303040J","Northern Territory ; STATE FINAL DEMAND ;","NT","NT",2020-03-01,6671,"Q","$ Millions","Seasonally Adjusted",NA,"Quarterly","Table 25. State Final Demand, Summary Components by State: Chain volume measures",NA
"14365","A2303068K","Australian Capital Territory ; STATE FINAL DEMAND ;","ACT","ACT",2020-03-01,16886,"Q","$ Millions","Seasonally Adjusted",NA,"Quarterly","Table 25. State Final Demand, Summary Components by State: Chain volume measures",NA
"14366","A2303111F","New South Wales ; STATE FINAL DEMAND ;","NSW","NSW",2020-03-01,172577,"Q","$ Millions","Seasonally Adjusted",NA,"Quarterly","Table 25. State Final Demand, Summary Components by State: Chain volume measures",NA
"14367","A2303139J","Victoria ; STATE FINAL DEMAND ;","VIC","VIC",2020-03-01,139717,"Q","$ Millions","Seasonally Adjusted",NA,"Quarterly","Table 25. State Final Demand, Summary Components by State: Chain volume measures",NA
"14368","A2303187A","Queensland ; STATE FINAL DEMAND ;","QLD","QLD",2020-03-01,106011,"Q","$ Millions","Seasonally Adjusted",NA,"Quarterly","Table 25. State Final Demand, Summary Components by State: Chain volume measures",NA
"14369","A2304418T","Gross domestic product: Current prices ;","AUS","AUS",2020-03-01,504806,"Q","$ Millions","Seasonally Adjusted",NA,"Quarterly","Table 1. Key National Accounts Aggregates",NA
"14370","A2325846C","Index Numbers ; All groups CPI ; Australia ;","AUS","AUS",2020-03-01,116.6,"Q","Index Numbers","Original",NA,"Quarterly","TABLES 1 and 2. CPI: All Groups, Index Numbers and Percentage Changes",NA
"14371","A2718577A","Credits, Total goods ;","AUS","AUS",2020-03-01,34123,"M","$ Millions","Seasonally Adjusted",NA,"Monthly","TABLE 1. GOODS, Summary: Seasonally adjusted and trend estimates, Current prices",NA
"14372","A2718594C","Balance on goods ;","AUS","AUS",2020-03-01,9152,"M","$ Millions","Seasonally Adjusted",NA,"Monthly","TABLE 1. GOODS, Summary: Seasonally adjusted and trend estimates, Current prices",NA
"14373","FXRTWI","Trade-weighted Index May 1970 = 100","AUS","AUS",2020-03-02,56.8,"D","Index","Indicative","RBA","Daily","F11.1 Exchange Rates","Australian Dollar Trade-weighted Index"
"14374","FXRTWI","Trade-weighted Index May 1970 = 100","AUS","AUS",2020-03-03,56.9,"D","Index","Indicative","RBA","Daily","F11.1 Exchange Rates","Australian Dollar Trade-weighted Index"
"14375","FXRTWI","Trade-weighted Index May 1970 = 100","AUS","AUS",2020-03-04,57.1,"D","Index","Indicative","RBA","Daily","F11.1 Exchange Rates","Australian Dollar Trade-weighted Index"
"14376","FXRTWI","Trade-weighted Index May 1970 = 100","AUS","AUS",2020-03-05,57.4,"D","Index","Indicative","RBA","Daily","F11.1 Exchange Rates","Australian Dollar Trade-weighted Index"
"14377","FXRTWI","Trade-weighted Index May 1970 = 100","AUS","AUS",2020-03-06,57.1,"D","Index","Indicative","RBA","Daily","F11.1 Exchange Rates","Australian Dollar Trade-weighted Index"
"14378","FXRTWI","Trade-weighted Index May 1970 = 100","AUS","AUS",2020-03-09,56.4,"D","Index","Indicative","RBA","Daily","F11.1 Exchange Rates","Australian Dollar Trade-weighted Index"
"14379","FXRTWI","Trade-weighted Index May 1970 = 100","AUS","AUS",2020-03-10,56.6,"D","Index","Indicative","RBA","Daily","F11.1 Exchange Rates","Australian Dollar Trade-weighted Index"
"14380","FXRTWI","Trade-weighted Index May 1970 = 100","AUS","AUS",2020-03-11,56.2,"D","Index","Indicative","RBA","Daily","F11.1 Exchange Rates","Australian Dollar Trade-weighted Index"
"14381","FXRTWI","Trade-weighted Index May 1970 = 100","AUS","AUS",2020-03-12,56,"D","Index","Indicative","RBA","Daily","F11.1 Exchange Rates","Australian Dollar Trade-weighted Index"
"14382","FXRTWI","Trade-weighted Index May 1970 = 100","AUS","AUS",2020-03-13,55.1,"D","Index","Indicative","RBA","Daily","F11.1 Exchange Rates","Australian Dollar Trade-weighted Index"
"14383","FXRTWI","Trade-weighted Index May 1970 = 100","AUS","AUS",2020-03-16,54.1,"D","Index","Indicative","RBA","Daily","F11.1 Exchange Rates","Australian Dollar Trade-weighted Index"
"14384","FXRTWI","Trade-weighted Index May 1970 = 100","AUS","AUS",2020-03-17,53.7,"D","Index","Indicative","RBA","Daily","F11.1 Exchange Rates","Australian Dollar Trade-weighted Index"
"14385","FXRTWI","Trade-weighted Index May 1970 = 100","AUS","AUS",2020-03-18,53,"D","Index","Indicative","RBA","Daily","F11.1 Exchange Rates","Australian Dollar Trade-weighted Index"
"14386","FXRTWI","Trade-weighted Index May 1970 = 100","AUS","AUS",2020-03-19,49.9,"D","Index","Indicative","RBA","Daily","F11.1 Exchange Rates","Australian Dollar Trade-weighted Index"
"14387","FXRTWI","Trade-weighted Index May 1970 = 100","AUS","AUS",2020-03-20,52.4,"D","Index","Indicative","RBA","Daily","F11.1 Exchange Rates","Australian Dollar Trade-weighted Index"
"14388","FXRTWI","Trade-weighted Index May 1970 = 100","AUS","AUS",2020-03-23,51.8,"D","Index","Indicative","RBA","Daily","F11.1 Exchange Rates","Australian Dollar Trade-weighted Index"
"14389","FXRTWI","Trade-weighted Index May 1970 = 100","AUS","AUS",2020-03-24,53,"D","Index","Indicative","RBA","Daily","F11.1 Exchange Rates","Australian Dollar Trade-weighted Index"
"14390","FXRTWI","Trade-weighted Index May 1970 = 100","AUS","AUS",2020-03-25,53.7,"D","Index","Indicative","RBA","Daily","F11.1 Exchange Rates","Australian Dollar Trade-weighted Index"
"14391","FXRTWI","Trade-weighted Index May 1970 = 100","AUS","AUS",2020-03-26,53,"D","Index","Indicative","RBA","Daily","F11.1 Exchange Rates","Australian Dollar Trade-weighted Index"
"14392","FXRTWI","Trade-weighted Index May 1970 = 100","AUS","AUS",2020-03-27,53.9,"D","Index","Indicative","RBA","Daily","F11.1 Exchange Rates","Australian Dollar Trade-weighted Index"
"14393","FXRTWI","Trade-weighted Index May 1970 = 100","AUS","AUS",2020-03-30,54.4,"D","Index","Indicative","RBA","Daily","F11.1 Exchange Rates","Australian Dollar Trade-weighted Index"
"14394","FIRMMCRT","Cash Rate Target","AUS","AUS",2020-03-31,0.43,"M","Per cent","Original","RBA","Monthly","F1.1 Interest Rates And Yields - Money Market","Cash Rate Target; monthly average"
"14395","FXRTWI","Trade-weighted Index May 1970 = 100","AUS","AUS",2020-03-31,54.7,"D","Index","Indicative","RBA","Daily","F11.1 Exchange Rates","Australian Dollar Trade-weighted Index"
"14396","FXRTWI","Trade-weighted Index May 1970 = 100","AUS","AUS",2020-03-31,54.7,"M","Index","Indicative","RBA","Monthly","F11 Exchange Rates","Australian Dollar Trade-weighted Index"
"14397","GCPIOCPMTMQP","Quarterly trimmed mean inflation","AUS","AUS",2020-03-31,0.5,"Q","Per cent","Seasonally Adjusted","ABS","Quarterly","G1 Consumer Price Inflation","Consumer price index; Trimmed mean; Quarterly change (in per cent)"
"14398","GRCPAISDR","Commodity prices – SDR","AUS","AUS",2020-03-31,69.6137812161665,"M","Index, 2023/24=100","Original","RBA","Monthly","I2 Commodity Prices","Index of commodity prices; All items; SDR"
"14399","A124874157C","Business Turnover Index ; Total of 13 in-scope ANZSIC divisions ; Current Price ;","AUS","AUS",2020-04-01,89.9,"M","Index Numbers","Seasonally Adjusted",NA,"Monthly","Table 01: Business turnover indicator, 13 industry summary - Monthly percentage change and index",NA
"14400","A2718577A","Credits, Total goods ;","AUS","AUS",2020-04-01,31798,"M","$ Millions","Seasonally Adjusted",NA,"Monthly","TABLE 1. GOODS, Summary: Seasonally adjusted and trend estimates, Current prices",NA
"14401","A2718594C","Balance on goods ;","AUS","AUS",2020-04-01,6522,"M","$ Millions","Seasonally Adjusted",NA,"Monthly","TABLE 1. GOODS, Summary: Seasonally adjusted and trend estimates, Current prices",NA
"14402","FXRTWI","Trade-weighted Index May 1970 = 100","AUS","AUS",2020-04-01,54.3,"D","Index","Indicative","RBA","Daily","F11.1 Exchange Rates","Australian Dollar Trade-weighted Index"
"14403","FXRTWI","Trade-weighted Index May 1970 = 100","AUS","AUS",2020-04-02,54,"D","Index","Indicative","RBA","Daily","F11.1 Exchange Rates","Australian Dollar Trade-weighted Index"
"14404","FXRTWI","Trade-weighted Index May 1970 = 100","AUS","AUS",2020-04-03,54,"D","Index","Indicative","RBA","Daily","F11.1 Exchange Rates","Australian Dollar Trade-weighted Index"
"14405","FXRTWI","Trade-weighted Index May 1970 = 100","AUS","AUS",2020-04-06,53.8,"D","Index","Indicative","RBA","Daily","F11.1 Exchange Rates","Australian Dollar Trade-weighted Index"
"14406","FXRTWI","Trade-weighted Index May 1970 = 100","AUS","AUS",2020-04-07,54.6,"D","Index","Indicative","RBA","Daily","F11.1 Exchange Rates","Australian Dollar Trade-weighted Index"
"14407","FXRTWI","Trade-weighted Index May 1970 = 100","AUS","AUS",2020-04-08,54.5,"D","Index","Indicative","RBA","Daily","F11.1 Exchange Rates","Australian Dollar Trade-weighted Index"
"14408","FXRTWI","Trade-weighted Index May 1970 = 100","AUS","AUS",2020-04-09,55.1,"D","Index","Indicative","RBA","Daily","F11.1 Exchange Rates","Australian Dollar Trade-weighted Index"
"14409","FXRTWI","Trade-weighted Index May 1970 = 100","AUS","AUS",2020-04-14,56.6,"D","Index","Indicative","RBA","Daily","F11.1 Exchange Rates","Australian Dollar Trade-weighted Index"
"14410","FXRTWI","Trade-weighted Index May 1970 = 100","AUS","AUS",2020-04-15,56.3,"D","Index","Indicative","RBA","Daily","F11.1 Exchange Rates","Australian Dollar Trade-weighted Index"
"14411","FXRTWI","Trade-weighted Index May 1970 = 100","AUS","AUS",2020-04-16,55.7,"D","Index","Indicative","RBA","Daily","F11.1 Exchange Rates","Australian Dollar Trade-weighted Index"
"14412","FXRTWI","Trade-weighted Index May 1970 = 100","AUS","AUS",2020-04-17,56.3,"D","Index","Indicative","RBA","Daily","F11.1 Exchange Rates","Australian Dollar Trade-weighted Index"
"14413","FXRTWI","Trade-weighted Index May 1970 = 100","AUS","AUS",2020-04-20,56.2,"D","Index","Indicative","RBA","Daily","F11.1 Exchange Rates","Australian Dollar Trade-weighted Index"
"14414","FXRTWI","Trade-weighted Index May 1970 = 100","AUS","AUS",2020-04-21,56,"D","Index","Indicative","RBA","Daily","F11.1 Exchange Rates","Australian Dollar Trade-weighted Index"
"14415","FXRTWI","Trade-weighted Index May 1970 = 100","AUS","AUS",2020-04-22,56.1,"D","Index","Indicative","RBA","Daily","F11.1 Exchange Rates","Australian Dollar Trade-weighted Index"
"14416","FXRTWI","Trade-weighted Index May 1970 = 100","AUS","AUS",2020-04-23,56.2,"D","Index","Indicative","RBA","Daily","F11.1 Exchange Rates","Australian Dollar Trade-weighted Index"
"14417","FXRTWI","Trade-weighted Index May 1970 = 100","AUS","AUS",2020-04-24,56.3,"D","Index","Indicative","RBA","Daily","F11.1 Exchange Rates","Australian Dollar Trade-weighted Index"
"14418","FXRTWI","Trade-weighted Index May 1970 = 100","AUS","AUS",2020-04-27,57.2,"D","Index","Indicative","RBA","Daily","F11.1 Exchange Rates","Australian Dollar Trade-weighted Index"
"14419","FXRTWI","Trade-weighted Index May 1970 = 100","AUS","AUS",2020-04-28,57.2,"D","Index","Indicative","RBA","Daily","F11.1 Exchange Rates","Australian Dollar Trade-weighted Index"
"14420","FXRTWI","Trade-weighted Index May 1970 = 100","AUS","AUS",2020-04-29,57.7,"D","Index","Indicative","RBA","Daily","F11.1 Exchange Rates","Australian Dollar Trade-weighted Index"
"14421","FIRMMCRT","Cash Rate Target","AUS","AUS",2020-04-30,0.25,"M","Per cent","Original","RBA","Monthly","F1.1 Interest Rates And Yields - Money Market","Cash Rate Target; monthly average"
"14422","FXRTWI","Trade-weighted Index May 1970 = 100","AUS","AUS",2020-04-30,57.8,"D","Index","Indicative","RBA","Daily","F11.1 Exchange Rates","Australian Dollar Trade-weighted Index"
"14423","FXRTWI","Trade-weighted Index May 1970 = 100","AUS","AUS",2020-04-30,57.8,"M","Index","Indicative","RBA","Monthly","F11 Exchange Rates","Australian Dollar Trade-weighted Index"
"14424","GRCPAISDR","Commodity prices – SDR","AUS","AUS",2020-04-30,67.7155816785275,"M","Index, 2023/24=100","Original","RBA","Monthly","I2 Commodity Prices","Index of commodity prices; All items; SDR"
"14425","A124874157C","Business Turnover Index ; Total of 13 in-scope ANZSIC divisions ; Current Price ;","AUS","AUS",2020-05-01,89.5,"M","Index Numbers","Seasonally Adjusted",NA,"Monthly","Table 01: Business turnover indicator, 13 industry summary - Monthly percentage change and index",NA
"14426","A2718577A","Credits, Total goods ;","AUS","AUS",2020-05-01,28860,"M","$ Millions","Seasonally Adjusted",NA,"Monthly","TABLE 1. GOODS, Summary: Seasonally adjusted and trend estimates, Current prices",NA
"14427","A2718594C","Balance on goods ;","AUS","AUS",2020-05-01,4848,"M","$ Millions","Seasonally Adjusted",NA,"Monthly","TABLE 1. GOODS, Summary: Seasonally adjusted and trend estimates, Current prices",NA
"14428","FXRTWI","Trade-weighted Index May 1970 = 100","AUS","AUS",2020-05-01,56.9,"D","Index","Indicative","RBA","Daily","F11.1 Exchange Rates","Australian Dollar Trade-weighted Index"
"14429","FXRTWI","Trade-weighted Index May 1970 = 100","AUS","AUS",2020-05-04,56.3,"D","Index","Indicative","RBA","Daily","F11.1 Exchange Rates","Australian Dollar Trade-weighted Index"
"14430","FXRTWI","Trade-weighted Index May 1970 = 100","AUS","AUS",2020-05-05,56.9,"D","Index","Indicative","RBA","Daily","F11.1 Exchange Rates","Australian Dollar Trade-weighted Index"
"14431","FXRTWI","Trade-weighted Index May 1970 = 100","AUS","AUS",2020-05-06,56.9,"D","Index","Indicative","RBA","Daily","F11.1 Exchange Rates","Australian Dollar Trade-weighted Index"
"14432","FXRTWI","Trade-weighted Index May 1970 = 100","AUS","AUS",2020-05-07,56.8,"D","Index","Indicative","RBA","Daily","F11.1 Exchange Rates","Australian Dollar Trade-weighted Index"
"14433","FXRTWI","Trade-weighted Index May 1970 = 100","AUS","AUS",2020-05-08,57.6,"D","Index","Indicative","RBA","Daily","F11.1 Exchange Rates","Australian Dollar Trade-weighted Index"
"14434","FXRTWI","Trade-weighted Index May 1970 = 100","AUS","AUS",2020-05-11,57.7,"D","Index","Indicative","RBA","Daily","F11.1 Exchange Rates","Australian Dollar Trade-weighted Index"
"14435","FXRTWI","Trade-weighted Index May 1970 = 100","AUS","AUS",2020-05-12,57.3,"D","Index","Indicative","RBA","Daily","F11.1 Exchange Rates","Australian Dollar Trade-weighted Index"
"14436","FXRTWI","Trade-weighted Index May 1970 = 100","AUS","AUS",2020-05-13,57.2,"D","Index","Indicative","RBA","Daily","F11.1 Exchange Rates","Australian Dollar Trade-weighted Index"
"14437","FXRTWI","Trade-weighted Index May 1970 = 100","AUS","AUS",2020-05-14,56.9,"D","Index","Indicative","RBA","Daily","F11.1 Exchange Rates","Australian Dollar Trade-weighted Index"
"14438","FXRTWI","Trade-weighted Index May 1970 = 100","AUS","AUS",2020-05-15,57.2,"D","Index","Indicative","RBA","Daily","F11.1 Exchange Rates","Australian Dollar Trade-weighted Index"
"14439","FXRTWI","Trade-weighted Index May 1970 = 100","AUS","AUS",2020-05-18,57,"D","Index","Indicative","RBA","Daily","F11.1 Exchange Rates","Australian Dollar Trade-weighted Index"
"14440","FXRTWI","Trade-weighted Index May 1970 = 100","AUS","AUS",2020-05-19,57.7,"D","Index","Indicative","RBA","Daily","F11.1 Exchange Rates","Australian Dollar Trade-weighted Index"
"14441","FXRTWI","Trade-weighted Index May 1970 = 100","AUS","AUS",2020-05-20,57.9,"D","Index","Indicative","RBA","Daily","F11.1 Exchange Rates","Australian Dollar Trade-weighted Index"
"14442","FXRTWI","Trade-weighted Index May 1970 = 100","AUS","AUS",2020-05-21,57.9,"D","Index","Indicative","RBA","Daily","F11.1 Exchange Rates","Australian Dollar Trade-weighted Index"
"14443","FXRTWI","Trade-weighted Index May 1970 = 100","AUS","AUS",2020-05-22,57.9,"D","Index","Indicative","RBA","Daily","F11.1 Exchange Rates","Australian Dollar Trade-weighted Index"
"14444","FXRTWI","Trade-weighted Index May 1970 = 100","AUS","AUS",2020-05-25,57.9,"D","Index","Indicative","RBA","Daily","F11.1 Exchange Rates","Australian Dollar Trade-weighted Index"
"14445","FXRTWI","Trade-weighted Index May 1970 = 100","AUS","AUS",2020-05-26,58.2,"D","Index","Indicative","RBA","Daily","F11.1 Exchange Rates","Australian Dollar Trade-weighted Index"
"14446","FXRTWI","Trade-weighted Index May 1970 = 100","AUS","AUS",2020-05-27,58.8,"D","Index","Indicative","RBA","Daily","F11.1 Exchange Rates","Australian Dollar Trade-weighted Index"
"14447","FXRTWI","Trade-weighted Index May 1970 = 100","AUS","AUS",2020-05-28,58.6,"D","Index","Indicative","RBA","Daily","F11.1 Exchange Rates","Australian Dollar Trade-weighted Index"
"14448","FXRTWI","Trade-weighted Index May 1970 = 100","AUS","AUS",2020-05-29,58.8,"D","Index","Indicative","RBA","Daily","F11.1 Exchange Rates","Australian Dollar Trade-weighted Index"
"14449","FXRTWI","Trade-weighted Index May 1970 = 100","AUS","AUS",2020-05-29,58.8,"M","Index","Indicative","RBA","Monthly","F11 Exchange Rates","Australian Dollar Trade-weighted Index"
"14450","FIRMMCRT","Cash Rate Target","AUS","AUS",2020-05-31,0.25,"M","Per cent","Original","RBA","Monthly","F1.1 Interest Rates And Yields - Money Market","Cash Rate Target; monthly average"
"14451","GRCPAISDR","Commodity prices – SDR","AUS","AUS",2020-05-31,68.227619084447,"M","Index, 2023/24=100","Original","RBA","Monthly","I2 Commodity Prices","Index of commodity prices; All items; SDR"
"14452","A124874157C","Business Turnover Index ; Total of 13 in-scope ANZSIC divisions ; Current Price ;","AUS","AUS",2020-06-01,92.7,"M","Index Numbers","Seasonally Adjusted",NA,"Monthly","Table 01: Business turnover indicator, 13 industry summary - Monthly percentage change and index",NA
"14453","A2302956R","South Australia ; STATE FINAL DEMAND ;","SA","SA",2020-06-01,32185,"Q","$ Millions","Seasonally Adjusted",NA,"Quarterly","Table 25. State Final Demand, Summary Components by State: Chain volume measures",NA
"14454","A2302984X","Western Australia ; STATE FINAL DEMAND ;","WA","WA",2020-06-01,57203,"Q","$ Millions","Seasonally Adjusted",NA,"Quarterly","Table 25. State Final Demand, Summary Components by State: Chain volume measures",NA
"14455","A2303012X","Tasmania ; STATE FINAL DEMAND ;","TAS","TAS",2020-06-01,9922,"Q","$ Millions","Seasonally Adjusted",NA,"Quarterly","Table 25. State Final Demand, Summary Components by State: Chain volume measures",NA
"14456","A2303040J","Northern Territory ; STATE FINAL DEMAND ;","NT","NT",2020-06-01,6480,"Q","$ Millions","Seasonally Adjusted",NA,"Quarterly","Table 25. State Final Demand, Summary Components by State: Chain volume measures",NA
"14457","A2303068K","Australian Capital Territory ; STATE FINAL DEMAND ;","ACT","ACT",2020-06-01,16705,"Q","$ Millions","Seasonally Adjusted",NA,"Quarterly","Table 25. State Final Demand, Summary Components by State: Chain volume measures",NA
"14458","A2303111F","New South Wales ; STATE FINAL DEMAND ;","NSW","NSW",2020-06-01,157682,"Q","$ Millions","Seasonally Adjusted",NA,"Quarterly","Table 25. State Final Demand, Summary Components by State: Chain volume measures",NA
"14459","A2303139J","Victoria ; STATE FINAL DEMAND ;","VIC","VIC",2020-06-01,128046,"Q","$ Millions","Seasonally Adjusted",NA,"Quarterly","Table 25. State Final Demand, Summary Components by State: Chain volume measures",NA
"14460","A2303187A","Queensland ; STATE FINAL DEMAND ;","QLD","QLD",2020-06-01,99604,"Q","$ Millions","Seasonally Adjusted",NA,"Quarterly","Table 25. State Final Demand, Summary Components by State: Chain volume measures",NA
"14461","A2304418T","Gross domestic product: Current prices ;","AUS","AUS",2020-06-01,468701,"Q","$ Millions","Seasonally Adjusted",NA,"Quarterly","Table 1. Key National Accounts Aggregates",NA
"14462","A2325846C","Index Numbers ; All groups CPI ; Australia ;","AUS","AUS",2020-06-01,114.4,"Q","Index Numbers","Original",NA,"Quarterly","TABLES 1 and 2. CPI: All Groups, Index Numbers and Percentage Changes",NA
"14463","A2336320R","New South Wales ; Gross state product: Current prices ;","NSW","NSW",2020-06-01,626891,"Annual","$ Millions","Original",NA,"Annual","Table 1. Gross State Product, Chain volume measures and current prices",NA
"14464","A2336321T","Victoria ; Gross state product: Current prices ;","VIC","VIC",2020-06-01,469757,"Annual","$ Millions","Original",NA,"Annual","Table 1. Gross State Product, Chain volume measures and current prices",NA
"14465","A2336322V","Queensland ; Gross state product: Current prices ;","QLD","QLD",2020-06-01,360481,"Annual","$ Millions","Original",NA,"Annual","Table 1. Gross State Product, Chain volume measures and current prices",NA
"14466","A2336323W","South Australia ; Gross state product: Current prices ;","SA","SA",2020-06-01,110423,"Annual","$ Millions","Original",NA,"Annual","Table 1. Gross State Product, Chain volume measures and current prices",NA
"14467","A2336324X","Western Australia ; Gross state product: Current prices ;","WA","WA",2020-06-01,312944,"Annual","$ Millions","Original",NA,"Annual","Table 1. Gross State Product, Chain volume measures and current prices",NA
"14468","A2336325A","Tasmania ; Gross state product: Current prices ;","TAS","TAS",2020-06-01,32141,"Annual","$ Millions","Original",NA,"Annual","Table 1. Gross State Product, Chain volume measures and current prices",NA
"14469","A2336326C","Northern Territory ; Gross state product: Current prices ;","NT","NT",2020-06-01,26752,"Annual","$ Millions","Original",NA,"Annual","Table 1. Gross State Product, Chain volume measures and current prices",NA
"14470","A2336327F","Australian Capital Territory ; Gross state product: Current prices ;","ACT","ACT",2020-06-01,42274,"Annual","$ Millions","Original",NA,"Annual","Table 1. Gross State Product, Chain volume measures and current prices",NA
"14471","A2718577A","Credits, Total goods ;","AUS","AUS",2020-06-01,29123,"M","$ Millions","Seasonally Adjusted",NA,"Monthly","TABLE 1. GOODS, Summary: Seasonally adjusted and trend estimates, Current prices",NA
"14472","A2718594C","Balance on goods ;","AUS","AUS",2020-06-01,4830,"M","$ Millions","Seasonally Adjusted",NA,"Monthly","TABLE 1. GOODS, Summary: Seasonally adjusted and trend estimates, Current prices",NA
"14473","FXRTWI","Trade-weighted Index May 1970 = 100","AUS","AUS",2020-06-01,59.3,"D","Index","Indicative","RBA","Daily","F11.1 Exchange Rates","Australian Dollar Trade-weighted Index"
"14474","FXRTWI","Trade-weighted Index May 1970 = 100","AUS","AUS",2020-06-02,59.8,"D","Index","Indicative","RBA","Daily","F11.1 Exchange Rates","Australian Dollar Trade-weighted Index"
"14475","FXRTWI","Trade-weighted Index May 1970 = 100","AUS","AUS",2020-06-03,60.9,"D","Index","Indicative","RBA","Daily","F11.1 Exchange Rates","Australian Dollar Trade-weighted Index"
"14476","FXRTWI","Trade-weighted Index May 1970 = 100","AUS","AUS",2020-06-04,60.6,"D","Index","Indicative","RBA","Daily","F11.1 Exchange Rates","Australian Dollar Trade-weighted Index"
"14477","FXRTWI","Trade-weighted Index May 1970 = 100","AUS","AUS",2020-06-05,61.2,"D","Index","Indicative","RBA","Daily","F11.1 Exchange Rates","Australian Dollar Trade-weighted Index"
"14478","FXRTWI","Trade-weighted Index May 1970 = 100","AUS","AUS",2020-06-09,61,"D","Index","Indicative","RBA","Daily","F11.1 Exchange Rates","Australian Dollar Trade-weighted Index"
"14479","FXRTWI","Trade-weighted Index May 1970 = 100","AUS","AUS",2020-06-10,60.9,"D","Index","Indicative","RBA","Daily","F11.1 Exchange Rates","Australian Dollar Trade-weighted Index"
"14480","FXRTWI","Trade-weighted Index May 1970 = 100","AUS","AUS",2020-06-11,60.3,"D","Index","Indicative","RBA","Daily","F11.1 Exchange Rates","Australian Dollar Trade-weighted Index"
"14481","FXRTWI","Trade-weighted Index May 1970 = 100","AUS","AUS",2020-06-12,59.9,"D","Index","Indicative","RBA","Daily","F11.1 Exchange Rates","Australian Dollar Trade-weighted Index"
"14482","FXRTWI","Trade-weighted Index May 1970 = 100","AUS","AUS",2020-06-15,59.4,"D","Index","Indicative","RBA","Daily","F11.1 Exchange Rates","Australian Dollar Trade-weighted Index"
"14483","FXRTWI","Trade-weighted Index May 1970 = 100","AUS","AUS",2020-06-16,60.6,"D","Index","Indicative","RBA","Daily","F11.1 Exchange Rates","Australian Dollar Trade-weighted Index"
"14484","FXRTWI","Trade-weighted Index May 1970 = 100","AUS","AUS",2020-06-17,60.1,"D","Index","Indicative","RBA","Daily","F11.1 Exchange Rates","Australian Dollar Trade-weighted Index"
"14485","FXRTWI","Trade-weighted Index May 1970 = 100","AUS","AUS",2020-06-18,60,"D","Index","Indicative","RBA","Daily","F11.1 Exchange Rates","Australian Dollar Trade-weighted Index"
"14486","FXRTWI","Trade-weighted Index May 1970 = 100","AUS","AUS",2020-06-19,60,"D","Index","Indicative","RBA","Daily","F11.1 Exchange Rates","Australian Dollar Trade-weighted Index"
"14487","FXRTWI","Trade-weighted Index May 1970 = 100","AUS","AUS",2020-06-22,60,"D","Index","Indicative","RBA","Daily","F11.1 Exchange Rates","Australian Dollar Trade-weighted Index"
"14488","FXRTWI","Trade-weighted Index May 1970 = 100","AUS","AUS",2020-06-23,60.2,"D","Index","Indicative","RBA","Daily","F11.1 Exchange Rates","Australian Dollar Trade-weighted Index"
"14489","FXRTWI","Trade-weighted Index May 1970 = 100","AUS","AUS",2020-06-24,60.5,"D","Index","Indicative","RBA","Daily","F11.1 Exchange Rates","Australian Dollar Trade-weighted Index"
"14490","FXRTWI","Trade-weighted Index May 1970 = 100","AUS","AUS",2020-06-25,60,"D","Index","Indicative","RBA","Daily","F11.1 Exchange Rates","Australian Dollar Trade-weighted Index"
"14491","FXRTWI","Trade-weighted Index May 1970 = 100","AUS","AUS",2020-06-26,60.1,"D","Index","Indicative","RBA","Daily","F11.1 Exchange Rates","Australian Dollar Trade-weighted Index"
"14492","FXRTWI","Trade-weighted Index May 1970 = 100","AUS","AUS",2020-06-29,60.1,"D","Index","Indicative","RBA","Daily","F11.1 Exchange Rates","Australian Dollar Trade-weighted Index"
"14493","FIRMMCRT","Cash Rate Target","AUS","AUS",2020-06-30,0.25,"M","Per cent","Original","RBA","Monthly","F1.1 Interest Rates And Yields - Money Market","Cash Rate Target; monthly average"
"14494","FXRTWI","Trade-weighted Index May 1970 = 100","AUS","AUS",2020-06-30,60,"D","Index","Indicative","RBA","Daily","F11.1 Exchange Rates","Australian Dollar Trade-weighted Index"
"14495","FXRTWI","Trade-weighted Index May 1970 = 100","AUS","AUS",2020-06-30,60,"M","Index","Indicative","RBA","Monthly","F11 Exchange Rates","Australian Dollar Trade-weighted Index"
"14496","GCPIOCPMTMQP","Quarterly trimmed mean inflation","AUS","AUS",2020-06-30,-0.1,"Q","Per cent","Seasonally Adjusted","ABS","Quarterly","G1 Consumer Price Inflation","Consumer price index; Trimmed mean; Quarterly change (in per cent)"
"14497","GRCPAISDR","Commodity prices – SDR","AUS","AUS",2020-06-30,67.692724490753,"M","Index, 2023/24=100","Original","RBA","Monthly","I2 Commodity Prices","Index of commodity prices; All items; SDR"
"14498","A124874157C","Business Turnover Index ; Total of 13 in-scope ANZSIC divisions ; Current Price ;","AUS","AUS",2020-07-01,93.9,"M","Index Numbers","Seasonally Adjusted",NA,"Monthly","Table 01: Business turnover indicator, 13 industry summary - Monthly percentage change and index",NA
"14499","A2718577A","Credits, Total goods ;","AUS","AUS",2020-07-01,29299,"M","$ Millions","Seasonally Adjusted",NA,"Monthly","TABLE 1. GOODS, Summary: Seasonally adjusted and trend estimates, Current prices",NA
"14500","A2718594C","Balance on goods ;","AUS","AUS",2020-07-01,3339,"M","$ Millions","Seasonally Adjusted",NA,"Monthly","TABLE 1. GOODS, Summary: Seasonally adjusted and trend estimates, Current prices",NA
"14501","FXRTWI","Trade-weighted Index May 1970 = 100","AUS","AUS",2020-07-01,60.2,"D","Index","Indicative","RBA","Daily","F11.1 Exchange Rates","Australian Dollar Trade-weighted Index"
"14502","FXRTWI","Trade-weighted Index May 1970 = 100","AUS","AUS",2020-07-02,60.4,"D","Index","Indicative","RBA","Daily","F11.1 Exchange Rates","Australian Dollar Trade-weighted Index"
"14503","FXRTWI","Trade-weighted Index May 1970 = 100","AUS","AUS",2020-07-03,60.5,"D","Index","Indicative","RBA","Daily","F11.1 Exchange Rates","Australian Dollar Trade-weighted Index"
"14504","FXRTWI","Trade-weighted Index May 1970 = 100","AUS","AUS",2020-07-06,60.7,"D","Index","Indicative","RBA","Daily","F11.1 Exchange Rates","Australian Dollar Trade-weighted Index"
"14505","FXRTWI","Trade-weighted Index May 1970 = 100","AUS","AUS",2020-07-07,60.5,"D","Index","Indicative","RBA","Daily","F11.1 Exchange Rates","Australian Dollar Trade-weighted Index"
"14506","FXRTWI","Trade-weighted Index May 1970 = 100","AUS","AUS",2020-07-08,60.4,"D","Index","Indicative","RBA","Daily","F11.1 Exchange Rates","Australian Dollar Trade-weighted Index"
"14507","FXRTWI","Trade-weighted Index May 1970 = 100","AUS","AUS",2020-07-09,60.6,"D","Index","Indicative","RBA","Daily","F11.1 Exchange Rates","Australian Dollar Trade-weighted Index"
"14508","FXRTWI","Trade-weighted Index May 1970 = 100","AUS","AUS",2020-07-10,60.3,"D","Index","Indicative","RBA","Daily","F11.1 Exchange Rates","Australian Dollar Trade-weighted Index"
"14509","FXRTWI","Trade-weighted Index May 1970 = 100","AUS","AUS",2020-07-13,60.6,"D","Index","Indicative","RBA","Daily","F11.1 Exchange Rates","Australian Dollar Trade-weighted Index"
"14510","FXRTWI","Trade-weighted Index May 1970 = 100","AUS","AUS",2020-07-14,60.4,"D","Index","Indicative","RBA","Daily","F11.1 Exchange Rates","Australian Dollar Trade-weighted Index"
"14511","FXRTWI","Trade-weighted Index May 1970 = 100","AUS","AUS",2020-07-15,60.8,"D","Index","Indicative","RBA","Daily","F11.1 Exchange Rates","Australian Dollar Trade-weighted Index"
"14512","FXRTWI","Trade-weighted Index May 1970 = 100","AUS","AUS",2020-07-16,60.8,"D","Index","Indicative","RBA","Daily","F11.1 Exchange Rates","Australian Dollar Trade-weighted Index"
"14513","FXRTWI","Trade-weighted Index May 1970 = 100","AUS","AUS",2020-07-17,60.7,"D","Index","Indicative","RBA","Daily","F11.1 Exchange Rates","Australian Dollar Trade-weighted Index"
"14514","FXRTWI","Trade-weighted Index May 1970 = 100","AUS","AUS",2020-07-20,60.7,"D","Index","Indicative","RBA","Daily","F11.1 Exchange Rates","Australian Dollar Trade-weighted Index"
"14515","FXRTWI","Trade-weighted Index May 1970 = 100","AUS","AUS",2020-07-21,61.1,"D","Index","Indicative","RBA","Daily","F11.1 Exchange Rates","Australian Dollar Trade-weighted Index"
"14516","FXRTWI","Trade-weighted Index May 1970 = 100","AUS","AUS",2020-07-22,61.8,"D","Index","Indicative","RBA","Daily","F11.1 Exchange Rates","Australian Dollar Trade-weighted Index"
"14517","FXRTWI","Trade-weighted Index May 1970 = 100","AUS","AUS",2020-07-23,61.9,"D","Index","Indicative","RBA","Daily","F11.1 Exchange Rates","Australian Dollar Trade-weighted Index"
"14518","FXRTWI","Trade-weighted Index May 1970 = 100","AUS","AUS",2020-07-24,61.4,"D","Index","Indicative","RBA","Daily","F11.1 Exchange Rates","Australian Dollar Trade-weighted Index"
"14519","FXRTWI","Trade-weighted Index May 1970 = 100","AUS","AUS",2020-07-27,61.5,"D","Index","Indicative","RBA","Daily","F11.1 Exchange Rates","Australian Dollar Trade-weighted Index"
"14520","FXRTWI","Trade-weighted Index May 1970 = 100","AUS","AUS",2020-07-28,61.6,"D","Index","Indicative","RBA","Daily","F11.1 Exchange Rates","Australian Dollar Trade-weighted Index"
"14521","FXRTWI","Trade-weighted Index May 1970 = 100","AUS","AUS",2020-07-29,61.7,"D","Index","Indicative","RBA","Daily","F11.1 Exchange Rates","Australian Dollar Trade-weighted Index"
"14522","FXRTWI","Trade-weighted Index May 1970 = 100","AUS","AUS",2020-07-30,61.7,"D","Index","Indicative","RBA","Daily","F11.1 Exchange Rates","Australian Dollar Trade-weighted Index"
"14523","FIRMMCRT","Cash Rate Target","AUS","AUS",2020-07-31,0.25,"M","Per cent","Original","RBA","Monthly","F1.1 Interest Rates And Yields - Money Market","Cash Rate Target; monthly average"
"14524","FXRTWI","Trade-weighted Index May 1970 = 100","AUS","AUS",2020-07-31,61.9,"D","Index","Indicative","RBA","Daily","F11.1 Exchange Rates","Australian Dollar Trade-weighted Index"
"14525","FXRTWI","Trade-weighted Index May 1970 = 100","AUS","AUS",2020-07-31,61.9,"M","Index","Indicative","RBA","Monthly","F11 Exchange Rates","Australian Dollar Trade-weighted Index"
"14526","GRCPAISDR","Commodity prices – SDR","AUS","AUS",2020-07-31,66.9032426967677,"M","Index, 2023/24=100","Original","RBA","Monthly","I2 Commodity Prices","Index of commodity prices; All items; SDR"
"14527","A124874157C","Business Turnover Index ; Total of 13 in-scope ANZSIC divisions ; Current Price ;","AUS","AUS",2020-08-01,92.2,"M","Index Numbers","Seasonally Adjusted",NA,"Monthly","Table 01: Business turnover indicator, 13 industry summary - Monthly percentage change and index",NA
"14528","A2718577A","Credits, Total goods ;","AUS","AUS",2020-08-01,28009,"M","$ Millions","Seasonally Adjusted",NA,"Monthly","TABLE 1. GOODS, Summary: Seasonally adjusted and trend estimates, Current prices",NA
"14529","A2718594C","Balance on goods ;","AUS","AUS",2020-08-01,1905,"M","$ Millions","Seasonally Adjusted",NA,"Monthly","TABLE 1. GOODS, Summary: Seasonally adjusted and trend estimates, Current prices",NA
"14530","FXRTWI","Trade-weighted Index May 1970 = 100","AUS","AUS",2020-08-04,61.4,"D","Index","Indicative","RBA","Daily","F11.1 Exchange Rates","Australian Dollar Trade-weighted Index"
"14531","FXRTWI","Trade-weighted Index May 1970 = 100","AUS","AUS",2020-08-05,61.7,"D","Index","Indicative","RBA","Daily","F11.1 Exchange Rates","Australian Dollar Trade-weighted Index"
"14532","FXRTWI","Trade-weighted Index May 1970 = 100","AUS","AUS",2020-08-06,61.8,"D","Index","Indicative","RBA","Daily","F11.1 Exchange Rates","Australian Dollar Trade-weighted Index"
"14533","FXRTWI","Trade-weighted Index May 1970 = 100","AUS","AUS",2020-08-07,61.9,"D","Index","Indicative","RBA","Daily","F11.1 Exchange Rates","Australian Dollar Trade-weighted Index"
"14534","FXRTWI","Trade-weighted Index May 1970 = 100","AUS","AUS",2020-08-10,61.6,"D","Index","Indicative","RBA","Daily","F11.1 Exchange Rates","Australian Dollar Trade-weighted Index"
"14535","FXRTWI","Trade-weighted Index May 1970 = 100","AUS","AUS",2020-08-11,61.7,"D","Index","Indicative","RBA","Daily","F11.1 Exchange Rates","Australian Dollar Trade-weighted Index"
"14536","FXRTWI","Trade-weighted Index May 1970 = 100","AUS","AUS",2020-08-12,61.3,"D","Index","Indicative","RBA","Daily","F11.1 Exchange Rates","Australian Dollar Trade-weighted Index"
"14537","FXRTWI","Trade-weighted Index May 1970 = 100","AUS","AUS",2020-08-13,61.6,"D","Index","Indicative","RBA","Daily","F11.1 Exchange Rates","Australian Dollar Trade-weighted Index"
"14538","FXRTWI","Trade-weighted Index May 1970 = 100","AUS","AUS",2020-08-14,61.5,"D","Index","Indicative","RBA","Daily","F11.1 Exchange Rates","Australian Dollar Trade-weighted Index"
"14539","FXRTWI","Trade-weighted Index May 1970 = 100","AUS","AUS",2020-08-17,61.7,"D","Index","Indicative","RBA","Daily","F11.1 Exchange Rates","Australian Dollar Trade-weighted Index"
"14540","FXRTWI","Trade-weighted Index May 1970 = 100","AUS","AUS",2020-08-18,62,"D","Index","Indicative","RBA","Daily","F11.1 Exchange Rates","Australian Dollar Trade-weighted Index"
"14541","FXRTWI","Trade-weighted Index May 1970 = 100","AUS","AUS",2020-08-19,62,"D","Index","Indicative","RBA","Daily","F11.1 Exchange Rates","Australian Dollar Trade-weighted Index"
"14542","FXRTWI","Trade-weighted Index May 1970 = 100","AUS","AUS",2020-08-20,61.6,"D","Index","Indicative","RBA","Daily","F11.1 Exchange Rates","Australian Dollar Trade-weighted Index"
"14543","FXRTWI","Trade-weighted Index May 1970 = 100","AUS","AUS",2020-08-21,61.7,"D","Index","Indicative","RBA","Daily","F11.1 Exchange Rates","Australian Dollar Trade-weighted Index"
"14544","FXRTWI","Trade-weighted Index May 1970 = 100","AUS","AUS",2020-08-24,61.6,"D","Index","Indicative","RBA","Daily","F11.1 Exchange Rates","Australian Dollar Trade-weighted Index"
"14545","FXRTWI","Trade-weighted Index May 1970 = 100","AUS","AUS",2020-08-25,61.5,"D","Index","Indicative","RBA","Daily","F11.1 Exchange Rates","Australian Dollar Trade-weighted Index"
"14546","FXRTWI","Trade-weighted Index May 1970 = 100","AUS","AUS",2020-08-26,61.7,"D","Index","Indicative","RBA","Daily","F11.1 Exchange Rates","Australian Dollar Trade-weighted Index"
"14547","FXRTWI","Trade-weighted Index May 1970 = 100","AUS","AUS",2020-08-27,61.9,"D","Index","Indicative","RBA","Daily","F11.1 Exchange Rates","Australian Dollar Trade-weighted Index"
"14548","FXRTWI","Trade-weighted Index May 1970 = 100","AUS","AUS",2020-08-28,62.3,"D","Index","Indicative","RBA","Daily","F11.1 Exchange Rates","Australian Dollar Trade-weighted Index"
"14549","FIRMMCRT","Cash Rate Target","AUS","AUS",2020-08-31,0.25,"M","Per cent","Original","RBA","Monthly","F1.1 Interest Rates And Yields - Money Market","Cash Rate Target; monthly average"
"14550","FXRTWI","Trade-weighted Index May 1970 = 100","AUS","AUS",2020-08-31,62.6,"D","Index","Indicative","RBA","Daily","F11.1 Exchange Rates","Australian Dollar Trade-weighted Index"
"14551","FXRTWI","Trade-weighted Index May 1970 = 100","AUS","AUS",2020-08-31,62.6,"M","Index","Indicative","RBA","Monthly","F11 Exchange Rates","Australian Dollar Trade-weighted Index"
"14552","GRCPAISDR","Commodity prices – SDR","AUS","AUS",2020-08-31,67.8737102162013,"M","Index, 2023/24=100","Original","RBA","Monthly","I2 Commodity Prices","Index of commodity prices; All items; SDR"
"14553","A124874157C","Business Turnover Index ; Total of 13 in-scope ANZSIC divisions ; Current Price ;","AUS","AUS",2020-09-01,93.2,"M","Index Numbers","Seasonally Adjusted",NA,"Monthly","Table 01: Business turnover indicator, 13 industry summary - Monthly percentage change and index",NA
"14554","A2302956R","South Australia ; STATE FINAL DEMAND ;","SA","SA",2020-09-01,34626,"Q","$ Millions","Seasonally Adjusted",NA,"Quarterly","Table 25. State Final Demand, Summary Components by State: Chain volume measures",NA
"14555","A2302984X","Western Australia ; STATE FINAL DEMAND ;","WA","WA",2020-09-01,60899,"Q","$ Millions","Seasonally Adjusted",NA,"Quarterly","Table 25. State Final Demand, Summary Components by State: Chain volume measures",NA
"14556","A2303012X","Tasmania ; STATE FINAL DEMAND ;","TAS","TAS",2020-09-01,10521,"Q","$ Millions","Seasonally Adjusted",NA,"Quarterly","Table 25. State Final Demand, Summary Components by State: Chain volume measures",NA
"14557","A2303040J","Northern Territory ; STATE FINAL DEMAND ;","NT","NT",2020-09-01,6956,"Q","$ Millions","Seasonally Adjusted",NA,"Quarterly","Table 25. State Final Demand, Summary Components by State: Chain volume measures",NA
"14558","A2303068K","Australian Capital Territory ; STATE FINAL DEMAND ;","ACT","ACT",2020-09-01,17126,"Q","$ Millions","Seasonally Adjusted",NA,"Quarterly","Table 25. State Final Demand, Summary Components by State: Chain volume measures",NA
"14559","A2303111F","New South Wales ; STATE FINAL DEMAND ;","NSW","NSW",2020-09-01,169600,"Q","$ Millions","Seasonally Adjusted",NA,"Quarterly","Table 25. State Final Demand, Summary Components by State: Chain volume measures",NA
"14560","A2303139J","Victoria ; STATE FINAL DEMAND ;","VIC","VIC",2020-09-01,128202,"Q","$ Millions","Seasonally Adjusted",NA,"Quarterly","Table 25. State Final Demand, Summary Components by State: Chain volume measures",NA
"14561","A2303187A","Queensland ; STATE FINAL DEMAND ;","QLD","QLD",2020-09-01,106471,"Q","$ Millions","Seasonally Adjusted",NA,"Quarterly","Table 25. State Final Demand, Summary Components by State: Chain volume measures",NA
"14562","A2304418T","Gross domestic product: Current prices ;","AUS","AUS",2020-09-01,488713,"Q","$ Millions","Seasonally Adjusted",NA,"Quarterly","Table 1. Key National Accounts Aggregates",NA
"14563","A2325846C","Index Numbers ; All groups CPI ; Australia ;","AUS","AUS",2020-09-01,116.2,"Q","Index Numbers","Original",NA,"Quarterly","TABLES 1 and 2. CPI: All Groups, Index Numbers and Percentage Changes",NA
"14564","A2718577A","Credits, Total goods ;","AUS","AUS",2020-09-01,28705,"M","$ Millions","Seasonally Adjusted",NA,"Monthly","TABLE 1. GOODS, Summary: Seasonally adjusted and trend estimates, Current prices",NA
"14565","A2718594C","Balance on goods ;","AUS","AUS",2020-09-01,4393,"M","$ Millions","Seasonally Adjusted",NA,"Monthly","TABLE 1. GOODS, Summary: Seasonally adjusted and trend estimates, Current prices",NA
"14566","FXRTWI","Trade-weighted Index May 1970 = 100","AUS","AUS",2020-09-01,62.9,"D","Index","Indicative","RBA","Daily","F11.1 Exchange Rates","Australian Dollar Trade-weighted Index"
"14567","FXRTWI","Trade-weighted Index May 1970 = 100","AUS","AUS",2020-09-02,62.6,"D","Index","Indicative","RBA","Daily","F11.1 Exchange Rates","Australian Dollar Trade-weighted Index"
"14568","FXRTWI","Trade-weighted Index May 1970 = 100","AUS","AUS",2020-09-03,62.3,"D","Index","Indicative","RBA","Daily","F11.1 Exchange Rates","Australian Dollar Trade-weighted Index"
"14569","FXRTWI","Trade-weighted Index May 1970 = 100","AUS","AUS",2020-09-04,62,"D","Index","Indicative","RBA","Daily","F11.1 Exchange Rates","Australian Dollar Trade-weighted Index"
"14570","FXRTWI","Trade-weighted Index May 1970 = 100","AUS","AUS",2020-09-07,62.1,"D","Index","Indicative","RBA","Daily","F11.1 Exchange Rates","Australian Dollar Trade-weighted Index"
"14571","FXRTWI","Trade-weighted Index May 1970 = 100","AUS","AUS",2020-09-08,62.2,"D","Index","Indicative","RBA","Daily","F11.1 Exchange Rates","Australian Dollar Trade-weighted Index"
"14572","FXRTWI","Trade-weighted Index May 1970 = 100","AUS","AUS",2020-09-09,61.8,"D","Index","Indicative","RBA","Daily","F11.1 Exchange Rates","Australian Dollar Trade-weighted Index"
"14573","FXRTWI","Trade-weighted Index May 1970 = 100","AUS","AUS",2020-09-10,62.2,"D","Index","Indicative","RBA","Daily","F11.1 Exchange Rates","Australian Dollar Trade-weighted Index"
"14574","FXRTWI","Trade-weighted Index May 1970 = 100","AUS","AUS",2020-09-11,62.2,"D","Index","Indicative","RBA","Daily","F11.1 Exchange Rates","Australian Dollar Trade-weighted Index"
"14575","FXRTWI","Trade-weighted Index May 1970 = 100","AUS","AUS",2020-09-14,62.2,"D","Index","Indicative","RBA","Daily","F11.1 Exchange Rates","Australian Dollar Trade-weighted Index"
"14576","FXRTWI","Trade-weighted Index May 1970 = 100","AUS","AUS",2020-09-15,62.3,"D","Index","Indicative","RBA","Daily","F11.1 Exchange Rates","Australian Dollar Trade-weighted Index"
"14577","FXRTWI","Trade-weighted Index May 1970 = 100","AUS","AUS",2020-09-16,62.1,"D","Index","Indicative","RBA","Daily","F11.1 Exchange Rates","Australian Dollar Trade-weighted Index"
"14578","FXRTWI","Trade-weighted Index May 1970 = 100","AUS","AUS",2020-09-17,61.9,"D","Index","Indicative","RBA","Daily","F11.1 Exchange Rates","Australian Dollar Trade-weighted Index"
"14579","FXRTWI","Trade-weighted Index May 1970 = 100","AUS","AUS",2020-09-18,62,"D","Index","Indicative","RBA","Daily","F11.1 Exchange Rates","Australian Dollar Trade-weighted Index"
"14580","FXRTWI","Trade-weighted Index May 1970 = 100","AUS","AUS",2020-09-21,61.9,"D","Index","Indicative","RBA","Daily","F11.1 Exchange Rates","Australian Dollar Trade-weighted Index"
"14581","FXRTWI","Trade-weighted Index May 1970 = 100","AUS","AUS",2020-09-22,61.4,"D","Index","Indicative","RBA","Daily","F11.1 Exchange Rates","Australian Dollar Trade-weighted Index"
"14582","FXRTWI","Trade-weighted Index May 1970 = 100","AUS","AUS",2020-09-23,60.8,"D","Index","Indicative","RBA","Daily","F11.1 Exchange Rates","Australian Dollar Trade-weighted Index"
"14583","FXRTWI","Trade-weighted Index May 1970 = 100","AUS","AUS",2020-09-24,60.3,"D","Index","Indicative","RBA","Daily","F11.1 Exchange Rates","Australian Dollar Trade-weighted Index"
"14584","FXRTWI","Trade-weighted Index May 1970 = 100","AUS","AUS",2020-09-25,60.4,"D","Index","Indicative","RBA","Daily","F11.1 Exchange Rates","Australian Dollar Trade-weighted Index"
"14585","FXRTWI","Trade-weighted Index May 1970 = 100","AUS","AUS",2020-09-28,60.3,"D","Index","Indicative","RBA","Daily","F11.1 Exchange Rates","Australian Dollar Trade-weighted Index"
"14586","FXRTWI","Trade-weighted Index May 1970 = 100","AUS","AUS",2020-09-29,60.6,"D","Index","Indicative","RBA","Daily","F11.1 Exchange Rates","Australian Dollar Trade-weighted Index"
"14587","FIRMMCRT","Cash Rate Target","AUS","AUS",2020-09-30,0.25,"M","Per cent","Original","RBA","Monthly","F1.1 Interest Rates And Yields - Money Market","Cash Rate Target; monthly average"
"14588","FXRTWI","Trade-weighted Index May 1970 = 100","AUS","AUS",2020-09-30,60.7,"D","Index","Indicative","RBA","Daily","F11.1 Exchange Rates","Australian Dollar Trade-weighted Index"
"14589","FXRTWI","Trade-weighted Index May 1970 = 100","AUS","AUS",2020-09-30,60.7,"M","Index","Indicative","RBA","Monthly","F11 Exchange Rates","Australian Dollar Trade-weighted Index"
"14590","GCPIOCPMTMQP","Quarterly trimmed mean inflation","AUS","AUS",2020-09-30,0.3,"Q","Per cent","Seasonally Adjusted","ABS","Quarterly","G1 Consumer Price Inflation","Consumer price index; Trimmed mean; Quarterly change (in per cent)"
"14591","GRCPAISDR","Commodity prices – SDR","AUS","AUS",2020-09-30,68.7682097397174,"M","Index, 2023/24=100","Original","RBA","Monthly","I2 Commodity Prices","Index of commodity prices; All items; SDR"
"14592","A124874157C","Business Turnover Index ; Total of 13 in-scope ANZSIC divisions ; Current Price ;","AUS","AUS",2020-10-01,95,"M","Index Numbers","Seasonally Adjusted",NA,"Monthly","Table 01: Business turnover indicator, 13 industry summary - Monthly percentage change and index",NA
"14593","A2718577A","Credits, Total goods ;","AUS","AUS",2020-10-01,30648,"M","$ Millions","Seasonally Adjusted",NA,"Monthly","TABLE 1. GOODS, Summary: Seasonally adjusted and trend estimates, Current prices",NA
"14594","A2718594C","Balance on goods ;","AUS","AUS",2020-10-01,5577,"M","$ Millions","Seasonally Adjusted",NA,"Monthly","TABLE 1. GOODS, Summary: Seasonally adjusted and trend estimates, Current prices",NA
"14595","FXRTWI","Trade-weighted Index May 1970 = 100","AUS","AUS",2020-10-01,61.2,"D","Index","Indicative","RBA","Daily","F11.1 Exchange Rates","Australian Dollar Trade-weighted Index"
"14596","FXRTWI","Trade-weighted Index May 1970 = 100","AUS","AUS",2020-10-02,60.8,"D","Index","Indicative","RBA","Daily","F11.1 Exchange Rates","Australian Dollar Trade-weighted Index"
"14597","FXRTWI","Trade-weighted Index May 1970 = 100","AUS","AUS",2020-10-06,61.1,"D","Index","Indicative","RBA","Daily","F11.1 Exchange Rates","Australian Dollar Trade-weighted Index"
"14598","FXRTWI","Trade-weighted Index May 1970 = 100","AUS","AUS",2020-10-07,60.7,"D","Index","Indicative","RBA","Daily","F11.1 Exchange Rates","Australian Dollar Trade-weighted Index"
"14599","FXRTWI","Trade-weighted Index May 1970 = 100","AUS","AUS",2020-10-08,60.8,"D","Index","Indicative","RBA","Daily","F11.1 Exchange Rates","Australian Dollar Trade-weighted Index"
"14600","FXRTWI","Trade-weighted Index May 1970 = 100","AUS","AUS",2020-10-09,60.8,"D","Index","Indicative","RBA","Daily","F11.1 Exchange Rates","Australian Dollar Trade-weighted Index"
"14601","FXRTWI","Trade-weighted Index May 1970 = 100","AUS","AUS",2020-10-12,61.2,"D","Index","Indicative","RBA","Daily","F11.1 Exchange Rates","Australian Dollar Trade-weighted Index"
"14602","FXRTWI","Trade-weighted Index May 1970 = 100","AUS","AUS",2020-10-13,60.9,"D","Index","Indicative","RBA","Daily","F11.1 Exchange Rates","Australian Dollar Trade-weighted Index"
"14603","FXRTWI","Trade-weighted Index May 1970 = 100","AUS","AUS",2020-10-14,60.8,"D","Index","Indicative","RBA","Daily","F11.1 Exchange Rates","Australian Dollar Trade-weighted Index"
"14604","FXRTWI","Trade-weighted Index May 1970 = 100","AUS","AUS",2020-10-15,60.4,"D","Index","Indicative","RBA","Daily","F11.1 Exchange Rates","Australian Dollar Trade-weighted Index"
"14605","FXRTWI","Trade-weighted Index May 1970 = 100","AUS","AUS",2020-10-16,60,"D","Index","Indicative","RBA","Daily","F11.1 Exchange Rates","Australian Dollar Trade-weighted Index"
"14606","FXRTWI","Trade-weighted Index May 1970 = 100","AUS","AUS",2020-10-19,60,"D","Index","Indicative","RBA","Daily","F11.1 Exchange Rates","Australian Dollar Trade-weighted Index"
"14607","FXRTWI","Trade-weighted Index May 1970 = 100","AUS","AUS",2020-10-20,59.6,"D","Index","Indicative","RBA","Daily","F11.1 Exchange Rates","Australian Dollar Trade-weighted Index"
"14608","FXRTWI","Trade-weighted Index May 1970 = 100","AUS","AUS",2020-10-21,59.7,"D","Index","Indicative","RBA","Daily","F11.1 Exchange Rates","Australian Dollar Trade-weighted Index"
"14609","FXRTWI","Trade-weighted Index May 1970 = 100","AUS","AUS",2020-10-22,59.8,"D","Index","Indicative","RBA","Daily","F11.1 Exchange Rates","Australian Dollar Trade-weighted Index"
"14610","FXRTWI","Trade-weighted Index May 1970 = 100","AUS","AUS",2020-10-23,60,"D","Index","Indicative","RBA","Daily","F11.1 Exchange Rates","Australian Dollar Trade-weighted Index"
"14611","FXRTWI","Trade-weighted Index May 1970 = 100","AUS","AUS",2020-10-26,60.1,"D","Index","Indicative","RBA","Daily","F11.1 Exchange Rates","Australian Dollar Trade-weighted Index"
"14612","FXRTWI","Trade-weighted Index May 1970 = 100","AUS","AUS",2020-10-27,60.2,"D","Index","Indicative","RBA","Daily","F11.1 Exchange Rates","Australian Dollar Trade-weighted Index"
"14613","FXRTWI","Trade-weighted Index May 1970 = 100","AUS","AUS",2020-10-28,60.3,"D","Index","Indicative","RBA","Daily","F11.1 Exchange Rates","Australian Dollar Trade-weighted Index"
"14614","FXRTWI","Trade-weighted Index May 1970 = 100","AUS","AUS",2020-10-29,59.7,"D","Index","Indicative","RBA","Daily","F11.1 Exchange Rates","Australian Dollar Trade-weighted Index"
"14615","FXRTWI","Trade-weighted Index May 1970 = 100","AUS","AUS",2020-10-30,59.5,"D","Index","Indicative","RBA","Daily","F11.1 Exchange Rates","Australian Dollar Trade-weighted Index"
"14616","FXRTWI","Trade-weighted Index May 1970 = 100","AUS","AUS",2020-10-30,59.5,"M","Index","Indicative","RBA","Monthly","F11 Exchange Rates","Australian Dollar Trade-weighted Index"
"14617","FIRMMCRT","Cash Rate Target","AUS","AUS",2020-10-31,0.25,"M","Per cent","Original","RBA","Monthly","F1.1 Interest Rates And Yields - Money Market","Cash Rate Target; monthly average"
"14618","GRCPAISDR","Commodity prices – SDR","AUS","AUS",2020-10-31,69.7542398546877,"M","Index, 2023/24=100","Original","RBA","Monthly","I2 Commodity Prices","Index of commodity prices; All items; SDR"
"14619","A124874157C","Business Turnover Index ; Total of 13 in-scope ANZSIC divisions ; Current Price ;","AUS","AUS",2020-11-01,96.8,"M","Index Numbers","Seasonally Adjusted",NA,"Monthly","Table 01: Business turnover indicator, 13 industry summary - Monthly percentage change and index",NA
"14620","A2718577A","Credits, Total goods ;","AUS","AUS",2020-11-01,30550,"M","$ Millions","Seasonally Adjusted",NA,"Monthly","TABLE 1. GOODS, Summary: Seasonally adjusted and trend estimates, Current prices",NA
"14621","A2718594C","Balance on goods ;","AUS","AUS",2020-11-01,3009,"M","$ Millions","Seasonally Adjusted",NA,"Monthly","TABLE 1. GOODS, Summary: Seasonally adjusted and trend estimates, Current prices",NA
"14622","FXRTWI","Trade-weighted Index May 1970 = 100","AUS","AUS",2020-11-02,59.3,"D","Index","Indicative","RBA","Daily","F11.1 Exchange Rates","Australian Dollar Trade-weighted Index"
"14623","FXRTWI","Trade-weighted Index May 1970 = 100","AUS","AUS",2020-11-03,59.5,"D","Index","Indicative","RBA","Daily","F11.1 Exchange Rates","Australian Dollar Trade-weighted Index"
"14624","FXRTWI","Trade-weighted Index May 1970 = 100","AUS","AUS",2020-11-04,60.2,"D","Index","Indicative","RBA","Daily","F11.1 Exchange Rates","Australian Dollar Trade-weighted Index"
"14625","FXRTWI","Trade-weighted Index May 1970 = 100","AUS","AUS",2020-11-05,60.4,"D","Index","Indicative","RBA","Daily","F11.1 Exchange Rates","Australian Dollar Trade-weighted Index"
"14626","FXRTWI","Trade-weighted Index May 1970 = 100","AUS","AUS",2020-11-06,60.9,"D","Index","Indicative","RBA","Daily","F11.1 Exchange Rates","Australian Dollar Trade-weighted Index"
"14627","FXRTWI","Trade-weighted Index May 1970 = 100","AUS","AUS",2020-11-09,60.8,"D","Index","Indicative","RBA","Daily","F11.1 Exchange Rates","Australian Dollar Trade-weighted Index"
"14628","FXRTWI","Trade-weighted Index May 1970 = 100","AUS","AUS",2020-11-10,61,"D","Index","Indicative","RBA","Daily","F11.1 Exchange Rates","Australian Dollar Trade-weighted Index"
"14629","FXRTWI","Trade-weighted Index May 1970 = 100","AUS","AUS",2020-11-11,61.1,"D","Index","Indicative","RBA","Daily","F11.1 Exchange Rates","Australian Dollar Trade-weighted Index"
"14630","FXRTWI","Trade-weighted Index May 1970 = 100","AUS","AUS",2020-11-12,61,"D","Index","Indicative","RBA","Daily","F11.1 Exchange Rates","Australian Dollar Trade-weighted Index"
"14631","FXRTWI","Trade-weighted Index May 1970 = 100","AUS","AUS",2020-11-13,60.6,"D","Index","Indicative","RBA","Daily","F11.1 Exchange Rates","Australian Dollar Trade-weighted Index"
"14632","FXRTWI","Trade-weighted Index May 1970 = 100","AUS","AUS",2020-11-16,60.9,"D","Index","Indicative","RBA","Daily","F11.1 Exchange Rates","Australian Dollar Trade-weighted Index"
"14633","FXRTWI","Trade-weighted Index May 1970 = 100","AUS","AUS",2020-11-17,61.1,"D","Index","Indicative","RBA","Daily","F11.1 Exchange Rates","Australian Dollar Trade-weighted Index"
"14634","FXRTWI","Trade-weighted Index May 1970 = 100","AUS","AUS",2020-11-18,60.8,"D","Index","Indicative","RBA","Daily","F11.1 Exchange Rates","Australian Dollar Trade-weighted Index"
"14635","FXRTWI","Trade-weighted Index May 1970 = 100","AUS","AUS",2020-11-19,60.8,"D","Index","Indicative","RBA","Daily","F11.1 Exchange Rates","Australian Dollar Trade-weighted Index"
"14636","FXRTWI","Trade-weighted Index May 1970 = 100","AUS","AUS",2020-11-20,60.8,"D","Index","Indicative","RBA","Daily","F11.1 Exchange Rates","Australian Dollar Trade-weighted Index"
"14637","FXRTWI","Trade-weighted Index May 1970 = 100","AUS","AUS",2020-11-23,60.9,"D","Index","Indicative","RBA","Daily","F11.1 Exchange Rates","Australian Dollar Trade-weighted Index"
"14638","FXRTWI","Trade-weighted Index May 1970 = 100","AUS","AUS",2020-11-24,61.1,"D","Index","Indicative","RBA","Daily","F11.1 Exchange Rates","Australian Dollar Trade-weighted Index"
"14639","FXRTWI","Trade-weighted Index May 1970 = 100","AUS","AUS",2020-11-25,61.3,"D","Index","Indicative","RBA","Daily","F11.1 Exchange Rates","Australian Dollar Trade-weighted Index"
"14640","FXRTWI","Trade-weighted Index May 1970 = 100","AUS","AUS",2020-11-26,61.3,"D","Index","Indicative","RBA","Daily","F11.1 Exchange Rates","Australian Dollar Trade-weighted Index"
"14641","FXRTWI","Trade-weighted Index May 1970 = 100","AUS","AUS",2020-11-27,61.4,"D","Index","Indicative","RBA","Daily","F11.1 Exchange Rates","Australian Dollar Trade-weighted Index"
"14642","FIRMMCRT","Cash Rate Target","AUS","AUS",2020-11-30,0.11,"M","Per cent","Original","RBA","Monthly","F1.1 Interest Rates And Yields - Money Market","Cash Rate Target; monthly average"
"14643","FXRTWI","Trade-weighted Index May 1970 = 100","AUS","AUS",2020-11-30,61.5,"D","Index","Indicative","RBA","Daily","F11.1 Exchange Rates","Australian Dollar Trade-weighted Index"
"14644","FXRTWI","Trade-weighted Index May 1970 = 100","AUS","AUS",2020-11-30,61.5,"M","Index","Indicative","RBA","Monthly","F11 Exchange Rates","Australian Dollar Trade-weighted Index"
"14645","GRCPAISDR","Commodity prices – SDR","AUS","AUS",2020-11-30,72.525576854317,"M","Index, 2023/24=100","Original","RBA","Monthly","I2 Commodity Prices","Index of commodity prices; All items; SDR"
"14646","A124874157C","Business Turnover Index ; Total of 13 in-scope ANZSIC divisions ; Current Price ;","AUS","AUS",2020-12-01,99.7,"M","Index Numbers","Seasonally Adjusted",NA,"Monthly","Table 01: Business turnover indicator, 13 industry summary - Monthly percentage change and index",NA
"14647","A2302956R","South Australia ; STATE FINAL DEMAND ;","SA","SA",2020-12-01,35073,"Q","$ Millions","Seasonally Adjusted",NA,"Quarterly","Table 25. State Final Demand, Summary Components by State: Chain volume measures",NA
"14648","A2302984X","Western Australia ; STATE FINAL DEMAND ;","WA","WA",2020-12-01,62245,"Q","$ Millions","Seasonally Adjusted",NA,"Quarterly","Table 25. State Final Demand, Summary Components by State: Chain volume measures",NA
"14649","A2303012X","Tasmania ; STATE FINAL DEMAND ;","TAS","TAS",2020-12-01,11010,"Q","$ Millions","Seasonally Adjusted",NA,"Quarterly","Table 25. State Final Demand, Summary Components by State: Chain volume measures",NA
"14650","A2303040J","Northern Territory ; STATE FINAL DEMAND ;","NT","NT",2020-12-01,7320,"Q","$ Millions","Seasonally Adjusted",NA,"Quarterly","Table 25. State Final Demand, Summary Components by State: Chain volume measures",NA
"14651","A2303068K","Australian Capital Territory ; STATE FINAL DEMAND ;","ACT","ACT",2020-12-01,17497,"Q","$ Millions","Seasonally Adjusted",NA,"Quarterly","Table 25. State Final Demand, Summary Components by State: Chain volume measures",NA
"14652","A2303111F","New South Wales ; STATE FINAL DEMAND ;","NSW","NSW",2020-12-01,175236,"Q","$ Millions","Seasonally Adjusted",NA,"Quarterly","Table 25. State Final Demand, Summary Components by State: Chain volume measures",NA
"14653","A2303139J","Victoria ; STATE FINAL DEMAND ;","VIC","VIC",2020-12-01,138257,"Q","$ Millions","Seasonally Adjusted",NA,"Quarterly","Table 25. State Final Demand, Summary Components by State: Chain volume measures",NA
"14654","A2303187A","Queensland ; STATE FINAL DEMAND ;","QLD","QLD",2020-12-01,109227,"Q","$ Millions","Seasonally Adjusted",NA,"Quarterly","Table 25. State Final Demand, Summary Components by State: Chain volume measures",NA
"14655","A2304418T","Gross domestic product: Current prices ;","AUS","AUS",2020-12-01,511448,"Q","$ Millions","Seasonally Adjusted",NA,"Quarterly","Table 1. Key National Accounts Aggregates",NA
"14656","A2325846C","Index Numbers ; All groups CPI ; Australia ;","AUS","AUS",2020-12-01,117.2,"Q","Index Numbers","Original",NA,"Quarterly","TABLES 1 and 2. CPI: All Groups, Index Numbers and Percentage Changes",NA
"14657","A2718577A","Credits, Total goods ;","AUS","AUS",2020-12-01,33112,"M","$ Millions","Seasonally Adjusted",NA,"Monthly","TABLE 1. GOODS, Summary: Seasonally adjusted and trend estimates, Current prices",NA
"14658","A2718594C","Balance on goods ;","AUS","AUS",2020-12-01,6466,"M","$ Millions","Seasonally Adjusted",NA,"Monthly","TABLE 1. GOODS, Summary: Seasonally adjusted and trend estimates, Current prices",NA
"14659","FXRTWI","Trade-weighted Index May 1970 = 100","AUS","AUS",2020-12-01,61.3,"D","Index","Indicative","RBA","Daily","F11.1 Exchange Rates","Australian Dollar Trade-weighted Index"
"14660","FXRTWI","Trade-weighted Index May 1970 = 100","AUS","AUS",2020-12-02,61.2,"D","Index","Indicative","RBA","Daily","F11.1 Exchange Rates","Australian Dollar Trade-weighted Index"
"14661","FXRTWI","Trade-weighted Index May 1970 = 100","AUS","AUS",2020-12-03,61.5,"D","Index","Indicative","RBA","Daily","F11.1 Exchange Rates","Australian Dollar Trade-weighted Index"
"14662","FXRTWI","Trade-weighted Index May 1970 = 100","AUS","AUS",2020-12-04,61.4,"D","Index","Indicative","RBA","Daily","F11.1 Exchange Rates","Australian Dollar Trade-weighted Index"
"14663","FXRTWI","Trade-weighted Index May 1970 = 100","AUS","AUS",2020-12-07,61.5,"D","Index","Indicative","RBA","Daily","F11.1 Exchange Rates","Australian Dollar Trade-weighted Index"
"14664","FXRTWI","Trade-weighted Index May 1970 = 100","AUS","AUS",2020-12-08,61.5,"D","Index","Indicative","RBA","Daily","F11.1 Exchange Rates","Australian Dollar Trade-weighted Index"
"14665","FXRTWI","Trade-weighted Index May 1970 = 100","AUS","AUS",2020-12-09,61.5,"D","Index","Indicative","RBA","Daily","F11.1 Exchange Rates","Australian Dollar Trade-weighted Index"
"14666","FXRTWI","Trade-weighted Index May 1970 = 100","AUS","AUS",2020-12-10,61.9,"D","Index","Indicative","RBA","Daily","F11.1 Exchange Rates","Australian Dollar Trade-weighted Index"
"14667","FXRTWI","Trade-weighted Index May 1970 = 100","AUS","AUS",2020-12-11,62.6,"D","Index","Indicative","RBA","Daily","F11.1 Exchange Rates","Australian Dollar Trade-weighted Index"
"14668","FXRTWI","Trade-weighted Index May 1970 = 100","AUS","AUS",2020-12-14,62.4,"D","Index","Indicative","RBA","Daily","F11.1 Exchange Rates","Australian Dollar Trade-weighted Index"
"14669","FXRTWI","Trade-weighted Index May 1970 = 100","AUS","AUS",2020-12-15,62.2,"D","Index","Indicative","RBA","Daily","F11.1 Exchange Rates","Australian Dollar Trade-weighted Index"
"14670","FXRTWI","Trade-weighted Index May 1970 = 100","AUS","AUS",2020-12-16,62.5,"D","Index","Indicative","RBA","Daily","F11.1 Exchange Rates","Australian Dollar Trade-weighted Index"
"14671","FXRTWI","Trade-weighted Index May 1970 = 100","AUS","AUS",2020-12-17,62.6,"D","Index","Indicative","RBA","Daily","F11.1 Exchange Rates","Australian Dollar Trade-weighted Index"
"14672","FXRTWI","Trade-weighted Index May 1970 = 100","AUS","AUS",2020-12-18,62.7,"D","Index","Indicative","RBA","Daily","F11.1 Exchange Rates","Australian Dollar Trade-weighted Index"
"14673","FXRTWI","Trade-weighted Index May 1970 = 100","AUS","AUS",2020-12-21,62.6,"D","Index","Indicative","RBA","Daily","F11.1 Exchange Rates","Australian Dollar Trade-weighted Index"
"14674","FXRTWI","Trade-weighted Index May 1970 = 100","AUS","AUS",2020-12-22,62.6,"D","Index","Indicative","RBA","Daily","F11.1 Exchange Rates","Australian Dollar Trade-weighted Index"
"14675","FXRTWI","Trade-weighted Index May 1970 = 100","AUS","AUS",2020-12-23,62.5,"D","Index","Indicative","RBA","Daily","F11.1 Exchange Rates","Australian Dollar Trade-weighted Index"
"14676","FXRTWI","Trade-weighted Index May 1970 = 100","AUS","AUS",2020-12-24,62.7,"D","Index","Indicative","RBA","Daily","F11.1 Exchange Rates","Australian Dollar Trade-weighted Index"
"14677","FXRTWI","Trade-weighted Index May 1970 = 100","AUS","AUS",2020-12-29,62.7,"D","Index","Indicative","RBA","Daily","F11.1 Exchange Rates","Australian Dollar Trade-weighted Index"
"14678","FXRTWI","Trade-weighted Index May 1970 = 100","AUS","AUS",2020-12-30,63.1,"D","Index","Indicative","RBA","Daily","F11.1 Exchange Rates","Australian Dollar Trade-weighted Index"
"14679","FIRMMCRT","Cash Rate Target","AUS","AUS",2020-12-31,0.1,"M","Per cent","Original","RBA","Monthly","F1.1 Interest Rates And Yields - Money Market","Cash Rate Target; monthly average"
"14680","FXRTWI","Trade-weighted Index May 1970 = 100","AUS","AUS",2020-12-31,63.4,"D","Index","Indicative","RBA","Daily","F11.1 Exchange Rates","Australian Dollar Trade-weighted Index"
"14681","FXRTWI","Trade-weighted Index May 1970 = 100","AUS","AUS",2020-12-31,63.4,"M","Index","Indicative","RBA","Monthly","F11 Exchange Rates","Australian Dollar Trade-weighted Index"
"14682","GCPIOCPMTMQP","Quarterly trimmed mean inflation","AUS","AUS",2020-12-31,0.5,"Q","Per cent","Seasonally Adjusted","ABS","Quarterly","G1 Consumer Price Inflation","Consumer price index; Trimmed mean; Quarterly change (in per cent)"
"14683","GRCPAISDR","Commodity prices – SDR","AUS","AUS",2020-12-31,80.212407780302,"M","Index, 2023/24=100","Original","RBA","Monthly","I2 Commodity Prices","Index of commodity prices; All items; SDR"
"14684","A124874157C","Business Turnover Index ; Total of 13 in-scope ANZSIC divisions ; Current Price ;","AUS","AUS",2021-01-01,101.5,"M","Index Numbers","Seasonally Adjusted",NA,"Monthly","Table 01: Business turnover indicator, 13 industry summary - Monthly percentage change and index",NA
"14685","A2718577A","Credits, Total goods ;","AUS","AUS",2021-01-01,33973,"M","$ Millions","Seasonally Adjusted",NA,"Monthly","TABLE 1. GOODS, Summary: Seasonally adjusted and trend estimates, Current prices",NA
"14686","A2718594C","Balance on goods ;","AUS","AUS",2021-01-01,7828,"M","$ Millions","Seasonally Adjusted",NA,"Monthly","TABLE 1. GOODS, Summary: Seasonally adjusted and trend estimates, Current prices",NA
"14687","FXRTWI","Trade-weighted Index May 1970 = 100","AUS","AUS",2021-01-04,63.1,"D","Index","Indicative","RBA","Daily","F11.1 Exchange Rates","Australian Dollar Trade-weighted Index"
"14688","FXRTWI","Trade-weighted Index May 1970 = 100","AUS","AUS",2021-01-05,63.1,"D","Index","Indicative","RBA","Daily","F11.1 Exchange Rates","Australian Dollar Trade-weighted Index"
"14689","FXRTWI","Trade-weighted Index May 1970 = 100","AUS","AUS",2021-01-06,63.6,"D","Index","Indicative","RBA","Daily","F11.1 Exchange Rates","Australian Dollar Trade-weighted Index"
"14690","FXRTWI","Trade-weighted Index May 1970 = 100","AUS","AUS",2021-01-07,63.8,"D","Index","Indicative","RBA","Daily","F11.1 Exchange Rates","Australian Dollar Trade-weighted Index"
"14691","FXRTWI","Trade-weighted Index May 1970 = 100","AUS","AUS",2021-01-08,63.8,"D","Index","Indicative","RBA","Daily","F11.1 Exchange Rates","Australian Dollar Trade-weighted Index"
"14692","FXRTWI","Trade-weighted Index May 1970 = 100","AUS","AUS",2021-01-11,63.5,"D","Index","Indicative","RBA","Daily","F11.1 Exchange Rates","Australian Dollar Trade-weighted Index"
"14693","FXRTWI","Trade-weighted Index May 1970 = 100","AUS","AUS",2021-01-12,63.4,"D","Index","Indicative","RBA","Daily","F11.1 Exchange Rates","Australian Dollar Trade-weighted Index"
"14694","FXRTWI","Trade-weighted Index May 1970 = 100","AUS","AUS",2021-01-13,63.7,"D","Index","Indicative","RBA","Daily","F11.1 Exchange Rates","Australian Dollar Trade-weighted Index"
"14695","FXRTWI","Trade-weighted Index May 1970 = 100","AUS","AUS",2021-01-14,63.8,"D","Index","Indicative","RBA","Daily","F11.1 Exchange Rates","Australian Dollar Trade-weighted Index"
"14696","FXRTWI","Trade-weighted Index May 1970 = 100","AUS","AUS",2021-01-15,63.8,"D","Index","Indicative","RBA","Daily","F11.1 Exchange Rates","Australian Dollar Trade-weighted Index"
"14697","FXRTWI","Trade-weighted Index May 1970 = 100","AUS","AUS",2021-01-18,63.4,"D","Index","Indicative","RBA","Daily","F11.1 Exchange Rates","Australian Dollar Trade-weighted Index"
"14698","FXRTWI","Trade-weighted Index May 1970 = 100","AUS","AUS",2021-01-19,63.6,"D","Index","Indicative","RBA","Daily","F11.1 Exchange Rates","Australian Dollar Trade-weighted Index"
"14699","FXRTWI","Trade-weighted Index May 1970 = 100","AUS","AUS",2021-01-20,63.5,"D","Index","Indicative","RBA","Daily","F11.1 Exchange Rates","Australian Dollar Trade-weighted Index"
"14700","FXRTWI","Trade-weighted Index May 1970 = 100","AUS","AUS",2021-01-21,63.8,"D","Index","Indicative","RBA","Daily","F11.1 Exchange Rates","Australian Dollar Trade-weighted Index"
"14701","FXRTWI","Trade-weighted Index May 1970 = 100","AUS","AUS",2021-01-22,63.7,"D","Index","Indicative","RBA","Daily","F11.1 Exchange Rates","Australian Dollar Trade-weighted Index"
"14702","FXRTWI","Trade-weighted Index May 1970 = 100","AUS","AUS",2021-01-25,63.6,"D","Index","Indicative","RBA","Daily","F11.1 Exchange Rates","Australian Dollar Trade-weighted Index"
"14703","FXRTWI","Trade-weighted Index May 1970 = 100","AUS","AUS",2021-01-27,63.6,"D","Index","Indicative","RBA","Daily","F11.1 Exchange Rates","Australian Dollar Trade-weighted Index"
"14704","FXRTWI","Trade-weighted Index May 1970 = 100","AUS","AUS",2021-01-28,62.9,"D","Index","Indicative","RBA","Daily","F11.1 Exchange Rates","Australian Dollar Trade-weighted Index"
"14705","FXRTWI","Trade-weighted Index May 1970 = 100","AUS","AUS",2021-01-29,63,"D","Index","Indicative","RBA","Daily","F11.1 Exchange Rates","Australian Dollar Trade-weighted Index"
"14706","FXRTWI","Trade-weighted Index May 1970 = 100","AUS","AUS",2021-01-29,63,"M","Index","Indicative","RBA","Monthly","F11 Exchange Rates","Australian Dollar Trade-weighted Index"
"14707","FIRMMCRT","Cash Rate Target","AUS","AUS",2021-01-31,0.1,"M","Per cent","Original","RBA","Monthly","F1.1 Interest Rates And Yields - Money Market","Cash Rate Target; monthly average"
"14708","GRCPAISDR","Commodity prices – SDR","AUS","AUS",2021-01-31,85.8836767326757,"M","Index, 2023/24=100","Original","RBA","Monthly","I2 Commodity Prices","Index of commodity prices; All items; SDR"
"14709","A124874157C","Business Turnover Index ; Total of 13 in-scope ANZSIC divisions ; Current Price ;","AUS","AUS",2021-02-01,100.7,"M","Index Numbers","Seasonally Adjusted",NA,"Monthly","Table 01: Business turnover indicator, 13 industry summary - Monthly percentage change and index",NA
"14710","A2718577A","Credits, Total goods ;","AUS","AUS",2021-02-01,34563,"M","$ Millions","Seasonally Adjusted",NA,"Monthly","TABLE 1. GOODS, Summary: Seasonally adjusted and trend estimates, Current prices",NA
"14711","A2718594C","Balance on goods ;","AUS","AUS",2021-02-01,7141,"M","$ Millions","Seasonally Adjusted",NA,"Monthly","TABLE 1. GOODS, Summary: Seasonally adjusted and trend estimates, Current prices",NA
"14712","FXRTWI","Trade-weighted Index May 1970 = 100","AUS","AUS",2021-02-01,63,"D","Index","Indicative","RBA","Daily","F11.1 Exchange Rates","Australian Dollar Trade-weighted Index"
"14713","FXRTWI","Trade-weighted Index May 1970 = 100","AUS","AUS",2021-02-02,62.8,"D","Index","Indicative","RBA","Daily","F11.1 Exchange Rates","Australian Dollar Trade-weighted Index"
"14714","FXRTWI","Trade-weighted Index May 1970 = 100","AUS","AUS",2021-02-03,62.7,"D","Index","Indicative","RBA","Daily","F11.1 Exchange Rates","Australian Dollar Trade-weighted Index"
"14715","FXRTWI","Trade-weighted Index May 1970 = 100","AUS","AUS",2021-02-04,62.9,"D","Index","Indicative","RBA","Daily","F11.1 Exchange Rates","Australian Dollar Trade-weighted Index"
"14716","FXRTWI","Trade-weighted Index May 1970 = 100","AUS","AUS",2021-02-05,62.8,"D","Index","Indicative","RBA","Daily","F11.1 Exchange Rates","Australian Dollar Trade-weighted Index"
"14717","FXRTWI","Trade-weighted Index May 1970 = 100","AUS","AUS",2021-02-08,63.3,"D","Index","Indicative","RBA","Daily","F11.1 Exchange Rates","Australian Dollar Trade-weighted Index"
"14718","FXRTWI","Trade-weighted Index May 1970 = 100","AUS","AUS",2021-02-09,63.6,"D","Index","Indicative","RBA","Daily","F11.1 Exchange Rates","Australian Dollar Trade-weighted Index"
"14719","FXRTWI","Trade-weighted Index May 1970 = 100","AUS","AUS",2021-02-10,63.6,"D","Index","Indicative","RBA","Daily","F11.1 Exchange Rates","Australian Dollar Trade-weighted Index"
"14720","FXRTWI","Trade-weighted Index May 1970 = 100","AUS","AUS",2021-02-11,63.6,"D","Index","Indicative","RBA","Daily","F11.1 Exchange Rates","Australian Dollar Trade-weighted Index"
"14721","FXRTWI","Trade-weighted Index May 1970 = 100","AUS","AUS",2021-02-12,63.7,"D","Index","Indicative","RBA","Daily","F11.1 Exchange Rates","Australian Dollar Trade-weighted Index"
"14722","FXRTWI","Trade-weighted Index May 1970 = 100","AUS","AUS",2021-02-15,63.9,"D","Index","Indicative","RBA","Daily","F11.1 Exchange Rates","Australian Dollar Trade-weighted Index"
"14723","FXRTWI","Trade-weighted Index May 1970 = 100","AUS","AUS",2021-02-16,64.1,"D","Index","Indicative","RBA","Daily","F11.1 Exchange Rates","Australian Dollar Trade-weighted Index"
"14724","FXRTWI","Trade-weighted Index May 1970 = 100","AUS","AUS",2021-02-17,63.8,"D","Index","Indicative","RBA","Daily","F11.1 Exchange Rates","Australian Dollar Trade-weighted Index"
"14725","FXRTWI","Trade-weighted Index May 1970 = 100","AUS","AUS",2021-02-18,63.9,"D","Index","Indicative","RBA","Daily","F11.1 Exchange Rates","Australian Dollar Trade-weighted Index"
"14726","FXRTWI","Trade-weighted Index May 1970 = 100","AUS","AUS",2021-02-19,64,"D","Index","Indicative","RBA","Daily","F11.1 Exchange Rates","Australian Dollar Trade-weighted Index"
"14727","FXRTWI","Trade-weighted Index May 1970 = 100","AUS","AUS",2021-02-22,64.8,"D","Index","Indicative","RBA","Daily","F11.1 Exchange Rates","Australian Dollar Trade-weighted Index"
"14728","FXRTWI","Trade-weighted Index May 1970 = 100","AUS","AUS",2021-02-23,65,"D","Index","Indicative","RBA","Daily","F11.1 Exchange Rates","Australian Dollar Trade-weighted Index"
"14729","FXRTWI","Trade-weighted Index May 1970 = 100","AUS","AUS",2021-02-24,65,"D","Index","Indicative","RBA","Daily","F11.1 Exchange Rates","Australian Dollar Trade-weighted Index"
"14730","FXRTWI","Trade-weighted Index May 1970 = 100","AUS","AUS",2021-02-25,65.4,"D","Index","Indicative","RBA","Daily","F11.1 Exchange Rates","Australian Dollar Trade-weighted Index"
"14731","FXRTWI","Trade-weighted Index May 1970 = 100","AUS","AUS",2021-02-26,64.5,"D","Index","Indicative","RBA","Daily","F11.1 Exchange Rates","Australian Dollar Trade-weighted Index"
"14732","FXRTWI","Trade-weighted Index May 1970 = 100","AUS","AUS",2021-02-26,64.5,"M","Index","Indicative","RBA","Monthly","F11 Exchange Rates","Australian Dollar Trade-weighted Index"
"14733","FIRMMCRT","Cash Rate Target","AUS","AUS",2021-02-28,0.1,"M","Per cent","Original","RBA","Monthly","F1.1 Interest Rates And Yields - Money Market","Cash Rate Target; monthly average"
"14734","GRCPAISDR","Commodity prices – SDR","AUS","AUS",2021-02-28,87.5505231475836,"M","Index, 2023/24=100","Original","RBA","Monthly","I2 Commodity Prices","Index of commodity prices; All items; SDR"
"14735","A124874157C","Business Turnover Index ; Total of 13 in-scope ANZSIC divisions ; Current Price ;","AUS","AUS",2021-03-01,102.3,"M","Index Numbers","Seasonally Adjusted",NA,"Monthly","Table 01: Business turnover indicator, 13 industry summary - Monthly percentage change and index",NA
"14736","A2302956R","South Australia ; STATE FINAL DEMAND ;","SA","SA",2021-03-01,36114,"Q","$ Millions","Seasonally Adjusted",NA,"Quarterly","Table 25. State Final Demand, Summary Components by State: Chain volume measures",NA
"14737","A2302984X","Western Australia ; STATE FINAL DEMAND ;","WA","WA",2021-03-01,64197,"Q","$ Millions","Seasonally Adjusted",NA,"Quarterly","Table 25. State Final Demand, Summary Components by State: Chain volume measures",NA
"14738","A2303012X","Tasmania ; STATE FINAL DEMAND ;","TAS","TAS",2021-03-01,11293,"Q","$ Millions","Seasonally Adjusted",NA,"Quarterly","Table 25. State Final Demand, Summary Components by State: Chain volume measures",NA
"14739","A2303040J","Northern Territory ; STATE FINAL DEMAND ;","NT","NT",2021-03-01,7166,"Q","$ Millions","Seasonally Adjusted",NA,"Quarterly","Table 25. State Final Demand, Summary Components by State: Chain volume measures",NA
"14740","A2303068K","Australian Capital Territory ; STATE FINAL DEMAND ;","ACT","ACT",2021-03-01,17644,"Q","$ Millions","Seasonally Adjusted",NA,"Quarterly","Table 25. State Final Demand, Summary Components by State: Chain volume measures",NA
"14741","A2303111F","New South Wales ; STATE FINAL DEMAND ;","NSW","NSW",2021-03-01,179484,"Q","$ Millions","Seasonally Adjusted",NA,"Quarterly","Table 25. State Final Demand, Summary Components by State: Chain volume measures",NA
"14742","A2303139J","Victoria ; STATE FINAL DEMAND ;","VIC","VIC",2021-03-01,141740,"Q","$ Millions","Seasonally Adjusted",NA,"Quarterly","Table 25. State Final Demand, Summary Components by State: Chain volume measures",NA
"14743","A2303187A","Queensland ; STATE FINAL DEMAND ;","QLD","QLD",2021-03-01,109734,"Q","$ Millions","Seasonally Adjusted",NA,"Quarterly","Table 25. State Final Demand, Summary Components by State: Chain volume measures",NA
"14744","A2304418T","Gross domestic product: Current prices ;","AUS","AUS",2021-03-01,532774,"Q","$ Millions","Seasonally Adjusted",NA,"Quarterly","Table 1. Key National Accounts Aggregates",NA
"14745","A2325846C","Index Numbers ; All groups CPI ; Australia ;","AUS","AUS",2021-03-01,117.9,"Q","Index Numbers","Original",NA,"Quarterly","TABLES 1 and 2. CPI: All Groups, Index Numbers and Percentage Changes",NA
"14746","A2718577A","Credits, Total goods ;","AUS","AUS",2021-03-01,34120,"M","$ Millions","Seasonally Adjusted",NA,"Monthly","TABLE 1. GOODS, Summary: Seasonally adjusted and trend estimates, Current prices",NA
"14747","A2718594C","Balance on goods ;","AUS","AUS",2021-03-01,5707,"M","$ Millions","Seasonally Adjusted",NA,"Monthly","TABLE 1. GOODS, Summary: Seasonally adjusted and trend estimates, Current prices",NA
"14748","FXRTWI","Trade-weighted Index May 1970 = 100","AUS","AUS",2021-03-01,63.9,"D","Index","Indicative","RBA","Daily","F11.1 Exchange Rates","Australian Dollar Trade-weighted Index"
"14749","FXRTWI","Trade-weighted Index May 1970 = 100","AUS","AUS",2021-03-02,64.1,"D","Index","Indicative","RBA","Daily","F11.1 Exchange Rates","Australian Dollar Trade-weighted Index"
"14750","FXRTWI","Trade-weighted Index May 1970 = 100","AUS","AUS",2021-03-03,64.6,"D","Index","Indicative","RBA","Daily","F11.1 Exchange Rates","Australian Dollar Trade-weighted Index"
"14751","FXRTWI","Trade-weighted Index May 1970 = 100","AUS","AUS",2021-03-04,64.4,"D","Index","Indicative","RBA","Daily","F11.1 Exchange Rates","Australian Dollar Trade-weighted Index"
"14752","FXRTWI","Trade-weighted Index May 1970 = 100","AUS","AUS",2021-03-05,63.9,"D","Index","Indicative","RBA","Daily","F11.1 Exchange Rates","Australian Dollar Trade-weighted Index"
"14753","FXRTWI","Trade-weighted Index May 1970 = 100","AUS","AUS",2021-03-08,64.1,"D","Index","Indicative","RBA","Daily","F11.1 Exchange Rates","Australian Dollar Trade-weighted Index"
"14754","FXRTWI","Trade-weighted Index May 1970 = 100","AUS","AUS",2021-03-09,64,"D","Index","Indicative","RBA","Daily","F11.1 Exchange Rates","Australian Dollar Trade-weighted Index"
"14755","FXRTWI","Trade-weighted Index May 1970 = 100","AUS","AUS",2021-03-10,64.1,"D","Index","Indicative","RBA","Daily","F11.1 Exchange Rates","Australian Dollar Trade-weighted Index"
"14756","FXRTWI","Trade-weighted Index May 1970 = 100","AUS","AUS",2021-03-11,64.4,"D","Index","Indicative","RBA","Daily","F11.1 Exchange Rates","Australian Dollar Trade-weighted Index"
"14757","FXRTWI","Trade-weighted Index May 1970 = 100","AUS","AUS",2021-03-12,64.6,"D","Index","Indicative","RBA","Daily","F11.1 Exchange Rates","Australian Dollar Trade-weighted Index"
"14758","FXRTWI","Trade-weighted Index May 1970 = 100","AUS","AUS",2021-03-15,64.5,"D","Index","Indicative","RBA","Daily","F11.1 Exchange Rates","Australian Dollar Trade-weighted Index"
"14759","FXRTWI","Trade-weighted Index May 1970 = 100","AUS","AUS",2021-03-16,64.5,"D","Index","Indicative","RBA","Daily","F11.1 Exchange Rates","Australian Dollar Trade-weighted Index"
"14760","FXRTWI","Trade-weighted Index May 1970 = 100","AUS","AUS",2021-03-17,64.4,"D","Index","Indicative","RBA","Daily","F11.1 Exchange Rates","Australian Dollar Trade-weighted Index"
"14761","FXRTWI","Trade-weighted Index May 1970 = 100","AUS","AUS",2021-03-18,65,"D","Index","Indicative","RBA","Daily","F11.1 Exchange Rates","Australian Dollar Trade-weighted Index"
"14762","FXRTWI","Trade-weighted Index May 1970 = 100","AUS","AUS",2021-03-19,64.5,"D","Index","Indicative","RBA","Daily","F11.1 Exchange Rates","Australian Dollar Trade-weighted Index"
"14763","FXRTWI","Trade-weighted Index May 1970 = 100","AUS","AUS",2021-03-22,64.3,"D","Index","Indicative","RBA","Daily","F11.1 Exchange Rates","Australian Dollar Trade-weighted Index"
"14764","FXRTWI","Trade-weighted Index May 1970 = 100","AUS","AUS",2021-03-23,64.1,"D","Index","Indicative","RBA","Daily","F11.1 Exchange Rates","Australian Dollar Trade-weighted Index"
"14765","FXRTWI","Trade-weighted Index May 1970 = 100","AUS","AUS",2021-03-24,63.5,"D","Index","Indicative","RBA","Daily","F11.1 Exchange Rates","Australian Dollar Trade-weighted Index"
"14766","FXRTWI","Trade-weighted Index May 1970 = 100","AUS","AUS",2021-03-25,63.6,"D","Index","Indicative","RBA","Daily","F11.1 Exchange Rates","Australian Dollar Trade-weighted Index"
"14767","FXRTWI","Trade-weighted Index May 1970 = 100","AUS","AUS",2021-03-26,63.7,"D","Index","Indicative","RBA","Daily","F11.1 Exchange Rates","Australian Dollar Trade-weighted Index"
"14768","FXRTWI","Trade-weighted Index May 1970 = 100","AUS","AUS",2021-03-29,63.9,"D","Index","Indicative","RBA","Daily","F11.1 Exchange Rates","Australian Dollar Trade-weighted Index"
"14769","FXRTWI","Trade-weighted Index May 1970 = 100","AUS","AUS",2021-03-30,64.2,"D","Index","Indicative","RBA","Daily","F11.1 Exchange Rates","Australian Dollar Trade-weighted Index"
"14770","FIRMMCRT","Cash Rate Target","AUS","AUS",2021-03-31,0.1,"M","Per cent","Original","RBA","Monthly","F1.1 Interest Rates And Yields - Money Market","Cash Rate Target; monthly average"
"14771","FXRTWI","Trade-weighted Index May 1970 = 100","AUS","AUS",2021-03-31,63.9,"D","Index","Indicative","RBA","Daily","F11.1 Exchange Rates","Australian Dollar Trade-weighted Index"
"14772","FXRTWI","Trade-weighted Index May 1970 = 100","AUS","AUS",2021-03-31,63.9,"M","Index","Indicative","RBA","Monthly","F11 Exchange Rates","Australian Dollar Trade-weighted Index"
"14773","GCPIOCPMTMQP","Quarterly trimmed mean inflation","AUS","AUS",2021-03-31,0.3,"Q","Per cent","Seasonally Adjusted","ABS","Quarterly","G1 Consumer Price Inflation","Consumer price index; Trimmed mean; Quarterly change (in per cent)"
"14774","GRCPAISDR","Commodity prices – SDR","AUS","AUS",2021-03-31,90.1458581443877,"M","Index, 2023/24=100","Original","RBA","Monthly","I2 Commodity Prices","Index of commodity prices; All items; SDR"
"14775","A124874157C","Business Turnover Index ; Total of 13 in-scope ANZSIC divisions ; Current Price ;","AUS","AUS",2021-04-01,105.1,"M","Index Numbers","Seasonally Adjusted",NA,"Monthly","Table 01: Business turnover indicator, 13 industry summary - Monthly percentage change and index",NA
"14776","A2718577A","Credits, Total goods ;","AUS","AUS",2021-04-01,35939,"M","$ Millions","Seasonally Adjusted",NA,"Monthly","TABLE 1. GOODS, Summary: Seasonally adjusted and trend estimates, Current prices",NA
"14777","A2718594C","Balance on goods ;","AUS","AUS",2021-04-01,8421,"M","$ Millions","Seasonally Adjusted",NA,"Monthly","TABLE 1. GOODS, Summary: Seasonally adjusted and trend estimates, Current prices",NA
"14778","FXRTWI","Trade-weighted Index May 1970 = 100","AUS","AUS",2021-04-01,63.4,"D","Index","Indicative","RBA","Daily","F11.1 Exchange Rates","Australian Dollar Trade-weighted Index"
"14779","FXRTWI","Trade-weighted Index May 1970 = 100","AUS","AUS",2021-04-06,64,"D","Index","Indicative","RBA","Daily","F11.1 Exchange Rates","Australian Dollar Trade-weighted Index"
"14780","FXRTWI","Trade-weighted Index May 1970 = 100","AUS","AUS",2021-04-07,64,"D","Index","Indicative","RBA","Daily","F11.1 Exchange Rates","Australian Dollar Trade-weighted Index"
"14781","FXRTWI","Trade-weighted Index May 1970 = 100","AUS","AUS",2021-04-08,63.9,"D","Index","Indicative","RBA","Daily","F11.1 Exchange Rates","Australian Dollar Trade-weighted Index"
"14782","FXRTWI","Trade-weighted Index May 1970 = 100","AUS","AUS",2021-04-09,63.8,"D","Index","Indicative","RBA","Daily","F11.1 Exchange Rates","Australian Dollar Trade-weighted Index"
"14783","FXRTWI","Trade-weighted Index May 1970 = 100","AUS","AUS",2021-04-12,63.7,"D","Index","Indicative","RBA","Daily","F11.1 Exchange Rates","Australian Dollar Trade-weighted Index"
"14784","FXRTWI","Trade-weighted Index May 1970 = 100","AUS","AUS",2021-04-13,63.7,"D","Index","Indicative","RBA","Daily","F11.1 Exchange Rates","Australian Dollar Trade-weighted Index"
"14785","FXRTWI","Trade-weighted Index May 1970 = 100","AUS","AUS",2021-04-14,64.1,"D","Index","Indicative","RBA","Daily","F11.1 Exchange Rates","Australian Dollar Trade-weighted Index"
"14786","FXRTWI","Trade-weighted Index May 1970 = 100","AUS","AUS",2021-04-15,64.4,"D","Index","Indicative","RBA","Daily","F11.1 Exchange Rates","Australian Dollar Trade-weighted Index"
"14787","FXRTWI","Trade-weighted Index May 1970 = 100","AUS","AUS",2021-04-16,64.6,"D","Index","Indicative","RBA","Daily","F11.1 Exchange Rates","Australian Dollar Trade-weighted Index"
"14788","FXRTWI","Trade-weighted Index May 1970 = 100","AUS","AUS",2021-04-19,64.5,"D","Index","Indicative","RBA","Daily","F11.1 Exchange Rates","Australian Dollar Trade-weighted Index"
"14789","FXRTWI","Trade-weighted Index May 1970 = 100","AUS","AUS",2021-04-20,64.7,"D","Index","Indicative","RBA","Daily","F11.1 Exchange Rates","Australian Dollar Trade-weighted Index"
"14790","FXRTWI","Trade-weighted Index May 1970 = 100","AUS","AUS",2021-04-21,64.1,"D","Index","Indicative","RBA","Daily","F11.1 Exchange Rates","Australian Dollar Trade-weighted Index"
"14791","FXRTWI","Trade-weighted Index May 1970 = 100","AUS","AUS",2021-04-22,64.3,"D","Index","Indicative","RBA","Daily","F11.1 Exchange Rates","Australian Dollar Trade-weighted Index"
"14792","FXRTWI","Trade-weighted Index May 1970 = 100","AUS","AUS",2021-04-23,64.2,"D","Index","Indicative","RBA","Daily","F11.1 Exchange Rates","Australian Dollar Trade-weighted Index"
"14793","FXRTWI","Trade-weighted Index May 1970 = 100","AUS","AUS",2021-04-26,64.4,"D","Index","Indicative","RBA","Daily","F11.1 Exchange Rates","Australian Dollar Trade-weighted Index"
"14794","FXRTWI","Trade-weighted Index May 1970 = 100","AUS","AUS",2021-04-27,64.6,"D","Index","Indicative","RBA","Daily","F11.1 Exchange Rates","Australian Dollar Trade-weighted Index"
"14795","FXRTWI","Trade-weighted Index May 1970 = 100","AUS","AUS",2021-04-28,64.3,"D","Index","Indicative","RBA","Daily","F11.1 Exchange Rates","Australian Dollar Trade-weighted Index"
"14796","FXRTWI","Trade-weighted Index May 1970 = 100","AUS","AUS",2021-04-29,64.5,"D","Index","Indicative","RBA","Daily","F11.1 Exchange Rates","Australian Dollar Trade-weighted Index"
"14797","FIRMMCRT","Cash Rate Target","AUS","AUS",2021-04-30,0.1,"M","Per cent","Original","RBA","Monthly","F1.1 Interest Rates And Yields - Money Market","Cash Rate Target; monthly average"
"14798","FXRTWI","Trade-weighted Index May 1970 = 100","AUS","AUS",2021-04-30,64.4,"D","Index","Indicative","RBA","Daily","F11.1 Exchange Rates","Australian Dollar Trade-weighted Index"
"14799","FXRTWI","Trade-weighted Index May 1970 = 100","AUS","AUS",2021-04-30,64.4,"M","Index","Indicative","RBA","Monthly","F11 Exchange Rates","Australian Dollar Trade-weighted Index"
"14800","GRCPAISDR","Commodity prices – SDR","AUS","AUS",2021-04-30,93.3129933671401,"M","Index, 2023/24=100","Original","RBA","Monthly","I2 Commodity Prices","Index of commodity prices; All items; SDR"
"14801","A124874157C","Business Turnover Index ; Total of 13 in-scope ANZSIC divisions ; Current Price ;","AUS","AUS",2021-05-01,105.9,"M","Index Numbers","Seasonally Adjusted",NA,"Monthly","Table 01: Business turnover indicator, 13 industry summary - Monthly percentage change and index",NA
"14802","A2718577A","Credits, Total goods ;","AUS","AUS",2021-05-01,37115,"M","$ Millions","Seasonally Adjusted",NA,"Monthly","TABLE 1. GOODS, Summary: Seasonally adjusted and trend estimates, Current prices",NA
"14803","A2718594C","Balance on goods ;","AUS","AUS",2021-05-01,8917,"M","$ Millions","Seasonally Adjusted",NA,"Monthly","TABLE 1. GOODS, Summary: Seasonally adjusted and trend estimates, Current prices",NA
"14804","FXRTWI","Trade-weighted Index May 1970 = 100","AUS","AUS",2021-05-03,64.1,"D","Index","Indicative","RBA","Daily","F11.1 Exchange Rates","Australian Dollar Trade-weighted Index"
"14805","FXRTWI","Trade-weighted Index May 1970 = 100","AUS","AUS",2021-05-04,64.3,"D","Index","Indicative","RBA","Daily","F11.1 Exchange Rates","Australian Dollar Trade-weighted Index"
"14806","FXRTWI","Trade-weighted Index May 1970 = 100","AUS","AUS",2021-05-05,64.2,"D","Index","Indicative","RBA","Daily","F11.1 Exchange Rates","Australian Dollar Trade-weighted Index"
"14807","FXRTWI","Trade-weighted Index May 1970 = 100","AUS","AUS",2021-05-06,64.3,"D","Index","Indicative","RBA","Daily","F11.1 Exchange Rates","Australian Dollar Trade-weighted Index"
"14808","FXRTWI","Trade-weighted Index May 1970 = 100","AUS","AUS",2021-05-07,64.4,"D","Index","Indicative","RBA","Daily","F11.1 Exchange Rates","Australian Dollar Trade-weighted Index"
"14809","FXRTWI","Trade-weighted Index May 1970 = 100","AUS","AUS",2021-05-10,64.8,"D","Index","Indicative","RBA","Daily","F11.1 Exchange Rates","Australian Dollar Trade-weighted Index"
"14810","FXRTWI","Trade-weighted Index May 1970 = 100","AUS","AUS",2021-05-11,64.7,"D","Index","Indicative","RBA","Daily","F11.1 Exchange Rates","Australian Dollar Trade-weighted Index"
"14811","FXRTWI","Trade-weighted Index May 1970 = 100","AUS","AUS",2021-05-12,64.4,"D","Index","Indicative","RBA","Daily","F11.1 Exchange Rates","Australian Dollar Trade-weighted Index"
"14812","FXRTWI","Trade-weighted Index May 1970 = 100","AUS","AUS",2021-05-13,63.9,"D","Index","Indicative","RBA","Daily","F11.1 Exchange Rates","Australian Dollar Trade-weighted Index"
"14813","FXRTWI","Trade-weighted Index May 1970 = 100","AUS","AUS",2021-05-14,64,"D","Index","Indicative","RBA","Daily","F11.1 Exchange Rates","Australian Dollar Trade-weighted Index"
"14814","FXRTWI","Trade-weighted Index May 1970 = 100","AUS","AUS",2021-05-17,64.2,"D","Index","Indicative","RBA","Daily","F11.1 Exchange Rates","Australian Dollar Trade-weighted Index"
"14815","FXRTWI","Trade-weighted Index May 1970 = 100","AUS","AUS",2021-05-18,64.3,"D","Index","Indicative","RBA","Daily","F11.1 Exchange Rates","Australian Dollar Trade-weighted Index"
"14816","FXRTWI","Trade-weighted Index May 1970 = 100","AUS","AUS",2021-05-19,64.3,"D","Index","Indicative","RBA","Daily","F11.1 Exchange Rates","Australian Dollar Trade-weighted Index"
"14817","FXRTWI","Trade-weighted Index May 1970 = 100","AUS","AUS",2021-05-20,64.1,"D","Index","Indicative","RBA","Daily","F11.1 Exchange Rates","Australian Dollar Trade-weighted Index"
"14818","FXRTWI","Trade-weighted Index May 1970 = 100","AUS","AUS",2021-05-21,64,"D","Index","Indicative","RBA","Daily","F11.1 Exchange Rates","Australian Dollar Trade-weighted Index"
"14819","FXRTWI","Trade-weighted Index May 1970 = 100","AUS","AUS",2021-05-24,63.9,"D","Index","Indicative","RBA","Daily","F11.1 Exchange Rates","Australian Dollar Trade-weighted Index"
"14820","FXRTWI","Trade-weighted Index May 1970 = 100","AUS","AUS",2021-05-25,63.9,"D","Index","Indicative","RBA","Daily","F11.1 Exchange Rates","Australian Dollar Trade-weighted Index"
"14821","FXRTWI","Trade-weighted Index May 1970 = 100","AUS","AUS",2021-05-26,64.1,"D","Index","Indicative","RBA","Daily","F11.1 Exchange Rates","Australian Dollar Trade-weighted Index"
"14822","FXRTWI","Trade-weighted Index May 1970 = 100","AUS","AUS",2021-05-27,63.7,"D","Index","Indicative","RBA","Daily","F11.1 Exchange Rates","Australian Dollar Trade-weighted Index"
"14823","FXRTWI","Trade-weighted Index May 1970 = 100","AUS","AUS",2021-05-28,63.6,"D","Index","Indicative","RBA","Daily","F11.1 Exchange Rates","Australian Dollar Trade-weighted Index"
"14824","FIRMMCRT","Cash Rate Target","AUS","AUS",2021-05-31,0.1,"M","Per cent","Original","RBA","Monthly","F1.1 Interest Rates And Yields - Money Market","Cash Rate Target; monthly average"
"14825","FXRTWI","Trade-weighted Index May 1970 = 100","AUS","AUS",2021-05-31,63.5,"D","Index","Indicative","RBA","Daily","F11.1 Exchange Rates","Australian Dollar Trade-weighted Index"
"14826","FXRTWI","Trade-weighted Index May 1970 = 100","AUS","AUS",2021-05-31,63.5,"M","Index","Indicative","RBA","Monthly","F11 Exchange Rates","Australian Dollar Trade-weighted Index"
"14827","GRCPAISDR","Commodity prices – SDR","AUS","AUS",2021-05-31,98.7131740487984,"M","Index, 2023/24=100","Original","RBA","Monthly","I2 Commodity Prices","Index of commodity prices; All items; SDR"
"14828","A124874157C","Business Turnover Index ; Total of 13 in-scope ANZSIC divisions ; Current Price ;","AUS","AUS",2021-06-01,107.3,"M","Index Numbers","Seasonally Adjusted",NA,"Monthly","Table 01: Business turnover indicator, 13 industry summary - Monthly percentage change and index",NA
"14829","A2302956R","South Australia ; STATE FINAL DEMAND ;","SA","SA",2021-06-01,36503,"Q","$ Millions","Seasonally Adjusted",NA,"Quarterly","Table 25. State Final Demand, Summary Components by State: Chain volume measures",NA
"14830","A2302984X","Western Australia ; STATE FINAL DEMAND ;","WA","WA",2021-06-01,65172,"Q","$ Millions","Seasonally Adjusted",NA,"Quarterly","Table 25. State Final Demand, Summary Components by State: Chain volume measures",NA
"14831","A2303012X","Tasmania ; STATE FINAL DEMAND ;","TAS","TAS",2021-06-01,11463,"Q","$ Millions","Seasonally Adjusted",NA,"Quarterly","Table 25. State Final Demand, Summary Components by State: Chain volume measures",NA
"14832","A2303040J","Northern Territory ; STATE FINAL DEMAND ;","NT","NT",2021-06-01,7551,"Q","$ Millions","Seasonally Adjusted",NA,"Quarterly","Table 25. State Final Demand, Summary Components by State: Chain volume measures",NA
"14833","A2303068K","Australian Capital Territory ; STATE FINAL DEMAND ;","ACT","ACT",2021-06-01,17858,"Q","$ Millions","Seasonally Adjusted",NA,"Quarterly","Table 25. State Final Demand, Summary Components by State: Chain volume measures",NA
"14834","A2303111F","New South Wales ; STATE FINAL DEMAND ;","NSW","NSW",2021-06-01,183004,"Q","$ Millions","Seasonally Adjusted",NA,"Quarterly","Table 25. State Final Demand, Summary Components by State: Chain volume measures",NA
"14835","A2303139J","Victoria ; STATE FINAL DEMAND ;","VIC","VIC",2021-06-01,143563,"Q","$ Millions","Seasonally Adjusted",NA,"Quarterly","Table 25. State Final Demand, Summary Components by State: Chain volume measures",NA
"14836","A2303187A","Queensland ; STATE FINAL DEMAND ;","QLD","QLD",2021-06-01,111829,"Q","$ Millions","Seasonally Adjusted",NA,"Quarterly","Table 25. State Final Demand, Summary Components by State: Chain volume measures",NA
"14837","A2304418T","Gross domestic product: Current prices ;","AUS","AUS",2021-06-01,552015,"Q","$ Millions","Seasonally Adjusted",NA,"Quarterly","Table 1. Key National Accounts Aggregates",NA
"14838","A2325846C","Index Numbers ; All groups CPI ; Australia ;","AUS","AUS",2021-06-01,118.8,"Q","Index Numbers","Original",NA,"Quarterly","TABLES 1 and 2. CPI: All Groups, Index Numbers and Percentage Changes",NA
"14839","A2336320R","New South Wales ; Gross state product: Current prices ;","NSW","NSW",2021-06-01,651970,"Annual","$ Millions","Original",NA,"Annual","Table 1. Gross State Product, Chain volume measures and current prices",NA
"14840","A2336321T","Victoria ; Gross state product: Current prices ;","VIC","VIC",2021-06-01,476421,"Annual","$ Millions","Original",NA,"Annual","Table 1. Gross State Product, Chain volume measures and current prices",NA
"14841","A2336322V","Queensland ; Gross state product: Current prices ;","QLD","QLD",2021-06-01,367992,"Annual","$ Millions","Original",NA,"Annual","Table 1. Gross State Product, Chain volume measures and current prices",NA
"14842","A2336323W","South Australia ; Gross state product: Current prices ;","SA","SA",2021-06-01,118490,"Annual","$ Millions","Original",NA,"Annual","Table 1. Gross State Product, Chain volume measures and current prices",NA
"14843","A2336324X","Western Australia ; Gross state product: Current prices ;","WA","WA",2021-06-01,366695,"Annual","$ Millions","Original",NA,"Annual","Table 1. Gross State Product, Chain volume measures and current prices",NA
"14844","A2336325A","Tasmania ; Gross state product: Current prices ;","TAS","TAS",2021-06-01,34297,"Annual","$ Millions","Original",NA,"Annual","Table 1. Gross State Product, Chain volume measures and current prices",NA
"14845","A2336326C","Northern Territory ; Gross state product: Current prices ;","NT","NT",2021-06-01,25381,"Annual","$ Millions","Original",NA,"Annual","Table 1. Gross State Product, Chain volume measures and current prices",NA
"14846","A2336327F","Australian Capital Territory ; Gross state product: Current prices ;","ACT","ACT",2021-06-01,44576,"Annual","$ Millions","Original",NA,"Annual","Table 1. Gross State Product, Chain volume measures and current prices",NA
"14847","A2718577A","Credits, Total goods ;","AUS","AUS",2021-06-01,38634,"M","$ Millions","Seasonally Adjusted",NA,"Monthly","TABLE 1. GOODS, Summary: Seasonally adjusted and trend estimates, Current prices",NA
"14848","A2718594C","Balance on goods ;","AUS","AUS",2021-06-01,10149,"M","$ Millions","Seasonally Adjusted",NA,"Monthly","TABLE 1. GOODS, Summary: Seasonally adjusted and trend estimates, Current prices",NA
"14849","FXRTWI","Trade-weighted Index May 1970 = 100","AUS","AUS",2021-06-01,63.6,"D","Index","Indicative","RBA","Daily","F11.1 Exchange Rates","Australian Dollar Trade-weighted Index"
"14850","FXRTWI","Trade-weighted Index May 1970 = 100","AUS","AUS",2021-06-02,63.7,"D","Index","Indicative","RBA","Daily","F11.1 Exchange Rates","Australian Dollar Trade-weighted Index"
"14851","FXRTWI","Trade-weighted Index May 1970 = 100","AUS","AUS",2021-06-03,63.7,"D","Index","Indicative","RBA","Daily","F11.1 Exchange Rates","Australian Dollar Trade-weighted Index"
"14852","FXRTWI","Trade-weighted Index May 1970 = 100","AUS","AUS",2021-06-04,63.2,"D","Index","Indicative","RBA","Daily","F11.1 Exchange Rates","Australian Dollar Trade-weighted Index"
"14853","FXRTWI","Trade-weighted Index May 1970 = 100","AUS","AUS",2021-06-07,63.7,"D","Index","Indicative","RBA","Daily","F11.1 Exchange Rates","Australian Dollar Trade-weighted Index"
"14854","FXRTWI","Trade-weighted Index May 1970 = 100","AUS","AUS",2021-06-08,63.8,"D","Index","Indicative","RBA","Daily","F11.1 Exchange Rates","Australian Dollar Trade-weighted Index"
"14855","FXRTWI","Trade-weighted Index May 1970 = 100","AUS","AUS",2021-06-09,63.8,"D","Index","Indicative","RBA","Daily","F11.1 Exchange Rates","Australian Dollar Trade-weighted Index"
"14856","FXRTWI","Trade-weighted Index May 1970 = 100","AUS","AUS",2021-06-10,63.7,"D","Index","Indicative","RBA","Daily","F11.1 Exchange Rates","Australian Dollar Trade-weighted Index"
"14857","FXRTWI","Trade-weighted Index May 1970 = 100","AUS","AUS",2021-06-11,63.8,"D","Index","Indicative","RBA","Daily","F11.1 Exchange Rates","Australian Dollar Trade-weighted Index"
"14858","FXRTWI","Trade-weighted Index May 1970 = 100","AUS","AUS",2021-06-15,63.7,"D","Index","Indicative","RBA","Daily","F11.1 Exchange Rates","Australian Dollar Trade-weighted Index"
"14859","FXRTWI","Trade-weighted Index May 1970 = 100","AUS","AUS",2021-06-16,63.5,"D","Index","Indicative","RBA","Daily","F11.1 Exchange Rates","Australian Dollar Trade-weighted Index"
"14860","FXRTWI","Trade-weighted Index May 1970 = 100","AUS","AUS",2021-06-17,63.3,"D","Index","Indicative","RBA","Daily","F11.1 Exchange Rates","Australian Dollar Trade-weighted Index"
"14861","FXRTWI","Trade-weighted Index May 1970 = 100","AUS","AUS",2021-06-18,62.7,"D","Index","Indicative","RBA","Daily","F11.1 Exchange Rates","Australian Dollar Trade-weighted Index"
"14862","FXRTWI","Trade-weighted Index May 1970 = 100","AUS","AUS",2021-06-21,62.6,"D","Index","Indicative","RBA","Daily","F11.1 Exchange Rates","Australian Dollar Trade-weighted Index"
"14863","FXRTWI","Trade-weighted Index May 1970 = 100","AUS","AUS",2021-06-22,62.6,"D","Index","Indicative","RBA","Daily","F11.1 Exchange Rates","Australian Dollar Trade-weighted Index"
"14864","FXRTWI","Trade-weighted Index May 1970 = 100","AUS","AUS",2021-06-23,63,"D","Index","Indicative","RBA","Daily","F11.1 Exchange Rates","Australian Dollar Trade-weighted Index"
"14865","FXRTWI","Trade-weighted Index May 1970 = 100","AUS","AUS",2021-06-24,63.2,"D","Index","Indicative","RBA","Daily","F11.1 Exchange Rates","Australian Dollar Trade-weighted Index"
"14866","FXRTWI","Trade-weighted Index May 1970 = 100","AUS","AUS",2021-06-25,63.2,"D","Index","Indicative","RBA","Daily","F11.1 Exchange Rates","Australian Dollar Trade-weighted Index"
"14867","FXRTWI","Trade-weighted Index May 1970 = 100","AUS","AUS",2021-06-28,63.3,"D","Index","Indicative","RBA","Daily","F11.1 Exchange Rates","Australian Dollar Trade-weighted Index"
"14868","FXRTWI","Trade-weighted Index May 1970 = 100","AUS","AUS",2021-06-29,63,"D","Index","Indicative","RBA","Daily","F11.1 Exchange Rates","Australian Dollar Trade-weighted Index"
"14869","FIRMMCRT","Cash Rate Target","AUS","AUS",2021-06-30,0.1,"M","Per cent","Original","RBA","Monthly","F1.1 Interest Rates And Yields - Money Market","Cash Rate Target; monthly average"
"14870","FXRTWI","Trade-weighted Index May 1970 = 100","AUS","AUS",2021-06-30,62.7,"D","Index","Indicative","RBA","Daily","F11.1 Exchange Rates","Australian Dollar Trade-weighted Index"
"14871","FXRTWI","Trade-weighted Index May 1970 = 100","AUS","AUS",2021-06-30,62.7,"M","Index","Indicative","RBA","Monthly","F11 Exchange Rates","Australian Dollar Trade-weighted Index"
"14872","GCPIOCPMTMQP","Quarterly trimmed mean inflation","AUS","AUS",2021-06-30,0.4,"Q","Per cent","Seasonally Adjusted","ABS","Quarterly","G1 Consumer Price Inflation","Consumer price index; Trimmed mean; Quarterly change (in per cent)"
"14873","GRCPAISDR","Commodity prices – SDR","AUS","AUS",2021-06-30,104.825641411069,"M","Index, 2023/24=100","Original","RBA","Monthly","I2 Commodity Prices","Index of commodity prices; All items; SDR"
"14874","A124874157C","Business Turnover Index ; Total of 13 in-scope ANZSIC divisions ; Current Price ;","AUS","AUS",2021-07-01,108,"M","Index Numbers","Seasonally Adjusted",NA,"Monthly","Table 01: Business turnover indicator, 13 industry summary - Monthly percentage change and index",NA
"14875","A2718577A","Credits, Total goods ;","AUS","AUS",2021-07-01,43114,"M","$ Millions","Seasonally Adjusted",NA,"Monthly","TABLE 1. GOODS, Summary: Seasonally adjusted and trend estimates, Current prices",NA
"14876","A2718594C","Balance on goods ;","AUS","AUS",2021-07-01,14411,"M","$ Millions","Seasonally Adjusted",NA,"Monthly","TABLE 1. GOODS, Summary: Seasonally adjusted and trend estimates, Current prices",NA
"14877","FXRTWI","Trade-weighted Index May 1970 = 100","AUS","AUS",2021-07-01,62.5,"D","Index","Indicative","RBA","Daily","F11.1 Exchange Rates","Australian Dollar Trade-weighted Index"
"14878","FXRTWI","Trade-weighted Index May 1970 = 100","AUS","AUS",2021-07-02,62.5,"D","Index","Indicative","RBA","Daily","F11.1 Exchange Rates","Australian Dollar Trade-weighted Index"
"14879","FXRTWI","Trade-weighted Index May 1970 = 100","AUS","AUS",2021-07-05,62.8,"D","Index","Indicative","RBA","Daily","F11.1 Exchange Rates","Australian Dollar Trade-weighted Index"
"14880","FXRTWI","Trade-weighted Index May 1970 = 100","AUS","AUS",2021-07-06,63.2,"D","Index","Indicative","RBA","Daily","F11.1 Exchange Rates","Australian Dollar Trade-weighted Index"
"14881","FXRTWI","Trade-weighted Index May 1970 = 100","AUS","AUS",2021-07-07,62.7,"D","Index","Indicative","RBA","Daily","F11.1 Exchange Rates","Australian Dollar Trade-weighted Index"
"14882","FXRTWI","Trade-weighted Index May 1970 = 100","AUS","AUS",2021-07-08,62.4,"D","Index","Indicative","RBA","Daily","F11.1 Exchange Rates","Australian Dollar Trade-weighted Index"
"14883","FXRTWI","Trade-weighted Index May 1970 = 100","AUS","AUS",2021-07-09,62.2,"D","Index","Indicative","RBA","Daily","F11.1 Exchange Rates","Australian Dollar Trade-weighted Index"
"14884","FXRTWI","Trade-weighted Index May 1970 = 100","AUS","AUS",2021-07-12,62.5,"D","Index","Indicative","RBA","Daily","F11.1 Exchange Rates","Australian Dollar Trade-weighted Index"
"14885","FXRTWI","Trade-weighted Index May 1970 = 100","AUS","AUS",2021-07-13,62.6,"D","Index","Indicative","RBA","Daily","F11.1 Exchange Rates","Australian Dollar Trade-weighted Index"
"14886","FXRTWI","Trade-weighted Index May 1970 = 100","AUS","AUS",2021-07-14,62.4,"D","Index","Indicative","RBA","Daily","F11.1 Exchange Rates","Australian Dollar Trade-weighted Index"
"14887","FXRTWI","Trade-weighted Index May 1970 = 100","AUS","AUS",2021-07-15,62.4,"D","Index","Indicative","RBA","Daily","F11.1 Exchange Rates","Australian Dollar Trade-weighted Index"
"14888","FXRTWI","Trade-weighted Index May 1970 = 100","AUS","AUS",2021-07-16,62.2,"D","Index","Indicative","RBA","Daily","F11.1 Exchange Rates","Australian Dollar Trade-weighted Index"
"14889","FXRTWI","Trade-weighted Index May 1970 = 100","AUS","AUS",2021-07-19,61.8,"D","Index","Indicative","RBA","Daily","F11.1 Exchange Rates","Australian Dollar Trade-weighted Index"
"14890","FXRTWI","Trade-weighted Index May 1970 = 100","AUS","AUS",2021-07-20,61.4,"D","Index","Indicative","RBA","Daily","F11.1 Exchange Rates","Australian Dollar Trade-weighted Index"
"14891","FXRTWI","Trade-weighted Index May 1970 = 100","AUS","AUS",2021-07-21,61.2,"D","Index","Indicative","RBA","Daily","F11.1 Exchange Rates","Australian Dollar Trade-weighted Index"
"14892","FXRTWI","Trade-weighted Index May 1970 = 100","AUS","AUS",2021-07-22,61.6,"D","Index","Indicative","RBA","Daily","F11.1 Exchange Rates","Australian Dollar Trade-weighted Index"
"14893","FXRTWI","Trade-weighted Index May 1970 = 100","AUS","AUS",2021-07-23,61.7,"D","Index","Indicative","RBA","Daily","F11.1 Exchange Rates","Australian Dollar Trade-weighted Index"
"14894","FXRTWI","Trade-weighted Index May 1970 = 100","AUS","AUS",2021-07-26,61.7,"D","Index","Indicative","RBA","Daily","F11.1 Exchange Rates","Australian Dollar Trade-weighted Index"
"14895","FXRTWI","Trade-weighted Index May 1970 = 100","AUS","AUS",2021-07-27,61.8,"D","Index","Indicative","RBA","Daily","F11.1 Exchange Rates","Australian Dollar Trade-weighted Index"
"14896","FXRTWI","Trade-weighted Index May 1970 = 100","AUS","AUS",2021-07-28,61.7,"D","Index","Indicative","RBA","Daily","F11.1 Exchange Rates","Australian Dollar Trade-weighted Index"
"14897","FXRTWI","Trade-weighted Index May 1970 = 100","AUS","AUS",2021-07-29,61.7,"D","Index","Indicative","RBA","Daily","F11.1 Exchange Rates","Australian Dollar Trade-weighted Index"
"14898","FXRTWI","Trade-weighted Index May 1970 = 100","AUS","AUS",2021-07-30,61.6,"D","Index","Indicative","RBA","Daily","F11.1 Exchange Rates","Australian Dollar Trade-weighted Index"
"14899","FXRTWI","Trade-weighted Index May 1970 = 100","AUS","AUS",2021-07-30,61.6,"M","Index","Indicative","RBA","Monthly","F11 Exchange Rates","Australian Dollar Trade-weighted Index"
"14900","FIRMMCRT","Cash Rate Target","AUS","AUS",2021-07-31,0.1,"M","Per cent","Original","RBA","Monthly","F1.1 Interest Rates And Yields - Money Market","Cash Rate Target; monthly average"
"14901","GRCPAISDR","Commodity prices – SDR","AUS","AUS",2021-07-31,108.138653267586,"M","Index, 2023/24=100","Original","RBA","Monthly","I2 Commodity Prices","Index of commodity prices; All items; SDR"
"14902","A124874157C","Business Turnover Index ; Total of 13 in-scope ANZSIC divisions ; Current Price ;","AUS","AUS",2021-08-01,107,"M","Index Numbers","Seasonally Adjusted",NA,"Monthly","Table 01: Business turnover indicator, 13 industry summary - Monthly percentage change and index",NA
"14903","A2718577A","Credits, Total goods ;","AUS","AUS",2021-08-01,42020,"M","$ Millions","Seasonally Adjusted",NA,"Monthly","TABLE 1. GOODS, Summary: Seasonally adjusted and trend estimates, Current prices",NA
"14904","A2718594C","Balance on goods ;","AUS","AUS",2021-08-01,13082,"M","$ Millions","Seasonally Adjusted",NA,"Monthly","TABLE 1. GOODS, Summary: Seasonally adjusted and trend estimates, Current prices",NA
"14905","FXRTWI","Trade-weighted Index May 1970 = 100","AUS","AUS",2021-08-03,61.8,"D","Index","Indicative","RBA","Daily","F11.1 Exchange Rates","Australian Dollar Trade-weighted Index"
"14906","FXRTWI","Trade-weighted Index May 1970 = 100","AUS","AUS",2021-08-04,61.7,"D","Index","Indicative","RBA","Daily","F11.1 Exchange Rates","Australian Dollar Trade-weighted Index"
"14907","FXRTWI","Trade-weighted Index May 1970 = 100","AUS","AUS",2021-08-05,61.7,"D","Index","Indicative","RBA","Daily","F11.1 Exchange Rates","Australian Dollar Trade-weighted Index"
"14908","FXRTWI","Trade-weighted Index May 1970 = 100","AUS","AUS",2021-08-06,61.7,"D","Index","Indicative","RBA","Daily","F11.1 Exchange Rates","Australian Dollar Trade-weighted Index"
"14909","FXRTWI","Trade-weighted Index May 1970 = 100","AUS","AUS",2021-08-09,61.6,"D","Index","Indicative","RBA","Daily","F11.1 Exchange Rates","Australian Dollar Trade-weighted Index"
"14910","FXRTWI","Trade-weighted Index May 1970 = 100","AUS","AUS",2021-08-10,61.4,"D","Index","Indicative","RBA","Daily","F11.1 Exchange Rates","Australian Dollar Trade-weighted Index"
"14911","FXRTWI","Trade-weighted Index May 1970 = 100","AUS","AUS",2021-08-11,61.6,"D","Index","Indicative","RBA","Daily","F11.1 Exchange Rates","Australian Dollar Trade-weighted Index"
"14912","FXRTWI","Trade-weighted Index May 1970 = 100","AUS","AUS",2021-08-12,61.7,"D","Index","Indicative","RBA","Daily","F11.1 Exchange Rates","Australian Dollar Trade-weighted Index"
"14913","FXRTWI","Trade-weighted Index May 1970 = 100","AUS","AUS",2021-08-13,61.5,"D","Index","Indicative","RBA","Daily","F11.1 Exchange Rates","Australian Dollar Trade-weighted Index"
"14914","FXRTWI","Trade-weighted Index May 1970 = 100","AUS","AUS",2021-08-16,61.4,"D","Index","Indicative","RBA","Daily","F11.1 Exchange Rates","Australian Dollar Trade-weighted Index"
"14915","FXRTWI","Trade-weighted Index May 1970 = 100","AUS","AUS",2021-08-17,61.3,"D","Index","Indicative","RBA","Daily","F11.1 Exchange Rates","Australian Dollar Trade-weighted Index"
"14916","FXRTWI","Trade-weighted Index May 1970 = 100","AUS","AUS",2021-08-18,60.9,"D","Index","Indicative","RBA","Daily","F11.1 Exchange Rates","Australian Dollar Trade-weighted Index"
"14917","FXRTWI","Trade-weighted Index May 1970 = 100","AUS","AUS",2021-08-19,60.5,"D","Index","Indicative","RBA","Daily","F11.1 Exchange Rates","Australian Dollar Trade-weighted Index"
"14918","FXRTWI","Trade-weighted Index May 1970 = 100","AUS","AUS",2021-08-20,60,"D","Index","Indicative","RBA","Daily","F11.1 Exchange Rates","Australian Dollar Trade-weighted Index"
"14919","FXRTWI","Trade-weighted Index May 1970 = 100","AUS","AUS",2021-08-23,60.2,"D","Index","Indicative","RBA","Daily","F11.1 Exchange Rates","Australian Dollar Trade-weighted Index"
"14920","FXRTWI","Trade-weighted Index May 1970 = 100","AUS","AUS",2021-08-24,60.7,"D","Index","Indicative","RBA","Daily","F11.1 Exchange Rates","Australian Dollar Trade-weighted Index"
"14921","FXRTWI","Trade-weighted Index May 1970 = 100","AUS","AUS",2021-08-25,60.7,"D","Index","Indicative","RBA","Daily","F11.1 Exchange Rates","Australian Dollar Trade-weighted Index"
"14922","FXRTWI","Trade-weighted Index May 1970 = 100","AUS","AUS",2021-08-26,60.9,"D","Index","Indicative","RBA","Daily","F11.1 Exchange Rates","Australian Dollar Trade-weighted Index"
"14923","FXRTWI","Trade-weighted Index May 1970 = 100","AUS","AUS",2021-08-27,60.8,"D","Index","Indicative","RBA","Daily","F11.1 Exchange Rates","Australian Dollar Trade-weighted Index"
"14924","FXRTWI","Trade-weighted Index May 1970 = 100","AUS","AUS",2021-08-30,61,"D","Index","Indicative","RBA","Daily","F11.1 Exchange Rates","Australian Dollar Trade-weighted Index"
"14925","FIRMMCRT","Cash Rate Target","AUS","AUS",2021-08-31,0.1,"M","Per cent","Original","RBA","Monthly","F1.1 Interest Rates And Yields - Money Market","Cash Rate Target; monthly average"
"14926","FXRTWI","Trade-weighted Index May 1970 = 100","AUS","AUS",2021-08-31,61.2,"D","Index","Indicative","RBA","Daily","F11.1 Exchange Rates","Australian Dollar Trade-weighted Index"
"14927","FXRTWI","Trade-weighted Index May 1970 = 100","AUS","AUS",2021-08-31,61.2,"M","Index","Indicative","RBA","Monthly","F11 Exchange Rates","Australian Dollar Trade-weighted Index"
"14928","GRCPAISDR","Commodity prices – SDR","AUS","AUS",2021-08-31,99.3581372926096,"M","Index, 2023/24=100","Original","RBA","Monthly","I2 Commodity Prices","Index of commodity prices; All items; SDR"
"14929","A124874157C","Business Turnover Index ; Total of 13 in-scope ANZSIC divisions ; Current Price ;","AUS","AUS",2021-09-01,107.1,"M","Index Numbers","Seasonally Adjusted",NA,"Monthly","Table 01: Business turnover indicator, 13 industry summary - Monthly percentage change and index",NA
"14930","A2302956R","South Australia ; STATE FINAL DEMAND ;","SA","SA",2021-09-01,37002,"Q","$ Millions","Seasonally Adjusted",NA,"Quarterly","Table 25. State Final Demand, Summary Components by State: Chain volume measures",NA
"14931","A2302984X","Western Australia ; STATE FINAL DEMAND ;","WA","WA",2021-09-01,65824,"Q","$ Millions","Seasonally Adjusted",NA,"Quarterly","Table 25. State Final Demand, Summary Components by State: Chain volume measures",NA
"14932","A2303012X","Tasmania ; STATE FINAL DEMAND ;","TAS","TAS",2021-09-01,11815,"Q","$ Millions","Seasonally Adjusted",NA,"Quarterly","Table 25. State Final Demand, Summary Components by State: Chain volume measures",NA
"14933","A2303040J","Northern Territory ; STATE FINAL DEMAND ;","NT","NT",2021-09-01,7780,"Q","$ Millions","Seasonally Adjusted",NA,"Quarterly","Table 25. State Final Demand, Summary Components by State: Chain volume measures",NA
"14934","A2303068K","Australian Capital Territory ; STATE FINAL DEMAND ;","ACT","ACT",2021-09-01,17752,"Q","$ Millions","Seasonally Adjusted",NA,"Quarterly","Table 25. State Final Demand, Summary Components by State: Chain volume measures",NA
"14935","A2303111F","New South Wales ; STATE FINAL DEMAND ;","NSW","NSW",2021-09-01,172298,"Q","$ Millions","Seasonally Adjusted",NA,"Quarterly","Table 25. State Final Demand, Summary Components by State: Chain volume measures",NA
"14936","A2303139J","Victoria ; STATE FINAL DEMAND ;","VIC","VIC",2021-09-01,141086,"Q","$ Millions","Seasonally Adjusted",NA,"Quarterly","Table 25. State Final Demand, Summary Components by State: Chain volume measures",NA
"14937","A2303187A","Queensland ; STATE FINAL DEMAND ;","QLD","QLD",2021-09-01,113535,"Q","$ Millions","Seasonally Adjusted",NA,"Quarterly","Table 25. State Final Demand, Summary Components by State: Chain volume measures",NA
"14938","A2304418T","Gross domestic product: Current prices ;","AUS","AUS",2021-09-01,549832,"Q","$ Millions","Seasonally Adjusted",NA,"Quarterly","Table 1. Key National Accounts Aggregates",NA
"14939","A2325846C","Index Numbers ; All groups CPI ; Australia ;","AUS","AUS",2021-09-01,119.7,"Q","Index Numbers","Original",NA,"Quarterly","TABLES 1 and 2. CPI: All Groups, Index Numbers and Percentage Changes",NA
"14940","A2718577A","Credits, Total goods ;","AUS","AUS",2021-09-01,38624,"M","$ Millions","Seasonally Adjusted",NA,"Monthly","TABLE 1. GOODS, Summary: Seasonally adjusted and trend estimates, Current prices",NA
"14941","A2718594C","Balance on goods ;","AUS","AUS",2021-09-01,10238,"M","$ Millions","Seasonally Adjusted",NA,"Monthly","TABLE 1. GOODS, Summary: Seasonally adjusted and trend estimates, Current prices",NA
"14942","FXRTWI","Trade-weighted Index May 1970 = 100","AUS","AUS",2021-09-01,61.1,"D","Index","Indicative","RBA","Daily","F11.1 Exchange Rates","Australian Dollar Trade-weighted Index"
"14943","FXRTWI","Trade-weighted Index May 1970 = 100","AUS","AUS",2021-09-02,61.6,"D","Index","Indicative","RBA","Daily","F11.1 Exchange Rates","Australian Dollar Trade-weighted Index"
"14944","FXRTWI","Trade-weighted Index May 1970 = 100","AUS","AUS",2021-09-03,61.9,"D","Index","Indicative","RBA","Daily","F11.1 Exchange Rates","Australian Dollar Trade-weighted Index"
"14945","FXRTWI","Trade-weighted Index May 1970 = 100","AUS","AUS",2021-09-06,61.9,"D","Index","Indicative","RBA","Daily","F11.1 Exchange Rates","Australian Dollar Trade-weighted Index"
"14946","FXRTWI","Trade-weighted Index May 1970 = 100","AUS","AUS",2021-09-07,61.8,"D","Index","Indicative","RBA","Daily","F11.1 Exchange Rates","Australian Dollar Trade-weighted Index"
"14947","FXRTWI","Trade-weighted Index May 1970 = 100","AUS","AUS",2021-09-08,61.7,"D","Index","Indicative","RBA","Daily","F11.1 Exchange Rates","Australian Dollar Trade-weighted Index"
"14948","FXRTWI","Trade-weighted Index May 1970 = 100","AUS","AUS",2021-09-09,61.4,"D","Index","Indicative","RBA","Daily","F11.1 Exchange Rates","Australian Dollar Trade-weighted Index"
"14949","FXRTWI","Trade-weighted Index May 1970 = 100","AUS","AUS",2021-09-10,61.5,"D","Index","Indicative","RBA","Daily","F11.1 Exchange Rates","Australian Dollar Trade-weighted Index"
"14950","FXRTWI","Trade-weighted Index May 1970 = 100","AUS","AUS",2021-09-13,61.4,"D","Index","Indicative","RBA","Daily","F11.1 Exchange Rates","Australian Dollar Trade-weighted Index"
"14951","FXRTWI","Trade-weighted Index May 1970 = 100","AUS","AUS",2021-09-14,61.3,"D","Index","Indicative","RBA","Daily","F11.1 Exchange Rates","Australian Dollar Trade-weighted Index"
"14952","FXRTWI","Trade-weighted Index May 1970 = 100","AUS","AUS",2021-09-15,61.1,"D","Index","Indicative","RBA","Daily","F11.1 Exchange Rates","Australian Dollar Trade-weighted Index"
"14953","FXRTWI","Trade-weighted Index May 1970 = 100","AUS","AUS",2021-09-16,61,"D","Index","Indicative","RBA","Daily","F11.1 Exchange Rates","Australian Dollar Trade-weighted Index"
"14954","FXRTWI","Trade-weighted Index May 1970 = 100","AUS","AUS",2021-09-17,61,"D","Index","Indicative","RBA","Daily","F11.1 Exchange Rates","Australian Dollar Trade-weighted Index"
"14955","FXRTWI","Trade-weighted Index May 1970 = 100","AUS","AUS",2021-09-20,60.7,"D","Index","Indicative","RBA","Daily","F11.1 Exchange Rates","Australian Dollar Trade-weighted Index"
"14956","FXRTWI","Trade-weighted Index May 1970 = 100","AUS","AUS",2021-09-21,60.9,"D","Index","Indicative","RBA","Daily","F11.1 Exchange Rates","Australian Dollar Trade-weighted Index"
"14957","FXRTWI","Trade-weighted Index May 1970 = 100","AUS","AUS",2021-09-22,60.7,"D","Index","Indicative","RBA","Daily","F11.1 Exchange Rates","Australian Dollar Trade-weighted Index"
"14958","FXRTWI","Trade-weighted Index May 1970 = 100","AUS","AUS",2021-09-23,60.7,"D","Index","Indicative","RBA","Daily","F11.1 Exchange Rates","Australian Dollar Trade-weighted Index"
"14959","FXRTWI","Trade-weighted Index May 1970 = 100","AUS","AUS",2021-09-24,61.1,"D","Index","Indicative","RBA","Daily","F11.1 Exchange Rates","Australian Dollar Trade-weighted Index"
"14960","FXRTWI","Trade-weighted Index May 1970 = 100","AUS","AUS",2021-09-27,61,"D","Index","Indicative","RBA","Daily","F11.1 Exchange Rates","Australian Dollar Trade-weighted Index"
"14961","FXRTWI","Trade-weighted Index May 1970 = 100","AUS","AUS",2021-09-28,61.3,"D","Index","Indicative","RBA","Daily","F11.1 Exchange Rates","Australian Dollar Trade-weighted Index"
"14962","FXRTWI","Trade-weighted Index May 1970 = 100","AUS","AUS",2021-09-29,61,"D","Index","Indicative","RBA","Daily","F11.1 Exchange Rates","Australian Dollar Trade-weighted Index"
"14963","FIRMMCRT","Cash Rate Target","AUS","AUS",2021-09-30,0.1,"M","Per cent","Original","RBA","Monthly","F1.1 Interest Rates And Yields - Money Market","Cash Rate Target; monthly average"
"14964","FXRTWI","Trade-weighted Index May 1970 = 100","AUS","AUS",2021-09-30,60.8,"D","Index","Indicative","RBA","Daily","F11.1 Exchange Rates","Australian Dollar Trade-weighted Index"
"14965","FXRTWI","Trade-weighted Index May 1970 = 100","AUS","AUS",2021-09-30,60.8,"M","Index","Indicative","RBA","Monthly","F11 Exchange Rates","Australian Dollar Trade-weighted Index"
"14966","GCPIOCPMTMQP","Quarterly trimmed mean inflation","AUS","AUS",2021-09-30,0.8,"Q","Per cent","Seasonally Adjusted","ABS","Quarterly","G1 Consumer Price Inflation","Consumer price index; Trimmed mean; Quarterly change (in per cent)"
"14967","GRCPAISDR","Commodity prices – SDR","AUS","AUS",2021-09-30,92.2150103547797,"M","Index, 2023/24=100","Original","RBA","Monthly","I2 Commodity Prices","Index of commodity prices; All items; SDR"
"14968","A124874157C","Business Turnover Index ; Total of 13 in-scope ANZSIC divisions ; Current Price ;","AUS","AUS",2021-10-01,108,"M","Index Numbers","Seasonally Adjusted",NA,"Monthly","Table 01: Business turnover indicator, 13 industry summary - Monthly percentage change and index",NA
"14969","A2718577A","Credits, Total goods ;","AUS","AUS",2021-10-01,38706,"M","$ Millions","Seasonally Adjusted",NA,"Monthly","TABLE 1. GOODS, Summary: Seasonally adjusted and trend estimates, Current prices",NA
"14970","A2718594C","Balance on goods ;","AUS","AUS",2021-10-01,10813,"M","$ Millions","Seasonally Adjusted",NA,"Monthly","TABLE 1. GOODS, Summary: Seasonally adjusted and trend estimates, Current prices",NA
"14971","FXRTWI","Trade-weighted Index May 1970 = 100","AUS","AUS",2021-10-01,60.7,"D","Index","Indicative","RBA","Daily","F11.1 Exchange Rates","Australian Dollar Trade-weighted Index"
"14972","FXRTWI","Trade-weighted Index May 1970 = 100","AUS","AUS",2021-10-05,61.1,"D","Index","Indicative","RBA","Daily","F11.1 Exchange Rates","Australian Dollar Trade-weighted Index"
"14973","FXRTWI","Trade-weighted Index May 1970 = 100","AUS","AUS",2021-10-06,61.1,"D","Index","Indicative","RBA","Daily","F11.1 Exchange Rates","Australian Dollar Trade-weighted Index"
"14974","FXRTWI","Trade-weighted Index May 1970 = 100","AUS","AUS",2021-10-07,61.3,"D","Index","Indicative","RBA","Daily","F11.1 Exchange Rates","Australian Dollar Trade-weighted Index"
"14975","FXRTWI","Trade-weighted Index May 1970 = 100","AUS","AUS",2021-10-08,61.5,"D","Index","Indicative","RBA","Daily","F11.1 Exchange Rates","Australian Dollar Trade-weighted Index"
"14976","FXRTWI","Trade-weighted Index May 1970 = 100","AUS","AUS",2021-10-11,61.6,"D","Index","Indicative","RBA","Daily","F11.1 Exchange Rates","Australian Dollar Trade-weighted Index"
"14977","FXRTWI","Trade-weighted Index May 1970 = 100","AUS","AUS",2021-10-12,62,"D","Index","Indicative","RBA","Daily","F11.1 Exchange Rates","Australian Dollar Trade-weighted Index"
"14978","FXRTWI","Trade-weighted Index May 1970 = 100","AUS","AUS",2021-10-13,61.8,"D","Index","Indicative","RBA","Daily","F11.1 Exchange Rates","Australian Dollar Trade-weighted Index"
"14979","FXRTWI","Trade-weighted Index May 1970 = 100","AUS","AUS",2021-10-14,62.1,"D","Index","Indicative","RBA","Daily","F11.1 Exchange Rates","Australian Dollar Trade-weighted Index"
"14980","FXRTWI","Trade-weighted Index May 1970 = 100","AUS","AUS",2021-10-15,62.4,"D","Index","Indicative","RBA","Daily","F11.1 Exchange Rates","Australian Dollar Trade-weighted Index"
"14981","FXRTWI","Trade-weighted Index May 1970 = 100","AUS","AUS",2021-10-18,62.3,"D","Index","Indicative","RBA","Daily","F11.1 Exchange Rates","Australian Dollar Trade-weighted Index"
"14982","FXRTWI","Trade-weighted Index May 1970 = 100","AUS","AUS",2021-10-19,62.5,"D","Index","Indicative","RBA","Daily","F11.1 Exchange Rates","Australian Dollar Trade-weighted Index"
"14983","FXRTWI","Trade-weighted Index May 1970 = 100","AUS","AUS",2021-10-20,62.8,"D","Index","Indicative","RBA","Daily","F11.1 Exchange Rates","Australian Dollar Trade-weighted Index"
"14984","FXRTWI","Trade-weighted Index May 1970 = 100","AUS","AUS",2021-10-21,62.8,"D","Index","Indicative","RBA","Daily","F11.1 Exchange Rates","Australian Dollar Trade-weighted Index"
"14985","FXRTWI","Trade-weighted Index May 1970 = 100","AUS","AUS",2021-10-22,62.6,"D","Index","Indicative","RBA","Daily","F11.1 Exchange Rates","Australian Dollar Trade-weighted Index"
"14986","FXRTWI","Trade-weighted Index May 1970 = 100","AUS","AUS",2021-10-25,62.6,"D","Index","Indicative","RBA","Daily","F11.1 Exchange Rates","Australian Dollar Trade-weighted Index"
"14987","FXRTWI","Trade-weighted Index May 1970 = 100","AUS","AUS",2021-10-26,62.9,"D","Index","Indicative","RBA","Daily","F11.1 Exchange Rates","Australian Dollar Trade-weighted Index"
"14988","FXRTWI","Trade-weighted Index May 1970 = 100","AUS","AUS",2021-10-27,63,"D","Index","Indicative","RBA","Daily","F11.1 Exchange Rates","Australian Dollar Trade-weighted Index"
"14989","FXRTWI","Trade-weighted Index May 1970 = 100","AUS","AUS",2021-10-28,62.9,"D","Index","Indicative","RBA","Daily","F11.1 Exchange Rates","Australian Dollar Trade-weighted Index"
"14990","FXRTWI","Trade-weighted Index May 1970 = 100","AUS","AUS",2021-10-29,63.1,"D","Index","Indicative","RBA","Daily","F11.1 Exchange Rates","Australian Dollar Trade-weighted Index"
"14991","FXRTWI","Trade-weighted Index May 1970 = 100","AUS","AUS",2021-10-29,63.1,"M","Index","Indicative","RBA","Monthly","F11 Exchange Rates","Australian Dollar Trade-weighted Index"
"14992","FIRMMCRT","Cash Rate Target","AUS","AUS",2021-10-31,0.1,"M","Per cent","Original","RBA","Monthly","F1.1 Interest Rates And Yields - Money Market","Cash Rate Target; monthly average"
"14993","GRCPAISDR","Commodity prices – SDR","AUS","AUS",2021-10-31,96.0287736692599,"M","Index, 2023/24=100","Original","RBA","Monthly","I2 Commodity Prices","Index of commodity prices; All items; SDR"
"14994","A124874157C","Business Turnover Index ; Total of 13 in-scope ANZSIC divisions ; Current Price ;","AUS","AUS",2021-11-01,111.4,"M","Index Numbers","Seasonally Adjusted",NA,"Monthly","Table 01: Business turnover indicator, 13 industry summary - Monthly percentage change and index",NA
"14995","A2718577A","Credits, Total goods ;","AUS","AUS",2021-11-01,40179,"M","$ Millions","Seasonally Adjusted",NA,"Monthly","TABLE 1. GOODS, Summary: Seasonally adjusted and trend estimates, Current prices",NA
"14996","A2718594C","Balance on goods ;","AUS","AUS",2021-11-01,9333,"M","$ Millions","Seasonally Adjusted",NA,"Monthly","TABLE 1. GOODS, Summary: Seasonally adjusted and trend estimates, Current prices",NA
"14997","FXRTWI","Trade-weighted Index May 1970 = 100","AUS","AUS",2021-11-01,63,"D","Index","Indicative","RBA","Daily","F11.1 Exchange Rates","Australian Dollar Trade-weighted Index"
"14998","FXRTWI","Trade-weighted Index May 1970 = 100","AUS","AUS",2021-11-02,62.8,"D","Index","Indicative","RBA","Daily","F11.1 Exchange Rates","Australian Dollar Trade-weighted Index"
"14999","FXRTWI","Trade-weighted Index May 1970 = 100","AUS","AUS",2021-11-03,62.3,"D","Index","Indicative","RBA","Daily","F11.1 Exchange Rates","Australian Dollar Trade-weighted Index"
"15000","FXRTWI","Trade-weighted Index May 1970 = 100","AUS","AUS",2021-11-04,62.4,"D","Index","Indicative","RBA","Daily","F11.1 Exchange Rates","Australian Dollar Trade-weighted Index"
"15001","FXRTWI","Trade-weighted Index May 1970 = 100","AUS","AUS",2021-11-05,62.1,"D","Index","Indicative","RBA","Daily","F11.1 Exchange Rates","Australian Dollar Trade-weighted Index"
"15002","FXRTWI","Trade-weighted Index May 1970 = 100","AUS","AUS",2021-11-08,62,"D","Index","Indicative","RBA","Daily","F11.1 Exchange Rates","Australian Dollar Trade-weighted Index"
"15003","FXRTWI","Trade-weighted Index May 1970 = 100","AUS","AUS",2021-11-09,62,"D","Index","Indicative","RBA","Daily","F11.1 Exchange Rates","Australian Dollar Trade-weighted Index"
"15004","FXRTWI","Trade-weighted Index May 1970 = 100","AUS","AUS",2021-11-10,61.7,"D","Index","Indicative","RBA","Daily","F11.1 Exchange Rates","Australian Dollar Trade-weighted Index"
"15005","FXRTWI","Trade-weighted Index May 1970 = 100","AUS","AUS",2021-11-11,61.4,"D","Index","Indicative","RBA","Daily","F11.1 Exchange Rates","Australian Dollar Trade-weighted Index"
"15006","FXRTWI","Trade-weighted Index May 1970 = 100","AUS","AUS",2021-11-12,61.3,"D","Index","Indicative","RBA","Daily","F11.1 Exchange Rates","Australian Dollar Trade-weighted Index"
"15007","FXRTWI","Trade-weighted Index May 1970 = 100","AUS","AUS",2021-11-15,61.6,"D","Index","Indicative","RBA","Daily","F11.1 Exchange Rates","Australian Dollar Trade-weighted Index"
"15008","FXRTWI","Trade-weighted Index May 1970 = 100","AUS","AUS",2021-11-16,61.7,"D","Index","Indicative","RBA","Daily","F11.1 Exchange Rates","Australian Dollar Trade-weighted Index"
"15009","FXRTWI","Trade-weighted Index May 1970 = 100","AUS","AUS",2021-11-17,61.3,"D","Index","Indicative","RBA","Daily","F11.1 Exchange Rates","Australian Dollar Trade-weighted Index"
"15010","FXRTWI","Trade-weighted Index May 1970 = 100","AUS","AUS",2021-11-18,61.1,"D","Index","Indicative","RBA","Daily","F11.1 Exchange Rates","Australian Dollar Trade-weighted Index"
"15011","FXRTWI","Trade-weighted Index May 1970 = 100","AUS","AUS",2021-11-19,61.1,"D","Index","Indicative","RBA","Daily","F11.1 Exchange Rates","Australian Dollar Trade-weighted Index"
"15012","FXRTWI","Trade-weighted Index May 1970 = 100","AUS","AUS",2021-11-22,61,"D","Index","Indicative","RBA","Daily","F11.1 Exchange Rates","Australian Dollar Trade-weighted Index"
"15013","FXRTWI","Trade-weighted Index May 1970 = 100","AUS","AUS",2021-11-23,60.9,"D","Index","Indicative","RBA","Daily","F11.1 Exchange Rates","Australian Dollar Trade-weighted Index"
"15014","FXRTWI","Trade-weighted Index May 1970 = 100","AUS","AUS",2021-11-24,60.9,"D","Index","Indicative","RBA","Daily","F11.1 Exchange Rates","Australian Dollar Trade-weighted Index"
"15015","FXRTWI","Trade-weighted Index May 1970 = 100","AUS","AUS",2021-11-25,60.9,"D","Index","Indicative","RBA","Daily","F11.1 Exchange Rates","Australian Dollar Trade-weighted Index"
"15016","FXRTWI","Trade-weighted Index May 1970 = 100","AUS","AUS",2021-11-26,60.4,"D","Index","Indicative","RBA","Daily","F11.1 Exchange Rates","Australian Dollar Trade-weighted Index"
"15017","FXRTWI","Trade-weighted Index May 1970 = 100","AUS","AUS",2021-11-29,60.3,"D","Index","Indicative","RBA","Daily","F11.1 Exchange Rates","Australian Dollar Trade-weighted Index"
"15018","FIRMMCRT","Cash Rate Target","AUS","AUS",2021-11-30,0.1,"M","Per cent","Original","RBA","Monthly","F1.1 Interest Rates And Yields - Money Market","Cash Rate Target; monthly average"
"15019","FXRTWI","Trade-weighted Index May 1970 = 100","AUS","AUS",2021-11-30,60.2,"D","Index","Indicative","RBA","Daily","F11.1 Exchange Rates","Australian Dollar Trade-weighted Index"
"15020","FXRTWI","Trade-weighted Index May 1970 = 100","AUS","AUS",2021-11-30,60.2,"M","Index","Indicative","RBA","Monthly","F11 Exchange Rates","Australian Dollar Trade-weighted Index"
"15021","GRCPAISDR","Commodity prices – SDR","AUS","AUS",2021-11-30,100.387128979503,"M","Index, 2023/24=100","Original","RBA","Monthly","I2 Commodity Prices","Index of commodity prices; All items; SDR"
"15022","A124874157C","Business Turnover Index ; Total of 13 in-scope ANZSIC divisions ; Current Price ;","AUS","AUS",2021-12-01,112.3,"M","Index Numbers","Seasonally Adjusted",NA,"Monthly","Table 01: Business turnover indicator, 13 industry summary - Monthly percentage change and index",NA
"15023","A2302956R","South Australia ; STATE FINAL DEMAND ;","SA","SA",2021-12-01,37419,"Q","$ Millions","Seasonally Adjusted",NA,"Quarterly","Table 25. State Final Demand, Summary Components by State: Chain volume measures",NA
"15024","A2302984X","Western Australia ; STATE FINAL DEMAND ;","WA","WA",2021-12-01,66318,"Q","$ Millions","Seasonally Adjusted",NA,"Quarterly","Table 25. State Final Demand, Summary Components by State: Chain volume measures",NA
"15025","A2303012X","Tasmania ; STATE FINAL DEMAND ;","TAS","TAS",2021-12-01,11671,"Q","$ Millions","Seasonally Adjusted",NA,"Quarterly","Table 25. State Final Demand, Summary Components by State: Chain volume measures",NA
"15026","A2303040J","Northern Territory ; STATE FINAL DEMAND ;","NT","NT",2021-12-01,7689,"Q","$ Millions","Seasonally Adjusted",NA,"Quarterly","Table 25. State Final Demand, Summary Components by State: Chain volume measures",NA
"15027","A2303068K","Australian Capital Territory ; STATE FINAL DEMAND ;","ACT","ACT",2021-12-01,17969,"Q","$ Millions","Seasonally Adjusted",NA,"Quarterly","Table 25. State Final Demand, Summary Components by State: Chain volume measures",NA
"15028","A2303111F","New South Wales ; STATE FINAL DEMAND ;","NSW","NSW",2021-12-01,184229,"Q","$ Millions","Seasonally Adjusted",NA,"Quarterly","Table 25. State Final Demand, Summary Components by State: Chain volume measures",NA
"15029","A2303139J","Victoria ; STATE FINAL DEMAND ;","VIC","VIC",2021-12-01,146731,"Q","$ Millions","Seasonally Adjusted",NA,"Quarterly","Table 25. State Final Demand, Summary Components by State: Chain volume measures",NA
"15030","A2303187A","Queensland ; STATE FINAL DEMAND ;","QLD","QLD",2021-12-01,114113,"Q","$ Millions","Seasonally Adjusted",NA,"Quarterly","Table 25. State Final Demand, Summary Components by State: Chain volume measures",NA
"15031","A2304418T","Gross domestic product: Current prices ;","AUS","AUS",2021-12-01,567937,"Q","$ Millions","Seasonally Adjusted",NA,"Quarterly","Table 1. Key National Accounts Aggregates",NA
"15032","A2325846C","Index Numbers ; All groups CPI ; Australia ;","AUS","AUS",2021-12-01,121.3,"Q","Index Numbers","Original",NA,"Quarterly","TABLES 1 and 2. CPI: All Groups, Index Numbers and Percentage Changes",NA
"15033","A2718577A","Credits, Total goods ;","AUS","AUS",2021-12-01,40603,"M","$ Millions","Seasonally Adjusted",NA,"Monthly","TABLE 1. GOODS, Summary: Seasonally adjusted and trend estimates, Current prices",NA
"15034","A2718594C","Balance on goods ;","AUS","AUS",2021-12-01,7301,"M","$ Millions","Seasonally Adjusted",NA,"Monthly","TABLE 1. GOODS, Summary: Seasonally adjusted and trend estimates, Current prices",NA
"15035","FXRTWI","Trade-weighted Index May 1970 = 100","AUS","AUS",2021-12-01,60.3,"D","Index","Indicative","RBA","Daily","F11.1 Exchange Rates","Australian Dollar Trade-weighted Index"
"15036","FXRTWI","Trade-weighted Index May 1970 = 100","AUS","AUS",2021-12-02,59.8,"D","Index","Indicative","RBA","Daily","F11.1 Exchange Rates","Australian Dollar Trade-weighted Index"
"15037","FXRTWI","Trade-weighted Index May 1970 = 100","AUS","AUS",2021-12-03,59.7,"D","Index","Indicative","RBA","Daily","F11.1 Exchange Rates","Australian Dollar Trade-weighted Index"
"15038","FXRTWI","Trade-weighted Index May 1970 = 100","AUS","AUS",2021-12-06,59.3,"D","Index","Indicative","RBA","Daily","F11.1 Exchange Rates","Australian Dollar Trade-weighted Index"
"15039","FXRTWI","Trade-weighted Index May 1970 = 100","AUS","AUS",2021-12-07,59.7,"D","Index","Indicative","RBA","Daily","F11.1 Exchange Rates","Australian Dollar Trade-weighted Index"
"15040","FXRTWI","Trade-weighted Index May 1970 = 100","AUS","AUS",2021-12-08,60.1,"D","Index","Indicative","RBA","Daily","F11.1 Exchange Rates","Australian Dollar Trade-weighted Index"
"15041","FXRTWI","Trade-weighted Index May 1970 = 100","AUS","AUS",2021-12-09,60.4,"D","Index","Indicative","RBA","Daily","F11.1 Exchange Rates","Australian Dollar Trade-weighted Index"
"15042","FXRTWI","Trade-weighted Index May 1970 = 100","AUS","AUS",2021-12-10,60.3,"D","Index","Indicative","RBA","Daily","F11.1 Exchange Rates","Australian Dollar Trade-weighted Index"
"15043","FXRTWI","Trade-weighted Index May 1970 = 100","AUS","AUS",2021-12-13,60.5,"D","Index","Indicative","RBA","Daily","F11.1 Exchange Rates","Australian Dollar Trade-weighted Index"
"15044","FXRTWI","Trade-weighted Index May 1970 = 100","AUS","AUS",2021-12-14,60,"D","Index","Indicative","RBA","Daily","F11.1 Exchange Rates","Australian Dollar Trade-weighted Index"
"15045","FXRTWI","Trade-weighted Index May 1970 = 100","AUS","AUS",2021-12-15,60.1,"D","Index","Indicative","RBA","Daily","F11.1 Exchange Rates","Australian Dollar Trade-weighted Index"
"15046","FXRTWI","Trade-weighted Index May 1970 = 100","AUS","AUS",2021-12-16,60.5,"D","Index","Indicative","RBA","Daily","F11.1 Exchange Rates","Australian Dollar Trade-weighted Index"
"15047","FXRTWI","Trade-weighted Index May 1970 = 100","AUS","AUS",2021-12-17,60.4,"D","Index","Indicative","RBA","Daily","F11.1 Exchange Rates","Australian Dollar Trade-weighted Index"
"15048","FXRTWI","Trade-weighted Index May 1970 = 100","AUS","AUS",2021-12-20,60.1,"D","Index","Indicative","RBA","Daily","F11.1 Exchange Rates","Australian Dollar Trade-weighted Index"
"15049","FXRTWI","Trade-weighted Index May 1970 = 100","AUS","AUS",2021-12-21,60.1,"D","Index","Indicative","RBA","Daily","F11.1 Exchange Rates","Australian Dollar Trade-weighted Index"
"15050","FXRTWI","Trade-weighted Index May 1970 = 100","AUS","AUS",2021-12-22,60.3,"D","Index","Indicative","RBA","Daily","F11.1 Exchange Rates","Australian Dollar Trade-weighted Index"
"15051","FXRTWI","Trade-weighted Index May 1970 = 100","AUS","AUS",2021-12-23,60.8,"D","Index","Indicative","RBA","Daily","F11.1 Exchange Rates","Australian Dollar Trade-weighted Index"
"15052","FXRTWI","Trade-weighted Index May 1970 = 100","AUS","AUS",2021-12-24,60.9,"D","Index","Indicative","RBA","Daily","F11.1 Exchange Rates","Australian Dollar Trade-weighted Index"
"15053","FXRTWI","Trade-weighted Index May 1970 = 100","AUS","AUS",2021-12-29,61,"D","Index","Indicative","RBA","Daily","F11.1 Exchange Rates","Australian Dollar Trade-weighted Index"
"15054","FXRTWI","Trade-weighted Index May 1970 = 100","AUS","AUS",2021-12-30,61.1,"D","Index","Indicative","RBA","Daily","F11.1 Exchange Rates","Australian Dollar Trade-weighted Index"
"15055","FIRMMCRT","Cash Rate Target","AUS","AUS",2021-12-31,0.1,"M","Per cent","Original","RBA","Monthly","F1.1 Interest Rates And Yields - Money Market","Cash Rate Target; monthly average"
"15056","FXRTWI","Trade-weighted Index May 1970 = 100","AUS","AUS",2021-12-31,61.1,"D","Index","Indicative","RBA","Daily","F11.1 Exchange Rates","Australian Dollar Trade-weighted Index"
"15057","FXRTWI","Trade-weighted Index May 1970 = 100","AUS","AUS",2021-12-31,61.1,"M","Index","Indicative","RBA","Monthly","F11 Exchange Rates","Australian Dollar Trade-weighted Index"
"15058","GCPIOCPMTMQP","Quarterly trimmed mean inflation","AUS","AUS",2021-12-31,1,"Q","Per cent","Seasonally Adjusted","ABS","Quarterly","G1 Consumer Price Inflation","Consumer price index; Trimmed mean; Quarterly change (in per cent)"
"15059","GRCPAISDR","Commodity prices – SDR","AUS","AUS",2021-12-31,101.528514799742,"M","Index, 2023/24=100","Original","RBA","Monthly","I2 Commodity Prices","Index of commodity prices; All items; SDR"
"15060","A124874157C","Business Turnover Index ; Total of 13 in-scope ANZSIC divisions ; Current Price ;","AUS","AUS",2022-01-01,113.9,"M","Index Numbers","Seasonally Adjusted",NA,"Monthly","Table 01: Business turnover indicator, 13 industry summary - Monthly percentage change and index",NA
"15061","A2718577A","Credits, Total goods ;","AUS","AUS",2022-01-01,44668,"M","$ Millions","Seasonally Adjusted",NA,"Monthly","TABLE 1. GOODS, Summary: Seasonally adjusted and trend estimates, Current prices",NA
"15062","A2718594C","Balance on goods ;","AUS","AUS",2022-01-01,12899,"M","$ Millions","Seasonally Adjusted",NA,"Monthly","TABLE 1. GOODS, Summary: Seasonally adjusted and trend estimates, Current prices",NA
"15063","FXRTWI","Trade-weighted Index May 1970 = 100","AUS","AUS",2022-01-04,60.8,"D","Index","Indicative","RBA","Daily","F11.1 Exchange Rates","Australian Dollar Trade-weighted Index"
"15064","FXRTWI","Trade-weighted Index May 1970 = 100","AUS","AUS",2022-01-05,61,"D","Index","Indicative","RBA","Daily","F11.1 Exchange Rates","Australian Dollar Trade-weighted Index"
"15065","FXRTWI","Trade-weighted Index May 1970 = 100","AUS","AUS",2022-01-06,60.6,"D","Index","Indicative","RBA","Daily","F11.1 Exchange Rates","Australian Dollar Trade-weighted Index"
"15066","FXRTWI","Trade-weighted Index May 1970 = 100","AUS","AUS",2022-01-07,60.5,"D","Index","Indicative","RBA","Daily","F11.1 Exchange Rates","Australian Dollar Trade-weighted Index"
"15067","FXRTWI","Trade-weighted Index May 1970 = 100","AUS","AUS",2022-01-10,60.7,"D","Index","Indicative","RBA","Daily","F11.1 Exchange Rates","Australian Dollar Trade-weighted Index"
"15068","FXRTWI","Trade-weighted Index May 1970 = 100","AUS","AUS",2022-01-11,60.5,"D","Index","Indicative","RBA","Daily","F11.1 Exchange Rates","Australian Dollar Trade-weighted Index"
"15069","FXRTWI","Trade-weighted Index May 1970 = 100","AUS","AUS",2022-01-12,60.7,"D","Index","Indicative","RBA","Daily","F11.1 Exchange Rates","Australian Dollar Trade-weighted Index"
"15070","FXRTWI","Trade-weighted Index May 1970 = 100","AUS","AUS",2022-01-13,61.2,"D","Index","Indicative","RBA","Daily","F11.1 Exchange Rates","Australian Dollar Trade-weighted Index"
"15071","FXRTWI","Trade-weighted Index May 1970 = 100","AUS","AUS",2022-01-14,61,"D","Index","Indicative","RBA","Daily","F11.1 Exchange Rates","Australian Dollar Trade-weighted Index"
"15072","FXRTWI","Trade-weighted Index May 1970 = 100","AUS","AUS",2022-01-17,60.5,"D","Index","Indicative","RBA","Daily","F11.1 Exchange Rates","Australian Dollar Trade-weighted Index"
"15073","FXRTWI","Trade-weighted Index May 1970 = 100","AUS","AUS",2022-01-18,60.4,"D","Index","Indicative","RBA","Daily","F11.1 Exchange Rates","Australian Dollar Trade-weighted Index"
"15074","FXRTWI","Trade-weighted Index May 1970 = 100","AUS","AUS",2022-01-19,60.4,"D","Index","Indicative","RBA","Daily","F11.1 Exchange Rates","Australian Dollar Trade-weighted Index"
"15075","FXRTWI","Trade-weighted Index May 1970 = 100","AUS","AUS",2022-01-20,60.8,"D","Index","Indicative","RBA","Daily","F11.1 Exchange Rates","Australian Dollar Trade-weighted Index"
"15076","FXRTWI","Trade-weighted Index May 1970 = 100","AUS","AUS",2022-01-21,60.4,"D","Index","Indicative","RBA","Daily","F11.1 Exchange Rates","Australian Dollar Trade-weighted Index"
"15077","FXRTWI","Trade-weighted Index May 1970 = 100","AUS","AUS",2022-01-24,60.3,"D","Index","Indicative","RBA","Daily","F11.1 Exchange Rates","Australian Dollar Trade-weighted Index"
"15078","FXRTWI","Trade-weighted Index May 1970 = 100","AUS","AUS",2022-01-25,59.9,"D","Index","Indicative","RBA","Daily","F11.1 Exchange Rates","Australian Dollar Trade-weighted Index"
"15079","FXRTWI","Trade-weighted Index May 1970 = 100","AUS","AUS",2022-01-27,59.8,"D","Index","Indicative","RBA","Daily","F11.1 Exchange Rates","Australian Dollar Trade-weighted Index"
"15080","FXRTWI","Trade-weighted Index May 1970 = 100","AUS","AUS",2022-01-28,59.4,"D","Index","Indicative","RBA","Daily","F11.1 Exchange Rates","Australian Dollar Trade-weighted Index"
"15081","FIRMMCRT","Cash Rate Target","AUS","AUS",2022-01-31,0.1,"M","Per cent","Original","RBA","Monthly","F1.1 Interest Rates And Yields - Money Market","Cash Rate Target; monthly average"
"15082","FXRTWI","Trade-weighted Index May 1970 = 100","AUS","AUS",2022-01-31,59.3,"D","Index","Indicative","RBA","Daily","F11.1 Exchange Rates","Australian Dollar Trade-weighted Index"
"15083","FXRTWI","Trade-weighted Index May 1970 = 100","AUS","AUS",2022-01-31,59.3,"M","Index","Indicative","RBA","Monthly","F11 Exchange Rates","Australian Dollar Trade-weighted Index"
"15084","GRCPAISDR","Commodity prices – SDR","AUS","AUS",2022-01-31,109.050316028882,"M","Index, 2023/24=100","Original","RBA","Monthly","I2 Commodity Prices","Index of commodity prices; All items; SDR"
"15085","A124874157C","Business Turnover Index ; Total of 13 in-scope ANZSIC divisions ; Current Price ;","AUS","AUS",2022-02-01,118.4,"M","Index Numbers","Seasonally Adjusted",NA,"Monthly","Table 01: Business turnover indicator, 13 industry summary - Monthly percentage change and index",NA
"15086","A2718577A","Credits, Total goods ;","AUS","AUS",2022-02-01,45101,"M","$ Millions","Seasonally Adjusted",NA,"Monthly","TABLE 1. GOODS, Summary: Seasonally adjusted and trend estimates, Current prices",NA
"15087","A2718594C","Balance on goods ;","AUS","AUS",2022-02-01,8394,"M","$ Millions","Seasonally Adjusted",NA,"Monthly","TABLE 1. GOODS, Summary: Seasonally adjusted and trend estimates, Current prices",NA
"15088","FXRTWI","Trade-weighted Index May 1970 = 100","AUS","AUS",2022-02-01,59.7,"D","Index","Indicative","RBA","Daily","F11.1 Exchange Rates","Australian Dollar Trade-weighted Index"
"15089","FXRTWI","Trade-weighted Index May 1970 = 100","AUS","AUS",2022-02-02,60.2,"D","Index","Indicative","RBA","Daily","F11.1 Exchange Rates","Australian Dollar Trade-weighted Index"
"15090","FXRTWI","Trade-weighted Index May 1970 = 100","AUS","AUS",2022-02-03,60,"D","Index","Indicative","RBA","Daily","F11.1 Exchange Rates","Australian Dollar Trade-weighted Index"
"15091","FXRTWI","Trade-weighted Index May 1970 = 100","AUS","AUS",2022-02-04,60.1,"D","Index","Indicative","RBA","Daily","F11.1 Exchange Rates","Australian Dollar Trade-weighted Index"
"15092","FXRTWI","Trade-weighted Index May 1970 = 100","AUS","AUS",2022-02-07,59.7,"D","Index","Indicative","RBA","Daily","F11.1 Exchange Rates","Australian Dollar Trade-weighted Index"
"15093","FXRTWI","Trade-weighted Index May 1970 = 100","AUS","AUS",2022-02-08,60,"D","Index","Indicative","RBA","Daily","F11.1 Exchange Rates","Australian Dollar Trade-weighted Index"
"15094","FXRTWI","Trade-weighted Index May 1970 = 100","AUS","AUS",2022-02-09,60.4,"D","Index","Indicative","RBA","Daily","F11.1 Exchange Rates","Australian Dollar Trade-weighted Index"
"15095","FXRTWI","Trade-weighted Index May 1970 = 100","AUS","AUS",2022-02-10,60.4,"D","Index","Indicative","RBA","Daily","F11.1 Exchange Rates","Australian Dollar Trade-weighted Index"
"15096","FXRTWI","Trade-weighted Index May 1970 = 100","AUS","AUS",2022-02-11,60.1,"D","Index","Indicative","RBA","Daily","F11.1 Exchange Rates","Australian Dollar Trade-weighted Index"
"15097","FXRTWI","Trade-weighted Index May 1970 = 100","AUS","AUS",2022-02-14,60,"D","Index","Indicative","RBA","Daily","F11.1 Exchange Rates","Australian Dollar Trade-weighted Index"
"15098","FXRTWI","Trade-weighted Index May 1970 = 100","AUS","AUS",2022-02-15,60.1,"D","Index","Indicative","RBA","Daily","F11.1 Exchange Rates","Australian Dollar Trade-weighted Index"
"15099","FXRTWI","Trade-weighted Index May 1970 = 100","AUS","AUS",2022-02-16,60.2,"D","Index","Indicative","RBA","Daily","F11.1 Exchange Rates","Australian Dollar Trade-weighted Index"
"15100","FXRTWI","Trade-weighted Index May 1970 = 100","AUS","AUS",2022-02-17,60.3,"D","Index","Indicative","RBA","Daily","F11.1 Exchange Rates","Australian Dollar Trade-weighted Index"
"15101","FXRTWI","Trade-weighted Index May 1970 = 100","AUS","AUS",2022-02-18,60.6,"D","Index","Indicative","RBA","Daily","F11.1 Exchange Rates","Australian Dollar Trade-weighted Index"
"15102","FXRTWI","Trade-weighted Index May 1970 = 100","AUS","AUS",2022-02-21,60.6,"D","Index","Indicative","RBA","Daily","F11.1 Exchange Rates","Australian Dollar Trade-weighted Index"
"15103","FXRTWI","Trade-weighted Index May 1970 = 100","AUS","AUS",2022-02-22,60.6,"D","Index","Indicative","RBA","Daily","F11.1 Exchange Rates","Australian Dollar Trade-weighted Index"
"15104","FXRTWI","Trade-weighted Index May 1970 = 100","AUS","AUS",2022-02-23,60.8,"D","Index","Indicative","RBA","Daily","F11.1 Exchange Rates","Australian Dollar Trade-weighted Index"
"15105","FXRTWI","Trade-weighted Index May 1970 = 100","AUS","AUS",2022-02-24,60.5,"D","Index","Indicative","RBA","Daily","F11.1 Exchange Rates","Australian Dollar Trade-weighted Index"
"15106","FXRTWI","Trade-weighted Index May 1970 = 100","AUS","AUS",2022-02-25,60.6,"D","Index","Indicative","RBA","Daily","F11.1 Exchange Rates","Australian Dollar Trade-weighted Index"
"15107","FIRMMCRT","Cash Rate Target","AUS","AUS",2022-02-28,0.1,"M","Per cent","Original","RBA","Monthly","F1.1 Interest Rates And Yields - Money Market","Cash Rate Target; monthly average"
"15108","FXRTWI","Trade-weighted Index May 1970 = 100","AUS","AUS",2022-02-28,60.6,"D","Index","Indicative","RBA","Daily","F11.1 Exchange Rates","Australian Dollar Trade-weighted Index"
"15109","FXRTWI","Trade-weighted Index May 1970 = 100","AUS","AUS",2022-02-28,60.6,"M","Index","Indicative","RBA","Monthly","F11 Exchange Rates","Australian Dollar Trade-weighted Index"
"15110","GRCPAISDR","Commodity prices – SDR","AUS","AUS",2022-02-28,115.050440802456,"M","Index, 2023/24=100","Original","RBA","Monthly","I2 Commodity Prices","Index of commodity prices; All items; SDR"
"15111","A124874157C","Business Turnover Index ; Total of 13 in-scope ANZSIC divisions ; Current Price ;","AUS","AUS",2022-03-01,121.4,"M","Index Numbers","Seasonally Adjusted",NA,"Monthly","Table 01: Business turnover indicator, 13 industry summary - Monthly percentage change and index",NA
"15112","A2302956R","South Australia ; STATE FINAL DEMAND ;","SA","SA",2022-03-01,38091,"Q","$ Millions","Seasonally Adjusted",NA,"Quarterly","Table 25. State Final Demand, Summary Components by State: Chain volume measures",NA
"15113","A2302984X","Western Australia ; STATE FINAL DEMAND ;","WA","WA",2022-03-01,67554,"Q","$ Millions","Seasonally Adjusted",NA,"Quarterly","Table 25. State Final Demand, Summary Components by State: Chain volume measures",NA
"15114","A2303012X","Tasmania ; STATE FINAL DEMAND ;","TAS","TAS",2022-03-01,11624,"Q","$ Millions","Seasonally Adjusted",NA,"Quarterly","Table 25. State Final Demand, Summary Components by State: Chain volume measures",NA
"15115","A2303040J","Northern Territory ; STATE FINAL DEMAND ;","NT","NT",2022-03-01,7868,"Q","$ Millions","Seasonally Adjusted",NA,"Quarterly","Table 25. State Final Demand, Summary Components by State: Chain volume measures",NA
"15116","A2303068K","Australian Capital Territory ; STATE FINAL DEMAND ;","ACT","ACT",2022-03-01,18391,"Q","$ Millions","Seasonally Adjusted",NA,"Quarterly","Table 25. State Final Demand, Summary Components by State: Chain volume measures",NA
"15117","A2303111F","New South Wales ; STATE FINAL DEMAND ;","NSW","NSW",2022-03-01,187509,"Q","$ Millions","Seasonally Adjusted",NA,"Quarterly","Table 25. State Final Demand, Summary Components by State: Chain volume measures",NA
"15118","A2303139J","Victoria ; STATE FINAL DEMAND ;","VIC","VIC",2022-03-01,151069,"Q","$ Millions","Seasonally Adjusted",NA,"Quarterly","Table 25. State Final Demand, Summary Components by State: Chain volume measures",NA
"15119","A2303187A","Queensland ; STATE FINAL DEMAND ;","QLD","QLD",2022-03-01,115076,"Q","$ Millions","Seasonally Adjusted",NA,"Quarterly","Table 25. State Final Demand, Summary Components by State: Chain volume measures",NA
"15120","A2304418T","Gross domestic product: Current prices ;","AUS","AUS",2022-03-01,593076,"Q","$ Millions","Seasonally Adjusted",NA,"Quarterly","Table 1. Key National Accounts Aggregates",NA
"15121","A2325846C","Index Numbers ; All groups CPI ; Australia ;","AUS","AUS",2022-03-01,123.9,"Q","Index Numbers","Original",NA,"Quarterly","TABLES 1 and 2. CPI: All Groups, Index Numbers and Percentage Changes",NA
"15122","A2718577A","Credits, Total goods ;","AUS","AUS",2022-03-01,44807,"M","$ Millions","Seasonally Adjusted",NA,"Monthly","TABLE 1. GOODS, Summary: Seasonally adjusted and trend estimates, Current prices",NA
"15123","A2718594C","Balance on goods ;","AUS","AUS",2022-03-01,10218,"M","$ Millions","Seasonally Adjusted",NA,"Monthly","TABLE 1. GOODS, Summary: Seasonally adjusted and trend estimates, Current prices",NA
"15124","FXRTWI","Trade-weighted Index May 1970 = 100","AUS","AUS",2022-03-01,61.1,"D","Index","Indicative","RBA","Daily","F11.1 Exchange Rates","Australian Dollar Trade-weighted Index"
"15125","FXRTWI","Trade-weighted Index May 1970 = 100","AUS","AUS",2022-03-02,61.3,"D","Index","Indicative","RBA","Daily","F11.1 Exchange Rates","Australian Dollar Trade-weighted Index"
"15126","FXRTWI","Trade-weighted Index May 1970 = 100","AUS","AUS",2022-03-03,61.6,"D","Index","Indicative","RBA","Daily","F11.1 Exchange Rates","Australian Dollar Trade-weighted Index"
"15127","FXRTWI","Trade-weighted Index May 1970 = 100","AUS","AUS",2022-03-04,62.1,"D","Index","Indicative","RBA","Daily","F11.1 Exchange Rates","Australian Dollar Trade-weighted Index"
"15128","FXRTWI","Trade-weighted Index May 1970 = 100","AUS","AUS",2022-03-07,62.8,"D","Index","Indicative","RBA","Daily","F11.1 Exchange Rates","Australian Dollar Trade-weighted Index"
"15129","FXRTWI","Trade-weighted Index May 1970 = 100","AUS","AUS",2022-03-08,62,"D","Index","Indicative","RBA","Daily","F11.1 Exchange Rates","Australian Dollar Trade-weighted Index"
"15130","FXRTWI","Trade-weighted Index May 1970 = 100","AUS","AUS",2022-03-09,61.8,"D","Index","Indicative","RBA","Daily","F11.1 Exchange Rates","Australian Dollar Trade-weighted Index"
"15131","FXRTWI","Trade-weighted Index May 1970 = 100","AUS","AUS",2022-03-10,62,"D","Index","Indicative","RBA","Daily","F11.1 Exchange Rates","Australian Dollar Trade-weighted Index"
"15132","FXRTWI","Trade-weighted Index May 1970 = 100","AUS","AUS",2022-03-11,62.2,"D","Index","Indicative","RBA","Daily","F11.1 Exchange Rates","Australian Dollar Trade-weighted Index"
"15133","FXRTWI","Trade-weighted Index May 1970 = 100","AUS","AUS",2022-03-14,61.8,"D","Index","Indicative","RBA","Daily","F11.1 Exchange Rates","Australian Dollar Trade-weighted Index"
"15134","FXRTWI","Trade-weighted Index May 1970 = 100","AUS","AUS",2022-03-15,61.3,"D","Index","Indicative","RBA","Daily","F11.1 Exchange Rates","Australian Dollar Trade-weighted Index"
"15135","FXRTWI","Trade-weighted Index May 1970 = 100","AUS","AUS",2022-03-16,61.4,"D","Index","Indicative","RBA","Daily","F11.1 Exchange Rates","Australian Dollar Trade-weighted Index"
"15136","FXRTWI","Trade-weighted Index May 1970 = 100","AUS","AUS",2022-03-17,62.2,"D","Index","Indicative","RBA","Daily","F11.1 Exchange Rates","Australian Dollar Trade-weighted Index"
"15137","FXRTWI","Trade-weighted Index May 1970 = 100","AUS","AUS",2022-03-18,62.7,"D","Index","Indicative","RBA","Daily","F11.1 Exchange Rates","Australian Dollar Trade-weighted Index"
"15138","FXRTWI","Trade-weighted Index May 1970 = 100","AUS","AUS",2022-03-21,63,"D","Index","Indicative","RBA","Daily","F11.1 Exchange Rates","Australian Dollar Trade-weighted Index"
"15139","FXRTWI","Trade-weighted Index May 1970 = 100","AUS","AUS",2022-03-22,63,"D","Index","Indicative","RBA","Daily","F11.1 Exchange Rates","Australian Dollar Trade-weighted Index"
"15140","FXRTWI","Trade-weighted Index May 1970 = 100","AUS","AUS",2022-03-23,63.5,"D","Index","Indicative","RBA","Daily","F11.1 Exchange Rates","Australian Dollar Trade-weighted Index"
"15141","FXRTWI","Trade-weighted Index May 1970 = 100","AUS","AUS",2022-03-24,63.7,"D","Index","Indicative","RBA","Daily","F11.1 Exchange Rates","Australian Dollar Trade-weighted Index"
"15142","FXRTWI","Trade-weighted Index May 1970 = 100","AUS","AUS",2022-03-25,64.1,"D","Index","Indicative","RBA","Daily","F11.1 Exchange Rates","Australian Dollar Trade-weighted Index"
"15143","FXRTWI","Trade-weighted Index May 1970 = 100","AUS","AUS",2022-03-28,64.3,"D","Index","Indicative","RBA","Daily","F11.1 Exchange Rates","Australian Dollar Trade-weighted Index"
"15144","FXRTWI","Trade-weighted Index May 1970 = 100","AUS","AUS",2022-03-29,64,"D","Index","Indicative","RBA","Daily","F11.1 Exchange Rates","Australian Dollar Trade-weighted Index"
"15145","FXRTWI","Trade-weighted Index May 1970 = 100","AUS","AUS",2022-03-30,64.1,"D","Index","Indicative","RBA","Daily","F11.1 Exchange Rates","Australian Dollar Trade-weighted Index"
"15146","FIRMMCRT","Cash Rate Target","AUS","AUS",2022-03-31,0.1,"M","Per cent","Original","RBA","Monthly","F1.1 Interest Rates And Yields - Money Market","Cash Rate Target; monthly average"
"15147","FXRTWI","Trade-weighted Index May 1970 = 100","AUS","AUS",2022-03-31,63.6,"D","Index","Indicative","RBA","Daily","F11.1 Exchange Rates","Australian Dollar Trade-weighted Index"
"15148","FXRTWI","Trade-weighted Index May 1970 = 100","AUS","AUS",2022-03-31,63.6,"M","Index","Indicative","RBA","Monthly","F11 Exchange Rates","Australian Dollar Trade-weighted Index"
"15149","GCPIOCPMTMQP","Quarterly trimmed mean inflation","AUS","AUS",2022-03-31,1.5,"Q","Per cent","Seasonally Adjusted","ABS","Quarterly","G1 Consumer Price Inflation","Consumer price index; Trimmed mean; Quarterly change (in per cent)"
"15150","GRCPAISDR","Commodity prices – SDR","AUS","AUS",2022-03-31,126.652664041935,"M","Index, 2023/24=100","Original","RBA","Monthly","I2 Commodity Prices","Index of commodity prices; All items; SDR"
"15151","A124874157C","Business Turnover Index ; Total of 13 in-scope ANZSIC divisions ; Current Price ;","AUS","AUS",2022-04-01,123.9,"M","Index Numbers","Seasonally Adjusted",NA,"Monthly","Table 01: Business turnover indicator, 13 industry summary - Monthly percentage change and index",NA
"15152","A2718577A","Credits, Total goods ;","AUS","AUS",2022-04-01,48695,"M","$ Millions","Seasonally Adjusted",NA,"Monthly","TABLE 1. GOODS, Summary: Seasonally adjusted and trend estimates, Current prices",NA
"15153","A2718594C","Balance on goods ;","AUS","AUS",2022-04-01,14163,"M","$ Millions","Seasonally Adjusted",NA,"Monthly","TABLE 1. GOODS, Summary: Seasonally adjusted and trend estimates, Current prices",NA
"15154","FXRTWI","Trade-weighted Index May 1970 = 100","AUS","AUS",2022-04-01,63.7,"D","Index","Indicative","RBA","Daily","F11.1 Exchange Rates","Australian Dollar Trade-weighted Index"
"15155","FXRTWI","Trade-weighted Index May 1970 = 100","AUS","AUS",2022-04-04,64.1,"D","Index","Indicative","RBA","Daily","F11.1 Exchange Rates","Australian Dollar Trade-weighted Index"
"15156","FXRTWI","Trade-weighted Index May 1970 = 100","AUS","AUS",2022-04-05,64.9,"D","Index","Indicative","RBA","Daily","F11.1 Exchange Rates","Australian Dollar Trade-weighted Index"
"15157","FXRTWI","Trade-weighted Index May 1970 = 100","AUS","AUS",2022-04-06,64.8,"D","Index","Indicative","RBA","Daily","F11.1 Exchange Rates","Australian Dollar Trade-weighted Index"
"15158","FXRTWI","Trade-weighted Index May 1970 = 100","AUS","AUS",2022-04-07,64,"D","Index","Indicative","RBA","Daily","F11.1 Exchange Rates","Australian Dollar Trade-weighted Index"
"15159","FXRTWI","Trade-weighted Index May 1970 = 100","AUS","AUS",2022-04-08,64,"D","Index","Indicative","RBA","Daily","F11.1 Exchange Rates","Australian Dollar Trade-weighted Index"
"15160","FXRTWI","Trade-weighted Index May 1970 = 100","AUS","AUS",2022-04-11,63.9,"D","Index","Indicative","RBA","Daily","F11.1 Exchange Rates","Australian Dollar Trade-weighted Index"
"15161","FXRTWI","Trade-weighted Index May 1970 = 100","AUS","AUS",2022-04-12,63.8,"D","Index","Indicative","RBA","Daily","F11.1 Exchange Rates","Australian Dollar Trade-weighted Index"
"15162","FXRTWI","Trade-weighted Index May 1970 = 100","AUS","AUS",2022-04-13,64,"D","Index","Indicative","RBA","Daily","F11.1 Exchange Rates","Australian Dollar Trade-weighted Index"
"15163","FXRTWI","Trade-weighted Index May 1970 = 100","AUS","AUS",2022-04-14,63.9,"D","Index","Indicative","RBA","Daily","F11.1 Exchange Rates","Australian Dollar Trade-weighted Index"
"15164","FXRTWI","Trade-weighted Index May 1970 = 100","AUS","AUS",2022-04-19,63.6,"D","Index","Indicative","RBA","Daily","F11.1 Exchange Rates","Australian Dollar Trade-weighted Index"
"15165","FXRTWI","Trade-weighted Index May 1970 = 100","AUS","AUS",2022-04-20,64.1,"D","Index","Indicative","RBA","Daily","F11.1 Exchange Rates","Australian Dollar Trade-weighted Index"
"15166","FXRTWI","Trade-weighted Index May 1970 = 100","AUS","AUS",2022-04-21,64.4,"D","Index","Indicative","RBA","Daily","F11.1 Exchange Rates","Australian Dollar Trade-weighted Index"
"15167","FXRTWI","Trade-weighted Index May 1970 = 100","AUS","AUS",2022-04-22,63.6,"D","Index","Indicative","RBA","Daily","F11.1 Exchange Rates","Australian Dollar Trade-weighted Index"
"15168","FXRTWI","Trade-weighted Index May 1970 = 100","AUS","AUS",2022-04-26,63,"D","Index","Indicative","RBA","Daily","F11.1 Exchange Rates","Australian Dollar Trade-weighted Index"
"15169","FXRTWI","Trade-weighted Index May 1970 = 100","AUS","AUS",2022-04-27,62.9,"D","Index","Indicative","RBA","Daily","F11.1 Exchange Rates","Australian Dollar Trade-weighted Index"
"15170","FXRTWI","Trade-weighted Index May 1970 = 100","AUS","AUS",2022-04-28,62.6,"D","Index","Indicative","RBA","Daily","F11.1 Exchange Rates","Australian Dollar Trade-weighted Index"
"15171","FXRTWI","Trade-weighted Index May 1970 = 100","AUS","AUS",2022-04-29,63.1,"D","Index","Indicative","RBA","Daily","F11.1 Exchange Rates","Australian Dollar Trade-weighted Index"
"15172","FXRTWI","Trade-weighted Index May 1970 = 100","AUS","AUS",2022-04-29,63.1,"M","Index","Indicative","RBA","Monthly","F11 Exchange Rates","Australian Dollar Trade-weighted Index"
"15173","FIRMMCRT","Cash Rate Target","AUS","AUS",2022-04-30,0.1,"M","Per cent","Original","RBA","Monthly","F1.1 Interest Rates And Yields - Money Market","Cash Rate Target; monthly average"
"15174","GRCPAISDR","Commodity prices – SDR","AUS","AUS",2022-04-30,138.153332680156,"M","Index, 2023/24=100","Original","RBA","Monthly","I2 Commodity Prices","Index of commodity prices; All items; SDR"
"15175","A124874157C","Business Turnover Index ; Total of 13 in-scope ANZSIC divisions ; Current Price ;","AUS","AUS",2022-05-01,127.5,"M","Index Numbers","Seasonally Adjusted",NA,"Monthly","Table 01: Business turnover indicator, 13 industry summary - Monthly percentage change and index",NA
"15176","A2718577A","Credits, Total goods ;","AUS","AUS",2022-05-01,51197,"M","$ Millions","Seasonally Adjusted",NA,"Monthly","TABLE 1. GOODS, Summary: Seasonally adjusted and trend estimates, Current prices",NA
"15177","A2718594C","Balance on goods ;","AUS","AUS",2022-05-01,14721,"M","$ Millions","Seasonally Adjusted",NA,"Monthly","TABLE 1. GOODS, Summary: Seasonally adjusted and trend estimates, Current prices",NA
"15178","FXRTWI","Trade-weighted Index May 1970 = 100","AUS","AUS",2022-05-02,62.2,"D","Index","Indicative","RBA","Daily","F11.1 Exchange Rates","Australian Dollar Trade-weighted Index"
"15179","FXRTWI","Trade-weighted Index May 1970 = 100","AUS","AUS",2022-05-03,62.8,"D","Index","Indicative","RBA","Daily","F11.1 Exchange Rates","Australian Dollar Trade-weighted Index"
"15180","FXRTWI","Trade-weighted Index May 1970 = 100","AUS","AUS",2022-05-04,62.8,"D","Index","Indicative","RBA","Daily","F11.1 Exchange Rates","Australian Dollar Trade-weighted Index"
"15181","FXRTWI","Trade-weighted Index May 1970 = 100","AUS","AUS",2022-05-05,63.7,"D","Index","Indicative","RBA","Daily","F11.1 Exchange Rates","Australian Dollar Trade-weighted Index"
"15182","FXRTWI","Trade-weighted Index May 1970 = 100","AUS","AUS",2022-05-06,63,"D","Index","Indicative","RBA","Daily","F11.1 Exchange Rates","Australian Dollar Trade-weighted Index"
"15183","FXRTWI","Trade-weighted Index May 1970 = 100","AUS","AUS",2022-05-09,62.4,"D","Index","Indicative","RBA","Daily","F11.1 Exchange Rates","Australian Dollar Trade-weighted Index"
"15184","FXRTWI","Trade-weighted Index May 1970 = 100","AUS","AUS",2022-05-10,62,"D","Index","Indicative","RBA","Daily","F11.1 Exchange Rates","Australian Dollar Trade-weighted Index"
"15185","FXRTWI","Trade-weighted Index May 1970 = 100","AUS","AUS",2022-05-11,62,"D","Index","Indicative","RBA","Daily","F11.1 Exchange Rates","Australian Dollar Trade-weighted Index"
"15186","FXRTWI","Trade-weighted Index May 1970 = 100","AUS","AUS",2022-05-12,61.5,"D","Index","Indicative","RBA","Daily","F11.1 Exchange Rates","Australian Dollar Trade-weighted Index"
"15187","FXRTWI","Trade-weighted Index May 1970 = 100","AUS","AUS",2022-05-13,61.8,"D","Index","Indicative","RBA","Daily","F11.1 Exchange Rates","Australian Dollar Trade-weighted Index"
"15188","FXRTWI","Trade-weighted Index May 1970 = 100","AUS","AUS",2022-05-16,61.7,"D","Index","Indicative","RBA","Daily","F11.1 Exchange Rates","Australian Dollar Trade-weighted Index"
"15189","FXRTWI","Trade-weighted Index May 1970 = 100","AUS","AUS",2022-05-17,62.5,"D","Index","Indicative","RBA","Daily","F11.1 Exchange Rates","Australian Dollar Trade-weighted Index"
"15190","FXRTWI","Trade-weighted Index May 1970 = 100","AUS","AUS",2022-05-18,62.6,"D","Index","Indicative","RBA","Daily","F11.1 Exchange Rates","Australian Dollar Trade-weighted Index"
"15191","FXRTWI","Trade-weighted Index May 1970 = 100","AUS","AUS",2022-05-19,62.4,"D","Index","Indicative","RBA","Daily","F11.1 Exchange Rates","Australian Dollar Trade-weighted Index"
"15192","FXRTWI","Trade-weighted Index May 1970 = 100","AUS","AUS",2022-05-20,62.3,"D","Index","Indicative","RBA","Daily","F11.1 Exchange Rates","Australian Dollar Trade-weighted Index"
"15193","FXRTWI","Trade-weighted Index May 1970 = 100","AUS","AUS",2022-05-23,62.8,"D","Index","Indicative","RBA","Daily","F11.1 Exchange Rates","Australian Dollar Trade-weighted Index"
"15194","FXRTWI","Trade-weighted Index May 1970 = 100","AUS","AUS",2022-05-24,62.5,"D","Index","Indicative","RBA","Daily","F11.1 Exchange Rates","Australian Dollar Trade-weighted Index"
"15195","FXRTWI","Trade-weighted Index May 1970 = 100","AUS","AUS",2022-05-25,62.7,"D","Index","Indicative","RBA","Daily","F11.1 Exchange Rates","Australian Dollar Trade-weighted Index"
"15196","FXRTWI","Trade-weighted Index May 1970 = 100","AUS","AUS",2022-05-26,62.6,"D","Index","Indicative","RBA","Daily","F11.1 Exchange Rates","Australian Dollar Trade-weighted Index"
"15197","FXRTWI","Trade-weighted Index May 1970 = 100","AUS","AUS",2022-05-27,63,"D","Index","Indicative","RBA","Daily","F11.1 Exchange Rates","Australian Dollar Trade-weighted Index"
"15198","FXRTWI","Trade-weighted Index May 1970 = 100","AUS","AUS",2022-05-30,63.1,"D","Index","Indicative","RBA","Daily","F11.1 Exchange Rates","Australian Dollar Trade-weighted Index"
"15199","FIRMMCRT","Cash Rate Target","AUS","AUS",2022-05-31,0.33,"M","Per cent","Original","RBA","Monthly","F1.1 Interest Rates And Yields - Money Market","Cash Rate Target; monthly average"
"15200","FXRTWI","Trade-weighted Index May 1970 = 100","AUS","AUS",2022-05-31,63.2,"D","Index","Indicative","RBA","Daily","F11.1 Exchange Rates","Australian Dollar Trade-weighted Index"
"15201","FXRTWI","Trade-weighted Index May 1970 = 100","AUS","AUS",2022-05-31,63.2,"M","Index","Indicative","RBA","Monthly","F11 Exchange Rates","Australian Dollar Trade-weighted Index"
"15202","GRCPAISDR","Commodity prices – SDR","AUS","AUS",2022-05-31,134.611311250986,"M","Index, 2023/24=100","Original","RBA","Monthly","I2 Commodity Prices","Index of commodity prices; All items; SDR"
"15203","A124874157C","Business Turnover Index ; Total of 13 in-scope ANZSIC divisions ; Current Price ;","AUS","AUS",2022-06-01,131,"M","Index Numbers","Seasonally Adjusted",NA,"Monthly","Table 01: Business turnover indicator, 13 industry summary - Monthly percentage change and index",NA
"15204","A2302956R","South Australia ; STATE FINAL DEMAND ;","SA","SA",2022-06-01,38621,"Q","$ Millions","Seasonally Adjusted",NA,"Quarterly","Table 25. State Final Demand, Summary Components by State: Chain volume measures",NA
"15205","A2302984X","Western Australia ; STATE FINAL DEMAND ;","WA","WA",2022-06-01,67809,"Q","$ Millions","Seasonally Adjusted",NA,"Quarterly","Table 25. State Final Demand, Summary Components by State: Chain volume measures",NA
"15206","A2303012X","Tasmania ; STATE FINAL DEMAND ;","TAS","TAS",2022-06-01,11651,"Q","$ Millions","Seasonally Adjusted",NA,"Quarterly","Table 25. State Final Demand, Summary Components by State: Chain volume measures",NA
"15207","A2303040J","Northern Territory ; STATE FINAL DEMAND ;","NT","NT",2022-06-01,7734,"Q","$ Millions","Seasonally Adjusted",NA,"Quarterly","Table 25. State Final Demand, Summary Components by State: Chain volume measures",NA
"15208","A2303068K","Australian Capital Territory ; STATE FINAL DEMAND ;","ACT","ACT",2022-06-01,18224,"Q","$ Millions","Seasonally Adjusted",NA,"Quarterly","Table 25. State Final Demand, Summary Components by State: Chain volume measures",NA
"15209","A2303111F","New South Wales ; STATE FINAL DEMAND ;","NSW","NSW",2022-06-01,190553,"Q","$ Millions","Seasonally Adjusted",NA,"Quarterly","Table 25. State Final Demand, Summary Components by State: Chain volume measures",NA
"15210","A2303139J","Victoria ; STATE FINAL DEMAND ;","VIC","VIC",2022-06-01,152092,"Q","$ Millions","Seasonally Adjusted",NA,"Quarterly","Table 25. State Final Demand, Summary Components by State: Chain volume measures",NA
"15211","A2303187A","Queensland ; STATE FINAL DEMAND ;","QLD","QLD",2022-06-01,116167,"Q","$ Millions","Seasonally Adjusted",NA,"Quarterly","Table 25. State Final Demand, Summary Components by State: Chain volume measures",NA
"15212","A2304418T","Gross domestic product: Current prices ;","AUS","AUS",2022-06-01,621863,"Q","$ Millions","Seasonally Adjusted",NA,"Quarterly","Table 1. Key National Accounts Aggregates",NA
"15213","A2325846C","Index Numbers ; All groups CPI ; Australia ;","AUS","AUS",2022-06-01,126.1,"Q","Index Numbers","Original",NA,"Quarterly","TABLES 1 and 2. CPI: All Groups, Index Numbers and Percentage Changes",NA
"15214","A2336320R","New South Wales ; Gross state product: Current prices ;","NSW","NSW",2022-06-01,705237,"Annual","$ Millions","Original",NA,"Annual","Table 1. Gross State Product, Chain volume measures and current prices",NA
"15215","A2336321T","Victoria ; Gross state product: Current prices ;","VIC","VIC",2022-06-01,522571,"Annual","$ Millions","Original",NA,"Annual","Table 1. Gross State Product, Chain volume measures and current prices",NA
"15216","A2336322V","Queensland ; Gross state product: Current prices ;","QLD","QLD",2022-06-01,454207,"Annual","$ Millions","Original",NA,"Annual","Table 1. Gross State Product, Chain volume measures and current prices",NA
"15217","A2336323W","South Australia ; Gross state product: Current prices ;","SA","SA",2022-06-01,128683,"Annual","$ Millions","Original",NA,"Annual","Table 1. Gross State Product, Chain volume measures and current prices",NA
"15218","A2336324X","Western Australia ; Gross state product: Current prices ;","WA","WA",2022-06-01,403144,"Annual","$ Millions","Original",NA,"Annual","Table 1. Gross State Product, Chain volume measures and current prices",NA
"15219","A2336325A","Tasmania ; Gross state product: Current prices ;","TAS","TAS",2022-06-01,37461,"Annual","$ Millions","Original",NA,"Annual","Table 1. Gross State Product, Chain volume measures and current prices",NA
"15220","A2336326C","Northern Territory ; Gross state product: Current prices ;","NT","NT",2022-06-01,32245,"Annual","$ Millions","Original",NA,"Annual","Table 1. Gross State Product, Chain volume measures and current prices",NA
"15221","A2336327F","Australian Capital Territory ; Gross state product: Current prices ;","ACT","ACT",2022-06-01,46782,"Annual","$ Millions","Original",NA,"Annual","Table 1. Gross State Product, Chain volume measures and current prices",NA
"15222","A2718577A","Credits, Total goods ;","AUS","AUS",2022-06-01,55201,"M","$ Millions","Seasonally Adjusted",NA,"Monthly","TABLE 1. GOODS, Summary: Seasonally adjusted and trend estimates, Current prices",NA
"15223","A2718594C","Balance on goods ;","AUS","AUS",2022-06-01,18697,"M","$ Millions","Seasonally Adjusted",NA,"Monthly","TABLE 1. GOODS, Summary: Seasonally adjusted and trend estimates, Current prices",NA
"15224","FXRTWI","Trade-weighted Index May 1970 = 100","AUS","AUS",2022-06-01,63.3,"D","Index","Indicative","RBA","Daily","F11.1 Exchange Rates","Australian Dollar Trade-weighted Index"
"15225","FXRTWI","Trade-weighted Index May 1970 = 100","AUS","AUS",2022-06-02,63.3,"D","Index","Indicative","RBA","Daily","F11.1 Exchange Rates","Australian Dollar Trade-weighted Index"
"15226","FXRTWI","Trade-weighted Index May 1970 = 100","AUS","AUS",2022-06-03,63.9,"D","Index","Indicative","RBA","Daily","F11.1 Exchange Rates","Australian Dollar Trade-weighted Index"
"15227","FXRTWI","Trade-weighted Index May 1970 = 100","AUS","AUS",2022-06-06,63.5,"D","Index","Indicative","RBA","Daily","F11.1 Exchange Rates","Australian Dollar Trade-weighted Index"
"15228","FXRTWI","Trade-weighted Index May 1970 = 100","AUS","AUS",2022-06-07,63.6,"D","Index","Indicative","RBA","Daily","F11.1 Exchange Rates","Australian Dollar Trade-weighted Index"
"15229","FXRTWI","Trade-weighted Index May 1970 = 100","AUS","AUS",2022-06-08,63.8,"D","Index","Indicative","RBA","Daily","F11.1 Exchange Rates","Australian Dollar Trade-weighted Index"
"15230","FXRTWI","Trade-weighted Index May 1970 = 100","AUS","AUS",2022-06-09,63.7,"D","Index","Indicative","RBA","Daily","F11.1 Exchange Rates","Australian Dollar Trade-weighted Index"
"15231","FXRTWI","Trade-weighted Index May 1970 = 100","AUS","AUS",2022-06-10,63.3,"D","Index","Indicative","RBA","Daily","F11.1 Exchange Rates","Australian Dollar Trade-weighted Index"
"15232","FXRTWI","Trade-weighted Index May 1970 = 100","AUS","AUS",2022-06-14,62.5,"D","Index","Indicative","RBA","Daily","F11.1 Exchange Rates","Australian Dollar Trade-weighted Index"
"15233","FXRTWI","Trade-weighted Index May 1970 = 100","AUS","AUS",2022-06-15,62,"D","Index","Indicative","RBA","Daily","F11.1 Exchange Rates","Australian Dollar Trade-weighted Index"
"15234","FXRTWI","Trade-weighted Index May 1970 = 100","AUS","AUS",2022-06-16,62.7,"D","Index","Indicative","RBA","Daily","F11.1 Exchange Rates","Australian Dollar Trade-weighted Index"
"15235","FXRTWI","Trade-weighted Index May 1970 = 100","AUS","AUS",2022-06-17,62.7,"D","Index","Indicative","RBA","Daily","F11.1 Exchange Rates","Australian Dollar Trade-weighted Index"
"15236","FXRTWI","Trade-weighted Index May 1970 = 100","AUS","AUS",2022-06-20,62.3,"D","Index","Indicative","RBA","Daily","F11.1 Exchange Rates","Australian Dollar Trade-weighted Index"
"15237","FXRTWI","Trade-weighted Index May 1970 = 100","AUS","AUS",2022-06-21,62.3,"D","Index","Indicative","RBA","Daily","F11.1 Exchange Rates","Australian Dollar Trade-weighted Index"
"15238","FXRTWI","Trade-weighted Index May 1970 = 100","AUS","AUS",2022-06-22,62.1,"D","Index","Indicative","RBA","Daily","F11.1 Exchange Rates","Australian Dollar Trade-weighted Index"
"15239","FXRTWI","Trade-weighted Index May 1970 = 100","AUS","AUS",2022-06-23,61.8,"D","Index","Indicative","RBA","Daily","F11.1 Exchange Rates","Australian Dollar Trade-weighted Index"
"15240","FXRTWI","Trade-weighted Index May 1970 = 100","AUS","AUS",2022-06-24,61.8,"D","Index","Indicative","RBA","Daily","F11.1 Exchange Rates","Australian Dollar Trade-weighted Index"
"15241","FXRTWI","Trade-weighted Index May 1970 = 100","AUS","AUS",2022-06-27,61.9,"D","Index","Indicative","RBA","Daily","F11.1 Exchange Rates","Australian Dollar Trade-weighted Index"
"15242","FXRTWI","Trade-weighted Index May 1970 = 100","AUS","AUS",2022-06-28,62,"D","Index","Indicative","RBA","Daily","F11.1 Exchange Rates","Australian Dollar Trade-weighted Index"
"15243","FXRTWI","Trade-weighted Index May 1970 = 100","AUS","AUS",2022-06-29,61.8,"D","Index","Indicative","RBA","Daily","F11.1 Exchange Rates","Australian Dollar Trade-weighted Index"
"15244","FIRMMCRT","Cash Rate Target","AUS","AUS",2022-06-30,0.73,"M","Per cent","Original","RBA","Monthly","F1.1 Interest Rates And Yields - Money Market","Cash Rate Target; monthly average"
"15245","FXRTWI","Trade-weighted Index May 1970 = 100","AUS","AUS",2022-06-30,61.8,"D","Index","Indicative","RBA","Daily","F11.1 Exchange Rates","Australian Dollar Trade-weighted Index"
"15246","FXRTWI","Trade-weighted Index May 1970 = 100","AUS","AUS",2022-06-30,61.8,"M","Index","Indicative","RBA","Monthly","F11 Exchange Rates","Australian Dollar Trade-weighted Index"
"15247","GCPIOCPMTMQP","Quarterly trimmed mean inflation","AUS","AUS",2022-06-30,1.5,"Q","Per cent","Seasonally Adjusted","ABS","Quarterly","G1 Consumer Price Inflation","Consumer price index; Trimmed mean; Quarterly change (in per cent)"
"15248","GRCPAISDR","Commodity prices – SDR","AUS","AUS",2022-06-30,135.205355475366,"M","Index, 2023/24=100","Original","RBA","Monthly","I2 Commodity Prices","Index of commodity prices; All items; SDR"
"15249","A124874157C","Business Turnover Index ; Total of 13 in-scope ANZSIC divisions ; Current Price ;","AUS","AUS",2022-07-01,129.4,"M","Index Numbers","Seasonally Adjusted",NA,"Monthly","Table 01: Business turnover indicator, 13 industry summary - Monthly percentage change and index",NA
"15250","A2718577A","Credits, Total goods ;","AUS","AUS",2022-07-01,49241,"M","$ Millions","Seasonally Adjusted",NA,"Monthly","TABLE 1. GOODS, Summary: Seasonally adjusted and trend estimates, Current prices",NA
"15251","A2718594C","Balance on goods ;","AUS","AUS",2022-07-01,12409,"M","$ Millions","Seasonally Adjusted",NA,"Monthly","TABLE 1. GOODS, Summary: Seasonally adjusted and trend estimates, Current prices",NA
"15252","FXRTWI","Trade-weighted Index May 1970 = 100","AUS","AUS",2022-07-01,61.3,"D","Index","Indicative","RBA","Daily","F11.1 Exchange Rates","Australian Dollar Trade-weighted Index"
"15253","FXRTWI","Trade-weighted Index May 1970 = 100","AUS","AUS",2022-07-04,61.4,"D","Index","Indicative","RBA","Daily","F11.1 Exchange Rates","Australian Dollar Trade-weighted Index"
"15254","FXRTWI","Trade-weighted Index May 1970 = 100","AUS","AUS",2022-07-05,61.7,"D","Index","Indicative","RBA","Daily","F11.1 Exchange Rates","Australian Dollar Trade-weighted Index"
"15255","FXRTWI","Trade-weighted Index May 1970 = 100","AUS","AUS",2022-07-06,61.2,"D","Index","Indicative","RBA","Daily","F11.1 Exchange Rates","Australian Dollar Trade-weighted Index"
"15256","FXRTWI","Trade-weighted Index May 1970 = 100","AUS","AUS",2022-07-07,61.5,"D","Index","Indicative","RBA","Daily","F11.1 Exchange Rates","Australian Dollar Trade-weighted Index"
"15257","FXRTWI","Trade-weighted Index May 1970 = 100","AUS","AUS",2022-07-08,61.6,"D","Index","Indicative","RBA","Daily","F11.1 Exchange Rates","Australian Dollar Trade-weighted Index"
"15258","FXRTWI","Trade-weighted Index May 1970 = 100","AUS","AUS",2022-07-11,61.6,"D","Index","Indicative","RBA","Daily","F11.1 Exchange Rates","Australian Dollar Trade-weighted Index"
"15259","FXRTWI","Trade-weighted Index May 1970 = 100","AUS","AUS",2022-07-12,61,"D","Index","Indicative","RBA","Daily","F11.1 Exchange Rates","Australian Dollar Trade-weighted Index"
"15260","FXRTWI","Trade-weighted Index May 1970 = 100","AUS","AUS",2022-07-13,61.4,"D","Index","Indicative","RBA","Daily","F11.1 Exchange Rates","Australian Dollar Trade-weighted Index"
"15261","FXRTWI","Trade-weighted Index May 1970 = 100","AUS","AUS",2022-07-14,61.4,"D","Index","Indicative","RBA","Daily","F11.1 Exchange Rates","Australian Dollar Trade-weighted Index"
"15262","FXRTWI","Trade-weighted Index May 1970 = 100","AUS","AUS",2022-07-15,61.3,"D","Index","Indicative","RBA","Daily","F11.1 Exchange Rates","Australian Dollar Trade-weighted Index"
"15263","FXRTWI","Trade-weighted Index May 1970 = 100","AUS","AUS",2022-07-18,61.8,"D","Index","Indicative","RBA","Daily","F11.1 Exchange Rates","Australian Dollar Trade-weighted Index"
"15264","FXRTWI","Trade-weighted Index May 1970 = 100","AUS","AUS",2022-07-19,62.2,"D","Index","Indicative","RBA","Daily","F11.1 Exchange Rates","Australian Dollar Trade-weighted Index"
"15265","FXRTWI","Trade-weighted Index May 1970 = 100","AUS","AUS",2022-07-20,62.6,"D","Index","Indicative","RBA","Daily","F11.1 Exchange Rates","Australian Dollar Trade-weighted Index"
"15266","FXRTWI","Trade-weighted Index May 1970 = 100","AUS","AUS",2022-07-21,62.7,"D","Index","Indicative","RBA","Daily","F11.1 Exchange Rates","Australian Dollar Trade-weighted Index"
"15267","FXRTWI","Trade-weighted Index May 1970 = 100","AUS","AUS",2022-07-22,62.7,"D","Index","Indicative","RBA","Daily","F11.1 Exchange Rates","Australian Dollar Trade-weighted Index"
"15268","FXRTWI","Trade-weighted Index May 1970 = 100","AUS","AUS",2022-07-25,62.6,"D","Index","Indicative","RBA","Daily","F11.1 Exchange Rates","Australian Dollar Trade-weighted Index"
"15269","FXRTWI","Trade-weighted Index May 1970 = 100","AUS","AUS",2022-07-26,63,"D","Index","Indicative","RBA","Daily","F11.1 Exchange Rates","Australian Dollar Trade-weighted Index"
"15270","FXRTWI","Trade-weighted Index May 1970 = 100","AUS","AUS",2022-07-27,62.9,"D","Index","Indicative","RBA","Daily","F11.1 Exchange Rates","Australian Dollar Trade-weighted Index"
"15271","FXRTWI","Trade-weighted Index May 1970 = 100","AUS","AUS",2022-07-28,63.1,"D","Index","Indicative","RBA","Daily","F11.1 Exchange Rates","Australian Dollar Trade-weighted Index"
"15272","FXRTWI","Trade-weighted Index May 1970 = 100","AUS","AUS",2022-07-29,63.1,"D","Index","Indicative","RBA","Daily","F11.1 Exchange Rates","Australian Dollar Trade-weighted Index"
"15273","FXRTWI","Trade-weighted Index May 1970 = 100","AUS","AUS",2022-07-29,63.1,"M","Index","Indicative","RBA","Monthly","F11 Exchange Rates","Australian Dollar Trade-weighted Index"
"15274","FIRMMCRT","Cash Rate Target","AUS","AUS",2022-07-31,1.28,"M","Per cent","Original","RBA","Monthly","F1.1 Interest Rates And Yields - Money Market","Cash Rate Target; monthly average"
"15275","GRCPAISDR","Commodity prices – SDR","AUS","AUS",2022-07-31,130.262165674816,"M","Index, 2023/24=100","Original","RBA","Monthly","I2 Commodity Prices","Index of commodity prices; All items; SDR"
"15276","A124874157C","Business Turnover Index ; Total of 13 in-scope ANZSIC divisions ; Current Price ;","AUS","AUS",2022-08-01,132.4,"M","Index Numbers","Seasonally Adjusted",NA,"Monthly","Table 01: Business turnover indicator, 13 industry summary - Monthly percentage change and index",NA
"15277","A2718577A","Credits, Total goods ;","AUS","AUS",2022-08-01,50716,"M","$ Millions","Seasonally Adjusted",NA,"Monthly","TABLE 1. GOODS, Summary: Seasonally adjusted and trend estimates, Current prices",NA
"15278","A2718594C","Balance on goods ;","AUS","AUS",2022-08-01,12405,"M","$ Millions","Seasonally Adjusted",NA,"Monthly","TABLE 1. GOODS, Summary: Seasonally adjusted and trend estimates, Current prices",NA
"15279","FXRTWI","Trade-weighted Index May 1970 = 100","AUS","AUS",2022-08-02,62.6,"D","Index","Indicative","RBA","Daily","F11.1 Exchange Rates","Australian Dollar Trade-weighted Index"
"15280","FXRTWI","Trade-weighted Index May 1970 = 100","AUS","AUS",2022-08-03,62.5,"D","Index","Indicative","RBA","Daily","F11.1 Exchange Rates","Australian Dollar Trade-weighted Index"
"15281","FXRTWI","Trade-weighted Index May 1970 = 100","AUS","AUS",2022-08-04,62.8,"D","Index","Indicative","RBA","Daily","F11.1 Exchange Rates","Australian Dollar Trade-weighted Index"
"15282","FXRTWI","Trade-weighted Index May 1970 = 100","AUS","AUS",2022-08-05,62.7,"D","Index","Indicative","RBA","Daily","F11.1 Exchange Rates","Australian Dollar Trade-weighted Index"
"15283","FXRTWI","Trade-weighted Index May 1970 = 100","AUS","AUS",2022-08-08,62.7,"D","Index","Indicative","RBA","Daily","F11.1 Exchange Rates","Australian Dollar Trade-weighted Index"
"15284","FXRTWI","Trade-weighted Index May 1970 = 100","AUS","AUS",2022-08-09,62.9,"D","Index","Indicative","RBA","Daily","F11.1 Exchange Rates","Australian Dollar Trade-weighted Index"
"15285","FXRTWI","Trade-weighted Index May 1970 = 100","AUS","AUS",2022-08-10,62.8,"D","Index","Indicative","RBA","Daily","F11.1 Exchange Rates","Australian Dollar Trade-weighted Index"
"15286","FXRTWI","Trade-weighted Index May 1970 = 100","AUS","AUS",2022-08-11,63.6,"D","Index","Indicative","RBA","Daily","F11.1 Exchange Rates","Australian Dollar Trade-weighted Index"
"15287","FXRTWI","Trade-weighted Index May 1970 = 100","AUS","AUS",2022-08-12,63.9,"D","Index","Indicative","RBA","Daily","F11.1 Exchange Rates","Australian Dollar Trade-weighted Index"
"15288","FXRTWI","Trade-weighted Index May 1970 = 100","AUS","AUS",2022-08-15,63.8,"D","Index","Indicative","RBA","Daily","F11.1 Exchange Rates","Australian Dollar Trade-weighted Index"
"15289","FXRTWI","Trade-weighted Index May 1970 = 100","AUS","AUS",2022-08-16,63.6,"D","Index","Indicative","RBA","Daily","F11.1 Exchange Rates","Australian Dollar Trade-weighted Index"
"15290","FXRTWI","Trade-weighted Index May 1970 = 100","AUS","AUS",2022-08-17,63.4,"D","Index","Indicative","RBA","Daily","F11.1 Exchange Rates","Australian Dollar Trade-weighted Index"
"15291","FXRTWI","Trade-weighted Index May 1970 = 100","AUS","AUS",2022-08-18,62.8,"D","Index","Indicative","RBA","Daily","F11.1 Exchange Rates","Australian Dollar Trade-weighted Index"
"15292","FXRTWI","Trade-weighted Index May 1970 = 100","AUS","AUS",2022-08-19,62.8,"D","Index","Indicative","RBA","Daily","F11.1 Exchange Rates","Australian Dollar Trade-weighted Index"
"15293","FXRTWI","Trade-weighted Index May 1970 = 100","AUS","AUS",2022-08-22,62.9,"D","Index","Indicative","RBA","Daily","F11.1 Exchange Rates","Australian Dollar Trade-weighted Index"
"15294","FXRTWI","Trade-weighted Index May 1970 = 100","AUS","AUS",2022-08-23,63,"D","Index","Indicative","RBA","Daily","F11.1 Exchange Rates","Australian Dollar Trade-weighted Index"
"15295","FXRTWI","Trade-weighted Index May 1970 = 100","AUS","AUS",2022-08-24,63.2,"D","Index","Indicative","RBA","Daily","F11.1 Exchange Rates","Australian Dollar Trade-weighted Index"
"15296","FXRTWI","Trade-weighted Index May 1970 = 100","AUS","AUS",2022-08-25,63.5,"D","Index","Indicative","RBA","Daily","F11.1 Exchange Rates","Australian Dollar Trade-weighted Index"
"15297","FXRTWI","Trade-weighted Index May 1970 = 100","AUS","AUS",2022-08-26,63.6,"D","Index","Indicative","RBA","Daily","F11.1 Exchange Rates","Australian Dollar Trade-weighted Index"
"15298","FXRTWI","Trade-weighted Index May 1970 = 100","AUS","AUS",2022-08-29,63.2,"D","Index","Indicative","RBA","Daily","F11.1 Exchange Rates","Australian Dollar Trade-weighted Index"
"15299","FXRTWI","Trade-weighted Index May 1970 = 100","AUS","AUS",2022-08-30,63.5,"D","Index","Indicative","RBA","Daily","F11.1 Exchange Rates","Australian Dollar Trade-weighted Index"
"15300","FIRMMCRT","Cash Rate Target","AUS","AUS",2022-08-31,1.81,"M","Per cent","Original","RBA","Monthly","F1.1 Interest Rates And Yields - Money Market","Cash Rate Target; monthly average"
"15301","FXRTWI","Trade-weighted Index May 1970 = 100","AUS","AUS",2022-08-31,63.3,"D","Index","Indicative","RBA","Daily","F11.1 Exchange Rates","Australian Dollar Trade-weighted Index"
"15302","FXRTWI","Trade-weighted Index May 1970 = 100","AUS","AUS",2022-08-31,63.3,"M","Index","Indicative","RBA","Monthly","F11 Exchange Rates","Australian Dollar Trade-weighted Index"
"15303","GRCPAISDR","Commodity prices – SDR","AUS","AUS",2022-08-31,127.163865726521,"M","Index, 2023/24=100","Original","RBA","Monthly","I2 Commodity Prices","Index of commodity prices; All items; SDR"
"15304","A124874157C","Business Turnover Index ; Total of 13 in-scope ANZSIC divisions ; Current Price ;","AUS","AUS",2022-09-01,130.9,"M","Index Numbers","Seasonally Adjusted",NA,"Monthly","Table 01: Business turnover indicator, 13 industry summary - Monthly percentage change and index",NA
"15305","A2302956R","South Australia ; STATE FINAL DEMAND ;","SA","SA",2022-09-01,38553,"Q","$ Millions","Seasonally Adjusted",NA,"Quarterly","Table 25. State Final Demand, Summary Components by State: Chain volume measures",NA
"15306","A2302984X","Western Australia ; STATE FINAL DEMAND ;","WA","WA",2022-09-01,67844,"Q","$ Millions","Seasonally Adjusted",NA,"Quarterly","Table 25. State Final Demand, Summary Components by State: Chain volume measures",NA
"15307","A2303012X","Tasmania ; STATE FINAL DEMAND ;","TAS","TAS",2022-09-01,11818,"Q","$ Millions","Seasonally Adjusted",NA,"Quarterly","Table 25. State Final Demand, Summary Components by State: Chain volume measures",NA
"15308","A2303040J","Northern Territory ; STATE FINAL DEMAND ;","NT","NT",2022-09-01,7827,"Q","$ Millions","Seasonally Adjusted",NA,"Quarterly","Table 25. State Final Demand, Summary Components by State: Chain volume measures",NA
"15309","A2303068K","Australian Capital Territory ; STATE FINAL DEMAND ;","ACT","ACT",2022-09-01,18318,"Q","$ Millions","Seasonally Adjusted",NA,"Quarterly","Table 25. State Final Demand, Summary Components by State: Chain volume measures",NA
"15310","A2303111F","New South Wales ; STATE FINAL DEMAND ;","NSW","NSW",2022-09-01,190801,"Q","$ Millions","Seasonally Adjusted",NA,"Quarterly","Table 25. State Final Demand, Summary Components by State: Chain volume measures",NA
"15311","A2303139J","Victoria ; STATE FINAL DEMAND ;","VIC","VIC",2022-09-01,151911,"Q","$ Millions","Seasonally Adjusted",NA,"Quarterly","Table 25. State Final Demand, Summary Components by State: Chain volume measures",NA
"15312","A2303187A","Queensland ; STATE FINAL DEMAND ;","QLD","QLD",2022-09-01,116728,"Q","$ Millions","Seasonally Adjusted",NA,"Quarterly","Table 25. State Final Demand, Summary Components by State: Chain volume measures",NA
"15313","A2304418T","Gross domestic product: Current prices ;","AUS","AUS",2022-09-01,629794,"Q","$ Millions","Seasonally Adjusted",NA,"Quarterly","Table 1. Key National Accounts Aggregates",NA
"15314","A2325846C","Index Numbers ; All groups CPI ; Australia ;","AUS","AUS",2022-09-01,128.4,"Q","Index Numbers","Original",NA,"Quarterly","TABLES 1 and 2. CPI: All Groups, Index Numbers and Percentage Changes",NA
"15315","A2718577A","Credits, Total goods ;","AUS","AUS",2022-09-01,54024,"M","$ Millions","Seasonally Adjusted",NA,"Monthly","TABLE 1. GOODS, Summary: Seasonally adjusted and trend estimates, Current prices",NA
"15316","A2718594C","Balance on goods ;","AUS","AUS",2022-09-01,16074,"M","$ Millions","Seasonally Adjusted",NA,"Monthly","TABLE 1. GOODS, Summary: Seasonally adjusted and trend estimates, Current prices",NA
"15317","FXRTWI","Trade-weighted Index May 1970 = 100","AUS","AUS",2022-09-01,62.9,"D","Index","Indicative","RBA","Daily","F11.1 Exchange Rates","Australian Dollar Trade-weighted Index"
"15318","FXRTWI","Trade-weighted Index May 1970 = 100","AUS","AUS",2022-09-02,62.6,"D","Index","Indicative","RBA","Daily","F11.1 Exchange Rates","Australian Dollar Trade-weighted Index"
"15319","FXRTWI","Trade-weighted Index May 1970 = 100","AUS","AUS",2022-09-05,62.8,"D","Index","Indicative","RBA","Daily","F11.1 Exchange Rates","Australian Dollar Trade-weighted Index"
"15320","FXRTWI","Trade-weighted Index May 1970 = 100","AUS","AUS",2022-09-06,62.9,"D","Index","Indicative","RBA","Daily","F11.1 Exchange Rates","Australian Dollar Trade-weighted Index"
"15321","FXRTWI","Trade-weighted Index May 1970 = 100","AUS","AUS",2022-09-07,62.5,"D","Index","Indicative","RBA","Daily","F11.1 Exchange Rates","Australian Dollar Trade-weighted Index"
"15322","FXRTWI","Trade-weighted Index May 1970 = 100","AUS","AUS",2022-09-08,62.6,"D","Index","Indicative","RBA","Daily","F11.1 Exchange Rates","Australian Dollar Trade-weighted Index"
"15323","FXRTWI","Trade-weighted Index May 1970 = 100","AUS","AUS",2022-09-09,63.1,"D","Index","Indicative","RBA","Daily","F11.1 Exchange Rates","Australian Dollar Trade-weighted Index"
"15324","FXRTWI","Trade-weighted Index May 1970 = 100","AUS","AUS",2022-09-12,63.2,"D","Index","Indicative","RBA","Daily","F11.1 Exchange Rates","Australian Dollar Trade-weighted Index"
"15325","FXRTWI","Trade-weighted Index May 1970 = 100","AUS","AUS",2022-09-13,63.4,"D","Index","Indicative","RBA","Daily","F11.1 Exchange Rates","Australian Dollar Trade-weighted Index"
"15326","FXRTWI","Trade-weighted Index May 1970 = 100","AUS","AUS",2022-09-14,62.5,"D","Index","Indicative","RBA","Daily","F11.1 Exchange Rates","Australian Dollar Trade-weighted Index"
"15327","FXRTWI","Trade-weighted Index May 1970 = 100","AUS","AUS",2022-09-15,62.7,"D","Index","Indicative","RBA","Daily","F11.1 Exchange Rates","Australian Dollar Trade-weighted Index"
"15328","FXRTWI","Trade-weighted Index May 1970 = 100","AUS","AUS",2022-09-16,62.5,"D","Index","Indicative","RBA","Daily","F11.1 Exchange Rates","Australian Dollar Trade-weighted Index"
"15329","FXRTWI","Trade-weighted Index May 1970 = 100","AUS","AUS",2022-09-19,62.4,"D","Index","Indicative","RBA","Daily","F11.1 Exchange Rates","Australian Dollar Trade-weighted Index"
"15330","FXRTWI","Trade-weighted Index May 1970 = 100","AUS","AUS",2022-09-20,62.7,"D","Index","Indicative","RBA","Daily","F11.1 Exchange Rates","Australian Dollar Trade-weighted Index"
"15331","FXRTWI","Trade-weighted Index May 1970 = 100","AUS","AUS",2022-09-21,62.4,"D","Index","Indicative","RBA","Daily","F11.1 Exchange Rates","Australian Dollar Trade-weighted Index"
"15332","FXRTWI","Trade-weighted Index May 1970 = 100","AUS","AUS",2022-09-23,62.3,"D","Index","Indicative","RBA","Daily","F11.1 Exchange Rates","Australian Dollar Trade-weighted Index"
"15333","FXRTWI","Trade-weighted Index May 1970 = 100","AUS","AUS",2022-09-26,61.9,"D","Index","Indicative","RBA","Daily","F11.1 Exchange Rates","Australian Dollar Trade-weighted Index"
"15334","FXRTWI","Trade-weighted Index May 1970 = 100","AUS","AUS",2022-09-27,61.8,"D","Index","Indicative","RBA","Daily","F11.1 Exchange Rates","Australian Dollar Trade-weighted Index"
"15335","FXRTWI","Trade-weighted Index May 1970 = 100","AUS","AUS",2022-09-28,61.2,"D","Index","Indicative","RBA","Daily","F11.1 Exchange Rates","Australian Dollar Trade-weighted Index"
"15336","FXRTWI","Trade-weighted Index May 1970 = 100","AUS","AUS",2022-09-29,61.8,"D","Index","Indicative","RBA","Daily","F11.1 Exchange Rates","Australian Dollar Trade-weighted Index"
"15337","FIRMMCRT","Cash Rate Target","AUS","AUS",2022-09-30,2.25,"M","Per cent","Original","RBA","Monthly","F1.1 Interest Rates And Yields - Money Market","Cash Rate Target; monthly average"
"15338","FXRTWI","Trade-weighted Index May 1970 = 100","AUS","AUS",2022-09-30,61.5,"D","Index","Indicative","RBA","Daily","F11.1 Exchange Rates","Australian Dollar Trade-weighted Index"
"15339","FXRTWI","Trade-weighted Index May 1970 = 100","AUS","AUS",2022-09-30,61.5,"M","Index","Indicative","RBA","Monthly","F11 Exchange Rates","Australian Dollar Trade-weighted Index"
"15340","GCPIOCPMTMQP","Quarterly trimmed mean inflation","AUS","AUS",2022-09-30,1.9,"Q","Per cent","Seasonally Adjusted","ABS","Quarterly","G1 Consumer Price Inflation","Consumer price index; Trimmed mean; Quarterly change (in per cent)"
"15341","GRCPAISDR","Commodity prices – SDR","AUS","AUS",2022-09-30,131.368734726198,"M","Index, 2023/24=100","Original","RBA","Monthly","I2 Commodity Prices","Index of commodity prices; All items; SDR"
"15342","A124874157C","Business Turnover Index ; Total of 13 in-scope ANZSIC divisions ; Current Price ;","AUS","AUS",2022-10-01,132,"M","Index Numbers","Seasonally Adjusted",NA,"Monthly","Table 01: Business turnover indicator, 13 industry summary - Monthly percentage change and index",NA
"15343","A2718577A","Credits, Total goods ;","AUS","AUS",2022-10-01,52676,"M","$ Millions","Seasonally Adjusted",NA,"Monthly","TABLE 1. GOODS, Summary: Seasonally adjusted and trend estimates, Current prices",NA
"15344","A2718594C","Balance on goods ;","AUS","AUS",2022-10-01,15124,"M","$ Millions","Seasonally Adjusted",NA,"Monthly","TABLE 1. GOODS, Summary: Seasonally adjusted and trend estimates, Current prices",NA
"15345","FXRTWI","Trade-weighted Index May 1970 = 100","AUS","AUS",2022-10-04,61.3,"D","Index","Indicative","RBA","Daily","F11.1 Exchange Rates","Australian Dollar Trade-weighted Index"
"15346","FXRTWI","Trade-weighted Index May 1970 = 100","AUS","AUS",2022-10-05,61.2,"D","Index","Indicative","RBA","Daily","F11.1 Exchange Rates","Australian Dollar Trade-weighted Index"
"15347","FXRTWI","Trade-weighted Index May 1970 = 100","AUS","AUS",2022-10-06,61.6,"D","Index","Indicative","RBA","Daily","F11.1 Exchange Rates","Australian Dollar Trade-weighted Index"
"15348","FXRTWI","Trade-weighted Index May 1970 = 100","AUS","AUS",2022-10-07,60.7,"D","Index","Indicative","RBA","Daily","F11.1 Exchange Rates","Australian Dollar Trade-weighted Index"
"15349","FXRTWI","Trade-weighted Index May 1970 = 100","AUS","AUS",2022-10-10,60.1,"D","Index","Indicative","RBA","Daily","F11.1 Exchange Rates","Australian Dollar Trade-weighted Index"
"15350","FXRTWI","Trade-weighted Index May 1970 = 100","AUS","AUS",2022-10-11,59.8,"D","Index","Indicative","RBA","Daily","F11.1 Exchange Rates","Australian Dollar Trade-weighted Index"
"15351","FXRTWI","Trade-weighted Index May 1970 = 100","AUS","AUS",2022-10-12,59.8,"D","Index","Indicative","RBA","Daily","F11.1 Exchange Rates","Australian Dollar Trade-weighted Index"
"15352","FXRTWI","Trade-weighted Index May 1970 = 100","AUS","AUS",2022-10-13,59.9,"D","Index","Indicative","RBA","Daily","F11.1 Exchange Rates","Australian Dollar Trade-weighted Index"
"15353","FXRTWI","Trade-weighted Index May 1970 = 100","AUS","AUS",2022-10-14,60.3,"D","Index","Indicative","RBA","Daily","F11.1 Exchange Rates","Australian Dollar Trade-weighted Index"
"15354","FXRTWI","Trade-weighted Index May 1970 = 100","AUS","AUS",2022-10-17,59.6,"D","Index","Indicative","RBA","Daily","F11.1 Exchange Rates","Australian Dollar Trade-weighted Index"
"15355","FXRTWI","Trade-weighted Index May 1970 = 100","AUS","AUS",2022-10-18,60.3,"D","Index","Indicative","RBA","Daily","F11.1 Exchange Rates","Australian Dollar Trade-weighted Index"
"15356","FXRTWI","Trade-weighted Index May 1970 = 100","AUS","AUS",2022-10-19,60.3,"D","Index","Indicative","RBA","Daily","F11.1 Exchange Rates","Australian Dollar Trade-weighted Index"
"15357","FXRTWI","Trade-weighted Index May 1970 = 100","AUS","AUS",2022-10-20,60,"D","Index","Indicative","RBA","Daily","F11.1 Exchange Rates","Australian Dollar Trade-weighted Index"
"15358","FXRTWI","Trade-weighted Index May 1970 = 100","AUS","AUS",2022-10-21,60.2,"D","Index","Indicative","RBA","Daily","F11.1 Exchange Rates","Australian Dollar Trade-weighted Index"
"15359","FXRTWI","Trade-weighted Index May 1970 = 100","AUS","AUS",2022-10-24,60.8,"D","Index","Indicative","RBA","Daily","F11.1 Exchange Rates","Australian Dollar Trade-weighted Index"
"15360","FXRTWI","Trade-weighted Index May 1970 = 100","AUS","AUS",2022-10-25,60.8,"D","Index","Indicative","RBA","Daily","F11.1 Exchange Rates","Australian Dollar Trade-weighted Index"
"15361","FXRTWI","Trade-weighted Index May 1970 = 100","AUS","AUS",2022-10-26,61.3,"D","Index","Indicative","RBA","Daily","F11.1 Exchange Rates","Australian Dollar Trade-weighted Index"
"15362","FXRTWI","Trade-weighted Index May 1970 = 100","AUS","AUS",2022-10-27,61.8,"D","Index","Indicative","RBA","Daily","F11.1 Exchange Rates","Australian Dollar Trade-weighted Index"
"15363","FXRTWI","Trade-weighted Index May 1970 = 100","AUS","AUS",2022-10-28,61.5,"D","Index","Indicative","RBA","Daily","F11.1 Exchange Rates","Australian Dollar Trade-weighted Index"
"15364","FIRMMCRT","Cash Rate Target","AUS","AUS",2022-10-31,2.58,"M","Per cent","Original","RBA","Monthly","F1.1 Interest Rates And Yields - Money Market","Cash Rate Target; monthly average"
"15365","FXRTWI","Trade-weighted Index May 1970 = 100","AUS","AUS",2022-10-31,61.3,"D","Index","Indicative","RBA","Daily","F11.1 Exchange Rates","Australian Dollar Trade-weighted Index"
"15366","FXRTWI","Trade-weighted Index May 1970 = 100","AUS","AUS",2022-10-31,61.3,"M","Index","Indicative","RBA","Monthly","F11 Exchange Rates","Australian Dollar Trade-weighted Index"
"15367","GRCPAISDR","Commodity prices – SDR","AUS","AUS",2022-10-31,128.255268083024,"M","Index, 2023/24=100","Original","RBA","Monthly","I2 Commodity Prices","Index of commodity prices; All items; SDR"
"15368","A124874157C","Business Turnover Index ; Total of 13 in-scope ANZSIC divisions ; Current Price ;","AUS","AUS",2022-11-01,131.4,"M","Index Numbers","Seasonally Adjusted",NA,"Monthly","Table 01: Business turnover indicator, 13 industry summary - Monthly percentage change and index",NA
"15369","A2718577A","Credits, Total goods ;","AUS","AUS",2022-11-01,50288,"M","$ Millions","Seasonally Adjusted",NA,"Monthly","TABLE 1. GOODS, Summary: Seasonally adjusted and trend estimates, Current prices",NA
"15370","A2718594C","Balance on goods ;","AUS","AUS",2022-11-01,14093,"M","$ Millions","Seasonally Adjusted",NA,"Monthly","TABLE 1. GOODS, Summary: Seasonally adjusted and trend estimates, Current prices",NA
"15371","FXRTWI","Trade-weighted Index May 1970 = 100","AUS","AUS",2022-11-01,61.5,"D","Index","Indicative","RBA","Daily","F11.1 Exchange Rates","Australian Dollar Trade-weighted Index"
"15372","FXRTWI","Trade-weighted Index May 1970 = 100","AUS","AUS",2022-11-02,61.3,"D","Index","Indicative","RBA","Daily","F11.1 Exchange Rates","Australian Dollar Trade-weighted Index"
"15373","FXRTWI","Trade-weighted Index May 1970 = 100","AUS","AUS",2022-11-03,61,"D","Index","Indicative","RBA","Daily","F11.1 Exchange Rates","Australian Dollar Trade-weighted Index"
"15374","FXRTWI","Trade-weighted Index May 1970 = 100","AUS","AUS",2022-11-04,60.7,"D","Index","Indicative","RBA","Daily","F11.1 Exchange Rates","Australian Dollar Trade-weighted Index"
"15375","FXRTWI","Trade-weighted Index May 1970 = 100","AUS","AUS",2022-11-07,61.2,"D","Index","Indicative","RBA","Daily","F11.1 Exchange Rates","Australian Dollar Trade-weighted Index"
"15376","FXRTWI","Trade-weighted Index May 1970 = 100","AUS","AUS",2022-11-08,61.4,"D","Index","Indicative","RBA","Daily","F11.1 Exchange Rates","Australian Dollar Trade-weighted Index"
"15377","FXRTWI","Trade-weighted Index May 1970 = 100","AUS","AUS",2022-11-09,61.6,"D","Index","Indicative","RBA","Daily","F11.1 Exchange Rates","Australian Dollar Trade-weighted Index"
"15378","FXRTWI","Trade-weighted Index May 1970 = 100","AUS","AUS",2022-11-10,61,"D","Index","Indicative","RBA","Daily","F11.1 Exchange Rates","Australian Dollar Trade-weighted Index"
"15379","FXRTWI","Trade-weighted Index May 1970 = 100","AUS","AUS",2022-11-11,61.9,"D","Index","Indicative","RBA","Daily","F11.1 Exchange Rates","Australian Dollar Trade-weighted Index"
"15380","FXRTWI","Trade-weighted Index May 1970 = 100","AUS","AUS",2022-11-14,61.8,"D","Index","Indicative","RBA","Daily","F11.1 Exchange Rates","Australian Dollar Trade-weighted Index"
"15381","FXRTWI","Trade-weighted Index May 1970 = 100","AUS","AUS",2022-11-15,62,"D","Index","Indicative","RBA","Daily","F11.1 Exchange Rates","Australian Dollar Trade-weighted Index"
"15382","FXRTWI","Trade-weighted Index May 1970 = 100","AUS","AUS",2022-11-16,62.5,"D","Index","Indicative","RBA","Daily","F11.1 Exchange Rates","Australian Dollar Trade-weighted Index"
"15383","FXRTWI","Trade-weighted Index May 1970 = 100","AUS","AUS",2022-11-17,62.4,"D","Index","Indicative","RBA","Daily","F11.1 Exchange Rates","Australian Dollar Trade-weighted Index"
"15384","FXRTWI","Trade-weighted Index May 1970 = 100","AUS","AUS",2022-11-18,62.3,"D","Index","Indicative","RBA","Daily","F11.1 Exchange Rates","Australian Dollar Trade-weighted Index"
"15385","FXRTWI","Trade-weighted Index May 1970 = 100","AUS","AUS",2022-11-21,62,"D","Index","Indicative","RBA","Daily","F11.1 Exchange Rates","Australian Dollar Trade-weighted Index"
"15386","FXRTWI","Trade-weighted Index May 1970 = 100","AUS","AUS",2022-11-22,61.9,"D","Index","Indicative","RBA","Daily","F11.1 Exchange Rates","Australian Dollar Trade-weighted Index"
"15387","FXRTWI","Trade-weighted Index May 1970 = 100","AUS","AUS",2022-11-23,62,"D","Index","Indicative","RBA","Daily","F11.1 Exchange Rates","Australian Dollar Trade-weighted Index"
"15388","FXRTWI","Trade-weighted Index May 1970 = 100","AUS","AUS",2022-11-24,62.7,"D","Index","Indicative","RBA","Daily","F11.1 Exchange Rates","Australian Dollar Trade-weighted Index"
"15389","FXRTWI","Trade-weighted Index May 1970 = 100","AUS","AUS",2022-11-25,62.7,"D","Index","Indicative","RBA","Daily","F11.1 Exchange Rates","Australian Dollar Trade-weighted Index"
"15390","FXRTWI","Trade-weighted Index May 1970 = 100","AUS","AUS",2022-11-28,62.3,"D","Index","Indicative","RBA","Daily","F11.1 Exchange Rates","Australian Dollar Trade-weighted Index"
"15391","FXRTWI","Trade-weighted Index May 1970 = 100","AUS","AUS",2022-11-29,62.2,"D","Index","Indicative","RBA","Daily","F11.1 Exchange Rates","Australian Dollar Trade-weighted Index"
"15392","FIRMMCRT","Cash Rate Target","AUS","AUS",2022-11-30,2.84,"M","Per cent","Original","RBA","Monthly","F1.1 Interest Rates And Yields - Money Market","Cash Rate Target; monthly average"
"15393","FXRTWI","Trade-weighted Index May 1970 = 100","AUS","AUS",2022-11-30,62.1,"D","Index","Indicative","RBA","Daily","F11.1 Exchange Rates","Australian Dollar Trade-weighted Index"
"15394","FXRTWI","Trade-weighted Index May 1970 = 100","AUS","AUS",2022-11-30,62.1,"M","Index","Indicative","RBA","Monthly","F11 Exchange Rates","Australian Dollar Trade-weighted Index"
"15395","GRCPAISDR","Commodity prices – SDR","AUS","AUS",2022-11-30,123.845842307291,"M","Index, 2023/24=100","Original","RBA","Monthly","I2 Commodity Prices","Index of commodity prices; All items; SDR"
"15396","A124874157C","Business Turnover Index ; Total of 13 in-scope ANZSIC divisions ; Current Price ;","AUS","AUS",2022-12-01,131.7,"M","Index Numbers","Seasonally Adjusted",NA,"Monthly","Table 01: Business turnover indicator, 13 industry summary - Monthly percentage change and index",NA
"15397","A2302956R","South Australia ; STATE FINAL DEMAND ;","SA","SA",2022-12-01,38660,"Q","$ Millions","Seasonally Adjusted",NA,"Quarterly","Table 25. State Final Demand, Summary Components by State: Chain volume measures",NA
"15398","A2302984X","Western Australia ; STATE FINAL DEMAND ;","WA","WA",2022-12-01,68344,"Q","$ Millions","Seasonally Adjusted",NA,"Quarterly","Table 25. State Final Demand, Summary Components by State: Chain volume measures",NA
"15399","A2303012X","Tasmania ; STATE FINAL DEMAND ;","TAS","TAS",2022-12-01,11824,"Q","$ Millions","Seasonally Adjusted",NA,"Quarterly","Table 25. State Final Demand, Summary Components by State: Chain volume measures",NA
"15400","A2303040J","Northern Territory ; STATE FINAL DEMAND ;","NT","NT",2022-12-01,7954,"Q","$ Millions","Seasonally Adjusted",NA,"Quarterly","Table 25. State Final Demand, Summary Components by State: Chain volume measures",NA
"15401","A2303068K","Australian Capital Territory ; STATE FINAL DEMAND ;","ACT","ACT",2022-12-01,18389,"Q","$ Millions","Seasonally Adjusted",NA,"Quarterly","Table 25. State Final Demand, Summary Components by State: Chain volume measures",NA
"15402","A2303111F","New South Wales ; STATE FINAL DEMAND ;","NSW","NSW",2022-12-01,190909,"Q","$ Millions","Seasonally Adjusted",NA,"Quarterly","Table 25. State Final Demand, Summary Components by State: Chain volume measures",NA
"15403","A2303139J","Victoria ; STATE FINAL DEMAND ;","VIC","VIC",2022-12-01,152577,"Q","$ Millions","Seasonally Adjusted",NA,"Quarterly","Table 25. State Final Demand, Summary Components by State: Chain volume measures",NA
"15404","A2303187A","Queensland ; STATE FINAL DEMAND ;","QLD","QLD",2022-12-01,117255,"Q","$ Millions","Seasonally Adjusted",NA,"Quarterly","Table 25. State Final Demand, Summary Components by State: Chain volume measures",NA
"15405","A2304418T","Gross domestic product: Current prices ;","AUS","AUS",2022-12-01,638064,"Q","$ Millions","Seasonally Adjusted",NA,"Quarterly","Table 1. Key National Accounts Aggregates",NA
"15406","A2325846C","Index Numbers ; All groups CPI ; Australia ;","AUS","AUS",2022-12-01,130.8,"Q","Index Numbers","Original",NA,"Quarterly","TABLES 1 and 2. CPI: All Groups, Index Numbers and Percentage Changes",NA
"15407","A2718577A","Credits, Total goods ;","AUS","AUS",2022-12-01,49201,"M","$ Millions","Seasonally Adjusted",NA,"Monthly","TABLE 1. GOODS, Summary: Seasonally adjusted and trend estimates, Current prices",NA
"15408","A2718594C","Balance on goods ;","AUS","AUS",2022-12-01,12419,"M","$ Millions","Seasonally Adjusted",NA,"Monthly","TABLE 1. GOODS, Summary: Seasonally adjusted and trend estimates, Current prices",NA
"15409","FXRTWI","Trade-weighted Index May 1970 = 100","AUS","AUS",2022-12-01,62.5,"D","Index","Indicative","RBA","Daily","F11.1 Exchange Rates","Australian Dollar Trade-weighted Index"
"15410","FXRTWI","Trade-weighted Index May 1970 = 100","AUS","AUS",2022-12-02,62.3,"D","Index","Indicative","RBA","Daily","F11.1 Exchange Rates","Australian Dollar Trade-weighted Index"
"15411","FXRTWI","Trade-weighted Index May 1970 = 100","AUS","AUS",2022-12-05,62,"D","Index","Indicative","RBA","Daily","F11.1 Exchange Rates","Australian Dollar Trade-weighted Index"
"15412","FXRTWI","Trade-weighted Index May 1970 = 100","AUS","AUS",2022-12-06,61.5,"D","Index","Indicative","RBA","Daily","F11.1 Exchange Rates","Australian Dollar Trade-weighted Index"
"15413","FXRTWI","Trade-weighted Index May 1970 = 100","AUS","AUS",2022-12-07,61.2,"D","Index","Indicative","RBA","Daily","F11.1 Exchange Rates","Australian Dollar Trade-weighted Index"
"15414","FXRTWI","Trade-weighted Index May 1970 = 100","AUS","AUS",2022-12-08,61.3,"D","Index","Indicative","RBA","Daily","F11.1 Exchange Rates","Australian Dollar Trade-weighted Index"
"15415","FXRTWI","Trade-weighted Index May 1970 = 100","AUS","AUS",2022-12-09,61.8,"D","Index","Indicative","RBA","Daily","F11.1 Exchange Rates","Australian Dollar Trade-weighted Index"
"15416","FXRTWI","Trade-weighted Index May 1970 = 100","AUS","AUS",2022-12-12,61.9,"D","Index","Indicative","RBA","Daily","F11.1 Exchange Rates","Australian Dollar Trade-weighted Index"
"15417","FXRTWI","Trade-weighted Index May 1970 = 100","AUS","AUS",2022-12-13,61.7,"D","Index","Indicative","RBA","Daily","F11.1 Exchange Rates","Australian Dollar Trade-weighted Index"
"15418","FXRTWI","Trade-weighted Index May 1970 = 100","AUS","AUS",2022-12-14,62.1,"D","Index","Indicative","RBA","Daily","F11.1 Exchange Rates","Australian Dollar Trade-weighted Index"
"15419","FXRTWI","Trade-weighted Index May 1970 = 100","AUS","AUS",2022-12-15,62,"D","Index","Indicative","RBA","Daily","F11.1 Exchange Rates","Australian Dollar Trade-weighted Index"
"15420","FXRTWI","Trade-weighted Index May 1970 = 100","AUS","AUS",2022-12-16,61.2,"D","Index","Indicative","RBA","Daily","F11.1 Exchange Rates","Australian Dollar Trade-weighted Index"
"15421","FXRTWI","Trade-weighted Index May 1970 = 100","AUS","AUS",2022-12-19,61.2,"D","Index","Indicative","RBA","Daily","F11.1 Exchange Rates","Australian Dollar Trade-weighted Index"
"15422","FXRTWI","Trade-weighted Index May 1970 = 100","AUS","AUS",2022-12-20,60.6,"D","Index","Indicative","RBA","Daily","F11.1 Exchange Rates","Australian Dollar Trade-weighted Index"
"15423","FXRTWI","Trade-weighted Index May 1970 = 100","AUS","AUS",2022-12-21,60.5,"D","Index","Indicative","RBA","Daily","F11.1 Exchange Rates","Australian Dollar Trade-weighted Index"
"15424","FXRTWI","Trade-weighted Index May 1970 = 100","AUS","AUS",2022-12-22,61.3,"D","Index","Indicative","RBA","Daily","F11.1 Exchange Rates","Australian Dollar Trade-weighted Index"
"15425","FXRTWI","Trade-weighted Index May 1970 = 100","AUS","AUS",2022-12-23,60.8,"D","Index","Indicative","RBA","Daily","F11.1 Exchange Rates","Australian Dollar Trade-weighted Index"
"15426","FXRTWI","Trade-weighted Index May 1970 = 100","AUS","AUS",2022-12-28,61.3,"D","Index","Indicative","RBA","Daily","F11.1 Exchange Rates","Australian Dollar Trade-weighted Index"
"15427","FXRTWI","Trade-weighted Index May 1970 = 100","AUS","AUS",2022-12-29,61.3,"D","Index","Indicative","RBA","Daily","F11.1 Exchange Rates","Australian Dollar Trade-weighted Index"
"15428","FXRTWI","Trade-weighted Index May 1970 = 100","AUS","AUS",2022-12-30,61.4,"D","Index","Indicative","RBA","Daily","F11.1 Exchange Rates","Australian Dollar Trade-weighted Index"
"15429","FXRTWI","Trade-weighted Index May 1970 = 100","AUS","AUS",2022-12-30,61.4,"M","Index","Indicative","RBA","Monthly","F11 Exchange Rates","Australian Dollar Trade-weighted Index"
"15430","FIRMMCRT","Cash Rate Target","AUS","AUS",2022-12-31,3.05,"M","Per cent","Original","RBA","Monthly","F1.1 Interest Rates And Yields - Money Market","Cash Rate Target; monthly average"
"15431","GCPIOCPMTMQP","Quarterly trimmed mean inflation","AUS","AUS",2022-12-31,1.7,"Q","Per cent","Seasonally Adjusted","ABS","Quarterly","G1 Consumer Price Inflation","Consumer price index; Trimmed mean; Quarterly change (in per cent)"
"15432","GRCPAISDR","Commodity prices – SDR","AUS","AUS",2022-12-31,123.564571481661,"M","Index, 2023/24=100","Original","RBA","Monthly","I2 Commodity Prices","Index of commodity prices; All items; SDR"
"15433","A124874157C","Business Turnover Index ; Total of 13 in-scope ANZSIC divisions ; Current Price ;","AUS","AUS",2023-01-01,130.8,"M","Index Numbers","Seasonally Adjusted",NA,"Monthly","Table 01: Business turnover indicator, 13 industry summary - Monthly percentage change and index",NA
"15434","A2718577A","Credits, Total goods ;","AUS","AUS",2023-01-01,49536,"M","$ Millions","Seasonally Adjusted",NA,"Monthly","TABLE 1. GOODS, Summary: Seasonally adjusted and trend estimates, Current prices",NA
"15435","A2718594C","Balance on goods ;","AUS","AUS",2023-01-01,11329,"M","$ Millions","Seasonally Adjusted",NA,"Monthly","TABLE 1. GOODS, Summary: Seasonally adjusted and trend estimates, Current prices",NA
"15436","FXRTWI","Trade-weighted Index May 1970 = 100","AUS","AUS",2023-01-03,61.4,"D","Index","Indicative","RBA","Daily","F11.1 Exchange Rates","Australian Dollar Trade-weighted Index"
"15437","FXRTWI","Trade-weighted Index May 1970 = 100","AUS","AUS",2023-01-04,61.5,"D","Index","Indicative","RBA","Daily","F11.1 Exchange Rates","Australian Dollar Trade-weighted Index"
"15438","FXRTWI","Trade-weighted Index May 1970 = 100","AUS","AUS",2023-01-05,61.5,"D","Index","Indicative","RBA","Daily","F11.1 Exchange Rates","Australian Dollar Trade-weighted Index"
"15439","FXRTWI","Trade-weighted Index May 1970 = 100","AUS","AUS",2023-01-06,61.2,"D","Index","Indicative","RBA","Daily","F11.1 Exchange Rates","Australian Dollar Trade-weighted Index"
"15440","FXRTWI","Trade-weighted Index May 1970 = 100","AUS","AUS",2023-01-09,62,"D","Index","Indicative","RBA","Daily","F11.1 Exchange Rates","Australian Dollar Trade-weighted Index"
"15441","FXRTWI","Trade-weighted Index May 1970 = 100","AUS","AUS",2023-01-10,61.7,"D","Index","Indicative","RBA","Daily","F11.1 Exchange Rates","Australian Dollar Trade-weighted Index"
"15442","FXRTWI","Trade-weighted Index May 1970 = 100","AUS","AUS",2023-01-11,61.7,"D","Index","Indicative","RBA","Daily","F11.1 Exchange Rates","Australian Dollar Trade-weighted Index"
"15443","FXRTWI","Trade-weighted Index May 1970 = 100","AUS","AUS",2023-01-12,61.7,"D","Index","Indicative","RBA","Daily","F11.1 Exchange Rates","Australian Dollar Trade-weighted Index"
"15444","FXRTWI","Trade-weighted Index May 1970 = 100","AUS","AUS",2023-01-13,61.7,"D","Index","Indicative","RBA","Daily","F11.1 Exchange Rates","Australian Dollar Trade-weighted Index"
"15445","FXRTWI","Trade-weighted Index May 1970 = 100","AUS","AUS",2023-01-16,61.7,"D","Index","Indicative","RBA","Daily","F11.1 Exchange Rates","Australian Dollar Trade-weighted Index"
"15446","FXRTWI","Trade-weighted Index May 1970 = 100","AUS","AUS",2023-01-17,61.9,"D","Index","Indicative","RBA","Daily","F11.1 Exchange Rates","Australian Dollar Trade-weighted Index"
"15447","FXRTWI","Trade-weighted Index May 1970 = 100","AUS","AUS",2023-01-18,62.3,"D","Index","Indicative","RBA","Daily","F11.1 Exchange Rates","Australian Dollar Trade-weighted Index"
"15448","FXRTWI","Trade-weighted Index May 1970 = 100","AUS","AUS",2023-01-19,61.2,"D","Index","Indicative","RBA","Daily","F11.1 Exchange Rates","Australian Dollar Trade-weighted Index"
"15449","FXRTWI","Trade-weighted Index May 1970 = 100","AUS","AUS",2023-01-20,61.4,"D","Index","Indicative","RBA","Daily","F11.1 Exchange Rates","Australian Dollar Trade-weighted Index"
"15450","FXRTWI","Trade-weighted Index May 1970 = 100","AUS","AUS",2023-01-23,61.9,"D","Index","Indicative","RBA","Daily","F11.1 Exchange Rates","Australian Dollar Trade-weighted Index"
"15451","FXRTWI","Trade-weighted Index May 1970 = 100","AUS","AUS",2023-01-24,62.4,"D","Index","Indicative","RBA","Daily","F11.1 Exchange Rates","Australian Dollar Trade-weighted Index"
"15452","FXRTWI","Trade-weighted Index May 1970 = 100","AUS","AUS",2023-01-25,63,"D","Index","Indicative","RBA","Daily","F11.1 Exchange Rates","Australian Dollar Trade-weighted Index"
"15453","FXRTWI","Trade-weighted Index May 1970 = 100","AUS","AUS",2023-01-27,63,"D","Index","Indicative","RBA","Daily","F11.1 Exchange Rates","Australian Dollar Trade-weighted Index"
"15454","FXRTWI","Trade-weighted Index May 1970 = 100","AUS","AUS",2023-01-30,62.7,"D","Index","Indicative","RBA","Daily","F11.1 Exchange Rates","Australian Dollar Trade-weighted Index"
"15455","FIRMMCRT","Cash Rate Target","AUS","AUS",2023-01-31,3.1,"M","Per cent","Original","RBA","Monthly","F1.1 Interest Rates And Yields - Money Market","Cash Rate Target; monthly average"
"15456","FXRTWI","Trade-weighted Index May 1970 = 100","AUS","AUS",2023-01-31,62.4,"D","Index","Indicative","RBA","Daily","F11.1 Exchange Rates","Australian Dollar Trade-weighted Index"
"15457","FXRTWI","Trade-weighted Index May 1970 = 100","AUS","AUS",2023-01-31,62.4,"M","Index","Indicative","RBA","Monthly","F11 Exchange Rates","Australian Dollar Trade-weighted Index"
"15458","GRCPAISDR","Commodity prices – SDR","AUS","AUS",2023-01-31,124.889972641399,"M","Index, 2023/24=100","Original","RBA","Monthly","I2 Commodity Prices","Index of commodity prices; All items; SDR"
"15459","A124874157C","Business Turnover Index ; Total of 13 in-scope ANZSIC divisions ; Current Price ;","AUS","AUS",2023-02-01,130.7,"M","Index Numbers","Seasonally Adjusted",NA,"Monthly","Table 01: Business turnover indicator, 13 industry summary - Monthly percentage change and index",NA
"15460","A2718577A","Credits, Total goods ;","AUS","AUS",2023-02-01,48341,"M","$ Millions","Seasonally Adjusted",NA,"Monthly","TABLE 1. GOODS, Summary: Seasonally adjusted and trend estimates, Current prices",NA
"15461","A2718594C","Balance on goods ;","AUS","AUS",2023-02-01,14268,"M","$ Millions","Seasonally Adjusted",NA,"Monthly","TABLE 1. GOODS, Summary: Seasonally adjusted and trend estimates, Current prices",NA
"15462","FXRTWI","Trade-weighted Index May 1970 = 100","AUS","AUS",2023-02-01,62.6,"D","Index","Indicative","RBA","Daily","F11.1 Exchange Rates","Australian Dollar Trade-weighted Index"
"15463","FXRTWI","Trade-weighted Index May 1970 = 100","AUS","AUS",2023-02-02,62.9,"D","Index","Indicative","RBA","Daily","F11.1 Exchange Rates","Australian Dollar Trade-weighted Index"
"15464","FXRTWI","Trade-weighted Index May 1970 = 100","AUS","AUS",2023-02-03,62.4,"D","Index","Indicative","RBA","Daily","F11.1 Exchange Rates","Australian Dollar Trade-weighted Index"
"15465","FXRTWI","Trade-weighted Index May 1970 = 100","AUS","AUS",2023-02-06,61.9,"D","Index","Indicative","RBA","Daily","F11.1 Exchange Rates","Australian Dollar Trade-weighted Index"
"15466","FXRTWI","Trade-weighted Index May 1970 = 100","AUS","AUS",2023-02-07,62,"D","Index","Indicative","RBA","Daily","F11.1 Exchange Rates","Australian Dollar Trade-weighted Index"
"15467","FXRTWI","Trade-weighted Index May 1970 = 100","AUS","AUS",2023-02-08,62.2,"D","Index","Indicative","RBA","Daily","F11.1 Exchange Rates","Australian Dollar Trade-weighted Index"
"15468","FXRTWI","Trade-weighted Index May 1970 = 100","AUS","AUS",2023-02-09,62.2,"D","Index","Indicative","RBA","Daily","F11.1 Exchange Rates","Australian Dollar Trade-weighted Index"
"15469","FXRTWI","Trade-weighted Index May 1970 = 100","AUS","AUS",2023-02-10,62,"D","Index","Indicative","RBA","Daily","F11.1 Exchange Rates","Australian Dollar Trade-weighted Index"
"15470","FXRTWI","Trade-weighted Index May 1970 = 100","AUS","AUS",2023-02-13,62.1,"D","Index","Indicative","RBA","Daily","F11.1 Exchange Rates","Australian Dollar Trade-weighted Index"
"15471","FXRTWI","Trade-weighted Index May 1970 = 100","AUS","AUS",2023-02-14,62.5,"D","Index","Indicative","RBA","Daily","F11.1 Exchange Rates","Australian Dollar Trade-weighted Index"
"15472","FXRTWI","Trade-weighted Index May 1970 = 100","AUS","AUS",2023-02-15,62.5,"D","Index","Indicative","RBA","Daily","F11.1 Exchange Rates","Australian Dollar Trade-weighted Index"
"15473","FXRTWI","Trade-weighted Index May 1970 = 100","AUS","AUS",2023-02-16,62.4,"D","Index","Indicative","RBA","Daily","F11.1 Exchange Rates","Australian Dollar Trade-weighted Index"
"15474","FXRTWI","Trade-weighted Index May 1970 = 100","AUS","AUS",2023-02-17,62,"D","Index","Indicative","RBA","Daily","F11.1 Exchange Rates","Australian Dollar Trade-weighted Index"
"15475","FXRTWI","Trade-weighted Index May 1970 = 100","AUS","AUS",2023-02-20,62.3,"D","Index","Indicative","RBA","Daily","F11.1 Exchange Rates","Australian Dollar Trade-weighted Index"
"15476","FXRTWI","Trade-weighted Index May 1970 = 100","AUS","AUS",2023-02-21,62.4,"D","Index","Indicative","RBA","Daily","F11.1 Exchange Rates","Australian Dollar Trade-weighted Index"
"15477","FXRTWI","Trade-weighted Index May 1970 = 100","AUS","AUS",2023-02-22,62,"D","Index","Indicative","RBA","Daily","F11.1 Exchange Rates","Australian Dollar Trade-weighted Index"
"15478","FXRTWI","Trade-weighted Index May 1970 = 100","AUS","AUS",2023-02-23,61.9,"D","Index","Indicative","RBA","Daily","F11.1 Exchange Rates","Australian Dollar Trade-weighted Index"
"15479","FXRTWI","Trade-weighted Index May 1970 = 100","AUS","AUS",2023-02-24,62,"D","Index","Indicative","RBA","Daily","F11.1 Exchange Rates","Australian Dollar Trade-weighted Index"
"15480","FXRTWI","Trade-weighted Index May 1970 = 100","AUS","AUS",2023-02-27,61.4,"D","Index","Indicative","RBA","Daily","F11.1 Exchange Rates","Australian Dollar Trade-weighted Index"
"15481","FIRMMCRT","Cash Rate Target","AUS","AUS",2023-02-28,3.29,"M","Per cent","Original","RBA","Monthly","F1.1 Interest Rates And Yields - Money Market","Cash Rate Target; monthly average"
"15482","FXRTWI","Trade-weighted Index May 1970 = 100","AUS","AUS",2023-02-28,61.4,"D","Index","Indicative","RBA","Daily","F11.1 Exchange Rates","Australian Dollar Trade-weighted Index"
"15483","FXRTWI","Trade-weighted Index May 1970 = 100","AUS","AUS",2023-02-28,61.4,"M","Index","Indicative","RBA","Monthly","F11 Exchange Rates","Australian Dollar Trade-weighted Index"
"15484","GRCPAISDR","Commodity prices – SDR","AUS","AUS",2023-02-28,123.746982992896,"M","Index, 2023/24=100","Original","RBA","Monthly","I2 Commodity Prices","Index of commodity prices; All items; SDR"
"15485","A124874157C","Business Turnover Index ; Total of 13 in-scope ANZSIC divisions ; Current Price ;","AUS","AUS",2023-03-01,132.7,"M","Index Numbers","Seasonally Adjusted",NA,"Monthly","Table 01: Business turnover indicator, 13 industry summary - Monthly percentage change and index",NA
"15486","A2302956R","South Australia ; STATE FINAL DEMAND ;","SA","SA",2023-03-01,38782,"Q","$ Millions","Seasonally Adjusted",NA,"Quarterly","Table 25. State Final Demand, Summary Components by State: Chain volume measures",NA
"15487","A2302984X","Western Australia ; STATE FINAL DEMAND ;","WA","WA",2023-03-01,69364,"Q","$ Millions","Seasonally Adjusted",NA,"Quarterly","Table 25. State Final Demand, Summary Components by State: Chain volume measures",NA
"15488","A2303012X","Tasmania ; STATE FINAL DEMAND ;","TAS","TAS",2023-03-01,11882,"Q","$ Millions","Seasonally Adjusted",NA,"Quarterly","Table 25. State Final Demand, Summary Components by State: Chain volume measures",NA
"15489","A2303040J","Northern Territory ; STATE FINAL DEMAND ;","NT","NT",2023-03-01,7874,"Q","$ Millions","Seasonally Adjusted",NA,"Quarterly","Table 25. State Final Demand, Summary Components by State: Chain volume measures",NA
"15490","A2303068K","Australian Capital Territory ; STATE FINAL DEMAND ;","ACT","ACT",2023-03-01,18407,"Q","$ Millions","Seasonally Adjusted",NA,"Quarterly","Table 25. State Final Demand, Summary Components by State: Chain volume measures",NA
"15491","A2303111F","New South Wales ; STATE FINAL DEMAND ;","NSW","NSW",2023-03-01,192075,"Q","$ Millions","Seasonally Adjusted",NA,"Quarterly","Table 25. State Final Demand, Summary Components by State: Chain volume measures",NA
"15492","A2303139J","Victoria ; STATE FINAL DEMAND ;","VIC","VIC",2023-03-01,154151,"Q","$ Millions","Seasonally Adjusted",NA,"Quarterly","Table 25. State Final Demand, Summary Components by State: Chain volume measures",NA
"15493","A2303187A","Queensland ; STATE FINAL DEMAND ;","QLD","QLD",2023-03-01,117965,"Q","$ Millions","Seasonally Adjusted",NA,"Quarterly","Table 25. State Final Demand, Summary Components by State: Chain volume measures",NA
"15494","A2304418T","Gross domestic product: Current prices ;","AUS","AUS",2023-03-01,650198,"Q","$ Millions","Seasonally Adjusted",NA,"Quarterly","Table 1. Key National Accounts Aggregates",NA
"15495","A2325846C","Index Numbers ; All groups CPI ; Australia ;","AUS","AUS",2023-03-01,132.6,"Q","Index Numbers","Original",NA,"Quarterly","TABLES 1 and 2. CPI: All Groups, Index Numbers and Percentage Changes",NA
"15496","A2718577A","Credits, Total goods ;","AUS","AUS",2023-03-01,49371,"M","$ Millions","Seasonally Adjusted",NA,"Monthly","TABLE 1. GOODS, Summary: Seasonally adjusted and trend estimates, Current prices",NA
"15497","A2718594C","Balance on goods ;","AUS","AUS",2023-03-01,13784,"M","$ Millions","Seasonally Adjusted",NA,"Monthly","TABLE 1. GOODS, Summary: Seasonally adjusted and trend estimates, Current prices",NA
"15498","FXRTWI","Trade-weighted Index May 1970 = 100","AUS","AUS",2023-03-01,61.6,"D","Index","Indicative","RBA","Daily","F11.1 Exchange Rates","Australian Dollar Trade-weighted Index"
"15499","FXRTWI","Trade-weighted Index May 1970 = 100","AUS","AUS",2023-03-02,61.4,"D","Index","Indicative","RBA","Daily","F11.1 Exchange Rates","Australian Dollar Trade-weighted Index"
"15500","FXRTWI","Trade-weighted Index May 1970 = 100","AUS","AUS",2023-03-03,61.4,"D","Index","Indicative","RBA","Daily","F11.1 Exchange Rates","Australian Dollar Trade-weighted Index"
"15501","FXRTWI","Trade-weighted Index May 1970 = 100","AUS","AUS",2023-03-06,61.4,"D","Index","Indicative","RBA","Daily","F11.1 Exchange Rates","Australian Dollar Trade-weighted Index"
"15502","FXRTWI","Trade-weighted Index May 1970 = 100","AUS","AUS",2023-03-07,61.1,"D","Index","Indicative","RBA","Daily","F11.1 Exchange Rates","Australian Dollar Trade-weighted Index"
"15503","FXRTWI","Trade-weighted Index May 1970 = 100","AUS","AUS",2023-03-08,60.5,"D","Index","Indicative","RBA","Daily","F11.1 Exchange Rates","Australian Dollar Trade-weighted Index"
"15504","FXRTWI","Trade-weighted Index May 1970 = 100","AUS","AUS",2023-03-09,60.5,"D","Index","Indicative","RBA","Daily","F11.1 Exchange Rates","Australian Dollar Trade-weighted Index"
"15505","FXRTWI","Trade-weighted Index May 1970 = 100","AUS","AUS",2023-03-10,60.4,"D","Index","Indicative","RBA","Daily","F11.1 Exchange Rates","Australian Dollar Trade-weighted Index"
"15506","FXRTWI","Trade-weighted Index May 1970 = 100","AUS","AUS",2023-03-13,60.3,"D","Index","Indicative","RBA","Daily","F11.1 Exchange Rates","Australian Dollar Trade-weighted Index"
"15507","FXRTWI","Trade-weighted Index May 1970 = 100","AUS","AUS",2023-03-14,60.2,"D","Index","Indicative","RBA","Daily","F11.1 Exchange Rates","Australian Dollar Trade-weighted Index"
"15508","FXRTWI","Trade-weighted Index May 1970 = 100","AUS","AUS",2023-03-15,60.6,"D","Index","Indicative","RBA","Daily","F11.1 Exchange Rates","Australian Dollar Trade-weighted Index"
"15509","FXRTWI","Trade-weighted Index May 1970 = 100","AUS","AUS",2023-03-16,60.2,"D","Index","Indicative","RBA","Daily","F11.1 Exchange Rates","Australian Dollar Trade-weighted Index"
"15510","FXRTWI","Trade-weighted Index May 1970 = 100","AUS","AUS",2023-03-17,60.7,"D","Index","Indicative","RBA","Daily","F11.1 Exchange Rates","Australian Dollar Trade-weighted Index"
"15511","FXRTWI","Trade-weighted Index May 1970 = 100","AUS","AUS",2023-03-20,60.5,"D","Index","Indicative","RBA","Daily","F11.1 Exchange Rates","Australian Dollar Trade-weighted Index"
"15512","FXRTWI","Trade-weighted Index May 1970 = 100","AUS","AUS",2023-03-21,60.4,"D","Index","Indicative","RBA","Daily","F11.1 Exchange Rates","Australian Dollar Trade-weighted Index"
"15513","FXRTWI","Trade-weighted Index May 1970 = 100","AUS","AUS",2023-03-22,60.5,"D","Index","Indicative","RBA","Daily","F11.1 Exchange Rates","Australian Dollar Trade-weighted Index"
"15514","FXRTWI","Trade-weighted Index May 1970 = 100","AUS","AUS",2023-03-23,60.4,"D","Index","Indicative","RBA","Daily","F11.1 Exchange Rates","Australian Dollar Trade-weighted Index"
"15515","FXRTWI","Trade-weighted Index May 1970 = 100","AUS","AUS",2023-03-24,60,"D","Index","Indicative","RBA","Daily","F11.1 Exchange Rates","Australian Dollar Trade-weighted Index"
"15516","FXRTWI","Trade-weighted Index May 1970 = 100","AUS","AUS",2023-03-27,59.9,"D","Index","Indicative","RBA","Daily","F11.1 Exchange Rates","Australian Dollar Trade-weighted Index"
"15517","FXRTWI","Trade-weighted Index May 1970 = 100","AUS","AUS",2023-03-28,60.2,"D","Index","Indicative","RBA","Daily","F11.1 Exchange Rates","Australian Dollar Trade-weighted Index"
"15518","FXRTWI","Trade-weighted Index May 1970 = 100","AUS","AUS",2023-03-29,60.3,"D","Index","Indicative","RBA","Daily","F11.1 Exchange Rates","Australian Dollar Trade-weighted Index"
"15519","FXRTWI","Trade-weighted Index May 1970 = 100","AUS","AUS",2023-03-30,60.3,"D","Index","Indicative","RBA","Daily","F11.1 Exchange Rates","Australian Dollar Trade-weighted Index"
"15520","FIRMMCRT","Cash Rate Target","AUS","AUS",2023-03-31,3.54,"M","Per cent","Original","RBA","Monthly","F1.1 Interest Rates And Yields - Money Market","Cash Rate Target; monthly average"
"15521","FXRTWI","Trade-weighted Index May 1970 = 100","AUS","AUS",2023-03-31,60.3,"D","Index","Indicative","RBA","Daily","F11.1 Exchange Rates","Australian Dollar Trade-weighted Index"
"15522","FXRTWI","Trade-weighted Index May 1970 = 100","AUS","AUS",2023-03-31,60.3,"M","Index","Indicative","RBA","Monthly","F11 Exchange Rates","Australian Dollar Trade-weighted Index"
"15523","GCPIOCPMTMQP","Quarterly trimmed mean inflation","AUS","AUS",2023-03-31,1.2,"Q","Per cent","Seasonally Adjusted","ABS","Quarterly","G1 Consumer Price Inflation","Consumer price index; Trimmed mean; Quarterly change (in per cent)"
"15524","GRCPAISDR","Commodity prices – SDR","AUS","AUS",2023-03-31,117.275452836067,"M","Index, 2023/24=100","Original","RBA","Monthly","I2 Commodity Prices","Index of commodity prices; All items; SDR"
"15525","A124874157C","Business Turnover Index ; Total of 13 in-scope ANZSIC divisions ; Current Price ;","AUS","AUS",2023-04-01,129.8,"M","Index Numbers","Seasonally Adjusted",NA,"Monthly","Table 01: Business turnover indicator, 13 industry summary - Monthly percentage change and index",NA
"15526","A2718577A","Credits, Total goods ;","AUS","AUS",2023-04-01,45936,"M","$ Millions","Seasonally Adjusted",NA,"Monthly","TABLE 1. GOODS, Summary: Seasonally adjusted and trend estimates, Current prices",NA
"15527","A2718594C","Balance on goods ;","AUS","AUS",2023-04-01,10126,"M","$ Millions","Seasonally Adjusted",NA,"Monthly","TABLE 1. GOODS, Summary: Seasonally adjusted and trend estimates, Current prices",NA
"15528","FXRTWI","Trade-weighted Index May 1970 = 100","AUS","AUS",2023-04-03,60.2,"D","Index","Indicative","RBA","Daily","F11.1 Exchange Rates","Australian Dollar Trade-weighted Index"
"15529","FXRTWI","Trade-weighted Index May 1970 = 100","AUS","AUS",2023-04-04,61,"D","Index","Indicative","RBA","Daily","F11.1 Exchange Rates","Australian Dollar Trade-weighted Index"
"15530","FXRTWI","Trade-weighted Index May 1970 = 100","AUS","AUS",2023-04-05,60.5,"D","Index","Indicative","RBA","Daily","F11.1 Exchange Rates","Australian Dollar Trade-weighted Index"
"15531","FXRTWI","Trade-weighted Index May 1970 = 100","AUS","AUS",2023-04-06,60.2,"D","Index","Indicative","RBA","Daily","F11.1 Exchange Rates","Australian Dollar Trade-weighted Index"
"15532","FXRTWI","Trade-weighted Index May 1970 = 100","AUS","AUS",2023-04-11,60.2,"D","Index","Indicative","RBA","Daily","F11.1 Exchange Rates","Australian Dollar Trade-weighted Index"
"15533","FXRTWI","Trade-weighted Index May 1970 = 100","AUS","AUS",2023-04-12,60.2,"D","Index","Indicative","RBA","Daily","F11.1 Exchange Rates","Australian Dollar Trade-weighted Index"
"15534","FXRTWI","Trade-weighted Index May 1970 = 100","AUS","AUS",2023-04-13,60.3,"D","Index","Indicative","RBA","Daily","F11.1 Exchange Rates","Australian Dollar Trade-weighted Index"
"15535","FXRTWI","Trade-weighted Index May 1970 = 100","AUS","AUS",2023-04-14,60.7,"D","Index","Indicative","RBA","Daily","F11.1 Exchange Rates","Australian Dollar Trade-weighted Index"
"15536","FXRTWI","Trade-weighted Index May 1970 = 100","AUS","AUS",2023-04-17,60.5,"D","Index","Indicative","RBA","Daily","F11.1 Exchange Rates","Australian Dollar Trade-weighted Index"
"15537","FXRTWI","Trade-weighted Index May 1970 = 100","AUS","AUS",2023-04-18,60.8,"D","Index","Indicative","RBA","Daily","F11.1 Exchange Rates","Australian Dollar Trade-weighted Index"
"15538","FXRTWI","Trade-weighted Index May 1970 = 100","AUS","AUS",2023-04-19,60.7,"D","Index","Indicative","RBA","Daily","F11.1 Exchange Rates","Australian Dollar Trade-weighted Index"
"15539","FXRTWI","Trade-weighted Index May 1970 = 100","AUS","AUS",2023-04-20,60.7,"D","Index","Indicative","RBA","Daily","F11.1 Exchange Rates","Australian Dollar Trade-weighted Index"
"15540","FXRTWI","Trade-weighted Index May 1970 = 100","AUS","AUS",2023-04-21,60.6,"D","Index","Indicative","RBA","Daily","F11.1 Exchange Rates","Australian Dollar Trade-weighted Index"
"15541","FXRTWI","Trade-weighted Index May 1970 = 100","AUS","AUS",2023-04-24,60.4,"D","Index","Indicative","RBA","Daily","F11.1 Exchange Rates","Australian Dollar Trade-weighted Index"
"15542","FXRTWI","Trade-weighted Index May 1970 = 100","AUS","AUS",2023-04-26,59.8,"D","Index","Indicative","RBA","Daily","F11.1 Exchange Rates","Australian Dollar Trade-weighted Index"
"15543","FXRTWI","Trade-weighted Index May 1970 = 100","AUS","AUS",2023-04-27,59.9,"D","Index","Indicative","RBA","Daily","F11.1 Exchange Rates","Australian Dollar Trade-weighted Index"
"15544","FXRTWI","Trade-weighted Index May 1970 = 100","AUS","AUS",2023-04-28,59.8,"D","Index","Indicative","RBA","Daily","F11.1 Exchange Rates","Australian Dollar Trade-weighted Index"
"15545","FXRTWI","Trade-weighted Index May 1970 = 100","AUS","AUS",2023-04-28,59.8,"M","Index","Indicative","RBA","Monthly","F11 Exchange Rates","Australian Dollar Trade-weighted Index"
"15546","FIRMMCRT","Cash Rate Target","AUS","AUS",2023-04-30,3.6,"M","Per cent","Original","RBA","Monthly","F1.1 Interest Rates And Yields - Money Market","Cash Rate Target; monthly average"
"15547","GRCPAISDR","Commodity prices – SDR","AUS","AUS",2023-04-30,110.695533269297,"M","Index, 2023/24=100","Original","RBA","Monthly","I2 Commodity Prices","Index of commodity prices; All items; SDR"
"15548","A124874157C","Business Turnover Index ; Total of 13 in-scope ANZSIC divisions ; Current Price ;","AUS","AUS",2023-05-01,130.3,"M","Index Numbers","Seasonally Adjusted",NA,"Monthly","Table 01: Business turnover indicator, 13 industry summary - Monthly percentage change and index",NA
"15549","A2718577A","Credits, Total goods ;","AUS","AUS",2023-05-01,46937,"M","$ Millions","Seasonally Adjusted",NA,"Monthly","TABLE 1. GOODS, Summary: Seasonally adjusted and trend estimates, Current prices",NA
"15550","A2718594C","Balance on goods ;","AUS","AUS",2023-05-01,10177,"M","$ Millions","Seasonally Adjusted",NA,"Monthly","TABLE 1. GOODS, Summary: Seasonally adjusted and trend estimates, Current prices",NA
"15551","FXRTWI","Trade-weighted Index May 1970 = 100","AUS","AUS",2023-05-01,60.2,"D","Index","Indicative","RBA","Daily","F11.1 Exchange Rates","Australian Dollar Trade-weighted Index"
"15552","FXRTWI","Trade-weighted Index May 1970 = 100","AUS","AUS",2023-05-02,60.8,"D","Index","Indicative","RBA","Daily","F11.1 Exchange Rates","Australian Dollar Trade-weighted Index"
"15553","FXRTWI","Trade-weighted Index May 1970 = 100","AUS","AUS",2023-05-03,60.3,"D","Index","Indicative","RBA","Daily","F11.1 Exchange Rates","Australian Dollar Trade-weighted Index"
"15554","FXRTWI","Trade-weighted Index May 1970 = 100","AUS","AUS",2023-05-04,60.3,"D","Index","Indicative","RBA","Daily","F11.1 Exchange Rates","Australian Dollar Trade-weighted Index"
"15555","FXRTWI","Trade-weighted Index May 1970 = 100","AUS","AUS",2023-05-05,60.7,"D","Index","Indicative","RBA","Daily","F11.1 Exchange Rates","Australian Dollar Trade-weighted Index"
"15556","FXRTWI","Trade-weighted Index May 1970 = 100","AUS","AUS",2023-05-08,61.1,"D","Index","Indicative","RBA","Daily","F11.1 Exchange Rates","Australian Dollar Trade-weighted Index"
"15557","FXRTWI","Trade-weighted Index May 1970 = 100","AUS","AUS",2023-05-09,61.2,"D","Index","Indicative","RBA","Daily","F11.1 Exchange Rates","Australian Dollar Trade-weighted Index"
"15558","FXRTWI","Trade-weighted Index May 1970 = 100","AUS","AUS",2023-05-10,61.1,"D","Index","Indicative","RBA","Daily","F11.1 Exchange Rates","Australian Dollar Trade-weighted Index"
"15559","FXRTWI","Trade-weighted Index May 1970 = 100","AUS","AUS",2023-05-11,61.2,"D","Index","Indicative","RBA","Daily","F11.1 Exchange Rates","Australian Dollar Trade-weighted Index"
"15560","FXRTWI","Trade-weighted Index May 1970 = 100","AUS","AUS",2023-05-12,60.6,"D","Index","Indicative","RBA","Daily","F11.1 Exchange Rates","Australian Dollar Trade-weighted Index"
"15561","FXRTWI","Trade-weighted Index May 1970 = 100","AUS","AUS",2023-05-15,60.7,"D","Index","Indicative","RBA","Daily","F11.1 Exchange Rates","Australian Dollar Trade-weighted Index"
"15562","FXRTWI","Trade-weighted Index May 1970 = 100","AUS","AUS",2023-05-16,60.7,"D","Index","Indicative","RBA","Daily","F11.1 Exchange Rates","Australian Dollar Trade-weighted Index"
"15563","FXRTWI","Trade-weighted Index May 1970 = 100","AUS","AUS",2023-05-17,60.6,"D","Index","Indicative","RBA","Daily","F11.1 Exchange Rates","Australian Dollar Trade-weighted Index"
"15564","FXRTWI","Trade-weighted Index May 1970 = 100","AUS","AUS",2023-05-18,60.7,"D","Index","Indicative","RBA","Daily","F11.1 Exchange Rates","Australian Dollar Trade-weighted Index"
"15565","FXRTWI","Trade-weighted Index May 1970 = 100","AUS","AUS",2023-05-19,60.8,"D","Index","Indicative","RBA","Daily","F11.1 Exchange Rates","Australian Dollar Trade-weighted Index"
"15566","FXRTWI","Trade-weighted Index May 1970 = 100","AUS","AUS",2023-05-22,60.7,"D","Index","Indicative","RBA","Daily","F11.1 Exchange Rates","Australian Dollar Trade-weighted Index"
"15567","FXRTWI","Trade-weighted Index May 1970 = 100","AUS","AUS",2023-05-23,60.9,"D","Index","Indicative","RBA","Daily","F11.1 Exchange Rates","Australian Dollar Trade-weighted Index"
"15568","FXRTWI","Trade-weighted Index May 1970 = 100","AUS","AUS",2023-05-24,60.4,"D","Index","Indicative","RBA","Daily","F11.1 Exchange Rates","Australian Dollar Trade-weighted Index"
"15569","FXRTWI","Trade-weighted Index May 1970 = 100","AUS","AUS",2023-05-25,60,"D","Index","Indicative","RBA","Daily","F11.1 Exchange Rates","Australian Dollar Trade-weighted Index"
"15570","FXRTWI","Trade-weighted Index May 1970 = 100","AUS","AUS",2023-05-26,59.9,"D","Index","Indicative","RBA","Daily","F11.1 Exchange Rates","Australian Dollar Trade-weighted Index"
"15571","FXRTWI","Trade-weighted Index May 1970 = 100","AUS","AUS",2023-05-29,60.2,"D","Index","Indicative","RBA","Daily","F11.1 Exchange Rates","Australian Dollar Trade-weighted Index"
"15572","FXRTWI","Trade-weighted Index May 1970 = 100","AUS","AUS",2023-05-30,60.1,"D","Index","Indicative","RBA","Daily","F11.1 Exchange Rates","Australian Dollar Trade-weighted Index"
"15573","FIRMMCRT","Cash Rate Target","AUS","AUS",2023-05-31,3.83,"M","Per cent","Original","RBA","Monthly","F1.1 Interest Rates And Yields - Money Market","Cash Rate Target; monthly average"
"15574","FXRTWI","Trade-weighted Index May 1970 = 100","AUS","AUS",2023-05-31,59.8,"D","Index","Indicative","RBA","Daily","F11.1 Exchange Rates","Australian Dollar Trade-weighted Index"
"15575","FXRTWI","Trade-weighted Index May 1970 = 100","AUS","AUS",2023-05-31,59.8,"M","Index","Indicative","RBA","Monthly","F11 Exchange Rates","Australian Dollar Trade-weighted Index"
"15576","GRCPAISDR","Commodity prices – SDR","AUS","AUS",2023-05-31,103.371951442207,"M","Index, 2023/24=100","Original","RBA","Monthly","I2 Commodity Prices","Index of commodity prices; All items; SDR"
"15577","A124874157C","Business Turnover Index ; Total of 13 in-scope ANZSIC divisions ; Current Price ;","AUS","AUS",2023-06-01,130.6,"M","Index Numbers","Seasonally Adjusted",NA,"Monthly","Table 01: Business turnover indicator, 13 industry summary - Monthly percentage change and index",NA
"15578","A2302956R","South Australia ; STATE FINAL DEMAND ;","SA","SA",2023-06-01,39079,"Q","$ Millions","Seasonally Adjusted",NA,"Quarterly","Table 25. State Final Demand, Summary Components by State: Chain volume measures",NA
"15579","A2302984X","Western Australia ; STATE FINAL DEMAND ;","WA","WA",2023-06-01,70500,"Q","$ Millions","Seasonally Adjusted",NA,"Quarterly","Table 25. State Final Demand, Summary Components by State: Chain volume measures",NA
"15580","A2303012X","Tasmania ; STATE FINAL DEMAND ;","TAS","TAS",2023-06-01,11876,"Q","$ Millions","Seasonally Adjusted",NA,"Quarterly","Table 25. State Final Demand, Summary Components by State: Chain volume measures",NA
"15581","A2303040J","Northern Territory ; STATE FINAL DEMAND ;","NT","NT",2023-06-01,7873,"Q","$ Millions","Seasonally Adjusted",NA,"Quarterly","Table 25. State Final Demand, Summary Components by State: Chain volume measures",NA
"15582","A2303068K","Australian Capital Territory ; STATE FINAL DEMAND ;","ACT","ACT",2023-06-01,18489,"Q","$ Millions","Seasonally Adjusted",NA,"Quarterly","Table 25. State Final Demand, Summary Components by State: Chain volume measures",NA
"15583","A2303111F","New South Wales ; STATE FINAL DEMAND ;","NSW","NSW",2023-06-01,194311,"Q","$ Millions","Seasonally Adjusted",NA,"Quarterly","Table 25. State Final Demand, Summary Components by State: Chain volume measures",NA
"15584","A2303139J","Victoria ; STATE FINAL DEMAND ;","VIC","VIC",2023-06-01,155106,"Q","$ Millions","Seasonally Adjusted",NA,"Quarterly","Table 25. State Final Demand, Summary Components by State: Chain volume measures",NA
"15585","A2303187A","Queensland ; STATE FINAL DEMAND ;","QLD","QLD",2023-06-01,120305,"Q","$ Millions","Seasonally Adjusted",NA,"Quarterly","Table 25. State Final Demand, Summary Components by State: Chain volume measures",NA
"15586","A2304418T","Gross domestic product: Current prices ;","AUS","AUS",2023-06-01,648329,"Q","$ Millions","Seasonally Adjusted",NA,"Quarterly","Table 1. Key National Accounts Aggregates",NA
"15587","A2325846C","Index Numbers ; All groups CPI ; Australia ;","AUS","AUS",2023-06-01,133.7,"Q","Index Numbers","Original",NA,"Quarterly","TABLES 1 and 2. CPI: All Groups, Index Numbers and Percentage Changes",NA
"15588","A2336320R","New South Wales ; Gross state product: Current prices ;","NSW","NSW",2023-06-01,779136,"Annual","$ Millions","Original",NA,"Annual","Table 1. Gross State Product, Chain volume measures and current prices",NA
"15589","A2336321T","Victoria ; Gross state product: Current prices ;","VIC","VIC",2023-06-01,572229,"Annual","$ Millions","Original",NA,"Annual","Table 1. Gross State Product, Chain volume measures and current prices",NA
"15590","A2336322V","Queensland ; Gross state product: Current prices ;","QLD","QLD",2023-06-01,505231,"Annual","$ Millions","Original",NA,"Annual","Table 1. Gross State Product, Chain volume measures and current prices",NA
"15591","A2336323W","South Australia ; Gross state product: Current prices ;","SA","SA",2023-06-01,140499,"Annual","$ Millions","Original",NA,"Annual","Table 1. Gross State Product, Chain volume measures and current prices",NA
"15592","A2336324X","Western Australia ; Gross state product: Current prices ;","WA","WA",2023-06-01,446066,"Annual","$ Millions","Original",NA,"Annual","Table 1. Gross State Product, Chain volume measures and current prices",NA
"15593","A2336325A","Tasmania ; Gross state product: Current prices ;","TAS","TAS",2023-06-01,40067,"Annual","$ Millions","Original",NA,"Annual","Table 1. Gross State Product, Chain volume measures and current prices",NA
"15594","A2336326C","Northern Territory ; Gross state product: Current prices ;","NT","NT",2023-06-01,33059,"Annual","$ Millions","Original",NA,"Annual","Table 1. Gross State Product, Chain volume measures and current prices",NA
"15595","A2336327F","Australian Capital Territory ; Gross state product: Current prices ;","ACT","ACT",2023-06-01,51226,"Annual","$ Millions","Original",NA,"Annual","Table 1. Gross State Product, Chain volume measures and current prices",NA
"15596","A2718577A","Credits, Total goods ;","AUS","AUS",2023-06-01,45107,"M","$ Millions","Seasonally Adjusted",NA,"Monthly","TABLE 1. GOODS, Summary: Seasonally adjusted and trend estimates, Current prices",NA
"15597","A2718594C","Balance on goods ;","AUS","AUS",2023-06-01,9962,"M","$ Millions","Seasonally Adjusted",NA,"Monthly","TABLE 1. GOODS, Summary: Seasonally adjusted and trend estimates, Current prices",NA
"15598","FXRTWI","Trade-weighted Index May 1970 = 100","AUS","AUS",2023-06-01,60,"D","Index","Indicative","RBA","Daily","F11.1 Exchange Rates","Australian Dollar Trade-weighted Index"
"15599","FXRTWI","Trade-weighted Index May 1970 = 100","AUS","AUS",2023-06-02,60.6,"D","Index","Indicative","RBA","Daily","F11.1 Exchange Rates","Australian Dollar Trade-weighted Index"
"15600","FXRTWI","Trade-weighted Index May 1970 = 100","AUS","AUS",2023-06-05,60.8,"D","Index","Indicative","RBA","Daily","F11.1 Exchange Rates","Australian Dollar Trade-weighted Index"
"15601","FXRTWI","Trade-weighted Index May 1970 = 100","AUS","AUS",2023-06-06,61.3,"D","Index","Indicative","RBA","Daily","F11.1 Exchange Rates","Australian Dollar Trade-weighted Index"
"15602","FXRTWI","Trade-weighted Index May 1970 = 100","AUS","AUS",2023-06-07,61.5,"D","Index","Indicative","RBA","Daily","F11.1 Exchange Rates","Australian Dollar Trade-weighted Index"
"15603","FXRTWI","Trade-weighted Index May 1970 = 100","AUS","AUS",2023-06-08,61.4,"D","Index","Indicative","RBA","Daily","F11.1 Exchange Rates","Australian Dollar Trade-weighted Index"
"15604","FXRTWI","Trade-weighted Index May 1970 = 100","AUS","AUS",2023-06-09,61.6,"D","Index","Indicative","RBA","Daily","F11.1 Exchange Rates","Australian Dollar Trade-weighted Index"
"15605","FXRTWI","Trade-weighted Index May 1970 = 100","AUS","AUS",2023-06-13,62.2,"D","Index","Indicative","RBA","Daily","F11.1 Exchange Rates","Australian Dollar Trade-weighted Index"
"15606","FXRTWI","Trade-weighted Index May 1970 = 100","AUS","AUS",2023-06-14,62.3,"D","Index","Indicative","RBA","Daily","F11.1 Exchange Rates","Australian Dollar Trade-weighted Index"
"15607","FXRTWI","Trade-weighted Index May 1970 = 100","AUS","AUS",2023-06-15,62.8,"D","Index","Indicative","RBA","Daily","F11.1 Exchange Rates","Australian Dollar Trade-weighted Index"
"15608","FXRTWI","Trade-weighted Index May 1970 = 100","AUS","AUS",2023-06-16,63.1,"D","Index","Indicative","RBA","Daily","F11.1 Exchange Rates","Australian Dollar Trade-weighted Index"
"15609","FXRTWI","Trade-weighted Index May 1970 = 100","AUS","AUS",2023-06-19,63,"D","Index","Indicative","RBA","Daily","F11.1 Exchange Rates","Australian Dollar Trade-weighted Index"
"15610","FXRTWI","Trade-weighted Index May 1970 = 100","AUS","AUS",2023-06-20,62.6,"D","Index","Indicative","RBA","Daily","F11.1 Exchange Rates","Australian Dollar Trade-weighted Index"
"15611","FXRTWI","Trade-weighted Index May 1970 = 100","AUS","AUS",2023-06-21,62.6,"D","Index","Indicative","RBA","Daily","F11.1 Exchange Rates","Australian Dollar Trade-weighted Index"
"15612","FXRTWI","Trade-weighted Index May 1970 = 100","AUS","AUS",2023-06-22,62.3,"D","Index","Indicative","RBA","Daily","F11.1 Exchange Rates","Australian Dollar Trade-weighted Index"
"15613","FXRTWI","Trade-weighted Index May 1970 = 100","AUS","AUS",2023-06-23,61.9,"D","Index","Indicative","RBA","Daily","F11.1 Exchange Rates","Australian Dollar Trade-weighted Index"
"15614","FXRTWI","Trade-weighted Index May 1970 = 100","AUS","AUS",2023-06-26,61.8,"D","Index","Indicative","RBA","Daily","F11.1 Exchange Rates","Australian Dollar Trade-weighted Index"
"15615","FXRTWI","Trade-weighted Index May 1970 = 100","AUS","AUS",2023-06-27,62.1,"D","Index","Indicative","RBA","Daily","F11.1 Exchange Rates","Australian Dollar Trade-weighted Index"
"15616","FXRTWI","Trade-weighted Index May 1970 = 100","AUS","AUS",2023-06-28,61.6,"D","Index","Indicative","RBA","Daily","F11.1 Exchange Rates","Australian Dollar Trade-weighted Index"
"15617","FXRTWI","Trade-weighted Index May 1970 = 100","AUS","AUS",2023-06-29,61.5,"D","Index","Indicative","RBA","Daily","F11.1 Exchange Rates","Australian Dollar Trade-weighted Index"
"15618","FIRMMCRT","Cash Rate Target","AUS","AUS",2023-06-30,4.05,"M","Per cent","Original","RBA","Monthly","F1.1 Interest Rates And Yields - Money Market","Cash Rate Target; monthly average"
"15619","FXRTWI","Trade-weighted Index May 1970 = 100","AUS","AUS",2023-06-30,61.7,"D","Index","Indicative","RBA","Daily","F11.1 Exchange Rates","Australian Dollar Trade-weighted Index"
"15620","FXRTWI","Trade-weighted Index May 1970 = 100","AUS","AUS",2023-06-30,61.7,"M","Index","Indicative","RBA","Monthly","F11 Exchange Rates","Australian Dollar Trade-weighted Index"
"15621","GCPIOCPMTMQP","Quarterly trimmed mean inflation","AUS","AUS",2023-06-30,0.9,"Q","Per cent","Seasonally Adjusted","ABS","Quarterly","G1 Consumer Price Inflation","Consumer price index; Trimmed mean; Quarterly change (in per cent)"
"15622","GRCPAISDR","Commodity prices – SDR","AUS","AUS",2023-06-30,99.514295907492,"M","Index, 2023/24=100","Original","RBA","Monthly","I2 Commodity Prices","Index of commodity prices; All items; SDR"
"15623","A124874157C","Business Turnover Index ; Total of 13 in-scope ANZSIC divisions ; Current Price ;","AUS","AUS",2023-07-01,128,"M","Index Numbers","Seasonally Adjusted",NA,"Monthly","Table 01: Business turnover indicator, 13 industry summary - Monthly percentage change and index",NA
"15624","A2718577A","Credits, Total goods ;","AUS","AUS",2023-07-01,44468,"M","$ Millions","Seasonally Adjusted",NA,"Monthly","TABLE 1. GOODS, Summary: Seasonally adjusted and trend estimates, Current prices",NA
"15625","A2718594C","Balance on goods ;","AUS","AUS",2023-07-01,7981,"M","$ Millions","Seasonally Adjusted",NA,"Monthly","TABLE 1. GOODS, Summary: Seasonally adjusted and trend estimates, Current prices",NA
"15626","FXRTWI","Trade-weighted Index May 1970 = 100","AUS","AUS",2023-07-03,61.9,"D","Index","Indicative","RBA","Daily","F11.1 Exchange Rates","Australian Dollar Trade-weighted Index"
"15627","FXRTWI","Trade-weighted Index May 1970 = 100","AUS","AUS",2023-07-04,61.7,"D","Index","Indicative","RBA","Daily","F11.1 Exchange Rates","Australian Dollar Trade-weighted Index"
"15628","FXRTWI","Trade-weighted Index May 1970 = 100","AUS","AUS",2023-07-05,62,"D","Index","Indicative","RBA","Daily","F11.1 Exchange Rates","Australian Dollar Trade-weighted Index"
"15629","FXRTWI","Trade-weighted Index May 1970 = 100","AUS","AUS",2023-07-06,61.8,"D","Index","Indicative","RBA","Daily","F11.1 Exchange Rates","Australian Dollar Trade-weighted Index"
"15630","FXRTWI","Trade-weighted Index May 1970 = 100","AUS","AUS",2023-07-07,61.6,"D","Index","Indicative","RBA","Daily","F11.1 Exchange Rates","Australian Dollar Trade-weighted Index"
"15631","FXRTWI","Trade-weighted Index May 1970 = 100","AUS","AUS",2023-07-10,61.7,"D","Index","Indicative","RBA","Daily","F11.1 Exchange Rates","Australian Dollar Trade-weighted Index"
"15632","FXRTWI","Trade-weighted Index May 1970 = 100","AUS","AUS",2023-07-11,61.6,"D","Index","Indicative","RBA","Daily","F11.1 Exchange Rates","Australian Dollar Trade-weighted Index"
"15633","FXRTWI","Trade-weighted Index May 1970 = 100","AUS","AUS",2023-07-12,61.7,"D","Index","Indicative","RBA","Daily","F11.1 Exchange Rates","Australian Dollar Trade-weighted Index"
"15634","FXRTWI","Trade-weighted Index May 1970 = 100","AUS","AUS",2023-07-13,62.3,"D","Index","Indicative","RBA","Daily","F11.1 Exchange Rates","Australian Dollar Trade-weighted Index"
"15635","FXRTWI","Trade-weighted Index May 1970 = 100","AUS","AUS",2023-07-14,62.6,"D","Index","Indicative","RBA","Daily","F11.1 Exchange Rates","Australian Dollar Trade-weighted Index"
"15636","FXRTWI","Trade-weighted Index May 1970 = 100","AUS","AUS",2023-07-17,62.1,"D","Index","Indicative","RBA","Daily","F11.1 Exchange Rates","Australian Dollar Trade-weighted Index"
"15637","FXRTWI","Trade-weighted Index May 1970 = 100","AUS","AUS",2023-07-18,62.1,"D","Index","Indicative","RBA","Daily","F11.1 Exchange Rates","Australian Dollar Trade-weighted Index"
"15638","FXRTWI","Trade-weighted Index May 1970 = 100","AUS","AUS",2023-07-19,62.1,"D","Index","Indicative","RBA","Daily","F11.1 Exchange Rates","Australian Dollar Trade-weighted Index"
"15639","FXRTWI","Trade-weighted Index May 1970 = 100","AUS","AUS",2023-07-20,62.3,"D","Index","Indicative","RBA","Daily","F11.1 Exchange Rates","Australian Dollar Trade-weighted Index"
"15640","FXRTWI","Trade-weighted Index May 1970 = 100","AUS","AUS",2023-07-21,62.1,"D","Index","Indicative","RBA","Daily","F11.1 Exchange Rates","Australian Dollar Trade-weighted Index"
"15641","FXRTWI","Trade-weighted Index May 1970 = 100","AUS","AUS",2023-07-24,61.9,"D","Index","Indicative","RBA","Daily","F11.1 Exchange Rates","Australian Dollar Trade-weighted Index"
"15642","FXRTWI","Trade-weighted Index May 1970 = 100","AUS","AUS",2023-07-25,62,"D","Index","Indicative","RBA","Daily","F11.1 Exchange Rates","Australian Dollar Trade-weighted Index"
"15643","FXRTWI","Trade-weighted Index May 1970 = 100","AUS","AUS",2023-07-26,62,"D","Index","Indicative","RBA","Daily","F11.1 Exchange Rates","Australian Dollar Trade-weighted Index"
"15644","FXRTWI","Trade-weighted Index May 1970 = 100","AUS","AUS",2023-07-27,62.1,"D","Index","Indicative","RBA","Daily","F11.1 Exchange Rates","Australian Dollar Trade-weighted Index"
"15645","FXRTWI","Trade-weighted Index May 1970 = 100","AUS","AUS",2023-07-28,61.1,"D","Index","Indicative","RBA","Daily","F11.1 Exchange Rates","Australian Dollar Trade-weighted Index"
"15646","FIRMMCRT","Cash Rate Target","AUS","AUS",2023-07-31,4.1,"M","Per cent","Original","RBA","Monthly","F1.1 Interest Rates And Yields - Money Market","Cash Rate Target; monthly average"
"15647","FXRTWI","Trade-weighted Index May 1970 = 100","AUS","AUS",2023-07-31,61.3,"D","Index","Indicative","RBA","Daily","F11.1 Exchange Rates","Australian Dollar Trade-weighted Index"
"15648","FXRTWI","Trade-weighted Index May 1970 = 100","AUS","AUS",2023-07-31,61.3,"M","Index","Indicative","RBA","Monthly","F11 Exchange Rates","Australian Dollar Trade-weighted Index"
"15649","GRCPAISDR","Commodity prices – SDR","AUS","AUS",2023-07-31,99.1076623576544,"M","Index, 2023/24=100","Original","RBA","Monthly","I2 Commodity Prices","Index of commodity prices; All items; SDR"
"15650","A124874157C","Business Turnover Index ; Total of 13 in-scope ANZSIC divisions ; Current Price ;","AUS","AUS",2023-08-01,130.7,"M","Index Numbers","Seasonally Adjusted",NA,"Monthly","Table 01: Business turnover indicator, 13 industry summary - Monthly percentage change and index",NA
"15651","A2718577A","Credits, Total goods ;","AUS","AUS",2023-08-01,46862,"M","$ Millions","Seasonally Adjusted",NA,"Monthly","TABLE 1. GOODS, Summary: Seasonally adjusted and trend estimates, Current prices",NA
"15652","A2718594C","Balance on goods ;","AUS","AUS",2023-08-01,10815,"M","$ Millions","Seasonally Adjusted",NA,"Monthly","TABLE 1. GOODS, Summary: Seasonally adjusted and trend estimates, Current prices",NA
"15653","FXRTWI","Trade-weighted Index May 1970 = 100","AUS","AUS",2023-08-01,61.4,"D","Index","Indicative","RBA","Daily","F11.1 Exchange Rates","Australian Dollar Trade-weighted Index"
"15654","FXRTWI","Trade-weighted Index May 1970 = 100","AUS","AUS",2023-08-02,60.7,"D","Index","Indicative","RBA","Daily","F11.1 Exchange Rates","Australian Dollar Trade-weighted Index"
"15655","FXRTWI","Trade-weighted Index May 1970 = 100","AUS","AUS",2023-08-03,60.4,"D","Index","Indicative","RBA","Daily","F11.1 Exchange Rates","Australian Dollar Trade-weighted Index"
"15656","FXRTWI","Trade-weighted Index May 1970 = 100","AUS","AUS",2023-08-04,60.7,"D","Index","Indicative","RBA","Daily","F11.1 Exchange Rates","Australian Dollar Trade-weighted Index"
"15657","FXRTWI","Trade-weighted Index May 1970 = 100","AUS","AUS",2023-08-08,60.5,"D","Index","Indicative","RBA","Daily","F11.1 Exchange Rates","Australian Dollar Trade-weighted Index"
"15658","FXRTWI","Trade-weighted Index May 1970 = 100","AUS","AUS",2023-08-09,60.7,"D","Index","Indicative","RBA","Daily","F11.1 Exchange Rates","Australian Dollar Trade-weighted Index"
"15659","FXRTWI","Trade-weighted Index May 1970 = 100","AUS","AUS",2023-08-10,60.7,"D","Index","Indicative","RBA","Daily","F11.1 Exchange Rates","Australian Dollar Trade-weighted Index"
"15660","FXRTWI","Trade-weighted Index May 1970 = 100","AUS","AUS",2023-08-11,60.6,"D","Index","Indicative","RBA","Daily","F11.1 Exchange Rates","Australian Dollar Trade-weighted Index"
"15661","FXRTWI","Trade-weighted Index May 1970 = 100","AUS","AUS",2023-08-14,60.4,"D","Index","Indicative","RBA","Daily","F11.1 Exchange Rates","Australian Dollar Trade-weighted Index"
"15662","FXRTWI","Trade-weighted Index May 1970 = 100","AUS","AUS",2023-08-15,60.8,"D","Index","Indicative","RBA","Daily","F11.1 Exchange Rates","Australian Dollar Trade-weighted Index"
"15663","FXRTWI","Trade-weighted Index May 1970 = 100","AUS","AUS",2023-08-16,60.4,"D","Index","Indicative","RBA","Daily","F11.1 Exchange Rates","Australian Dollar Trade-weighted Index"
"15664","FXRTWI","Trade-weighted Index May 1970 = 100","AUS","AUS",2023-08-17,59.9,"D","Index","Indicative","RBA","Daily","F11.1 Exchange Rates","Australian Dollar Trade-weighted Index"
"15665","FXRTWI","Trade-weighted Index May 1970 = 100","AUS","AUS",2023-08-18,59.9,"D","Index","Indicative","RBA","Daily","F11.1 Exchange Rates","Australian Dollar Trade-weighted Index"
"15666","FXRTWI","Trade-weighted Index May 1970 = 100","AUS","AUS",2023-08-21,59.9,"D","Index","Indicative","RBA","Daily","F11.1 Exchange Rates","Australian Dollar Trade-weighted Index"
"15667","FXRTWI","Trade-weighted Index May 1970 = 100","AUS","AUS",2023-08-22,60.1,"D","Index","Indicative","RBA","Daily","F11.1 Exchange Rates","Australian Dollar Trade-weighted Index"
"15668","FXRTWI","Trade-weighted Index May 1970 = 100","AUS","AUS",2023-08-23,60.3,"D","Index","Indicative","RBA","Daily","F11.1 Exchange Rates","Australian Dollar Trade-weighted Index"
"15669","FXRTWI","Trade-weighted Index May 1970 = 100","AUS","AUS",2023-08-24,60.4,"D","Index","Indicative","RBA","Daily","F11.1 Exchange Rates","Australian Dollar Trade-weighted Index"
"15670","FXRTWI","Trade-weighted Index May 1970 = 100","AUS","AUS",2023-08-25,60.1,"D","Index","Indicative","RBA","Daily","F11.1 Exchange Rates","Australian Dollar Trade-weighted Index"
"15671","FXRTWI","Trade-weighted Index May 1970 = 100","AUS","AUS",2023-08-28,60.2,"D","Index","Indicative","RBA","Daily","F11.1 Exchange Rates","Australian Dollar Trade-weighted Index"
"15672","FXRTWI","Trade-weighted Index May 1970 = 100","AUS","AUS",2023-08-29,60.3,"D","Index","Indicative","RBA","Daily","F11.1 Exchange Rates","Australian Dollar Trade-weighted Index"
"15673","FXRTWI","Trade-weighted Index May 1970 = 100","AUS","AUS",2023-08-30,60.6,"D","Index","Indicative","RBA","Daily","F11.1 Exchange Rates","Australian Dollar Trade-weighted Index"
"15674","FIRMMCRT","Cash Rate Target","AUS","AUS",2023-08-31,4.1,"M","Per cent","Original","RBA","Monthly","F1.1 Interest Rates And Yields - Money Market","Cash Rate Target; monthly average"
"15675","FXRTWI","Trade-weighted Index May 1970 = 100","AUS","AUS",2023-08-31,60.6,"D","Index","Indicative","RBA","Daily","F11.1 Exchange Rates","Australian Dollar Trade-weighted Index"
"15676","FXRTWI","Trade-weighted Index May 1970 = 100","AUS","AUS",2023-08-31,60.6,"M","Index","Indicative","RBA","Monthly","F11 Exchange Rates","Australian Dollar Trade-weighted Index"
"15677","GRCPAISDR","Commodity prices – SDR","AUS","AUS",2023-08-31,97.2776620374076,"M","Index, 2023/24=100","Original","RBA","Monthly","I2 Commodity Prices","Index of commodity prices; All items; SDR"
"15678","A124874157C","Business Turnover Index ; Total of 13 in-scope ANZSIC divisions ; Current Price ;","AUS","AUS",2023-09-01,132.9,"M","Index Numbers","Seasonally Adjusted",NA,"Monthly","Table 01: Business turnover indicator, 13 industry summary - Monthly percentage change and index",NA
"15679","A2302956R","South Australia ; STATE FINAL DEMAND ;","SA","SA",2023-09-01,39352,"Q","$ Millions","Seasonally Adjusted",NA,"Quarterly","Table 25. State Final Demand, Summary Components by State: Chain volume measures",NA
"15680","A2302984X","Western Australia ; STATE FINAL DEMAND ;","WA","WA",2023-09-01,72235,"Q","$ Millions","Seasonally Adjusted",NA,"Quarterly","Table 25. State Final Demand, Summary Components by State: Chain volume measures",NA
"15681","A2303012X","Tasmania ; STATE FINAL DEMAND ;","TAS","TAS",2023-09-01,12082,"Q","$ Millions","Seasonally Adjusted",NA,"Quarterly","Table 25. State Final Demand, Summary Components by State: Chain volume measures",NA
"15682","A2303040J","Northern Territory ; STATE FINAL DEMAND ;","NT","NT",2023-09-01,8036,"Q","$ Millions","Seasonally Adjusted",NA,"Quarterly","Table 25. State Final Demand, Summary Components by State: Chain volume measures",NA
"15683","A2303068K","Australian Capital Territory ; STATE FINAL DEMAND ;","ACT","ACT",2023-09-01,18414,"Q","$ Millions","Seasonally Adjusted",NA,"Quarterly","Table 25. State Final Demand, Summary Components by State: Chain volume measures",NA
"15684","A2303111F","New South Wales ; STATE FINAL DEMAND ;","NSW","NSW",2023-09-01,194913,"Q","$ Millions","Seasonally Adjusted",NA,"Quarterly","Table 25. State Final Demand, Summary Components by State: Chain volume measures",NA
"15685","A2303139J","Victoria ; STATE FINAL DEMAND ;","VIC","VIC",2023-09-01,155931,"Q","$ Millions","Seasonally Adjusted",NA,"Quarterly","Table 25. State Final Demand, Summary Components by State: Chain volume measures",NA
"15686","A2303187A","Queensland ; STATE FINAL DEMAND ;","QLD","QLD",2023-09-01,119981,"Q","$ Millions","Seasonally Adjusted",NA,"Quarterly","Table 25. State Final Demand, Summary Components by State: Chain volume measures",NA
"15687","A2304418T","Gross domestic product: Current prices ;","AUS","AUS",2023-09-01,656669,"Q","$ Millions","Seasonally Adjusted",NA,"Quarterly","Table 1. Key National Accounts Aggregates",NA
"15688","A2325846C","Index Numbers ; All groups CPI ; Australia ;","AUS","AUS",2023-09-01,135.3,"Q","Index Numbers","Original",NA,"Quarterly","TABLES 1 and 2. CPI: All Groups, Index Numbers and Percentage Changes",NA
"15689","A2718577A","Credits, Total goods ;","AUS","AUS",2023-09-01,45560,"M","$ Millions","Seasonally Adjusted",NA,"Monthly","TABLE 1. GOODS, Summary: Seasonally adjusted and trend estimates, Current prices",NA
"15690","A2718594C","Balance on goods ;","AUS","AUS",2023-09-01,6514,"M","$ Millions","Seasonally Adjusted",NA,"Monthly","TABLE 1. GOODS, Summary: Seasonally adjusted and trend estimates, Current prices",NA
"15691","FXRTWI","Trade-weighted Index May 1970 = 100","AUS","AUS",2023-09-01,60.4,"D","Index","Indicative","RBA","Daily","F11.1 Exchange Rates","Australian Dollar Trade-weighted Index"
"15692","FXRTWI","Trade-weighted Index May 1970 = 100","AUS","AUS",2023-09-04,60.5,"D","Index","Indicative","RBA","Daily","F11.1 Exchange Rates","Australian Dollar Trade-weighted Index"
"15693","FXRTWI","Trade-weighted Index May 1970 = 100","AUS","AUS",2023-09-05,60,"D","Index","Indicative","RBA","Daily","F11.1 Exchange Rates","Australian Dollar Trade-weighted Index"
"15694","FXRTWI","Trade-weighted Index May 1970 = 100","AUS","AUS",2023-09-06,60.1,"D","Index","Indicative","RBA","Daily","F11.1 Exchange Rates","Australian Dollar Trade-weighted Index"
"15695","FXRTWI","Trade-weighted Index May 1970 = 100","AUS","AUS",2023-09-07,60.1,"D","Index","Indicative","RBA","Daily","F11.1 Exchange Rates","Australian Dollar Trade-weighted Index"
"15696","FXRTWI","Trade-weighted Index May 1970 = 100","AUS","AUS",2023-09-08,60.3,"D","Index","Indicative","RBA","Daily","F11.1 Exchange Rates","Australian Dollar Trade-weighted Index"
"15697","FXRTWI","Trade-weighted Index May 1970 = 100","AUS","AUS",2023-09-11,60.4,"D","Index","Indicative","RBA","Daily","F11.1 Exchange Rates","Australian Dollar Trade-weighted Index"
"15698","FXRTWI","Trade-weighted Index May 1970 = 100","AUS","AUS",2023-09-12,60.3,"D","Index","Indicative","RBA","Daily","F11.1 Exchange Rates","Australian Dollar Trade-weighted Index"
"15699","FXRTWI","Trade-weighted Index May 1970 = 100","AUS","AUS",2023-09-13,60.2,"D","Index","Indicative","RBA","Daily","F11.1 Exchange Rates","Australian Dollar Trade-weighted Index"
"15700","FXRTWI","Trade-weighted Index May 1970 = 100","AUS","AUS",2023-09-14,60.4,"D","Index","Indicative","RBA","Daily","F11.1 Exchange Rates","Australian Dollar Trade-weighted Index"
"15701","FXRTWI","Trade-weighted Index May 1970 = 100","AUS","AUS",2023-09-15,60.7,"D","Index","Indicative","RBA","Daily","F11.1 Exchange Rates","Australian Dollar Trade-weighted Index"
"15702","FXRTWI","Trade-weighted Index May 1970 = 100","AUS","AUS",2023-09-18,60.6,"D","Index","Indicative","RBA","Daily","F11.1 Exchange Rates","Australian Dollar Trade-weighted Index"
"15703","FXRTWI","Trade-weighted Index May 1970 = 100","AUS","AUS",2023-09-19,60.5,"D","Index","Indicative","RBA","Daily","F11.1 Exchange Rates","Australian Dollar Trade-weighted Index"
"15704","FXRTWI","Trade-weighted Index May 1970 = 100","AUS","AUS",2023-09-20,60.8,"D","Index","Indicative","RBA","Daily","F11.1 Exchange Rates","Australian Dollar Trade-weighted Index"
"15705","FXRTWI","Trade-weighted Index May 1970 = 100","AUS","AUS",2023-09-21,60.4,"D","Index","Indicative","RBA","Daily","F11.1 Exchange Rates","Australian Dollar Trade-weighted Index"
"15706","FXRTWI","Trade-weighted Index May 1970 = 100","AUS","AUS",2023-09-22,60.6,"D","Index","Indicative","RBA","Daily","F11.1 Exchange Rates","Australian Dollar Trade-weighted Index"
"15707","FXRTWI","Trade-weighted Index May 1970 = 100","AUS","AUS",2023-09-25,60.6,"D","Index","Indicative","RBA","Daily","F11.1 Exchange Rates","Australian Dollar Trade-weighted Index"
"15708","FXRTWI","Trade-weighted Index May 1970 = 100","AUS","AUS",2023-09-26,60.7,"D","Index","Indicative","RBA","Daily","F11.1 Exchange Rates","Australian Dollar Trade-weighted Index"
"15709","FXRTWI","Trade-weighted Index May 1970 = 100","AUS","AUS",2023-09-27,60.4,"D","Index","Indicative","RBA","Daily","F11.1 Exchange Rates","Australian Dollar Trade-weighted Index"
"15710","FXRTWI","Trade-weighted Index May 1970 = 100","AUS","AUS",2023-09-28,60.4,"D","Index","Indicative","RBA","Daily","F11.1 Exchange Rates","Australian Dollar Trade-weighted Index"
"15711","FXRTWI","Trade-weighted Index May 1970 = 100","AUS","AUS",2023-09-29,61.1,"D","Index","Indicative","RBA","Daily","F11.1 Exchange Rates","Australian Dollar Trade-weighted Index"
"15712","FXRTWI","Trade-weighted Index May 1970 = 100","AUS","AUS",2023-09-29,61.1,"M","Index","Indicative","RBA","Monthly","F11 Exchange Rates","Australian Dollar Trade-weighted Index"
"15713","FIRMMCRT","Cash Rate Target","AUS","AUS",2023-09-30,4.1,"M","Per cent","Original","RBA","Monthly","F1.1 Interest Rates And Yields - Money Market","Cash Rate Target; monthly average"
"15714","GCPIOCPMTMQP","Quarterly trimmed mean inflation","AUS","AUS",2023-09-30,1.2,"Q","Per cent","Seasonally Adjusted","ABS","Quarterly","G1 Consumer Price Inflation","Consumer price index; Trimmed mean; Quarterly change (in per cent)"
"15715","GRCPAISDR","Commodity prices – SDR","AUS","AUS",2023-09-30,99.6164850032538,"M","Index, 2023/24=100","Original","RBA","Monthly","I2 Commodity Prices","Index of commodity prices; All items; SDR"
"15716","A124874157C","Business Turnover Index ; Total of 13 in-scope ANZSIC divisions ; Current Price ;","AUS","AUS",2023-10-01,132.5,"M","Index Numbers","Seasonally Adjusted",NA,"Monthly","Table 01: Business turnover indicator, 13 industry summary - Monthly percentage change and index",NA
"15717","A2718577A","Credits, Total goods ;","AUS","AUS",2023-10-01,46380,"M","$ Millions","Seasonally Adjusted",NA,"Monthly","TABLE 1. GOODS, Summary: Seasonally adjusted and trend estimates, Current prices",NA
"15718","A2718594C","Balance on goods ;","AUS","AUS",2023-10-01,8911,"M","$ Millions","Seasonally Adjusted",NA,"Monthly","TABLE 1. GOODS, Summary: Seasonally adjusted and trend estimates, Current prices",NA
"15719","FXRTWI","Trade-weighted Index May 1970 = 100","AUS","AUS",2023-10-03,59.9,"D","Index","Indicative","RBA","Daily","F11.1 Exchange Rates","Australian Dollar Trade-weighted Index"
"15720","FXRTWI","Trade-weighted Index May 1970 = 100","AUS","AUS",2023-10-04,60,"D","Index","Indicative","RBA","Daily","F11.1 Exchange Rates","Australian Dollar Trade-weighted Index"
"15721","FXRTWI","Trade-weighted Index May 1970 = 100","AUS","AUS",2023-10-05,60.3,"D","Index","Indicative","RBA","Daily","F11.1 Exchange Rates","Australian Dollar Trade-weighted Index"
"15722","FXRTWI","Trade-weighted Index May 1970 = 100","AUS","AUS",2023-10-06,60.3,"D","Index","Indicative","RBA","Daily","F11.1 Exchange Rates","Australian Dollar Trade-weighted Index"
"15723","FXRTWI","Trade-weighted Index May 1970 = 100","AUS","AUS",2023-10-09,60.1,"D","Index","Indicative","RBA","Daily","F11.1 Exchange Rates","Australian Dollar Trade-weighted Index"
"15724","FXRTWI","Trade-weighted Index May 1970 = 100","AUS","AUS",2023-10-10,60.6,"D","Index","Indicative","RBA","Daily","F11.1 Exchange Rates","Australian Dollar Trade-weighted Index"
"15725","FXRTWI","Trade-weighted Index May 1970 = 100","AUS","AUS",2023-10-11,60.6,"D","Index","Indicative","RBA","Daily","F11.1 Exchange Rates","Australian Dollar Trade-weighted Index"
"15726","FXRTWI","Trade-weighted Index May 1970 = 100","AUS","AUS",2023-10-12,60.6,"D","Index","Indicative","RBA","Daily","F11.1 Exchange Rates","Australian Dollar Trade-weighted Index"
"15727","FXRTWI","Trade-weighted Index May 1970 = 100","AUS","AUS",2023-10-13,59.8,"D","Index","Indicative","RBA","Daily","F11.1 Exchange Rates","Australian Dollar Trade-weighted Index"
"15728","FXRTWI","Trade-weighted Index May 1970 = 100","AUS","AUS",2023-10-16,59.9,"D","Index","Indicative","RBA","Daily","F11.1 Exchange Rates","Australian Dollar Trade-weighted Index"
"15729","FXRTWI","Trade-weighted Index May 1970 = 100","AUS","AUS",2023-10-17,60.2,"D","Index","Indicative","RBA","Daily","F11.1 Exchange Rates","Australian Dollar Trade-weighted Index"
"15730","FXRTWI","Trade-weighted Index May 1970 = 100","AUS","AUS",2023-10-18,60.4,"D","Index","Indicative","RBA","Daily","F11.1 Exchange Rates","Australian Dollar Trade-weighted Index"
"15731","FXRTWI","Trade-weighted Index May 1970 = 100","AUS","AUS",2023-10-19,59.9,"D","Index","Indicative","RBA","Daily","F11.1 Exchange Rates","Australian Dollar Trade-weighted Index"
"15732","FXRTWI","Trade-weighted Index May 1970 = 100","AUS","AUS",2023-10-20,59.9,"D","Index","Indicative","RBA","Daily","F11.1 Exchange Rates","Australian Dollar Trade-weighted Index"
"15733","FXRTWI","Trade-weighted Index May 1970 = 100","AUS","AUS",2023-10-23,59.9,"D","Index","Indicative","RBA","Daily","F11.1 Exchange Rates","Australian Dollar Trade-weighted Index"
"15734","FXRTWI","Trade-weighted Index May 1970 = 100","AUS","AUS",2023-10-24,60.2,"D","Index","Indicative","RBA","Daily","F11.1 Exchange Rates","Australian Dollar Trade-weighted Index"
"15735","FXRTWI","Trade-weighted Index May 1970 = 100","AUS","AUS",2023-10-25,60.5,"D","Index","Indicative","RBA","Daily","F11.1 Exchange Rates","Australian Dollar Trade-weighted Index"
"15736","FXRTWI","Trade-weighted Index May 1970 = 100","AUS","AUS",2023-10-26,59.7,"D","Index","Indicative","RBA","Daily","F11.1 Exchange Rates","Australian Dollar Trade-weighted Index"
"15737","FXRTWI","Trade-weighted Index May 1970 = 100","AUS","AUS",2023-10-27,60.2,"D","Index","Indicative","RBA","Daily","F11.1 Exchange Rates","Australian Dollar Trade-weighted Index"
"15738","FXRTWI","Trade-weighted Index May 1970 = 100","AUS","AUS",2023-10-30,60.3,"D","Index","Indicative","RBA","Daily","F11.1 Exchange Rates","Australian Dollar Trade-weighted Index"
"15739","FIRMMCRT","Cash Rate Target","AUS","AUS",2023-10-31,4.1,"M","Per cent","Original","RBA","Monthly","F1.1 Interest Rates And Yields - Money Market","Cash Rate Target; monthly average"
"15740","FXRTWI","Trade-weighted Index May 1970 = 100","AUS","AUS",2023-10-31,60.2,"D","Index","Indicative","RBA","Daily","F11.1 Exchange Rates","Australian Dollar Trade-weighted Index"
"15741","FXRTWI","Trade-weighted Index May 1970 = 100","AUS","AUS",2023-10-31,60.2,"M","Index","Indicative","RBA","Monthly","F11 Exchange Rates","Australian Dollar Trade-weighted Index"
"15742","GRCPAISDR","Commodity prices – SDR","AUS","AUS",2023-10-31,100.158600468339,"M","Index, 2023/24=100","Original","RBA","Monthly","I2 Commodity Prices","Index of commodity prices; All items; SDR"
"15743","A124874157C","Business Turnover Index ; Total of 13 in-scope ANZSIC divisions ; Current Price ;","AUS","AUS",2023-11-01,132.2,"M","Index Numbers","Seasonally Adjusted",NA,"Monthly","Table 01: Business turnover indicator, 13 industry summary - Monthly percentage change and index",NA
"15744","A2718577A","Credits, Total goods ;","AUS","AUS",2023-11-01,45932,"M","$ Millions","Seasonally Adjusted",NA,"Monthly","TABLE 1. GOODS, Summary: Seasonally adjusted and trend estimates, Current prices",NA
"15745","A2718594C","Balance on goods ;","AUS","AUS",2023-11-01,11295,"M","$ Millions","Seasonally Adjusted",NA,"Monthly","TABLE 1. GOODS, Summary: Seasonally adjusted and trend estimates, Current prices",NA
"15746","FXRTWI","Trade-weighted Index May 1970 = 100","AUS","AUS",2023-11-01,60.2,"D","Index","Indicative","RBA","Daily","F11.1 Exchange Rates","Australian Dollar Trade-weighted Index"
"15747","FXRTWI","Trade-weighted Index May 1970 = 100","AUS","AUS",2023-11-02,60.9,"D","Index","Indicative","RBA","Daily","F11.1 Exchange Rates","Australian Dollar Trade-weighted Index"
"15748","FXRTWI","Trade-weighted Index May 1970 = 100","AUS","AUS",2023-11-03,60.8,"D","Index","Indicative","RBA","Daily","F11.1 Exchange Rates","Australian Dollar Trade-weighted Index"
"15749","FXRTWI","Trade-weighted Index May 1970 = 100","AUS","AUS",2023-11-06,61.1,"D","Index","Indicative","RBA","Daily","F11.1 Exchange Rates","Australian Dollar Trade-weighted Index"
"15750","FXRTWI","Trade-weighted Index May 1970 = 100","AUS","AUS",2023-11-07,60.6,"D","Index","Indicative","RBA","Daily","F11.1 Exchange Rates","Australian Dollar Trade-weighted Index"
"15751","FXRTWI","Trade-weighted Index May 1970 = 100","AUS","AUS",2023-11-08,60.6,"D","Index","Indicative","RBA","Daily","F11.1 Exchange Rates","Australian Dollar Trade-weighted Index"
"15752","FXRTWI","Trade-weighted Index May 1970 = 100","AUS","AUS",2023-11-09,60.4,"D","Index","Indicative","RBA","Daily","F11.1 Exchange Rates","Australian Dollar Trade-weighted Index"
"15753","FXRTWI","Trade-weighted Index May 1970 = 100","AUS","AUS",2023-11-10,60.1,"D","Index","Indicative","RBA","Daily","F11.1 Exchange Rates","Australian Dollar Trade-weighted Index"
"15754","FXRTWI","Trade-weighted Index May 1970 = 100","AUS","AUS",2023-11-13,60.1,"D","Index","Indicative","RBA","Daily","F11.1 Exchange Rates","Australian Dollar Trade-weighted Index"
"15755","FXRTWI","Trade-weighted Index May 1970 = 100","AUS","AUS",2023-11-14,60.3,"D","Index","Indicative","RBA","Daily","F11.1 Exchange Rates","Australian Dollar Trade-weighted Index"
"15756","FXRTWI","Trade-weighted Index May 1970 = 100","AUS","AUS",2023-11-15,60.9,"D","Index","Indicative","RBA","Daily","F11.1 Exchange Rates","Australian Dollar Trade-weighted Index"
"15757","FXRTWI","Trade-weighted Index May 1970 = 100","AUS","AUS",2023-11-16,60.8,"D","Index","Indicative","RBA","Daily","F11.1 Exchange Rates","Australian Dollar Trade-weighted Index"
"15758","FXRTWI","Trade-weighted Index May 1970 = 100","AUS","AUS",2023-11-17,60.6,"D","Index","Indicative","RBA","Daily","F11.1 Exchange Rates","Australian Dollar Trade-weighted Index"
"15759","FXRTWI","Trade-weighted Index May 1970 = 100","AUS","AUS",2023-11-20,61,"D","Index","Indicative","RBA","Daily","F11.1 Exchange Rates","Australian Dollar Trade-weighted Index"
"15760","FXRTWI","Trade-weighted Index May 1970 = 100","AUS","AUS",2023-11-21,60.9,"D","Index","Indicative","RBA","Daily","F11.1 Exchange Rates","Australian Dollar Trade-weighted Index"
"15761","FXRTWI","Trade-weighted Index May 1970 = 100","AUS","AUS",2023-11-22,60.9,"D","Index","Indicative","RBA","Daily","F11.1 Exchange Rates","Australian Dollar Trade-weighted Index"
"15762","FXRTWI","Trade-weighted Index May 1970 = 100","AUS","AUS",2023-11-23,61,"D","Index","Indicative","RBA","Daily","F11.1 Exchange Rates","Australian Dollar Trade-weighted Index"
"15763","FXRTWI","Trade-weighted Index May 1970 = 100","AUS","AUS",2023-11-24,61.1,"D","Index","Indicative","RBA","Daily","F11.1 Exchange Rates","Australian Dollar Trade-weighted Index"
"15764","FXRTWI","Trade-weighted Index May 1970 = 100","AUS","AUS",2023-11-27,61.2,"D","Index","Indicative","RBA","Daily","F11.1 Exchange Rates","Australian Dollar Trade-weighted Index"
"15765","FXRTWI","Trade-weighted Index May 1970 = 100","AUS","AUS",2023-11-28,61.5,"D","Index","Indicative","RBA","Daily","F11.1 Exchange Rates","Australian Dollar Trade-weighted Index"
"15766","FXRTWI","Trade-weighted Index May 1970 = 100","AUS","AUS",2023-11-29,61.4,"D","Index","Indicative","RBA","Daily","F11.1 Exchange Rates","Australian Dollar Trade-weighted Index"
"15767","FIRMMCRT","Cash Rate Target","AUS","AUS",2023-11-30,4.29,"M","Per cent","Original","RBA","Monthly","F1.1 Interest Rates And Yields - Money Market","Cash Rate Target; monthly average"
"15768","FXRTWI","Trade-weighted Index May 1970 = 100","AUS","AUS",2023-11-30,61.5,"D","Index","Indicative","RBA","Daily","F11.1 Exchange Rates","Australian Dollar Trade-weighted Index"
"15769","FXRTWI","Trade-weighted Index May 1970 = 100","AUS","AUS",2023-11-30,61.5,"M","Index","Indicative","RBA","Monthly","F11 Exchange Rates","Australian Dollar Trade-weighted Index"
"15770","GRCPAISDR","Commodity prices – SDR","AUS","AUS",2023-11-30,103.656184529224,"M","Index, 2023/24=100","Original","RBA","Monthly","I2 Commodity Prices","Index of commodity prices; All items; SDR"
"15771","A124874157C","Business Turnover Index ; Total of 13 in-scope ANZSIC divisions ; Current Price ;","AUS","AUS",2023-12-01,131.1,"M","Index Numbers","Seasonally Adjusted",NA,"Monthly","Table 01: Business turnover indicator, 13 industry summary - Monthly percentage change and index",NA
"15772","A2302956R","South Australia ; STATE FINAL DEMAND ;","SA","SA",2023-12-01,39266,"Q","$ Millions","Seasonally Adjusted",NA,"Quarterly","Table 25. State Final Demand, Summary Components by State: Chain volume measures",NA
"15773","A2302984X","Western Australia ; STATE FINAL DEMAND ;","WA","WA",2023-12-01,73110,"Q","$ Millions","Seasonally Adjusted",NA,"Quarterly","Table 25. State Final Demand, Summary Components by State: Chain volume measures",NA
"15774","A2303012X","Tasmania ; STATE FINAL DEMAND ;","TAS","TAS",2023-12-01,11978,"Q","$ Millions","Seasonally Adjusted",NA,"Quarterly","Table 25. State Final Demand, Summary Components by State: Chain volume measures",NA
"15775","A2303040J","Northern Territory ; STATE FINAL DEMAND ;","NT","NT",2023-12-01,8293,"Q","$ Millions","Seasonally Adjusted",NA,"Quarterly","Table 25. State Final Demand, Summary Components by State: Chain volume measures",NA
"15776","A2303068K","Australian Capital Territory ; STATE FINAL DEMAND ;","ACT","ACT",2023-12-01,18677,"Q","$ Millions","Seasonally Adjusted",NA,"Quarterly","Table 25. State Final Demand, Summary Components by State: Chain volume measures",NA
"15777","A2303111F","New South Wales ; STATE FINAL DEMAND ;","NSW","NSW",2023-12-01,194077,"Q","$ Millions","Seasonally Adjusted",NA,"Quarterly","Table 25. State Final Demand, Summary Components by State: Chain volume measures",NA
"15778","A2303139J","Victoria ; STATE FINAL DEMAND ;","VIC","VIC",2023-12-01,155420,"Q","$ Millions","Seasonally Adjusted",NA,"Quarterly","Table 25. State Final Demand, Summary Components by State: Chain volume measures",NA
"15779","A2303187A","Queensland ; STATE FINAL DEMAND ;","QLD","QLD",2023-12-01,121147,"Q","$ Millions","Seasonally Adjusted",NA,"Quarterly","Table 25. State Final Demand, Summary Components by State: Chain volume measures",NA
"15780","A2304418T","Gross domestic product: Current prices ;","AUS","AUS",2023-12-01,665502,"Q","$ Millions","Seasonally Adjusted",NA,"Quarterly","Table 1. Key National Accounts Aggregates",NA
"15781","A2325846C","Index Numbers ; All groups CPI ; Australia ;","AUS","AUS",2023-12-01,136.1,"Q","Index Numbers","Original",NA,"Quarterly","TABLES 1 and 2. CPI: All Groups, Index Numbers and Percentage Changes",NA
"15782","A2718577A","Credits, Total goods ;","AUS","AUS",2023-12-01,45053,"M","$ Millions","Seasonally Adjusted",NA,"Monthly","TABLE 1. GOODS, Summary: Seasonally adjusted and trend estimates, Current prices",NA
"15783","A2718594C","Balance on goods ;","AUS","AUS",2023-12-01,9438,"M","$ Millions","Seasonally Adjusted",NA,"Monthly","TABLE 1. GOODS, Summary: Seasonally adjusted and trend estimates, Current prices",NA
"15784","FXRTWI","Trade-weighted Index May 1970 = 100","AUS","AUS",2023-12-01,61.4,"D","Index","Indicative","RBA","Daily","F11.1 Exchange Rates","Australian Dollar Trade-weighted Index"
"15785","FXRTWI","Trade-weighted Index May 1970 = 100","AUS","AUS",2023-12-04,61.7,"D","Index","Indicative","RBA","Daily","F11.1 Exchange Rates","Australian Dollar Trade-weighted Index"
"15786","FXRTWI","Trade-weighted Index May 1970 = 100","AUS","AUS",2023-12-05,61.2,"D","Index","Indicative","RBA","Daily","F11.1 Exchange Rates","Australian Dollar Trade-weighted Index"
"15787","FXRTWI","Trade-weighted Index May 1970 = 100","AUS","AUS",2023-12-06,61.2,"D","Index","Indicative","RBA","Daily","F11.1 Exchange Rates","Australian Dollar Trade-weighted Index"
"15788","FXRTWI","Trade-weighted Index May 1970 = 100","AUS","AUS",2023-12-07,60.8,"D","Index","Indicative","RBA","Daily","F11.1 Exchange Rates","Australian Dollar Trade-weighted Index"
"15789","FXRTWI","Trade-weighted Index May 1970 = 100","AUS","AUS",2023-12-08,61.3,"D","Index","Indicative","RBA","Daily","F11.1 Exchange Rates","Australian Dollar Trade-weighted Index"
"15790","FXRTWI","Trade-weighted Index May 1970 = 100","AUS","AUS",2023-12-11,61,"D","Index","Indicative","RBA","Daily","F11.1 Exchange Rates","Australian Dollar Trade-weighted Index"
"15791","FXRTWI","Trade-weighted Index May 1970 = 100","AUS","AUS",2023-12-12,61.3,"D","Index","Indicative","RBA","Daily","F11.1 Exchange Rates","Australian Dollar Trade-weighted Index"
"15792","FXRTWI","Trade-weighted Index May 1970 = 100","AUS","AUS",2023-12-13,61.1,"D","Index","Indicative","RBA","Daily","F11.1 Exchange Rates","Australian Dollar Trade-weighted Index"
"15793","FXRTWI","Trade-weighted Index May 1970 = 100","AUS","AUS",2023-12-14,61.9,"D","Index","Indicative","RBA","Daily","F11.1 Exchange Rates","Australian Dollar Trade-weighted Index"
"15794","FXRTWI","Trade-weighted Index May 1970 = 100","AUS","AUS",2023-12-15,61.7,"D","Index","Indicative","RBA","Daily","F11.1 Exchange Rates","Australian Dollar Trade-weighted Index"
"15795","FXRTWI","Trade-weighted Index May 1970 = 100","AUS","AUS",2023-12-18,61.9,"D","Index","Indicative","RBA","Daily","F11.1 Exchange Rates","Australian Dollar Trade-weighted Index"
"15796","FXRTWI","Trade-weighted Index May 1970 = 100","AUS","AUS",2023-12-19,62.1,"D","Index","Indicative","RBA","Daily","F11.1 Exchange Rates","Australian Dollar Trade-weighted Index"
"15797","FXRTWI","Trade-weighted Index May 1970 = 100","AUS","AUS",2023-12-20,62.5,"D","Index","Indicative","RBA","Daily","F11.1 Exchange Rates","Australian Dollar Trade-weighted Index"
"15798","FXRTWI","Trade-weighted Index May 1970 = 100","AUS","AUS",2023-12-21,62.3,"D","Index","Indicative","RBA","Daily","F11.1 Exchange Rates","Australian Dollar Trade-weighted Index"
"15799","FXRTWI","Trade-weighted Index May 1970 = 100","AUS","AUS",2023-12-22,62.5,"D","Index","Indicative","RBA","Daily","F11.1 Exchange Rates","Australian Dollar Trade-weighted Index"
"15800","FXRTWI","Trade-weighted Index May 1970 = 100","AUS","AUS",2023-12-27,62.9,"D","Index","Indicative","RBA","Daily","F11.1 Exchange Rates","Australian Dollar Trade-weighted Index"
"15801","FXRTWI","Trade-weighted Index May 1970 = 100","AUS","AUS",2023-12-28,62.6,"D","Index","Indicative","RBA","Daily","F11.1 Exchange Rates","Australian Dollar Trade-weighted Index"
"15802","FXRTWI","Trade-weighted Index May 1970 = 100","AUS","AUS",2023-12-29,62.6,"D","Index","Indicative","RBA","Daily","F11.1 Exchange Rates","Australian Dollar Trade-weighted Index"
"15803","FXRTWI","Trade-weighted Index May 1970 = 100","AUS","AUS",2023-12-29,62.6,"M","Index","Indicative","RBA","Monthly","F11 Exchange Rates","Australian Dollar Trade-weighted Index"
"15804","FIRMMCRT","Cash Rate Target","AUS","AUS",2023-12-31,4.35,"M","Per cent","Original","RBA","Monthly","F1.1 Interest Rates And Yields - Money Market","Cash Rate Target; monthly average"
"15805","GCPIOCPMTMQP","Quarterly trimmed mean inflation","AUS","AUS",2023-12-31,0.9,"Q","Per cent","Seasonally Adjusted","ABS","Quarterly","G1 Consumer Price Inflation","Consumer price index; Trimmed mean; Quarterly change (in per cent)"
"15806","GRCPAISDR","Commodity prices – SDR","AUS","AUS",2023-12-31,104.152106278224,"M","Index, 2023/24=100","Original","RBA","Monthly","I2 Commodity Prices","Index of commodity prices; All items; SDR"
"15807","A124874157C","Business Turnover Index ; Total of 13 in-scope ANZSIC divisions ; Current Price ;","AUS","AUS",2024-01-01,131.9,"M","Index Numbers","Seasonally Adjusted",NA,"Monthly","Table 01: Business turnover indicator, 13 industry summary - Monthly percentage change and index",NA
"15808","A2718577A","Credits, Total goods ;","AUS","AUS",2024-01-01,45384,"M","$ Millions","Seasonally Adjusted",NA,"Monthly","TABLE 1. GOODS, Summary: Seasonally adjusted and trend estimates, Current prices",NA
"15809","A2718594C","Balance on goods ;","AUS","AUS",2024-01-01,9119,"M","$ Millions","Seasonally Adjusted",NA,"Monthly","TABLE 1. GOODS, Summary: Seasonally adjusted and trend estimates, Current prices",NA
"15810","FXRTWI","Trade-weighted Index May 1970 = 100","AUS","AUS",2024-01-02,62.6,"D","Index","Indicative","RBA","Daily","F11.1 Exchange Rates","Australian Dollar Trade-weighted Index"
"15811","FXRTWI","Trade-weighted Index May 1970 = 100","AUS","AUS",2024-01-03,62.3,"D","Index","Indicative","RBA","Daily","F11.1 Exchange Rates","Australian Dollar Trade-weighted Index"
"15812","FXRTWI","Trade-weighted Index May 1970 = 100","AUS","AUS",2024-01-04,62.2,"D","Index","Indicative","RBA","Daily","F11.1 Exchange Rates","Australian Dollar Trade-weighted Index"
"15813","FXRTWI","Trade-weighted Index May 1970 = 100","AUS","AUS",2024-01-05,62,"D","Index","Indicative","RBA","Daily","F11.1 Exchange Rates","Australian Dollar Trade-weighted Index"
"15814","FXRTWI","Trade-weighted Index May 1970 = 100","AUS","AUS",2024-01-08,62,"D","Index","Indicative","RBA","Daily","F11.1 Exchange Rates","Australian Dollar Trade-weighted Index"
"15815","FXRTWI","Trade-weighted Index May 1970 = 100","AUS","AUS",2024-01-09,62.1,"D","Index","Indicative","RBA","Daily","F11.1 Exchange Rates","Australian Dollar Trade-weighted Index"
"15816","FXRTWI","Trade-weighted Index May 1970 = 100","AUS","AUS",2024-01-10,62.1,"D","Index","Indicative","RBA","Daily","F11.1 Exchange Rates","Australian Dollar Trade-weighted Index"
"15817","FXRTWI","Trade-weighted Index May 1970 = 100","AUS","AUS",2024-01-11,62.2,"D","Index","Indicative","RBA","Daily","F11.1 Exchange Rates","Australian Dollar Trade-weighted Index"
"15818","FXRTWI","Trade-weighted Index May 1970 = 100","AUS","AUS",2024-01-12,62,"D","Index","Indicative","RBA","Daily","F11.1 Exchange Rates","Australian Dollar Trade-weighted Index"
"15819","FXRTWI","Trade-weighted Index May 1970 = 100","AUS","AUS",2024-01-15,62,"D","Index","Indicative","RBA","Daily","F11.1 Exchange Rates","Australian Dollar Trade-weighted Index"
"15820","FXRTWI","Trade-weighted Index May 1970 = 100","AUS","AUS",2024-01-16,61.5,"D","Index","Indicative","RBA","Daily","F11.1 Exchange Rates","Australian Dollar Trade-weighted Index"
"15821","FXRTWI","Trade-weighted Index May 1970 = 100","AUS","AUS",2024-01-17,61.4,"D","Index","Indicative","RBA","Daily","F11.1 Exchange Rates","Australian Dollar Trade-weighted Index"
"15822","FXRTWI","Trade-weighted Index May 1970 = 100","AUS","AUS",2024-01-18,61.3,"D","Index","Indicative","RBA","Daily","F11.1 Exchange Rates","Australian Dollar Trade-weighted Index"
"15823","FXRTWI","Trade-weighted Index May 1970 = 100","AUS","AUS",2024-01-19,61.5,"D","Index","Indicative","RBA","Daily","F11.1 Exchange Rates","Australian Dollar Trade-weighted Index"
"15824","FXRTWI","Trade-weighted Index May 1970 = 100","AUS","AUS",2024-01-22,61.5,"D","Index","Indicative","RBA","Daily","F11.1 Exchange Rates","Australian Dollar Trade-weighted Index"
"15825","FXRTWI","Trade-weighted Index May 1970 = 100","AUS","AUS",2024-01-23,61.6,"D","Index","Indicative","RBA","Daily","F11.1 Exchange Rates","Australian Dollar Trade-weighted Index"
"15826","FXRTWI","Trade-weighted Index May 1970 = 100","AUS","AUS",2024-01-24,61.4,"D","Index","Indicative","RBA","Daily","F11.1 Exchange Rates","Australian Dollar Trade-weighted Index"
"15827","FXRTWI","Trade-weighted Index May 1970 = 100","AUS","AUS",2024-01-25,61.3,"D","Index","Indicative","RBA","Daily","F11.1 Exchange Rates","Australian Dollar Trade-weighted Index"
"15828","FXRTWI","Trade-weighted Index May 1970 = 100","AUS","AUS",2024-01-29,61.5,"D","Index","Indicative","RBA","Daily","F11.1 Exchange Rates","Australian Dollar Trade-weighted Index"
"15829","FXRTWI","Trade-weighted Index May 1970 = 100","AUS","AUS",2024-01-30,61.6,"D","Index","Indicative","RBA","Daily","F11.1 Exchange Rates","Australian Dollar Trade-weighted Index"
"15830","FIRMMCRT","Cash Rate Target","AUS","AUS",2024-01-31,4.35,"M","Per cent","Original","RBA","Monthly","F1.1 Interest Rates And Yields - Money Market","Cash Rate Target; monthly average"
"15831","FXRTWI","Trade-weighted Index May 1970 = 100","AUS","AUS",2024-01-31,61.4,"D","Index","Indicative","RBA","Daily","F11.1 Exchange Rates","Australian Dollar Trade-weighted Index"
"15832","FXRTWI","Trade-weighted Index May 1970 = 100","AUS","AUS",2024-01-31,61.4,"M","Index","Indicative","RBA","Monthly","F11 Exchange Rates","Australian Dollar Trade-weighted Index"
"15833","GRCPAISDR","Commodity prices – SDR","AUS","AUS",2024-01-31,106.090433797719,"M","Index, 2023/24=100","Original","RBA","Monthly","I2 Commodity Prices","Index of commodity prices; All items; SDR"
"15834","A124874157C","Business Turnover Index ; Total of 13 in-scope ANZSIC divisions ; Current Price ;","AUS","AUS",2024-02-01,130.6,"M","Index Numbers","Seasonally Adjusted",NA,"Monthly","Table 01: Business turnover indicator, 13 industry summary - Monthly percentage change and index",NA
"15835","A2718577A","Credits, Total goods ;","AUS","AUS",2024-02-01,45308,"M","$ Millions","Seasonally Adjusted",NA,"Monthly","TABLE 1. GOODS, Summary: Seasonally adjusted and trend estimates, Current prices",NA
"15836","A2718594C","Balance on goods ;","AUS","AUS",2024-02-01,7624,"M","$ Millions","Seasonally Adjusted",NA,"Monthly","TABLE 1. GOODS, Summary: Seasonally adjusted and trend estimates, Current prices",NA
"15837","FXRTWI","Trade-weighted Index May 1970 = 100","AUS","AUS",2024-02-01,61.1,"D","Index","Indicative","RBA","Daily","F11.1 Exchange Rates","Australian Dollar Trade-weighted Index"
"15838","FXRTWI","Trade-weighted Index May 1970 = 100","AUS","AUS",2024-02-02,61.4,"D","Index","Indicative","RBA","Daily","F11.1 Exchange Rates","Australian Dollar Trade-weighted Index"
"15839","FXRTWI","Trade-weighted Index May 1970 = 100","AUS","AUS",2024-02-05,60.9,"D","Index","Indicative","RBA","Daily","F11.1 Exchange Rates","Australian Dollar Trade-weighted Index"
"15840","FXRTWI","Trade-weighted Index May 1970 = 100","AUS","AUS",2024-02-06,60.9,"D","Index","Indicative","RBA","Daily","F11.1 Exchange Rates","Australian Dollar Trade-weighted Index"
"15841","FXRTWI","Trade-weighted Index May 1970 = 100","AUS","AUS",2024-02-07,61,"D","Index","Indicative","RBA","Daily","F11.1 Exchange Rates","Australian Dollar Trade-weighted Index"
"15842","FXRTWI","Trade-weighted Index May 1970 = 100","AUS","AUS",2024-02-08,61,"D","Index","Indicative","RBA","Daily","F11.1 Exchange Rates","Australian Dollar Trade-weighted Index"
"15843","FXRTWI","Trade-weighted Index May 1970 = 100","AUS","AUS",2024-02-09,60.8,"D","Index","Indicative","RBA","Daily","F11.1 Exchange Rates","Australian Dollar Trade-weighted Index"
"15844","FXRTWI","Trade-weighted Index May 1970 = 100","AUS","AUS",2024-02-12,61,"D","Index","Indicative","RBA","Daily","F11.1 Exchange Rates","Australian Dollar Trade-weighted Index"
"15845","FXRTWI","Trade-weighted Index May 1970 = 100","AUS","AUS",2024-02-13,61,"D","Index","Indicative","RBA","Daily","F11.1 Exchange Rates","Australian Dollar Trade-weighted Index"
"15846","FXRTWI","Trade-weighted Index May 1970 = 100","AUS","AUS",2024-02-14,60.7,"D","Index","Indicative","RBA","Daily","F11.1 Exchange Rates","Australian Dollar Trade-weighted Index"
"15847","FXRTWI","Trade-weighted Index May 1970 = 100","AUS","AUS",2024-02-15,60.8,"D","Index","Indicative","RBA","Daily","F11.1 Exchange Rates","Australian Dollar Trade-weighted Index"
"15848","FXRTWI","Trade-weighted Index May 1970 = 100","AUS","AUS",2024-02-16,61.1,"D","Index","Indicative","RBA","Daily","F11.1 Exchange Rates","Australian Dollar Trade-weighted Index"
"15849","FXRTWI","Trade-weighted Index May 1970 = 100","AUS","AUS",2024-02-19,61.3,"D","Index","Indicative","RBA","Daily","F11.1 Exchange Rates","Australian Dollar Trade-weighted Index"
"15850","FXRTWI","Trade-weighted Index May 1970 = 100","AUS","AUS",2024-02-20,61.3,"D","Index","Indicative","RBA","Daily","F11.1 Exchange Rates","Australian Dollar Trade-weighted Index"
"15851","FXRTWI","Trade-weighted Index May 1970 = 100","AUS","AUS",2024-02-21,61.5,"D","Index","Indicative","RBA","Daily","F11.1 Exchange Rates","Australian Dollar Trade-weighted Index"
"15852","FXRTWI","Trade-weighted Index May 1970 = 100","AUS","AUS",2024-02-22,61.4,"D","Index","Indicative","RBA","Daily","F11.1 Exchange Rates","Australian Dollar Trade-weighted Index"
"15853","FXRTWI","Trade-weighted Index May 1970 = 100","AUS","AUS",2024-02-23,61.5,"D","Index","Indicative","RBA","Daily","F11.1 Exchange Rates","Australian Dollar Trade-weighted Index"
"15854","FXRTWI","Trade-weighted Index May 1970 = 100","AUS","AUS",2024-02-26,61.4,"D","Index","Indicative","RBA","Daily","F11.1 Exchange Rates","Australian Dollar Trade-weighted Index"
"15855","FXRTWI","Trade-weighted Index May 1970 = 100","AUS","AUS",2024-02-27,61.3,"D","Index","Indicative","RBA","Daily","F11.1 Exchange Rates","Australian Dollar Trade-weighted Index"
"15856","FXRTWI","Trade-weighted Index May 1970 = 100","AUS","AUS",2024-02-28,61.1,"D","Index","Indicative","RBA","Daily","F11.1 Exchange Rates","Australian Dollar Trade-weighted Index"
"15857","FIRMMCRT","Cash Rate Target","AUS","AUS",2024-02-29,4.35,"M","Per cent","Original","RBA","Monthly","F1.1 Interest Rates And Yields - Money Market","Cash Rate Target; monthly average"
"15858","FXRTWI","Trade-weighted Index May 1970 = 100","AUS","AUS",2024-02-29,61.1,"D","Index","Indicative","RBA","Daily","F11.1 Exchange Rates","Australian Dollar Trade-weighted Index"
"15859","FXRTWI","Trade-weighted Index May 1970 = 100","AUS","AUS",2024-02-29,61.1,"M","Index","Indicative","RBA","Monthly","F11 Exchange Rates","Australian Dollar Trade-weighted Index"
"15860","GRCPAISDR","Commodity prices – SDR","AUS","AUS",2024-02-29,103.908608860816,"M","Index, 2023/24=100","Original","RBA","Monthly","I2 Commodity Prices","Index of commodity prices; All items; SDR"
"15861","A124874157C","Business Turnover Index ; Total of 13 in-scope ANZSIC divisions ; Current Price ;","AUS","AUS",2024-03-01,131.6,"M","Index Numbers","Seasonally Adjusted",NA,"Monthly","Table 01: Business turnover indicator, 13 industry summary - Monthly percentage change and index",NA
"15862","A2302956R","South Australia ; STATE FINAL DEMAND ;","SA","SA",2024-03-01,39423,"Q","$ Millions","Seasonally Adjusted",NA,"Quarterly","Table 25. State Final Demand, Summary Components by State: Chain volume measures",NA
"15863","A2302984X","Western Australia ; STATE FINAL DEMAND ;","WA","WA",2024-03-01,72846,"Q","$ Millions","Seasonally Adjusted",NA,"Quarterly","Table 25. State Final Demand, Summary Components by State: Chain volume measures",NA
"15864","A2303012X","Tasmania ; STATE FINAL DEMAND ;","TAS","TAS",2024-03-01,12083,"Q","$ Millions","Seasonally Adjusted",NA,"Quarterly","Table 25. State Final Demand, Summary Components by State: Chain volume measures",NA
"15865","A2303040J","Northern Territory ; STATE FINAL DEMAND ;","NT","NT",2024-03-01,8110,"Q","$ Millions","Seasonally Adjusted",NA,"Quarterly","Table 25. State Final Demand, Summary Components by State: Chain volume measures",NA
"15866","A2303068K","Australian Capital Territory ; STATE FINAL DEMAND ;","ACT","ACT",2024-03-01,18846,"Q","$ Millions","Seasonally Adjusted",NA,"Quarterly","Table 25. State Final Demand, Summary Components by State: Chain volume measures",NA
"15867","A2303111F","New South Wales ; STATE FINAL DEMAND ;","NSW","NSW",2024-03-01,195054,"Q","$ Millions","Seasonally Adjusted",NA,"Quarterly","Table 25. State Final Demand, Summary Components by State: Chain volume measures",NA
"15868","A2303139J","Victoria ; STATE FINAL DEMAND ;","VIC","VIC",2024-03-01,156447,"Q","$ Millions","Seasonally Adjusted",NA,"Quarterly","Table 25. State Final Demand, Summary Components by State: Chain volume measures",NA
"15869","A2303187A","Queensland ; STATE FINAL DEMAND ;","QLD","QLD",2024-03-01,122282,"Q","$ Millions","Seasonally Adjusted",NA,"Quarterly","Table 25. State Final Demand, Summary Components by State: Chain volume measures",NA
"15870","A2304418T","Gross domestic product: Current prices ;","AUS","AUS",2024-03-01,674531,"Q","$ Millions","Seasonally Adjusted",NA,"Quarterly","Table 1. Key National Accounts Aggregates",NA
"15871","A2325846C","Index Numbers ; All groups CPI ; Australia ;","AUS","AUS",2024-03-01,137.4,"Q","Index Numbers","Original",NA,"Quarterly","TABLES 1 and 2. CPI: All Groups, Index Numbers and Percentage Changes",NA
"15872","A2718577A","Credits, Total goods ;","AUS","AUS",2024-03-01,42912,"M","$ Millions","Seasonally Adjusted",NA,"Monthly","TABLE 1. GOODS, Summary: Seasonally adjusted and trend estimates, Current prices",NA
"15873","A2718594C","Balance on goods ;","AUS","AUS",2024-03-01,3704,"M","$ Millions","Seasonally Adjusted",NA,"Monthly","TABLE 1. GOODS, Summary: Seasonally adjusted and trend estimates, Current prices",NA
"15874","FXRTWI","Trade-weighted Index May 1970 = 100","AUS","AUS",2024-03-01,61,"D","Index","Indicative","RBA","Daily","F11.1 Exchange Rates","Australian Dollar Trade-weighted Index"
"15875","FXRTWI","Trade-weighted Index May 1970 = 100","AUS","AUS",2024-03-04,61.1,"D","Index","Indicative","RBA","Daily","F11.1 Exchange Rates","Australian Dollar Trade-weighted Index"
"15876","FXRTWI","Trade-weighted Index May 1970 = 100","AUS","AUS",2024-03-05,60.9,"D","Index","Indicative","RBA","Daily","F11.1 Exchange Rates","Australian Dollar Trade-weighted Index"
"15877","FXRTWI","Trade-weighted Index May 1970 = 100","AUS","AUS",2024-03-06,61,"D","Index","Indicative","RBA","Daily","F11.1 Exchange Rates","Australian Dollar Trade-weighted Index"
"15878","FXRTWI","Trade-weighted Index May 1970 = 100","AUS","AUS",2024-03-07,61.5,"D","Index","Indicative","RBA","Daily","F11.1 Exchange Rates","Australian Dollar Trade-weighted Index"
"15879","FXRTWI","Trade-weighted Index May 1970 = 100","AUS","AUS",2024-03-08,61.7,"D","Index","Indicative","RBA","Daily","F11.1 Exchange Rates","Australian Dollar Trade-weighted Index"
"15880","FXRTWI","Trade-weighted Index May 1970 = 100","AUS","AUS",2024-03-11,61.5,"D","Index","Indicative","RBA","Daily","F11.1 Exchange Rates","Australian Dollar Trade-weighted Index"
"15881","FXRTWI","Trade-weighted Index May 1970 = 100","AUS","AUS",2024-03-12,61.5,"D","Index","Indicative","RBA","Daily","F11.1 Exchange Rates","Australian Dollar Trade-weighted Index"
"15882","FXRTWI","Trade-weighted Index May 1970 = 100","AUS","AUS",2024-03-13,61.6,"D","Index","Indicative","RBA","Daily","F11.1 Exchange Rates","Australian Dollar Trade-weighted Index"
"15883","FXRTWI","Trade-weighted Index May 1970 = 100","AUS","AUS",2024-03-14,61.6,"D","Index","Indicative","RBA","Daily","F11.1 Exchange Rates","Australian Dollar Trade-weighted Index"
"15884","FXRTWI","Trade-weighted Index May 1970 = 100","AUS","AUS",2024-03-15,61.3,"D","Index","Indicative","RBA","Daily","F11.1 Exchange Rates","Australian Dollar Trade-weighted Index"
"15885","FXRTWI","Trade-weighted Index May 1970 = 100","AUS","AUS",2024-03-18,61.4,"D","Index","Indicative","RBA","Daily","F11.1 Exchange Rates","Australian Dollar Trade-weighted Index"
"15886","FXRTWI","Trade-weighted Index May 1970 = 100","AUS","AUS",2024-03-19,61.2,"D","Index","Indicative","RBA","Daily","F11.1 Exchange Rates","Australian Dollar Trade-weighted Index"
"15887","FXRTWI","Trade-weighted Index May 1970 = 100","AUS","AUS",2024-03-20,61.3,"D","Index","Indicative","RBA","Daily","F11.1 Exchange Rates","Australian Dollar Trade-weighted Index"
"15888","FXRTWI","Trade-weighted Index May 1970 = 100","AUS","AUS",2024-03-21,62,"D","Index","Indicative","RBA","Daily","F11.1 Exchange Rates","Australian Dollar Trade-weighted Index"
"15889","FXRTWI","Trade-weighted Index May 1970 = 100","AUS","AUS",2024-03-22,61.4,"D","Index","Indicative","RBA","Daily","F11.1 Exchange Rates","Australian Dollar Trade-weighted Index"
"15890","FXRTWI","Trade-weighted Index May 1970 = 100","AUS","AUS",2024-03-25,61.4,"D","Index","Indicative","RBA","Daily","F11.1 Exchange Rates","Australian Dollar Trade-weighted Index"
"15891","FXRTWI","Trade-weighted Index May 1970 = 100","AUS","AUS",2024-03-26,61.5,"D","Index","Indicative","RBA","Daily","F11.1 Exchange Rates","Australian Dollar Trade-weighted Index"
"15892","FXRTWI","Trade-weighted Index May 1970 = 100","AUS","AUS",2024-03-27,61.5,"D","Index","Indicative","RBA","Daily","F11.1 Exchange Rates","Australian Dollar Trade-weighted Index"
"15893","FXRTWI","Trade-weighted Index May 1970 = 100","AUS","AUS",2024-03-28,61.5,"D","Index","Indicative","RBA","Daily","F11.1 Exchange Rates","Australian Dollar Trade-weighted Index"
"15894","FXRTWI","Trade-weighted Index May 1970 = 100","AUS","AUS",2024-03-28,61.5,"M","Index","Indicative","RBA","Monthly","F11 Exchange Rates","Australian Dollar Trade-weighted Index"
"15895","FIRMMCRT","Cash Rate Target","AUS","AUS",2024-03-31,4.35,"M","Per cent","Original","RBA","Monthly","F1.1 Interest Rates And Yields - Money Market","Cash Rate Target; monthly average"
"15896","GCPIOCPMTMQP","Quarterly trimmed mean inflation","AUS","AUS",2024-03-31,1,"Q","Per cent","Seasonally Adjusted","ABS","Quarterly","G1 Consumer Price Inflation","Consumer price index; Trimmed mean; Quarterly change (in per cent)"
"15897","GRCPAISDR","Commodity prices – SDR","AUS","AUS",2024-03-31,98.0847158746543,"M","Index, 2023/24=100","Original","RBA","Monthly","I2 Commodity Prices","Index of commodity prices; All items; SDR"
"15898","A124874157C","Business Turnover Index ; Total of 13 in-scope ANZSIC divisions ; Current Price ;","AUS","AUS",2024-04-01,133.2,"M","Index Numbers","Seasonally Adjusted",NA,"Monthly","Table 01: Business turnover indicator, 13 industry summary - Monthly percentage change and index",NA
"15899","A2718577A","Credits, Total goods ;","AUS","AUS",2024-04-01,42364,"M","$ Millions","Seasonally Adjusted",NA,"Monthly","TABLE 1. GOODS, Summary: Seasonally adjusted and trend estimates, Current prices",NA
"15900","A2718594C","Balance on goods ;","AUS","AUS",2024-04-01,5753,"M","$ Millions","Seasonally Adjusted",NA,"Monthly","TABLE 1. GOODS, Summary: Seasonally adjusted and trend estimates, Current prices",NA
"15901","FXRTWI","Trade-weighted Index May 1970 = 100","AUS","AUS",2024-04-02,61.3,"D","Index","Indicative","RBA","Daily","F11.1 Exchange Rates","Australian Dollar Trade-weighted Index"
"15902","FXRTWI","Trade-weighted Index May 1970 = 100","AUS","AUS",2024-04-03,61.5,"D","Index","Indicative","RBA","Daily","F11.1 Exchange Rates","Australian Dollar Trade-weighted Index"
"15903","FXRTWI","Trade-weighted Index May 1970 = 100","AUS","AUS",2024-04-04,62.1,"D","Index","Indicative","RBA","Daily","F11.1 Exchange Rates","Australian Dollar Trade-weighted Index"
"15904","FXRTWI","Trade-weighted Index May 1970 = 100","AUS","AUS",2024-04-05,62,"D","Index","Indicative","RBA","Daily","F11.1 Exchange Rates","Australian Dollar Trade-weighted Index"
"15905","FXRTWI","Trade-weighted Index May 1970 = 100","AUS","AUS",2024-04-08,62.1,"D","Index","Indicative","RBA","Daily","F11.1 Exchange Rates","Australian Dollar Trade-weighted Index"
"15906","FXRTWI","Trade-weighted Index May 1970 = 100","AUS","AUS",2024-04-09,62.3,"D","Index","Indicative","RBA","Daily","F11.1 Exchange Rates","Australian Dollar Trade-weighted Index"
"15907","FXRTWI","Trade-weighted Index May 1970 = 100","AUS","AUS",2024-04-10,62.4,"D","Index","Indicative","RBA","Daily","F11.1 Exchange Rates","Australian Dollar Trade-weighted Index"
"15908","FXRTWI","Trade-weighted Index May 1970 = 100","AUS","AUS",2024-04-11,61.7,"D","Index","Indicative","RBA","Daily","F11.1 Exchange Rates","Australian Dollar Trade-weighted Index"
"15909","FXRTWI","Trade-weighted Index May 1970 = 100","AUS","AUS",2024-04-12,61.8,"D","Index","Indicative","RBA","Daily","F11.1 Exchange Rates","Australian Dollar Trade-weighted Index"
"15910","FXRTWI","Trade-weighted Index May 1970 = 100","AUS","AUS",2024-04-15,61.6,"D","Index","Indicative","RBA","Daily","F11.1 Exchange Rates","Australian Dollar Trade-weighted Index"
"15911","FXRTWI","Trade-weighted Index May 1970 = 100","AUS","AUS",2024-04-16,61.2,"D","Index","Indicative","RBA","Daily","F11.1 Exchange Rates","Australian Dollar Trade-weighted Index"
"15912","FXRTWI","Trade-weighted Index May 1970 = 100","AUS","AUS",2024-04-17,61.1,"D","Index","Indicative","RBA","Daily","F11.1 Exchange Rates","Australian Dollar Trade-weighted Index"
"15913","FXRTWI","Trade-weighted Index May 1970 = 100","AUS","AUS",2024-04-18,61.3,"D","Index","Indicative","RBA","Daily","F11.1 Exchange Rates","Australian Dollar Trade-weighted Index"
"15914","FXRTWI","Trade-weighted Index May 1970 = 100","AUS","AUS",2024-04-19,60.9,"D","Index","Indicative","RBA","Daily","F11.1 Exchange Rates","Australian Dollar Trade-weighted Index"
"15915","FXRTWI","Trade-weighted Index May 1970 = 100","AUS","AUS",2024-04-22,61.3,"D","Index","Indicative","RBA","Daily","F11.1 Exchange Rates","Australian Dollar Trade-weighted Index"
"15916","FXRTWI","Trade-weighted Index May 1970 = 100","AUS","AUS",2024-04-23,61.5,"D","Index","Indicative","RBA","Daily","F11.1 Exchange Rates","Australian Dollar Trade-weighted Index"
"15917","FXRTWI","Trade-weighted Index May 1970 = 100","AUS","AUS",2024-04-24,62,"D","Index","Indicative","RBA","Daily","F11.1 Exchange Rates","Australian Dollar Trade-weighted Index"
"15918","FXRTWI","Trade-weighted Index May 1970 = 100","AUS","AUS",2024-04-26,62.3,"D","Index","Indicative","RBA","Daily","F11.1 Exchange Rates","Australian Dollar Trade-weighted Index"
"15919","FXRTWI","Trade-weighted Index May 1970 = 100","AUS","AUS",2024-04-29,62.6,"D","Index","Indicative","RBA","Daily","F11.1 Exchange Rates","Australian Dollar Trade-weighted Index"
"15920","FIRMMCRT","Cash Rate Target","AUS","AUS",2024-04-30,4.35,"M","Per cent","Original","RBA","Monthly","F1.1 Interest Rates And Yields - Money Market","Cash Rate Target; monthly average"
"15921","FXRTWI","Trade-weighted Index May 1970 = 100","AUS","AUS",2024-04-30,62.2,"D","Index","Indicative","RBA","Daily","F11.1 Exchange Rates","Australian Dollar Trade-weighted Index"
"15922","FXRTWI","Trade-weighted Index May 1970 = 100","AUS","AUS",2024-04-30,62.2,"M","Index","Indicative","RBA","Monthly","F11 Exchange Rates","Australian Dollar Trade-weighted Index"
"15923","GRCPAISDR","Commodity prices – SDR","AUS","AUS",2024-04-30,95.7822968871305,"M","Index, 2023/24=100","Original","RBA","Monthly","I2 Commodity Prices","Index of commodity prices; All items; SDR"
"15924","A124874157C","Business Turnover Index ; Total of 13 in-scope ANZSIC divisions ; Current Price ;","AUS","AUS",2024-05-01,133,"M","Index Numbers","Seasonally Adjusted",NA,"Monthly","Table 01: Business turnover indicator, 13 industry summary - Monthly percentage change and index",NA
"15925","A2718577A","Credits, Total goods ;","AUS","AUS",2024-05-01,42955,"M","$ Millions","Seasonally Adjusted",NA,"Monthly","TABLE 1. GOODS, Summary: Seasonally adjusted and trend estimates, Current prices",NA
"15926","A2718594C","Balance on goods ;","AUS","AUS",2024-05-01,5274,"M","$ Millions","Seasonally Adjusted",NA,"Monthly","TABLE 1. GOODS, Summary: Seasonally adjusted and trend estimates, Current prices",NA
"15927","FXRTWI","Trade-weighted Index May 1970 = 100","AUS","AUS",2024-05-01,61.8,"D","Index","Indicative","RBA","Daily","F11.1 Exchange Rates","Australian Dollar Trade-weighted Index"
"15928","FXRTWI","Trade-weighted Index May 1970 = 100","AUS","AUS",2024-05-02,62.3,"D","Index","Indicative","RBA","Daily","F11.1 Exchange Rates","Australian Dollar Trade-weighted Index"
"15929","FXRTWI","Trade-weighted Index May 1970 = 100","AUS","AUS",2024-05-03,62.3,"D","Index","Indicative","RBA","Daily","F11.1 Exchange Rates","Australian Dollar Trade-weighted Index"
"15930","FXRTWI","Trade-weighted Index May 1970 = 100","AUS","AUS",2024-05-06,62.6,"D","Index","Indicative","RBA","Daily","F11.1 Exchange Rates","Australian Dollar Trade-weighted Index"
"15931","FXRTWI","Trade-weighted Index May 1970 = 100","AUS","AUS",2024-05-07,62.5,"D","Index","Indicative","RBA","Daily","F11.1 Exchange Rates","Australian Dollar Trade-weighted Index"
"15932","FXRTWI","Trade-weighted Index May 1970 = 100","AUS","AUS",2024-05-08,62.4,"D","Index","Indicative","RBA","Daily","F11.1 Exchange Rates","Australian Dollar Trade-weighted Index"
"15933","FXRTWI","Trade-weighted Index May 1970 = 100","AUS","AUS",2024-05-09,62.5,"D","Index","Indicative","RBA","Daily","F11.1 Exchange Rates","Australian Dollar Trade-weighted Index"
"15934","FXRTWI","Trade-weighted Index May 1970 = 100","AUS","AUS",2024-05-10,62.7,"D","Index","Indicative","RBA","Daily","F11.1 Exchange Rates","Australian Dollar Trade-weighted Index"
"15935","FXRTWI","Trade-weighted Index May 1970 = 100","AUS","AUS",2024-05-13,62.6,"D","Index","Indicative","RBA","Daily","F11.1 Exchange Rates","Australian Dollar Trade-weighted Index"
"15936","FXRTWI","Trade-weighted Index May 1970 = 100","AUS","AUS",2024-05-14,62.7,"D","Index","Indicative","RBA","Daily","F11.1 Exchange Rates","Australian Dollar Trade-weighted Index"
"15937","FXRTWI","Trade-weighted Index May 1970 = 100","AUS","AUS",2024-05-15,63,"D","Index","Indicative","RBA","Daily","F11.1 Exchange Rates","Australian Dollar Trade-weighted Index"
"15938","FXRTWI","Trade-weighted Index May 1970 = 100","AUS","AUS",2024-05-16,63,"D","Index","Indicative","RBA","Daily","F11.1 Exchange Rates","Australian Dollar Trade-weighted Index"
"15939","FXRTWI","Trade-weighted Index May 1970 = 100","AUS","AUS",2024-05-17,63.1,"D","Index","Indicative","RBA","Daily","F11.1 Exchange Rates","Australian Dollar Trade-weighted Index"
"15940","FXRTWI","Trade-weighted Index May 1970 = 100","AUS","AUS",2024-05-20,63.4,"D","Index","Indicative","RBA","Daily","F11.1 Exchange Rates","Australian Dollar Trade-weighted Index"
"15941","FXRTWI","Trade-weighted Index May 1970 = 100","AUS","AUS",2024-05-21,63.1,"D","Index","Indicative","RBA","Daily","F11.1 Exchange Rates","Australian Dollar Trade-weighted Index"
"15942","FXRTWI","Trade-weighted Index May 1970 = 100","AUS","AUS",2024-05-22,63.2,"D","Index","Indicative","RBA","Daily","F11.1 Exchange Rates","Australian Dollar Trade-weighted Index"
"15943","FXRTWI","Trade-weighted Index May 1970 = 100","AUS","AUS",2024-05-23,62.8,"D","Index","Indicative","RBA","Daily","F11.1 Exchange Rates","Australian Dollar Trade-weighted Index"
"15944","FXRTWI","Trade-weighted Index May 1970 = 100","AUS","AUS",2024-05-24,62.7,"D","Index","Indicative","RBA","Daily","F11.1 Exchange Rates","Australian Dollar Trade-weighted Index"
"15945","FXRTWI","Trade-weighted Index May 1970 = 100","AUS","AUS",2024-05-27,62.9,"D","Index","Indicative","RBA","Daily","F11.1 Exchange Rates","Australian Dollar Trade-weighted Index"
"15946","FXRTWI","Trade-weighted Index May 1970 = 100","AUS","AUS",2024-05-28,63.1,"D","Index","Indicative","RBA","Daily","F11.1 Exchange Rates","Australian Dollar Trade-weighted Index"
"15947","FXRTWI","Trade-weighted Index May 1970 = 100","AUS","AUS",2024-05-29,63.1,"D","Index","Indicative","RBA","Daily","F11.1 Exchange Rates","Australian Dollar Trade-weighted Index"
"15948","FXRTWI","Trade-weighted Index May 1970 = 100","AUS","AUS",2024-05-30,62.7,"D","Index","Indicative","RBA","Daily","F11.1 Exchange Rates","Australian Dollar Trade-weighted Index"
"15949","FIRMMCRT","Cash Rate Target","AUS","AUS",2024-05-31,4.35,"M","Per cent","Original","RBA","Monthly","F1.1 Interest Rates And Yields - Money Market","Cash Rate Target; monthly average"
"15950","FXRTWI","Trade-weighted Index May 1970 = 100","AUS","AUS",2024-05-31,63.1,"D","Index","Indicative","RBA","Daily","F11.1 Exchange Rates","Australian Dollar Trade-weighted Index"
"15951","FXRTWI","Trade-weighted Index May 1970 = 100","AUS","AUS",2024-05-31,63.1,"M","Index","Indicative","RBA","Monthly","F11 Exchange Rates","Australian Dollar Trade-weighted Index"
"15952","GRCPAISDR","Commodity prices – SDR","AUS","AUS",2024-05-31,96.7986409932242,"M","Index, 2023/24=100","Original","RBA","Monthly","I2 Commodity Prices","Index of commodity prices; All items; SDR"
"15953","A124874157C","Business Turnover Index ; Total of 13 in-scope ANZSIC divisions ; Current Price ;","AUS","AUS",2024-06-01,133.4,"M","Index Numbers","Seasonally Adjusted",NA,"Monthly","Table 01: Business turnover indicator, 13 industry summary - Monthly percentage change and index",NA
"15954","A2302956R","South Australia ; STATE FINAL DEMAND ;","SA","SA",2024-06-01,39783,"Q","$ Millions","Seasonally Adjusted",NA,"Quarterly","Table 25. State Final Demand, Summary Components by State: Chain volume measures",NA
"15955","A2302984X","Western Australia ; STATE FINAL DEMAND ;","WA","WA",2024-06-01,73660,"Q","$ Millions","Seasonally Adjusted",NA,"Quarterly","Table 25. State Final Demand, Summary Components by State: Chain volume measures",NA
"15956","A2303012X","Tasmania ; STATE FINAL DEMAND ;","TAS","TAS",2024-06-01,12147,"Q","$ Millions","Seasonally Adjusted",NA,"Quarterly","Table 25. State Final Demand, Summary Components by State: Chain volume measures",NA
"15957","A2303040J","Northern Territory ; STATE FINAL DEMAND ;","NT","NT",2024-06-01,8500,"Q","$ Millions","Seasonally Adjusted",NA,"Quarterly","Table 25. State Final Demand, Summary Components by State: Chain volume measures",NA
"15958","A2303068K","Australian Capital Territory ; STATE FINAL DEMAND ;","ACT","ACT",2024-06-01,19163,"Q","$ Millions","Seasonally Adjusted",NA,"Quarterly","Table 25. State Final Demand, Summary Components by State: Chain volume measures",NA
"15959","A2303111F","New South Wales ; STATE FINAL DEMAND ;","NSW","NSW",2024-06-01,194283,"Q","$ Millions","Seasonally Adjusted",NA,"Quarterly","Table 25. State Final Demand, Summary Components by State: Chain volume measures",NA
"15960","A2303139J","Victoria ; STATE FINAL DEMAND ;","VIC","VIC",2024-06-01,157319,"Q","$ Millions","Seasonally Adjusted",NA,"Quarterly","Table 25. State Final Demand, Summary Components by State: Chain volume measures",NA
"15961","A2303187A","Queensland ; STATE FINAL DEMAND ;","QLD","QLD",2024-06-01,122787,"Q","$ Millions","Seasonally Adjusted",NA,"Quarterly","Table 25. State Final Demand, Summary Components by State: Chain volume measures",NA
"15962","A2304418T","Gross domestic product: Current prices ;","AUS","AUS",2024-06-01,676700,"Q","$ Millions","Seasonally Adjusted",NA,"Quarterly","Table 1. Key National Accounts Aggregates",NA
"15963","A2325846C","Index Numbers ; All groups CPI ; Australia ;","AUS","AUS",2024-06-01,138.8,"Q","Index Numbers","Original",NA,"Quarterly","TABLES 1 and 2. CPI: All Groups, Index Numbers and Percentage Changes",NA
"15964","A2336320R","New South Wales ; Gross state product: Current prices ;","NSW","NSW",2024-06-01,820790,"Annual","$ Millions","Original",NA,"Annual","Table 1. Gross State Product, Chain volume measures and current prices",NA
"15965","A2336321T","Victoria ; Gross state product: Current prices ;","VIC","VIC",2024-06-01,606096,"Annual","$ Millions","Original",NA,"Annual","Table 1. Gross State Product, Chain volume measures and current prices",NA
"15966","A2336322V","Queensland ; Gross state product: Current prices ;","QLD","QLD",2024-06-01,510694,"Annual","$ Millions","Original",NA,"Annual","Table 1. Gross State Product, Chain volume measures and current prices",NA
"15967","A2336323W","South Australia ; Gross state product: Current prices ;","SA","SA",2024-06-01,148746,"Annual","$ Millions","Original",NA,"Annual","Table 1. Gross State Product, Chain volume measures and current prices",NA
"15968","A2336324X","Western Australia ; Gross state product: Current prices ;","WA","WA",2024-06-01,455707,"Annual","$ Millions","Original",NA,"Annual","Table 1. Gross State Product, Chain volume measures and current prices",NA
"15969","A2336325A","Tasmania ; Gross state product: Current prices ;","TAS","TAS",2024-06-01,42062,"Annual","$ Millions","Original",NA,"Annual","Table 1. Gross State Product, Chain volume measures and current prices",NA
"15970","A2336326C","Northern Territory ; Gross state product: Current prices ;","NT","NT",2024-06-01,33132,"Annual","$ Millions","Original",NA,"Annual","Table 1. Gross State Product, Chain volume measures and current prices",NA
"15971","A2336327F","Australian Capital Territory ; Gross state product: Current prices ;","ACT","ACT",2024-06-01,55431,"Annual","$ Millions","Original",NA,"Annual","Table 1. Gross State Product, Chain volume measures and current prices",NA
"15972","A2718577A","Credits, Total goods ;","AUS","AUS",2024-06-01,43281,"M","$ Millions","Seasonally Adjusted",NA,"Monthly","TABLE 1. GOODS, Summary: Seasonally adjusted and trend estimates, Current prices",NA
"15973","A2718594C","Balance on goods ;","AUS","AUS",2024-06-01,5375,"M","$ Millions","Seasonally Adjusted",NA,"Monthly","TABLE 1. GOODS, Summary: Seasonally adjusted and trend estimates, Current prices",NA
"15974","FXRTWI","Trade-weighted Index May 1970 = 100","AUS","AUS",2024-06-03,63.1,"D","Index","Indicative","RBA","Daily","F11.1 Exchange Rates","Australian Dollar Trade-weighted Index"
"15975","FXRTWI","Trade-weighted Index May 1970 = 100","AUS","AUS",2024-06-04,63.2,"D","Index","Indicative","RBA","Daily","F11.1 Exchange Rates","Australian Dollar Trade-weighted Index"
"15976","FXRTWI","Trade-weighted Index May 1970 = 100","AUS","AUS",2024-06-05,63.1,"D","Index","Indicative","RBA","Daily","F11.1 Exchange Rates","Australian Dollar Trade-weighted Index"
"15977","FXRTWI","Trade-weighted Index May 1970 = 100","AUS","AUS",2024-06-06,63.1,"D","Index","Indicative","RBA","Daily","F11.1 Exchange Rates","Australian Dollar Trade-weighted Index"
"15978","FXRTWI","Trade-weighted Index May 1970 = 100","AUS","AUS",2024-06-07,63.2,"D","Index","Indicative","RBA","Daily","F11.1 Exchange Rates","Australian Dollar Trade-weighted Index"
"15979","FXRTWI","Trade-weighted Index May 1970 = 100","AUS","AUS",2024-06-11,62.8,"D","Index","Indicative","RBA","Daily","F11.1 Exchange Rates","Australian Dollar Trade-weighted Index"
"15980","FXRTWI","Trade-weighted Index May 1970 = 100","AUS","AUS",2024-06-12,63,"D","Index","Indicative","RBA","Daily","F11.1 Exchange Rates","Australian Dollar Trade-weighted Index"
"15981","FXRTWI","Trade-weighted Index May 1970 = 100","AUS","AUS",2024-06-13,63.1,"D","Index","Indicative","RBA","Daily","F11.1 Exchange Rates","Australian Dollar Trade-weighted Index"
"15982","FXRTWI","Trade-weighted Index May 1970 = 100","AUS","AUS",2024-06-14,63.1,"D","Index","Indicative","RBA","Daily","F11.1 Exchange Rates","Australian Dollar Trade-weighted Index"
"15983","FXRTWI","Trade-weighted Index May 1970 = 100","AUS","AUS",2024-06-17,62.9,"D","Index","Indicative","RBA","Daily","F11.1 Exchange Rates","Australian Dollar Trade-weighted Index"
"15984","FXRTWI","Trade-weighted Index May 1970 = 100","AUS","AUS",2024-06-18,63.1,"D","Index","Indicative","RBA","Daily","F11.1 Exchange Rates","Australian Dollar Trade-weighted Index"
"15985","FXRTWI","Trade-weighted Index May 1970 = 100","AUS","AUS",2024-06-19,63.5,"D","Index","Indicative","RBA","Daily","F11.1 Exchange Rates","Australian Dollar Trade-weighted Index"
"15986","FXRTWI","Trade-weighted Index May 1970 = 100","AUS","AUS",2024-06-20,63.5,"D","Index","Indicative","RBA","Daily","F11.1 Exchange Rates","Australian Dollar Trade-weighted Index"
"15987","FXRTWI","Trade-weighted Index May 1970 = 100","AUS","AUS",2024-06-21,63.6,"D","Index","Indicative","RBA","Daily","F11.1 Exchange Rates","Australian Dollar Trade-weighted Index"
"15988","FXRTWI","Trade-weighted Index May 1970 = 100","AUS","AUS",2024-06-24,63.4,"D","Index","Indicative","RBA","Daily","F11.1 Exchange Rates","Australian Dollar Trade-weighted Index"
"15989","FXRTWI","Trade-weighted Index May 1970 = 100","AUS","AUS",2024-06-25,63.6,"D","Index","Indicative","RBA","Daily","F11.1 Exchange Rates","Australian Dollar Trade-weighted Index"
"15990","FXRTWI","Trade-weighted Index May 1970 = 100","AUS","AUS",2024-06-26,63.9,"D","Index","Indicative","RBA","Daily","F11.1 Exchange Rates","Australian Dollar Trade-weighted Index"
"15991","FXRTWI","Trade-weighted Index May 1970 = 100","AUS","AUS",2024-06-27,63.8,"D","Index","Indicative","RBA","Daily","F11.1 Exchange Rates","Australian Dollar Trade-weighted Index"
"15992","FXRTWI","Trade-weighted Index May 1970 = 100","AUS","AUS",2024-06-28,63.3,"D","Index","Indicative","RBA","Daily","F11.1 Exchange Rates","Australian Dollar Trade-weighted Index"
"15993","FXRTWI","Trade-weighted Index May 1970 = 100","AUS","AUS",2024-06-28,63.3,"M","Index","Indicative","RBA","Monthly","F11 Exchange Rates","Australian Dollar Trade-weighted Index"
"15994","FIRMMCRT","Cash Rate Target","AUS","AUS",2024-06-30,4.35,"M","Per cent","Original","RBA","Monthly","F1.1 Interest Rates And Yields - Money Market","Cash Rate Target; monthly average"
"15995","GCPIOCPMTMQP","Quarterly trimmed mean inflation","AUS","AUS",2024-06-30,0.8,"Q","Per cent","Seasonally Adjusted","ABS","Quarterly","G1 Consumer Price Inflation","Consumer price index; Trimmed mean; Quarterly change (in per cent)"
"15996","GRCPAISDR","Commodity prices – SDR","AUS","AUS",2024-06-30,95.3666029123519,"M","Index, 2023/24=100","Original","RBA","Monthly","I2 Commodity Prices","Index of commodity prices; All items; SDR"
"15997","A124874157C","Business Turnover Index ; Total of 13 in-scope ANZSIC divisions ; Current Price ;","AUS","AUS",2024-07-01,133.3,"M","Index Numbers","Seasonally Adjusted",NA,"Monthly","Table 01: Business turnover indicator, 13 industry summary - Monthly percentage change and index",NA
"15998","A2718577A","Credits, Total goods ;","AUS","AUS",2024-07-01,42816,"M","$ Millions","Seasonally Adjusted",NA,"Monthly","TABLE 1. GOODS, Summary: Seasonally adjusted and trend estimates, Current prices",NA
"15999","A2718594C","Balance on goods ;","AUS","AUS",2024-07-01,5090,"M","$ Millions","Seasonally Adjusted",NA,"Monthly","TABLE 1. GOODS, Summary: Seasonally adjusted and trend estimates, Current prices",NA
"16000","FXRTWI","Trade-weighted Index May 1970 = 100","AUS","AUS",2024-07-01,63.7,"D","Index","Indicative","RBA","Daily","F11.1 Exchange Rates","Australian Dollar Trade-weighted Index"
"16001","FXRTWI","Trade-weighted Index May 1970 = 100","AUS","AUS",2024-07-02,63.6,"D","Index","Indicative","RBA","Daily","F11.1 Exchange Rates","Australian Dollar Trade-weighted Index"
"16002","FXRTWI","Trade-weighted Index May 1970 = 100","AUS","AUS",2024-07-03,63.9,"D","Index","Indicative","RBA","Daily","F11.1 Exchange Rates","Australian Dollar Trade-weighted Index"
"16003","FXRTWI","Trade-weighted Index May 1970 = 100","AUS","AUS",2024-07-04,64.2,"D","Index","Indicative","RBA","Daily","F11.1 Exchange Rates","Australian Dollar Trade-weighted Index"
"16004","FXRTWI","Trade-weighted Index May 1970 = 100","AUS","AUS",2024-07-05,64.2,"D","Index","Indicative","RBA","Daily","F11.1 Exchange Rates","Australian Dollar Trade-weighted Index"
"16005","FXRTWI","Trade-weighted Index May 1970 = 100","AUS","AUS",2024-07-08,64.3,"D","Index","Indicative","RBA","Daily","F11.1 Exchange Rates","Australian Dollar Trade-weighted Index"
"16006","FXRTWI","Trade-weighted Index May 1970 = 100","AUS","AUS",2024-07-09,64.3,"D","Index","Indicative","RBA","Daily","F11.1 Exchange Rates","Australian Dollar Trade-weighted Index"
"16007","FXRTWI","Trade-weighted Index May 1970 = 100","AUS","AUS",2024-07-10,64.4,"D","Index","Indicative","RBA","Daily","F11.1 Exchange Rates","Australian Dollar Trade-weighted Index"
"16008","FXRTWI","Trade-weighted Index May 1970 = 100","AUS","AUS",2024-07-11,64.5,"D","Index","Indicative","RBA","Daily","F11.1 Exchange Rates","Australian Dollar Trade-weighted Index"
"16009","FXRTWI","Trade-weighted Index May 1970 = 100","AUS","AUS",2024-07-12,64.4,"D","Index","Indicative","RBA","Daily","F11.1 Exchange Rates","Australian Dollar Trade-weighted Index"
"16010","FXRTWI","Trade-weighted Index May 1970 = 100","AUS","AUS",2024-07-15,64.4,"D","Index","Indicative","RBA","Daily","F11.1 Exchange Rates","Australian Dollar Trade-weighted Index"
"16011","FXRTWI","Trade-weighted Index May 1970 = 100","AUS","AUS",2024-07-16,64.1,"D","Index","Indicative","RBA","Daily","F11.1 Exchange Rates","Australian Dollar Trade-weighted Index"
"16012","FXRTWI","Trade-weighted Index May 1970 = 100","AUS","AUS",2024-07-17,64,"D","Index","Indicative","RBA","Daily","F11.1 Exchange Rates","Australian Dollar Trade-weighted Index"
"16013","FXRTWI","Trade-weighted Index May 1970 = 100","AUS","AUS",2024-07-18,63.8,"D","Index","Indicative","RBA","Daily","F11.1 Exchange Rates","Australian Dollar Trade-weighted Index"
"16014","FXRTWI","Trade-weighted Index May 1970 = 100","AUS","AUS",2024-07-19,63.7,"D","Index","Indicative","RBA","Daily","F11.1 Exchange Rates","Australian Dollar Trade-weighted Index"
"16015","FXRTWI","Trade-weighted Index May 1970 = 100","AUS","AUS",2024-07-22,63.4,"D","Index","Indicative","RBA","Daily","F11.1 Exchange Rates","Australian Dollar Trade-weighted Index"
"16016","FXRTWI","Trade-weighted Index May 1970 = 100","AUS","AUS",2024-07-23,63,"D","Index","Indicative","RBA","Daily","F11.1 Exchange Rates","Australian Dollar Trade-weighted Index"
"16017","FXRTWI","Trade-weighted Index May 1970 = 100","AUS","AUS",2024-07-24,62.6,"D","Index","Indicative","RBA","Daily","F11.1 Exchange Rates","Australian Dollar Trade-weighted Index"
"16018","FXRTWI","Trade-weighted Index May 1970 = 100","AUS","AUS",2024-07-25,62,"D","Index","Indicative","RBA","Daily","F11.1 Exchange Rates","Australian Dollar Trade-weighted Index"
"16019","FXRTWI","Trade-weighted Index May 1970 = 100","AUS","AUS",2024-07-26,62.1,"D","Index","Indicative","RBA","Daily","F11.1 Exchange Rates","Australian Dollar Trade-weighted Index"
"16020","FXRTWI","Trade-weighted Index May 1970 = 100","AUS","AUS",2024-07-29,62.1,"D","Index","Indicative","RBA","Daily","F11.1 Exchange Rates","Australian Dollar Trade-weighted Index"
"16021","FXRTWI","Trade-weighted Index May 1970 = 100","AUS","AUS",2024-07-30,62.2,"D","Index","Indicative","RBA","Daily","F11.1 Exchange Rates","Australian Dollar Trade-weighted Index"
"16022","FIRMMCRT","Cash Rate Target","AUS","AUS",2024-07-31,4.35,"M","Per cent","Original","RBA","Monthly","F1.1 Interest Rates And Yields - Money Market","Cash Rate Target; monthly average"
"16023","FXRTWI","Trade-weighted Index May 1970 = 100","AUS","AUS",2024-07-31,61.4,"D","Index","Indicative","RBA","Daily","F11.1 Exchange Rates","Australian Dollar Trade-weighted Index"
"16024","FXRTWI","Trade-weighted Index May 1970 = 100","AUS","AUS",2024-07-31,61.4,"M","Index","Indicative","RBA","Monthly","F11 Exchange Rates","Australian Dollar Trade-weighted Index"
"16025","GRCPAISDR","Commodity prices – SDR","AUS","AUS",2024-07-31,95.5410537525098,"M","Index, 2023/24=100","Original","RBA","Monthly","I2 Commodity Prices","Index of commodity prices; All items; SDR"
"16026","A124874157C","Business Turnover Index ; Total of 13 in-scope ANZSIC divisions ; Current Price ;","AUS","AUS",2024-08-01,132.6,"M","Index Numbers","Seasonally Adjusted",NA,"Monthly","Table 01: Business turnover indicator, 13 industry summary - Monthly percentage change and index",NA
"16027","A2718577A","Credits, Total goods ;","AUS","AUS",2024-08-01,42941,"M","$ Millions","Seasonally Adjusted",NA,"Monthly","TABLE 1. GOODS, Summary: Seasonally adjusted and trend estimates, Current prices",NA
"16028","A2718594C","Balance on goods ;","AUS","AUS",2024-08-01,5793,"M","$ Millions","Seasonally Adjusted",NA,"Monthly","TABLE 1. GOODS, Summary: Seasonally adjusted and trend estimates, Current prices",NA
"16029","FXRTWI","Trade-weighted Index May 1970 = 100","AUS","AUS",2024-08-01,61.5,"D","Index","Indicative","RBA","Daily","F11.1 Exchange Rates","Australian Dollar Trade-weighted Index"
"16030","FXRTWI","Trade-weighted Index May 1970 = 100","AUS","AUS",2024-08-02,61.2,"D","Index","Indicative","RBA","Daily","F11.1 Exchange Rates","Australian Dollar Trade-weighted Index"
"16031","FXRTWI","Trade-weighted Index May 1970 = 100","AUS","AUS",2024-08-06,60.8,"D","Index","Indicative","RBA","Daily","F11.1 Exchange Rates","Australian Dollar Trade-weighted Index"
"16032","FXRTWI","Trade-weighted Index May 1970 = 100","AUS","AUS",2024-08-07,61.3,"D","Index","Indicative","RBA","Daily","F11.1 Exchange Rates","Australian Dollar Trade-weighted Index"
"16033","FXRTWI","Trade-weighted Index May 1970 = 100","AUS","AUS",2024-08-08,61.1,"D","Index","Indicative","RBA","Daily","F11.1 Exchange Rates","Australian Dollar Trade-weighted Index"
"16034","FXRTWI","Trade-weighted Index May 1970 = 100","AUS","AUS",2024-08-09,61.5,"D","Index","Indicative","RBA","Daily","F11.1 Exchange Rates","Australian Dollar Trade-weighted Index"
"16035","FXRTWI","Trade-weighted Index May 1970 = 100","AUS","AUS",2024-08-12,61.5,"D","Index","Indicative","RBA","Daily","F11.1 Exchange Rates","Australian Dollar Trade-weighted Index"
"16036","FXRTWI","Trade-weighted Index May 1970 = 100","AUS","AUS",2024-08-13,61.6,"D","Index","Indicative","RBA","Daily","F11.1 Exchange Rates","Australian Dollar Trade-weighted Index"
"16037","FXRTWI","Trade-weighted Index May 1970 = 100","AUS","AUS",2024-08-14,61.7,"D","Index","Indicative","RBA","Daily","F11.1 Exchange Rates","Australian Dollar Trade-weighted Index"
"16038","FXRTWI","Trade-weighted Index May 1970 = 100","AUS","AUS",2024-08-15,61.6,"D","Index","Indicative","RBA","Daily","F11.1 Exchange Rates","Australian Dollar Trade-weighted Index"
"16039","FXRTWI","Trade-weighted Index May 1970 = 100","AUS","AUS",2024-08-16,61.9,"D","Index","Indicative","RBA","Daily","F11.1 Exchange Rates","Australian Dollar Trade-weighted Index"
"16040","FXRTWI","Trade-weighted Index May 1970 = 100","AUS","AUS",2024-08-19,61.8,"D","Index","Indicative","RBA","Daily","F11.1 Exchange Rates","Australian Dollar Trade-weighted Index"
"16041","FXRTWI","Trade-weighted Index May 1970 = 100","AUS","AUS",2024-08-20,62.2,"D","Index","Indicative","RBA","Daily","F11.1 Exchange Rates","Australian Dollar Trade-weighted Index"
"16042","FXRTWI","Trade-weighted Index May 1970 = 100","AUS","AUS",2024-08-21,62.3,"D","Index","Indicative","RBA","Daily","F11.1 Exchange Rates","Australian Dollar Trade-weighted Index"
"16043","FXRTWI","Trade-weighted Index May 1970 = 100","AUS","AUS",2024-08-22,62.2,"D","Index","Indicative","RBA","Daily","F11.1 Exchange Rates","Australian Dollar Trade-weighted Index"
"16044","FXRTWI","Trade-weighted Index May 1970 = 100","AUS","AUS",2024-08-23,62.1,"D","Index","Indicative","RBA","Daily","F11.1 Exchange Rates","Australian Dollar Trade-weighted Index"
"16045","FXRTWI","Trade-weighted Index May 1970 = 100","AUS","AUS",2024-08-26,62.3,"D","Index","Indicative","RBA","Daily","F11.1 Exchange Rates","Australian Dollar Trade-weighted Index"
"16046","FXRTWI","Trade-weighted Index May 1970 = 100","AUS","AUS",2024-08-27,62.5,"D","Index","Indicative","RBA","Daily","F11.1 Exchange Rates","Australian Dollar Trade-weighted Index"
"16047","FXRTWI","Trade-weighted Index May 1970 = 100","AUS","AUS",2024-08-28,62.5,"D","Index","Indicative","RBA","Daily","F11.1 Exchange Rates","Australian Dollar Trade-weighted Index"
"16048","FXRTWI","Trade-weighted Index May 1970 = 100","AUS","AUS",2024-08-29,62.6,"D","Index","Indicative","RBA","Daily","F11.1 Exchange Rates","Australian Dollar Trade-weighted Index"
"16049","FXRTWI","Trade-weighted Index May 1970 = 100","AUS","AUS",2024-08-30,62.6,"D","Index","Indicative","RBA","Daily","F11.1 Exchange Rates","Australian Dollar Trade-weighted Index"
"16050","FXRTWI","Trade-weighted Index May 1970 = 100","AUS","AUS",2024-08-30,62.6,"M","Index","Indicative","RBA","Monthly","F11 Exchange Rates","Australian Dollar Trade-weighted Index"
"16051","FIRMMCRT","Cash Rate Target","AUS","AUS",2024-08-31,4.35,"M","Per cent","Original","RBA","Monthly","F1.1 Interest Rates And Yields - Money Market","Cash Rate Target; monthly average"
"16052","GRCPAISDR","Commodity prices – SDR","AUS","AUS",2024-08-31,91.4229870499197,"M","Index, 2023/24=100","Original","RBA","Monthly","I2 Commodity Prices","Index of commodity prices; All items; SDR"
"16053","A124874157C","Business Turnover Index ; Total of 13 in-scope ANZSIC divisions ; Current Price ;","AUS","AUS",2024-09-01,132.9,"M","Index Numbers","Seasonally Adjusted",NA,"Monthly","Table 01: Business turnover indicator, 13 industry summary - Monthly percentage change and index",NA
"16054","A2302956R","South Australia ; STATE FINAL DEMAND ;","SA","SA",2024-09-01,40132,"Q","$ Millions","Seasonally Adjusted",NA,"Quarterly","Table 25. State Final Demand, Summary Components by State: Chain volume measures",NA
"16055","A2302984X","Western Australia ; STATE FINAL DEMAND ;","WA","WA",2024-09-01,74160,"Q","$ Millions","Seasonally Adjusted",NA,"Quarterly","Table 25. State Final Demand, Summary Components by State: Chain volume measures",NA
"16056","A2303012X","Tasmania ; STATE FINAL DEMAND ;","TAS","TAS",2024-09-01,12784,"Q","$ Millions","Seasonally Adjusted",NA,"Quarterly","Table 25. State Final Demand, Summary Components by State: Chain volume measures",NA
"16057","A2303040J","Northern Territory ; STATE FINAL DEMAND ;","NT","NT",2024-09-01,8428,"Q","$ Millions","Seasonally Adjusted",NA,"Quarterly","Table 25. State Final Demand, Summary Components by State: Chain volume measures",NA
"16058","A2303068K","Australian Capital Territory ; STATE FINAL DEMAND ;","ACT","ACT",2024-09-01,19385,"Q","$ Millions","Seasonally Adjusted",NA,"Quarterly","Table 25. State Final Demand, Summary Components by State: Chain volume measures",NA
"16059","A2303111F","New South Wales ; STATE FINAL DEMAND ;","NSW","NSW",2024-09-01,195726,"Q","$ Millions","Seasonally Adjusted",NA,"Quarterly","Table 25. State Final Demand, Summary Components by State: Chain volume measures",NA
"16060","A2303139J","Victoria ; STATE FINAL DEMAND ;","VIC","VIC",2024-09-01,158095,"Q","$ Millions","Seasonally Adjusted",NA,"Quarterly","Table 25. State Final Demand, Summary Components by State: Chain volume measures",NA
"16061","A2303187A","Queensland ; STATE FINAL DEMAND ;","QLD","QLD",2024-09-01,123727,"Q","$ Millions","Seasonally Adjusted",NA,"Quarterly","Table 25. State Final Demand, Summary Components by State: Chain volume measures",NA
"16062","A2304418T","Gross domestic product: Current prices ;","AUS","AUS",2024-09-01,679238,"Q","$ Millions","Seasonally Adjusted",NA,"Quarterly","Table 1. Key National Accounts Aggregates",NA
"16063","A2325846C","Index Numbers ; All groups CPI ; Australia ;","AUS","AUS",2024-09-01,139.1,"Q","Index Numbers","Original",NA,"Quarterly","TABLES 1 and 2. CPI: All Groups, Index Numbers and Percentage Changes",NA
"16064","A2718577A","Credits, Total goods ;","AUS","AUS",2024-09-01,40523,"M","$ Millions","Seasonally Adjusted",NA,"Monthly","TABLE 1. GOODS, Summary: Seasonally adjusted and trend estimates, Current prices",NA
"16065","A2718594C","Balance on goods ;","AUS","AUS",2024-09-01,3775,"M","$ Millions","Seasonally Adjusted",NA,"Monthly","TABLE 1. GOODS, Summary: Seasonally adjusted and trend estimates, Current prices",NA
"16066","FXRTWI","Trade-weighted Index May 1970 = 100","AUS","AUS",2024-09-02,62.4,"D","Index","Indicative","RBA","Daily","F11.1 Exchange Rates","Australian Dollar Trade-weighted Index"
"16067","FXRTWI","Trade-weighted Index May 1970 = 100","AUS","AUS",2024-09-03,62.3,"D","Index","Indicative","RBA","Daily","F11.1 Exchange Rates","Australian Dollar Trade-weighted Index"
"16068","FXRTWI","Trade-weighted Index May 1970 = 100","AUS","AUS",2024-09-04,61.9,"D","Index","Indicative","RBA","Daily","F11.1 Exchange Rates","Australian Dollar Trade-weighted Index"
"16069","FXRTWI","Trade-weighted Index May 1970 = 100","AUS","AUS",2024-09-05,61.8,"D","Index","Indicative","RBA","Daily","F11.1 Exchange Rates","Australian Dollar Trade-weighted Index"
"16070","FXRTWI","Trade-weighted Index May 1970 = 100","AUS","AUS",2024-09-06,61.6,"D","Index","Indicative","RBA","Daily","F11.1 Exchange Rates","Australian Dollar Trade-weighted Index"
"16071","FXRTWI","Trade-weighted Index May 1970 = 100","AUS","AUS",2024-09-09,61.3,"D","Index","Indicative","RBA","Daily","F11.1 Exchange Rates","Australian Dollar Trade-weighted Index"
"16072","FXRTWI","Trade-weighted Index May 1970 = 100","AUS","AUS",2024-09-10,61.4,"D","Index","Indicative","RBA","Daily","F11.1 Exchange Rates","Australian Dollar Trade-weighted Index"
"16073","FXRTWI","Trade-weighted Index May 1970 = 100","AUS","AUS",2024-09-11,61.2,"D","Index","Indicative","RBA","Daily","F11.1 Exchange Rates","Australian Dollar Trade-weighted Index"
"16074","FXRTWI","Trade-weighted Index May 1970 = 100","AUS","AUS",2024-09-12,61.6,"D","Index","Indicative","RBA","Daily","F11.1 Exchange Rates","Australian Dollar Trade-weighted Index"
"16075","FXRTWI","Trade-weighted Index May 1970 = 100","AUS","AUS",2024-09-13,61.6,"D","Index","Indicative","RBA","Daily","F11.1 Exchange Rates","Australian Dollar Trade-weighted Index"
"16076","FXRTWI","Trade-weighted Index May 1970 = 100","AUS","AUS",2024-09-16,61.5,"D","Index","Indicative","RBA","Daily","F11.1 Exchange Rates","Australian Dollar Trade-weighted Index"
"16077","FXRTWI","Trade-weighted Index May 1970 = 100","AUS","AUS",2024-09-17,61.7,"D","Index","Indicative","RBA","Daily","F11.1 Exchange Rates","Australian Dollar Trade-weighted Index"
"16078","FXRTWI","Trade-weighted Index May 1970 = 100","AUS","AUS",2024-09-18,61.9,"D","Index","Indicative","RBA","Daily","F11.1 Exchange Rates","Australian Dollar Trade-weighted Index"
"16079","FXRTWI","Trade-weighted Index May 1970 = 100","AUS","AUS",2024-09-19,62.2,"D","Index","Indicative","RBA","Daily","F11.1 Exchange Rates","Australian Dollar Trade-weighted Index"
"16080","FXRTWI","Trade-weighted Index May 1970 = 100","AUS","AUS",2024-09-20,62.2,"D","Index","Indicative","RBA","Daily","F11.1 Exchange Rates","Australian Dollar Trade-weighted Index"
"16081","FXRTWI","Trade-weighted Index May 1970 = 100","AUS","AUS",2024-09-23,62.4,"D","Index","Indicative","RBA","Daily","F11.1 Exchange Rates","Australian Dollar Trade-weighted Index"
"16082","FXRTWI","Trade-weighted Index May 1970 = 100","AUS","AUS",2024-09-24,62.5,"D","Index","Indicative","RBA","Daily","F11.1 Exchange Rates","Australian Dollar Trade-weighted Index"
"16083","FXRTWI","Trade-weighted Index May 1970 = 100","AUS","AUS",2024-09-25,62.6,"D","Index","Indicative","RBA","Daily","F11.1 Exchange Rates","Australian Dollar Trade-weighted Index"
"16084","FXRTWI","Trade-weighted Index May 1970 = 100","AUS","AUS",2024-09-26,62.6,"D","Index","Indicative","RBA","Daily","F11.1 Exchange Rates","Australian Dollar Trade-weighted Index"
"16085","FXRTWI","Trade-weighted Index May 1970 = 100","AUS","AUS",2024-09-27,62.7,"D","Index","Indicative","RBA","Daily","F11.1 Exchange Rates","Australian Dollar Trade-weighted Index"
"16086","FIRMMCRT","Cash Rate Target","AUS","AUS",2024-09-30,4.35,"M","Per cent","Original","RBA","Monthly","F1.1 Interest Rates And Yields - Money Market","Cash Rate Target; monthly average"
"16087","FXRTWI","Trade-weighted Index May 1970 = 100","AUS","AUS",2024-09-30,62.8,"D","Index","Indicative","RBA","Daily","F11.1 Exchange Rates","Australian Dollar Trade-weighted Index"
"16088","FXRTWI","Trade-weighted Index May 1970 = 100","AUS","AUS",2024-09-30,62.8,"M","Index","Indicative","RBA","Monthly","F11 Exchange Rates","Australian Dollar Trade-weighted Index"
"16089","GCPIOCPMTMQP","Quarterly trimmed mean inflation","AUS","AUS",2024-09-30,0.8,"Q","Per cent","Seasonally Adjusted","ABS","Quarterly","G1 Consumer Price Inflation","Consumer price index; Trimmed mean; Quarterly change (in per cent)"
"16090","GRCPAISDR","Commodity prices – SDR","AUS","AUS",2024-09-30,88.4575299327767,"M","Index, 2023/24=100","Original","RBA","Monthly","I2 Commodity Prices","Index of commodity prices; All items; SDR"
"16091","A124874157C","Business Turnover Index ; Total of 13 in-scope ANZSIC divisions ; Current Price ;","AUS","AUS",2024-10-01,132.1,"M","Index Numbers","Seasonally Adjusted",NA,"Monthly","Table 01: Business turnover indicator, 13 industry summary - Monthly percentage change and index",NA
"16092","A2718577A","Credits, Total goods ;","AUS","AUS",2024-10-01,41555,"M","$ Millions","Seasonally Adjusted",NA,"Monthly","TABLE 1. GOODS, Summary: Seasonally adjusted and trend estimates, Current prices",NA
"16093","A2718594C","Balance on goods ;","AUS","AUS",2024-10-01,5130,"M","$ Millions","Seasonally Adjusted",NA,"Monthly","TABLE 1. GOODS, Summary: Seasonally adjusted and trend estimates, Current prices",NA
"16094","FXRTWI","Trade-weighted Index May 1970 = 100","AUS","AUS",2024-10-01,63.1,"D","Index","Indicative","RBA","Daily","F11.1 Exchange Rates","Australian Dollar Trade-weighted Index"
"16095","FXRTWI","Trade-weighted Index May 1970 = 100","AUS","AUS",2024-10-02,62.7,"D","Index","Indicative","RBA","Daily","F11.1 Exchange Rates","Australian Dollar Trade-weighted Index"
"16096","FXRTWI","Trade-weighted Index May 1970 = 100","AUS","AUS",2024-10-03,62.9,"D","Index","Indicative","RBA","Daily","F11.1 Exchange Rates","Australian Dollar Trade-weighted Index"
"16097","FXRTWI","Trade-weighted Index May 1970 = 100","AUS","AUS",2024-10-04,62.8,"D","Index","Indicative","RBA","Daily","F11.1 Exchange Rates","Australian Dollar Trade-weighted Index"
"16098","FXRTWI","Trade-weighted Index May 1970 = 100","AUS","AUS",2024-10-08,62.2,"D","Index","Indicative","RBA","Daily","F11.1 Exchange Rates","Australian Dollar Trade-weighted Index"
"16099","FXRTWI","Trade-weighted Index May 1970 = 100","AUS","AUS",2024-10-09,62.3,"D","Index","Indicative","RBA","Daily","F11.1 Exchange Rates","Australian Dollar Trade-weighted Index"
"16100","FXRTWI","Trade-weighted Index May 1970 = 100","AUS","AUS",2024-10-10,62.4,"D","Index","Indicative","RBA","Daily","F11.1 Exchange Rates","Australian Dollar Trade-weighted Index"
"16101","FXRTWI","Trade-weighted Index May 1970 = 100","AUS","AUS",2024-10-11,62.4,"D","Index","Indicative","RBA","Daily","F11.1 Exchange Rates","Australian Dollar Trade-weighted Index"
"16102","FXRTWI","Trade-weighted Index May 1970 = 100","AUS","AUS",2024-10-14,62.4,"D","Index","Indicative","RBA","Daily","F11.1 Exchange Rates","Australian Dollar Trade-weighted Index"
"16103","FXRTWI","Trade-weighted Index May 1970 = 100","AUS","AUS",2024-10-15,62.4,"D","Index","Indicative","RBA","Daily","F11.1 Exchange Rates","Australian Dollar Trade-weighted Index"
"16104","FXRTWI","Trade-weighted Index May 1970 = 100","AUS","AUS",2024-10-16,62.1,"D","Index","Indicative","RBA","Daily","F11.1 Exchange Rates","Australian Dollar Trade-weighted Index"
"16105","FXRTWI","Trade-weighted Index May 1970 = 100","AUS","AUS",2024-10-17,62.2,"D","Index","Indicative","RBA","Daily","F11.1 Exchange Rates","Australian Dollar Trade-weighted Index"
"16106","FXRTWI","Trade-weighted Index May 1970 = 100","AUS","AUS",2024-10-18,62.4,"D","Index","Indicative","RBA","Daily","F11.1 Exchange Rates","Australian Dollar Trade-weighted Index"
"16107","FXRTWI","Trade-weighted Index May 1970 = 100","AUS","AUS",2024-10-21,62.3,"D","Index","Indicative","RBA","Daily","F11.1 Exchange Rates","Australian Dollar Trade-weighted Index"
"16108","FXRTWI","Trade-weighted Index May 1970 = 100","AUS","AUS",2024-10-22,62.4,"D","Index","Indicative","RBA","Daily","F11.1 Exchange Rates","Australian Dollar Trade-weighted Index"
"16109","FXRTWI","Trade-weighted Index May 1970 = 100","AUS","AUS",2024-10-23,62.4,"D","Index","Indicative","RBA","Daily","F11.1 Exchange Rates","Australian Dollar Trade-weighted Index"
"16110","FXRTWI","Trade-weighted Index May 1970 = 100","AUS","AUS",2024-10-24,62.1,"D","Index","Indicative","RBA","Daily","F11.1 Exchange Rates","Australian Dollar Trade-weighted Index"
"16111","FXRTWI","Trade-weighted Index May 1970 = 100","AUS","AUS",2024-10-25,61.9,"D","Index","Indicative","RBA","Daily","F11.1 Exchange Rates","Australian Dollar Trade-weighted Index"
"16112","FXRTWI","Trade-weighted Index May 1970 = 100","AUS","AUS",2024-10-28,61.8,"D","Index","Indicative","RBA","Daily","F11.1 Exchange Rates","Australian Dollar Trade-weighted Index"
"16113","FXRTWI","Trade-weighted Index May 1970 = 100","AUS","AUS",2024-10-29,61.5,"D","Index","Indicative","RBA","Daily","F11.1 Exchange Rates","Australian Dollar Trade-weighted Index"
"16114","FXRTWI","Trade-weighted Index May 1970 = 100","AUS","AUS",2024-10-30,61.3,"D","Index","Indicative","RBA","Daily","F11.1 Exchange Rates","Australian Dollar Trade-weighted Index"
"16115","FIRMMCRT","Cash Rate Target","AUS","AUS",2024-10-31,4.35,"M","Per cent","Original","RBA","Monthly","F1.1 Interest Rates And Yields - Money Market","Cash Rate Target; monthly average"
"16116","FXRTWI","Trade-weighted Index May 1970 = 100","AUS","AUS",2024-10-31,61.5,"D","Index","Indicative","RBA","Daily","F11.1 Exchange Rates","Australian Dollar Trade-weighted Index"
"16117","FXRTWI","Trade-weighted Index May 1970 = 100","AUS","AUS",2024-10-31,61.5,"M","Index","Indicative","RBA","Monthly","F11 Exchange Rates","Australian Dollar Trade-weighted Index"
"16118","GRCPAISDR","Commodity prices – SDR","AUS","AUS",2024-10-31,91.7012946681975,"M","Index, 2023/24=100","Original","RBA","Monthly","I2 Commodity Prices","Index of commodity prices; All items; SDR"
"16119","A124874157C","Business Turnover Index ; Total of 13 in-scope ANZSIC divisions ; Current Price ;","AUS","AUS",2024-11-01,134.8,"M","Index Numbers","Seasonally Adjusted",NA,"Monthly","Table 01: Business turnover indicator, 13 industry summary - Monthly percentage change and index",NA
"16120","A2718577A","Credits, Total goods ;","AUS","AUS",2024-11-01,43004,"M","$ Millions","Seasonally Adjusted",NA,"Monthly","TABLE 1. GOODS, Summary: Seasonally adjusted and trend estimates, Current prices",NA
"16121","A2718594C","Balance on goods ;","AUS","AUS",2024-11-01,6245,"M","$ Millions","Seasonally Adjusted",NA,"Monthly","TABLE 1. GOODS, Summary: Seasonally adjusted and trend estimates, Current prices",NA
"16122","FXRTWI","Trade-weighted Index May 1970 = 100","AUS","AUS",2024-11-01,61.5,"D","Index","Indicative","RBA","Daily","F11.1 Exchange Rates","Australian Dollar Trade-weighted Index"
"16123","FXRTWI","Trade-weighted Index May 1970 = 100","AUS","AUS",2024-11-04,61.6,"D","Index","Indicative","RBA","Daily","F11.1 Exchange Rates","Australian Dollar Trade-weighted Index"
"16124","FXRTWI","Trade-weighted Index May 1970 = 100","AUS","AUS",2024-11-05,61.6,"D","Index","Indicative","RBA","Daily","F11.1 Exchange Rates","Australian Dollar Trade-weighted Index"
"16125","FXRTWI","Trade-weighted Index May 1970 = 100","AUS","AUS",2024-11-06,61.5,"D","Index","Indicative","RBA","Daily","F11.1 Exchange Rates","Australian Dollar Trade-weighted Index"
"16126","FXRTWI","Trade-weighted Index May 1970 = 100","AUS","AUS",2024-11-07,62.4,"D","Index","Indicative","RBA","Daily","F11.1 Exchange Rates","Australian Dollar Trade-weighted Index"
"16127","FXRTWI","Trade-weighted Index May 1970 = 100","AUS","AUS",2024-11-08,62.4,"D","Index","Indicative","RBA","Daily","F11.1 Exchange Rates","Australian Dollar Trade-weighted Index"
"16128","FXRTWI","Trade-weighted Index May 1970 = 100","AUS","AUS",2024-11-11,62.1,"D","Index","Indicative","RBA","Daily","F11.1 Exchange Rates","Australian Dollar Trade-weighted Index"
"16129","FXRTWI","Trade-weighted Index May 1970 = 100","AUS","AUS",2024-11-12,62,"D","Index","Indicative","RBA","Daily","F11.1 Exchange Rates","Australian Dollar Trade-weighted Index"
"16130","FXRTWI","Trade-weighted Index May 1970 = 100","AUS","AUS",2024-11-13,61.9,"D","Index","Indicative","RBA","Daily","F11.1 Exchange Rates","Australian Dollar Trade-weighted Index"
"16131","FXRTWI","Trade-weighted Index May 1970 = 100","AUS","AUS",2024-11-14,61.6,"D","Index","Indicative","RBA","Daily","F11.1 Exchange Rates","Australian Dollar Trade-weighted Index"
"16132","FXRTWI","Trade-weighted Index May 1970 = 100","AUS","AUS",2024-11-15,61.5,"D","Index","Indicative","RBA","Daily","F11.1 Exchange Rates","Australian Dollar Trade-weighted Index"
"16133","FXRTWI","Trade-weighted Index May 1970 = 100","AUS","AUS",2024-11-18,61.4,"D","Index","Indicative","RBA","Daily","F11.1 Exchange Rates","Australian Dollar Trade-weighted Index"
"16134","FXRTWI","Trade-weighted Index May 1970 = 100","AUS","AUS",2024-11-19,61.7,"D","Index","Indicative","RBA","Daily","F11.1 Exchange Rates","Australian Dollar Trade-weighted Index"
"16135","FXRTWI","Trade-weighted Index May 1970 = 100","AUS","AUS",2024-11-20,61.9,"D","Index","Indicative","RBA","Daily","F11.1 Exchange Rates","Australian Dollar Trade-weighted Index"
"16136","FXRTWI","Trade-weighted Index May 1970 = 100","AUS","AUS",2024-11-21,61.9,"D","Index","Indicative","RBA","Daily","F11.1 Exchange Rates","Australian Dollar Trade-weighted Index"
"16137","FXRTWI","Trade-weighted Index May 1970 = 100","AUS","AUS",2024-11-22,61.8,"D","Index","Indicative","RBA","Daily","F11.1 Exchange Rates","Australian Dollar Trade-weighted Index"
"16138","FXRTWI","Trade-weighted Index May 1970 = 100","AUS","AUS",2024-11-25,62,"D","Index","Indicative","RBA","Daily","F11.1 Exchange Rates","Australian Dollar Trade-weighted Index"
"16139","FXRTWI","Trade-weighted Index May 1970 = 100","AUS","AUS",2024-11-26,61.7,"D","Index","Indicative","RBA","Daily","F11.1 Exchange Rates","Australian Dollar Trade-weighted Index"
"16140","FXRTWI","Trade-weighted Index May 1970 = 100","AUS","AUS",2024-11-27,61.5,"D","Index","Indicative","RBA","Daily","F11.1 Exchange Rates","Australian Dollar Trade-weighted Index"
"16141","FXRTWI","Trade-weighted Index May 1970 = 100","AUS","AUS",2024-11-28,61.4,"D","Index","Indicative","RBA","Daily","F11.1 Exchange Rates","Australian Dollar Trade-weighted Index"
"16142","FXRTWI","Trade-weighted Index May 1970 = 100","AUS","AUS",2024-11-29,61.5,"D","Index","Indicative","RBA","Daily","F11.1 Exchange Rates","Australian Dollar Trade-weighted Index"
"16143","FXRTWI","Trade-weighted Index May 1970 = 100","AUS","AUS",2024-11-29,61.5,"M","Index","Indicative","RBA","Monthly","F11 Exchange Rates","Australian Dollar Trade-weighted Index"
"16144","FIRMMCRT","Cash Rate Target","AUS","AUS",2024-11-30,4.35,"M","Per cent","Original","RBA","Monthly","F1.1 Interest Rates And Yields - Money Market","Cash Rate Target; monthly average"
"16145","GRCPAISDR","Commodity prices – SDR","AUS","AUS",2024-11-30,93.3186448145762,"M","Index, 2023/24=100","Original","RBA","Monthly","I2 Commodity Prices","Index of commodity prices; All items; SDR"
"16146","A124874157C","Business Turnover Index ; Total of 13 in-scope ANZSIC divisions ; Current Price ;","AUS","AUS",2024-12-01,135.1,"M","Index Numbers","Seasonally Adjusted",NA,"Monthly","Table 01: Business turnover indicator, 13 industry summary - Monthly percentage change and index",NA
"16147","A2302956R","South Australia ; STATE FINAL DEMAND ;","SA","SA",2024-12-01,40225,"Q","$ Millions","Seasonally Adjusted",NA,"Quarterly","Table 25. State Final Demand, Summary Components by State: Chain volume measures",NA
"16148","A2302984X","Western Australia ; STATE FINAL DEMAND ;","WA","WA",2024-12-01,74989,"Q","$ Millions","Seasonally Adjusted",NA,"Quarterly","Table 25. State Final Demand, Summary Components by State: Chain volume measures",NA
"16149","A2303012X","Tasmania ; STATE FINAL DEMAND ;","TAS","TAS",2024-12-01,12304,"Q","$ Millions","Seasonally Adjusted",NA,"Quarterly","Table 25. State Final Demand, Summary Components by State: Chain volume measures",NA
"16150","A2303040J","Northern Territory ; STATE FINAL DEMAND ;","NT","NT",2024-12-01,8578,"Q","$ Millions","Seasonally Adjusted",NA,"Quarterly","Table 25. State Final Demand, Summary Components by State: Chain volume measures",NA
"16151","A2303068K","Australian Capital Territory ; STATE FINAL DEMAND ;","ACT","ACT",2024-12-01,19461,"Q","$ Millions","Seasonally Adjusted",NA,"Quarterly","Table 25. State Final Demand, Summary Components by State: Chain volume measures",NA
"16152","A2303111F","New South Wales ; STATE FINAL DEMAND ;","NSW","NSW",2024-12-01,197296,"Q","$ Millions","Seasonally Adjusted",NA,"Quarterly","Table 25. State Final Demand, Summary Components by State: Chain volume measures",NA
"16153","A2303139J","Victoria ; STATE FINAL DEMAND ;","VIC","VIC",2024-12-01,159185,"Q","$ Millions","Seasonally Adjusted",NA,"Quarterly","Table 25. State Final Demand, Summary Components by State: Chain volume measures",NA
"16154","A2303187A","Queensland ; STATE FINAL DEMAND ;","QLD","QLD",2024-12-01,124078,"Q","$ Millions","Seasonally Adjusted",NA,"Quarterly","Table 25. State Final Demand, Summary Components by State: Chain volume measures",NA
"16155","A2304418T","Gross domestic product: Current prices ;","AUS","AUS",2024-12-01,689608,"Q","$ Millions","Seasonally Adjusted",NA,"Quarterly","Table 1. Key National Accounts Aggregates",NA
"16156","A2325846C","Index Numbers ; All groups CPI ; Australia ;","AUS","AUS",2024-12-01,139.4,"Q","Index Numbers","Original",NA,"Quarterly","TABLES 1 and 2. CPI: All Groups, Index Numbers and Percentage Changes",NA
"16157","A2718577A","Credits, Total goods ;","AUS","AUS",2024-12-01,43024,"M","$ Millions","Seasonally Adjusted",NA,"Monthly","TABLE 1. GOODS, Summary: Seasonally adjusted and trend estimates, Current prices",NA
"16158","A2718594C","Balance on goods ;","AUS","AUS",2024-12-01,4192,"M","$ Millions","Seasonally Adjusted",NA,"Monthly","TABLE 1. GOODS, Summary: Seasonally adjusted and trend estimates, Current prices",NA
"16159","FXRTWI","Trade-weighted Index May 1970 = 100","AUS","AUS",2024-12-02,61.5,"D","Index","Indicative","RBA","Daily","F11.1 Exchange Rates","Australian Dollar Trade-weighted Index"
"16160","FXRTWI","Trade-weighted Index May 1970 = 100","AUS","AUS",2024-12-03,61.4,"D","Index","Indicative","RBA","Daily","F11.1 Exchange Rates","Australian Dollar Trade-weighted Index"
"16161","FXRTWI","Trade-weighted Index May 1970 = 100","AUS","AUS",2024-12-04,61,"D","Index","Indicative","RBA","Daily","F11.1 Exchange Rates","Australian Dollar Trade-weighted Index"
"16162","FXRTWI","Trade-weighted Index May 1970 = 100","AUS","AUS",2024-12-05,60.9,"D","Index","Indicative","RBA","Daily","F11.1 Exchange Rates","Australian Dollar Trade-weighted Index"
"16163","FXRTWI","Trade-weighted Index May 1970 = 100","AUS","AUS",2024-12-06,60.8,"D","Index","Indicative","RBA","Daily","F11.1 Exchange Rates","Australian Dollar Trade-weighted Index"
"16164","FXRTWI","Trade-weighted Index May 1970 = 100","AUS","AUS",2024-12-09,60.5,"D","Index","Indicative","RBA","Daily","F11.1 Exchange Rates","Australian Dollar Trade-weighted Index"
"16165","FXRTWI","Trade-weighted Index May 1970 = 100","AUS","AUS",2024-12-10,60.5,"D","Index","Indicative","RBA","Daily","F11.1 Exchange Rates","Australian Dollar Trade-weighted Index"
"16166","FXRTWI","Trade-weighted Index May 1970 = 100","AUS","AUS",2024-12-11,60.4,"D","Index","Indicative","RBA","Daily","F11.1 Exchange Rates","Australian Dollar Trade-weighted Index"
"16167","FXRTWI","Trade-weighted Index May 1970 = 100","AUS","AUS",2024-12-12,60.9,"D","Index","Indicative","RBA","Daily","F11.1 Exchange Rates","Australian Dollar Trade-weighted Index"
"16168","FXRTWI","Trade-weighted Index May 1970 = 100","AUS","AUS",2024-12-13,60.6,"D","Index","Indicative","RBA","Daily","F11.1 Exchange Rates","Australian Dollar Trade-weighted Index"
"16169","FXRTWI","Trade-weighted Index May 1970 = 100","AUS","AUS",2024-12-16,60.8,"D","Index","Indicative","RBA","Daily","F11.1 Exchange Rates","Australian Dollar Trade-weighted Index"
"16170","FXRTWI","Trade-weighted Index May 1970 = 100","AUS","AUS",2024-12-17,60.6,"D","Index","Indicative","RBA","Daily","F11.1 Exchange Rates","Australian Dollar Trade-weighted Index"
"16171","FXRTWI","Trade-weighted Index May 1970 = 100","AUS","AUS",2024-12-18,60.2,"D","Index","Indicative","RBA","Daily","F11.1 Exchange Rates","Australian Dollar Trade-weighted Index"
"16172","FXRTWI","Trade-weighted Index May 1970 = 100","AUS","AUS",2024-12-19,59.7,"D","Index","Indicative","RBA","Daily","F11.1 Exchange Rates","Australian Dollar Trade-weighted Index"
"16173","FXRTWI","Trade-weighted Index May 1970 = 100","AUS","AUS",2024-12-20,59.9,"D","Index","Indicative","RBA","Daily","F11.1 Exchange Rates","Australian Dollar Trade-weighted Index"
"16174","FXRTWI","Trade-weighted Index May 1970 = 100","AUS","AUS",2024-12-23,60,"D","Index","Indicative","RBA","Daily","F11.1 Exchange Rates","Australian Dollar Trade-weighted Index"
"16175","FXRTWI","Trade-weighted Index May 1970 = 100","AUS","AUS",2024-12-24,59.9,"D","Index","Indicative","RBA","Daily","F11.1 Exchange Rates","Australian Dollar Trade-weighted Index"
"16176","FXRTWI","Trade-weighted Index May 1970 = 100","AUS","AUS",2024-12-27,59.7,"D","Index","Indicative","RBA","Daily","F11.1 Exchange Rates","Australian Dollar Trade-weighted Index"
"16177","FXRTWI","Trade-weighted Index May 1970 = 100","AUS","AUS",2024-12-30,60,"D","Index","Indicative","RBA","Daily","F11.1 Exchange Rates","Australian Dollar Trade-weighted Index"
"16178","FIRMMCRT","Cash Rate Target","AUS","AUS",2024-12-31,4.35,"M","Per cent","Original","RBA","Monthly","F1.1 Interest Rates And Yields - Money Market","Cash Rate Target; monthly average"
"16179","FXRTWI","Trade-weighted Index May 1970 = 100","AUS","AUS",2024-12-31,59.7,"D","Index","Indicative","RBA","Daily","F11.1 Exchange Rates","Australian Dollar Trade-weighted Index"
"16180","FXRTWI","Trade-weighted Index May 1970 = 100","AUS","AUS",2024-12-31,59.7,"M","Index","Indicative","RBA","Monthly","F11 Exchange Rates","Australian Dollar Trade-weighted Index"
"16181","GCPIOCPMTMQP","Quarterly trimmed mean inflation","AUS","AUS",2024-12-31,0.5,"Q","Per cent","Seasonally Adjusted","ABS","Quarterly","G1 Consumer Price Inflation","Consumer price index; Trimmed mean; Quarterly change (in per cent)"
"16182","GRCPAISDR","Commodity prices – SDR","AUS","AUS",2024-12-31,95.9622541522123,"M","Index, 2023/24=100","Original","RBA","Monthly","I2 Commodity Prices","Index of commodity prices; All items; SDR"
"16183","A124874157C","Business Turnover Index ; Total of 13 in-scope ANZSIC divisions ; Current Price ;","AUS","AUS",2025-01-01,136.6,"M","Index Numbers","Seasonally Adjusted",NA,"Monthly","Table 01: Business turnover indicator, 13 industry summary - Monthly percentage change and index",NA
"16184","A2718577A","Credits, Total goods ;","AUS","AUS",2025-01-01,43567,"M","$ Millions","Seasonally Adjusted",NA,"Monthly","TABLE 1. GOODS, Summary: Seasonally adjusted and trend estimates, Current prices",NA
"16185","A2718594C","Balance on goods ;","AUS","AUS",2025-01-01,4518,"M","$ Millions","Seasonally Adjusted",NA,"Monthly","TABLE 1. GOODS, Summary: Seasonally adjusted and trend estimates, Current prices",NA
"16186","FXRTWI","Trade-weighted Index May 1970 = 100","AUS","AUS",2025-01-02,59.8,"D","Index","Indicative","RBA","Daily","F11.1 Exchange Rates","Australian Dollar Trade-weighted Index"
"16187","FXRTWI","Trade-weighted Index May 1970 = 100","AUS","AUS",2025-01-03,59.9,"D","Index","Indicative","RBA","Daily","F11.1 Exchange Rates","Australian Dollar Trade-weighted Index"
"16188","FXRTWI","Trade-weighted Index May 1970 = 100","AUS","AUS",2025-01-06,60.1,"D","Index","Indicative","RBA","Daily","F11.1 Exchange Rates","Australian Dollar Trade-weighted Index"
"16189","FXRTWI","Trade-weighted Index May 1970 = 100","AUS","AUS",2025-01-07,60.3,"D","Index","Indicative","RBA","Daily","F11.1 Exchange Rates","Australian Dollar Trade-weighted Index"
"16190","FXRTWI","Trade-weighted Index May 1970 = 100","AUS","AUS",2025-01-08,60.1,"D","Index","Indicative","RBA","Daily","F11.1 Exchange Rates","Australian Dollar Trade-weighted Index"
"16191","FXRTWI","Trade-weighted Index May 1970 = 100","AUS","AUS",2025-01-09,59.8,"D","Index","Indicative","RBA","Daily","F11.1 Exchange Rates","Australian Dollar Trade-weighted Index"
"16192","FXRTWI","Trade-weighted Index May 1970 = 100","AUS","AUS",2025-01-10,59.8,"D","Index","Indicative","RBA","Daily","F11.1 Exchange Rates","Australian Dollar Trade-weighted Index"
"16193","FXRTWI","Trade-weighted Index May 1970 = 100","AUS","AUS",2025-01-13,59.4,"D","Index","Indicative","RBA","Daily","F11.1 Exchange Rates","Australian Dollar Trade-weighted Index"
"16194","FXRTWI","Trade-weighted Index May 1970 = 100","AUS","AUS",2025-01-14,59.8,"D","Index","Indicative","RBA","Daily","F11.1 Exchange Rates","Australian Dollar Trade-weighted Index"
"16195","FXRTWI","Trade-weighted Index May 1970 = 100","AUS","AUS",2025-01-15,59.9,"D","Index","Indicative","RBA","Daily","F11.1 Exchange Rates","Australian Dollar Trade-weighted Index"
"16196","FXRTWI","Trade-weighted Index May 1970 = 100","AUS","AUS",2025-01-16,59.9,"D","Index","Indicative","RBA","Daily","F11.1 Exchange Rates","Australian Dollar Trade-weighted Index"
"16197","FXRTWI","Trade-weighted Index May 1970 = 100","AUS","AUS",2025-01-17,59.8,"D","Index","Indicative","RBA","Daily","F11.1 Exchange Rates","Australian Dollar Trade-weighted Index"
"16198","FXRTWI","Trade-weighted Index May 1970 = 100","AUS","AUS",2025-01-20,59.9,"D","Index","Indicative","RBA","Daily","F11.1 Exchange Rates","Australian Dollar Trade-weighted Index"
"16199","FXRTWI","Trade-weighted Index May 1970 = 100","AUS","AUS",2025-01-21,59.9,"D","Index","Indicative","RBA","Daily","F11.1 Exchange Rates","Australian Dollar Trade-weighted Index"
"16200","FXRTWI","Trade-weighted Index May 1970 = 100","AUS","AUS",2025-01-22,60,"D","Index","Indicative","RBA","Daily","F11.1 Exchange Rates","Australian Dollar Trade-weighted Index"
"16201","FXRTWI","Trade-weighted Index May 1970 = 100","AUS","AUS",2025-01-23,60.2,"D","Index","Indicative","RBA","Daily","F11.1 Exchange Rates","Australian Dollar Trade-weighted Index"
"16202","FXRTWI","Trade-weighted Index May 1970 = 100","AUS","AUS",2025-01-24,60.3,"D","Index","Indicative","RBA","Daily","F11.1 Exchange Rates","Australian Dollar Trade-weighted Index"
"16203","FXRTWI","Trade-weighted Index May 1970 = 100","AUS","AUS",2025-01-28,59.8,"D","Index","Indicative","RBA","Daily","F11.1 Exchange Rates","Australian Dollar Trade-weighted Index"
"16204","FXRTWI","Trade-weighted Index May 1970 = 100","AUS","AUS",2025-01-29,59.6,"D","Index","Indicative","RBA","Daily","F11.1 Exchange Rates","Australian Dollar Trade-weighted Index"
"16205","FXRTWI","Trade-weighted Index May 1970 = 100","AUS","AUS",2025-01-30,59.5,"D","Index","Indicative","RBA","Daily","F11.1 Exchange Rates","Australian Dollar Trade-weighted Index"
"16206","FIRMMCRT","Cash Rate Target","AUS","AUS",2025-01-31,4.35,"M","Per cent","Original","RBA","Monthly","F1.1 Interest Rates And Yields - Money Market","Cash Rate Target; monthly average"
"16207","FXRTWI","Trade-weighted Index May 1970 = 100","AUS","AUS",2025-01-31,59.6,"D","Index","Indicative","RBA","Daily","F11.1 Exchange Rates","Australian Dollar Trade-weighted Index"
"16208","FXRTWI","Trade-weighted Index May 1970 = 100","AUS","AUS",2025-01-31,59.6,"M","Index","Indicative","RBA","Monthly","F11 Exchange Rates","Australian Dollar Trade-weighted Index"
"16209","GRCPAISDR","Commodity prices – SDR","AUS","AUS",2025-01-31,94.5942548171573,"M","Index, 2023/24=100","Original","RBA","Monthly","I2 Commodity Prices","Index of commodity prices; All items; SDR"
"16210","A124874157C","Business Turnover Index ; Total of 13 in-scope ANZSIC divisions ; Current Price ;","AUS","AUS",2025-02-01,136.7,"M","Index Numbers","Seasonally Adjusted",NA,"Monthly","Table 01: Business turnover indicator, 13 industry summary - Monthly percentage change and index",NA
"16211","A2718577A","Credits, Total goods ;","AUS","AUS",2025-02-01,41732,"M","$ Millions","Seasonally Adjusted",NA,"Monthly","TABLE 1. GOODS, Summary: Seasonally adjusted and trend estimates, Current prices",NA
"16212","A2718594C","Balance on goods ;","AUS","AUS",2025-02-01,2535,"M","$ Millions","Seasonally Adjusted",NA,"Monthly","TABLE 1. GOODS, Summary: Seasonally adjusted and trend estimates, Current prices",NA
"16213","FXRTWI","Trade-weighted Index May 1970 = 100","AUS","AUS",2025-02-03,58.9,"D","Index","Indicative","RBA","Daily","F11.1 Exchange Rates","Australian Dollar Trade-weighted Index"
"16214","FXRTWI","Trade-weighted Index May 1970 = 100","AUS","AUS",2025-02-04,59.4,"D","Index","Indicative","RBA","Daily","F11.1 Exchange Rates","Australian Dollar Trade-weighted Index"
"16215","FXRTWI","Trade-weighted Index May 1970 = 100","AUS","AUS",2025-02-05,59.8,"D","Index","Indicative","RBA","Daily","F11.1 Exchange Rates","Australian Dollar Trade-weighted Index"
"16216","FXRTWI","Trade-weighted Index May 1970 = 100","AUS","AUS",2025-02-06,59.9,"D","Index","Indicative","RBA","Daily","F11.1 Exchange Rates","Australian Dollar Trade-weighted Index"
"16217","FXRTWI","Trade-weighted Index May 1970 = 100","AUS","AUS",2025-02-07,60.1,"D","Index","Indicative","RBA","Daily","F11.1 Exchange Rates","Australian Dollar Trade-weighted Index"
"16218","FXRTWI","Trade-weighted Index May 1970 = 100","AUS","AUS",2025-02-10,60.2,"D","Index","Indicative","RBA","Daily","F11.1 Exchange Rates","Australian Dollar Trade-weighted Index"
"16219","FXRTWI","Trade-weighted Index May 1970 = 100","AUS","AUS",2025-02-11,60.2,"D","Index","Indicative","RBA","Daily","F11.1 Exchange Rates","Australian Dollar Trade-weighted Index"
"16220","FXRTWI","Trade-weighted Index May 1970 = 100","AUS","AUS",2025-02-12,60.4,"D","Index","Indicative","RBA","Daily","F11.1 Exchange Rates","Australian Dollar Trade-weighted Index"
"16221","FXRTWI","Trade-weighted Index May 1970 = 100","AUS","AUS",2025-02-13,60.3,"D","Index","Indicative","RBA","Daily","F11.1 Exchange Rates","Australian Dollar Trade-weighted Index"
"16222","FXRTWI","Trade-weighted Index May 1970 = 100","AUS","AUS",2025-02-14,60.4,"D","Index","Indicative","RBA","Daily","F11.1 Exchange Rates","Australian Dollar Trade-weighted Index"
"16223","FXRTWI","Trade-weighted Index May 1970 = 100","AUS","AUS",2025-02-17,60.6,"D","Index","Indicative","RBA","Daily","F11.1 Exchange Rates","Australian Dollar Trade-weighted Index"
"16224","FXRTWI","Trade-weighted Index May 1970 = 100","AUS","AUS",2025-02-18,60.7,"D","Index","Indicative","RBA","Daily","F11.1 Exchange Rates","Australian Dollar Trade-weighted Index"
"16225","FXRTWI","Trade-weighted Index May 1970 = 100","AUS","AUS",2025-02-19,60.8,"D","Index","Indicative","RBA","Daily","F11.1 Exchange Rates","Australian Dollar Trade-weighted Index"
"16226","FXRTWI","Trade-weighted Index May 1970 = 100","AUS","AUS",2025-02-20,60.6,"D","Index","Indicative","RBA","Daily","F11.1 Exchange Rates","Australian Dollar Trade-weighted Index"
"16227","FXRTWI","Trade-weighted Index May 1970 = 100","AUS","AUS",2025-02-21,60.8,"D","Index","Indicative","RBA","Daily","F11.1 Exchange Rates","Australian Dollar Trade-weighted Index"
"16228","FXRTWI","Trade-weighted Index May 1970 = 100","AUS","AUS",2025-02-24,60.5,"D","Index","Indicative","RBA","Daily","F11.1 Exchange Rates","Australian Dollar Trade-weighted Index"
"16229","FXRTWI","Trade-weighted Index May 1970 = 100","AUS","AUS",2025-02-25,60.4,"D","Index","Indicative","RBA","Daily","F11.1 Exchange Rates","Australian Dollar Trade-weighted Index"
"16230","FXRTWI","Trade-weighted Index May 1970 = 100","AUS","AUS",2025-02-26,60.2,"D","Index","Indicative","RBA","Daily","F11.1 Exchange Rates","Australian Dollar Trade-weighted Index"
"16231","FXRTWI","Trade-weighted Index May 1970 = 100","AUS","AUS",2025-02-27,59.9,"D","Index","Indicative","RBA","Daily","F11.1 Exchange Rates","Australian Dollar Trade-weighted Index"
"16232","FIRMMCRT","Cash Rate Target","AUS","AUS",2025-02-28,4.25,"M","Per cent","Original","RBA","Monthly","F1.1 Interest Rates And Yields - Money Market","Cash Rate Target; monthly average"
"16233","FXRTWI","Trade-weighted Index May 1970 = 100","AUS","AUS",2025-02-28,59.5,"D","Index","Indicative","RBA","Daily","F11.1 Exchange Rates","Australian Dollar Trade-weighted Index"
"16234","FXRTWI","Trade-weighted Index May 1970 = 100","AUS","AUS",2025-02-28,59.5,"M","Index","Indicative","RBA","Monthly","F11 Exchange Rates","Australian Dollar Trade-weighted Index"
"16235","GRCPAISDR","Commodity prices – SDR","AUS","AUS",2025-02-28,94.6589129419691,"M","Index, 2023/24=100","Original","RBA","Monthly","I2 Commodity Prices","Index of commodity prices; All items; SDR"
"16236","A124874157C","Business Turnover Index ; Total of 13 in-scope ANZSIC divisions ; Current Price ;","AUS","AUS",2025-03-01,137.1,"M","Index Numbers","Seasonally Adjusted",NA,"Monthly","Table 01: Business turnover indicator, 13 industry summary - Monthly percentage change and index",NA
"16237","A2302956R","South Australia ; STATE FINAL DEMAND ;","SA","SA",2025-03-01,40812,"Q","$ Millions","Seasonally Adjusted",NA,"Quarterly","Table 25. State Final Demand, Summary Components by State: Chain volume measures",NA
"16238","A2302984X","Western Australia ; STATE FINAL DEMAND ;","WA","WA",2025-03-01,75407,"Q","$ Millions","Seasonally Adjusted",NA,"Quarterly","Table 25. State Final Demand, Summary Components by State: Chain volume measures",NA
"16239","A2303012X","Tasmania ; STATE FINAL DEMAND ;","TAS","TAS",2025-03-01,12222,"Q","$ Millions","Seasonally Adjusted",NA,"Quarterly","Table 25. State Final Demand, Summary Components by State: Chain volume measures",NA
"16240","A2303040J","Northern Territory ; STATE FINAL DEMAND ;","NT","NT",2025-03-01,8518,"Q","$ Millions","Seasonally Adjusted",NA,"Quarterly","Table 25. State Final Demand, Summary Components by State: Chain volume measures",NA
"16241","A2303068K","Australian Capital Territory ; STATE FINAL DEMAND ;","ACT","ACT",2025-03-01,19633,"Q","$ Millions","Seasonally Adjusted",NA,"Quarterly","Table 25. State Final Demand, Summary Components by State: Chain volume measures",NA
"16242","A2303111F","New South Wales ; STATE FINAL DEMAND ;","NSW","NSW",2025-03-01,196877,"Q","$ Millions","Seasonally Adjusted",NA,"Quarterly","Table 25. State Final Demand, Summary Components by State: Chain volume measures",NA
"16243","A2303139J","Victoria ; STATE FINAL DEMAND ;","VIC","VIC",2025-03-01,159266,"Q","$ Millions","Seasonally Adjusted",NA,"Quarterly","Table 25. State Final Demand, Summary Components by State: Chain volume measures",NA
"16244","A2303187A","Queensland ; STATE FINAL DEMAND ;","QLD","QLD",2025-03-01,124949,"Q","$ Millions","Seasonally Adjusted",NA,"Quarterly","Table 25. State Final Demand, Summary Components by State: Chain volume measures",NA
"16245","A2304418T","Gross domestic product: Current prices ;","AUS","AUS",2025-03-01,699560,"Q","$ Millions","Seasonally Adjusted",NA,"Quarterly","Table 1. Key National Accounts Aggregates",NA
"16246","A2325846C","Index Numbers ; All groups CPI ; Australia ;","AUS","AUS",2025-03-01,140.7,"Q","Index Numbers","Original",NA,"Quarterly","TABLES 1 and 2. CPI: All Groups, Index Numbers and Percentage Changes",NA
"16247","A2718577A","Credits, Total goods ;","AUS","AUS",2025-03-01,44101,"M","$ Millions","Seasonally Adjusted",NA,"Monthly","TABLE 1. GOODS, Summary: Seasonally adjusted and trend estimates, Current prices",NA
"16248","A2718594C","Balance on goods ;","AUS","AUS",2025-03-01,5826,"M","$ Millions","Seasonally Adjusted",NA,"Monthly","TABLE 1. GOODS, Summary: Seasonally adjusted and trend estimates, Current prices",NA
"16249","FXRTWI","Trade-weighted Index May 1970 = 100","AUS","AUS",2025-03-03,59.5,"D","Index","Indicative","RBA","Daily","F11.1 Exchange Rates","Australian Dollar Trade-weighted Index"
"16250","FXRTWI","Trade-weighted Index May 1970 = 100","AUS","AUS",2025-03-04,59.1,"D","Index","Indicative","RBA","Daily","F11.1 Exchange Rates","Australian Dollar Trade-weighted Index"
"16251","FXRTWI","Trade-weighted Index May 1970 = 100","AUS","AUS",2025-03-05,59.5,"D","Index","Indicative","RBA","Daily","F11.1 Exchange Rates","Australian Dollar Trade-weighted Index"
"16252","FXRTWI","Trade-weighted Index May 1970 = 100","AUS","AUS",2025-03-06,60.1,"D","Index","Indicative","RBA","Daily","F11.1 Exchange Rates","Australian Dollar Trade-weighted Index"
"16253","FXRTWI","Trade-weighted Index May 1970 = 100","AUS","AUS",2025-03-07,59.7,"D","Index","Indicative","RBA","Daily","F11.1 Exchange Rates","Australian Dollar Trade-weighted Index"
"16254","FXRTWI","Trade-weighted Index May 1970 = 100","AUS","AUS",2025-03-10,59.8,"D","Index","Indicative","RBA","Daily","F11.1 Exchange Rates","Australian Dollar Trade-weighted Index"
"16255","FXRTWI","Trade-weighted Index May 1970 = 100","AUS","AUS",2025-03-11,59.5,"D","Index","Indicative","RBA","Daily","F11.1 Exchange Rates","Australian Dollar Trade-weighted Index"
"16256","FXRTWI","Trade-weighted Index May 1970 = 100","AUS","AUS",2025-03-12,59.6,"D","Index","Indicative","RBA","Daily","F11.1 Exchange Rates","Australian Dollar Trade-weighted Index"
"16257","FXRTWI","Trade-weighted Index May 1970 = 100","AUS","AUS",2025-03-13,59.7,"D","Index","Indicative","RBA","Daily","F11.1 Exchange Rates","Australian Dollar Trade-weighted Index"
"16258","FXRTWI","Trade-weighted Index May 1970 = 100","AUS","AUS",2025-03-14,59.7,"D","Index","Indicative","RBA","Daily","F11.1 Exchange Rates","Australian Dollar Trade-weighted Index"
"16259","FXRTWI","Trade-weighted Index May 1970 = 100","AUS","AUS",2025-03-17,59.9,"D","Index","Indicative","RBA","Daily","F11.1 Exchange Rates","Australian Dollar Trade-weighted Index"
"16260","FXRTWI","Trade-weighted Index May 1970 = 100","AUS","AUS",2025-03-18,60.3,"D","Index","Indicative","RBA","Daily","F11.1 Exchange Rates","Australian Dollar Trade-weighted Index"
"16261","FXRTWI","Trade-weighted Index May 1970 = 100","AUS","AUS",2025-03-19,60.2,"D","Index","Indicative","RBA","Daily","F11.1 Exchange Rates","Australian Dollar Trade-weighted Index"
"16262","FXRTWI","Trade-weighted Index May 1970 = 100","AUS","AUS",2025-03-20,60,"D","Index","Indicative","RBA","Daily","F11.1 Exchange Rates","Australian Dollar Trade-weighted Index"
"16263","FXRTWI","Trade-weighted Index May 1970 = 100","AUS","AUS",2025-03-21,59.7,"D","Index","Indicative","RBA","Daily","F11.1 Exchange Rates","Australian Dollar Trade-weighted Index"
"16264","FXRTWI","Trade-weighted Index May 1970 = 100","AUS","AUS",2025-03-24,59.6,"D","Index","Indicative","RBA","Daily","F11.1 Exchange Rates","Australian Dollar Trade-weighted Index"
"16265","FXRTWI","Trade-weighted Index May 1970 = 100","AUS","AUS",2025-03-25,59.8,"D","Index","Indicative","RBA","Daily","F11.1 Exchange Rates","Australian Dollar Trade-weighted Index"
"16266","FXRTWI","Trade-weighted Index May 1970 = 100","AUS","AUS",2025-03-26,60,"D","Index","Indicative","RBA","Daily","F11.1 Exchange Rates","Australian Dollar Trade-weighted Index"
"16267","FXRTWI","Trade-weighted Index May 1970 = 100","AUS","AUS",2025-03-27,60,"D","Index","Indicative","RBA","Daily","F11.1 Exchange Rates","Australian Dollar Trade-weighted Index"
"16268","FXRTWI","Trade-weighted Index May 1970 = 100","AUS","AUS",2025-03-28,59.8,"D","Index","Indicative","RBA","Daily","F11.1 Exchange Rates","Australian Dollar Trade-weighted Index"
"16269","FIRMMCRT","Cash Rate Target","AUS","AUS",2025-03-31,4.1,"M","Per cent","Original","RBA","Monthly","F1.1 Interest Rates And Yields - Money Market","Cash Rate Target; monthly average"
"16270","FXRTWI","Trade-weighted Index May 1970 = 100","AUS","AUS",2025-03-31,59.6,"D","Index","Indicative","RBA","Daily","F11.1 Exchange Rates","Australian Dollar Trade-weighted Index"
"16271","FXRTWI","Trade-weighted Index May 1970 = 100","AUS","AUS",2025-03-31,59.6,"M","Index","Indicative","RBA","Monthly","F11 Exchange Rates","Australian Dollar Trade-weighted Index"
"16272","GCPIOCPMTMQP","Quarterly trimmed mean inflation","AUS","AUS",2025-03-31,0.7,"Q","Per cent","Seasonally Adjusted","ABS","Quarterly","G1 Consumer Price Inflation","Consumer price index; Trimmed mean; Quarterly change (in per cent)"
"16273","GRCPAISDR","Commodity prices – SDR","AUS","AUS",2025-03-31,90.2586516510781,"M","Index, 2023/24=100","Original","RBA","Monthly","I2 Commodity Prices","Index of commodity prices; All items; SDR"
"16274","A124874157C","Business Turnover Index ; Total of 13 in-scope ANZSIC divisions ; Current Price ;","AUS","AUS",2025-04-01,137.3,"M","Index Numbers","Seasonally Adjusted",NA,"Monthly","Table 01: Business turnover indicator, 13 industry summary - Monthly percentage change and index",NA
"16275","A2718577A","Credits, Total goods ;","AUS","AUS",2025-04-01,42913,"M","$ Millions","Seasonally Adjusted",NA,"Monthly","TABLE 1. GOODS, Summary: Seasonally adjusted and trend estimates, Current prices",NA
"16276","A2718594C","Balance on goods ;","AUS","AUS",2025-04-01,4589,"M","$ Millions","Seasonally Adjusted",NA,"Monthly","TABLE 1. GOODS, Summary: Seasonally adjusted and trend estimates, Current prices",NA
"16277","FXRTWI","Trade-weighted Index May 1970 = 100","AUS","AUS",2025-04-01,59.6,"D","Index","Indicative","RBA","Daily","F11.1 Exchange Rates","Australian Dollar Trade-weighted Index"
"16278","FXRTWI","Trade-weighted Index May 1970 = 100","AUS","AUS",2025-04-02,59.9,"D","Index","Indicative","RBA","Daily","F11.1 Exchange Rates","Australian Dollar Trade-weighted Index"
"16279","FXRTWI","Trade-weighted Index May 1970 = 100","AUS","AUS",2025-04-03,59.5,"D","Index","Indicative","RBA","Daily","F11.1 Exchange Rates","Australian Dollar Trade-weighted Index"
"16280","FXRTWI","Trade-weighted Index May 1970 = 100","AUS","AUS",2025-04-04,58.8,"D","Index","Indicative","RBA","Daily","F11.1 Exchange Rates","Australian Dollar Trade-weighted Index"
"16281","FXRTWI","Trade-weighted Index May 1970 = 100","AUS","AUS",2025-04-07,57.1,"D","Index","Indicative","RBA","Daily","F11.1 Exchange Rates","Australian Dollar Trade-weighted Index"
"16282","FXRTWI","Trade-weighted Index May 1970 = 100","AUS","AUS",2025-04-08,57.8,"D","Index","Indicative","RBA","Daily","F11.1 Exchange Rates","Australian Dollar Trade-weighted Index"
"16283","FXRTWI","Trade-weighted Index May 1970 = 100","AUS","AUS",2025-04-09,56.9,"D","Index","Indicative","RBA","Daily","F11.1 Exchange Rates","Australian Dollar Trade-weighted Index"
"16284","FXRTWI","Trade-weighted Index May 1970 = 100","AUS","AUS",2025-04-10,58.9,"D","Index","Indicative","RBA","Daily","F11.1 Exchange Rates","Australian Dollar Trade-weighted Index"
"16285","FXRTWI","Trade-weighted Index May 1970 = 100","AUS","AUS",2025-04-11,58.4,"D","Index","Indicative","RBA","Daily","F11.1 Exchange Rates","Australian Dollar Trade-weighted Index"
"16286","FXRTWI","Trade-weighted Index May 1970 = 100","AUS","AUS",2025-04-14,59.1,"D","Index","Indicative","RBA","Daily","F11.1 Exchange Rates","Australian Dollar Trade-weighted Index"
"16287","FXRTWI","Trade-weighted Index May 1970 = 100","AUS","AUS",2025-04-15,59.6,"D","Index","Indicative","RBA","Daily","F11.1 Exchange Rates","Australian Dollar Trade-weighted Index"
"16288","FXRTWI","Trade-weighted Index May 1970 = 100","AUS","AUS",2025-04-16,59.5,"D","Index","Indicative","RBA","Daily","F11.1 Exchange Rates","Australian Dollar Trade-weighted Index"
"16289","FXRTWI","Trade-weighted Index May 1970 = 100","AUS","AUS",2025-04-17,59.4,"D","Index","Indicative","RBA","Daily","F11.1 Exchange Rates","Australian Dollar Trade-weighted Index"
"16290","FXRTWI","Trade-weighted Index May 1970 = 100","AUS","AUS",2025-04-22,60,"D","Index","Indicative","RBA","Daily","F11.1 Exchange Rates","Australian Dollar Trade-weighted Index"
"16291","FXRTWI","Trade-weighted Index May 1970 = 100","AUS","AUS",2025-04-23,59.9,"D","Index","Indicative","RBA","Daily","F11.1 Exchange Rates","Australian Dollar Trade-weighted Index"
"16292","FXRTWI","Trade-weighted Index May 1970 = 100","AUS","AUS",2025-04-24,59.5,"D","Index","Indicative","RBA","Daily","F11.1 Exchange Rates","Australian Dollar Trade-weighted Index"
"16293","FXRTWI","Trade-weighted Index May 1970 = 100","AUS","AUS",2025-04-28,60,"D","Index","Indicative","RBA","Daily","F11.1 Exchange Rates","Australian Dollar Trade-weighted Index"
"16294","FXRTWI","Trade-weighted Index May 1970 = 100","AUS","AUS",2025-04-29,59.9,"D","Index","Indicative","RBA","Daily","F11.1 Exchange Rates","Australian Dollar Trade-weighted Index"
"16295","FIRMMCRT","Cash Rate Target","AUS","AUS",2025-04-30,4.1,"M","Per cent","Original","RBA","Monthly","F1.1 Interest Rates And Yields - Money Market","Cash Rate Target; monthly average"
"16296","FXRTWI","Trade-weighted Index May 1970 = 100","AUS","AUS",2025-04-30,59.9,"D","Index","Indicative","RBA","Daily","F11.1 Exchange Rates","Australian Dollar Trade-weighted Index"
"16297","FXRTWI","Trade-weighted Index May 1970 = 100","AUS","AUS",2025-04-30,59.9,"M","Index","Indicative","RBA","Monthly","F11 Exchange Rates","Australian Dollar Trade-weighted Index"
"16298","GRCPAISDR","Commodity prices – SDR","AUS","AUS",2025-04-30,87.1106245141315,"M","Index, 2023/24=100","Original","RBA","Monthly","I2 Commodity Prices","Index of commodity prices; All items; SDR"
"16299","A124874157C","Business Turnover Index ; Total of 13 in-scope ANZSIC divisions ; Current Price ;","AUS","AUS",2025-05-01,137,"M","Index Numbers","Seasonally Adjusted",NA,"Monthly","Table 01: Business turnover indicator, 13 industry summary - Monthly percentage change and index",NA
"16300","A2718577A","Credits, Total goods ;","AUS","AUS",2025-05-01,41719,"M","$ Millions","Seasonally Adjusted",NA,"Monthly","TABLE 1. GOODS, Summary: Seasonally adjusted and trend estimates, Current prices",NA
"16301","A2718594C","Balance on goods ;","AUS","AUS",2025-05-01,1849,"M","$ Millions","Seasonally Adjusted",NA,"Monthly","TABLE 1. GOODS, Summary: Seasonally adjusted and trend estimates, Current prices",NA
"16302","FXRTWI","Trade-weighted Index May 1970 = 100","AUS","AUS",2025-05-01,59.8,"D","Index","Indicative","RBA","Daily","F11.1 Exchange Rates","Australian Dollar Trade-weighted Index"
"16303","FXRTWI","Trade-weighted Index May 1970 = 100","AUS","AUS",2025-05-02,59.9,"D","Index","Indicative","RBA","Daily","F11.1 Exchange Rates","Australian Dollar Trade-weighted Index"
"16304","FXRTWI","Trade-weighted Index May 1970 = 100","AUS","AUS",2025-05-05,60.2,"D","Index","Indicative","RBA","Daily","F11.1 Exchange Rates","Australian Dollar Trade-weighted Index"
"16305","FXRTWI","Trade-weighted Index May 1970 = 100","AUS","AUS",2025-05-06,59.9,"D","Index","Indicative","RBA","Daily","F11.1 Exchange Rates","Australian Dollar Trade-weighted Index"
"16306","FXRTWI","Trade-weighted Index May 1970 = 100","AUS","AUS",2025-05-07,60.1,"D","Index","Indicative","RBA","Daily","F11.1 Exchange Rates","Australian Dollar Trade-weighted Index"
"16307","FXRTWI","Trade-weighted Index May 1970 = 100","AUS","AUS",2025-05-08,59.9,"D","Index","Indicative","RBA","Daily","F11.1 Exchange Rates","Australian Dollar Trade-weighted Index"
"16308","FXRTWI","Trade-weighted Index May 1970 = 100","AUS","AUS",2025-05-09,59.8,"D","Index","Indicative","RBA","Daily","F11.1 Exchange Rates","Australian Dollar Trade-weighted Index"
"16309","FXRTWI","Trade-weighted Index May 1970 = 100","AUS","AUS",2025-05-12,60,"D","Index","Indicative","RBA","Daily","F11.1 Exchange Rates","Australian Dollar Trade-weighted Index"
"16310","FXRTWI","Trade-weighted Index May 1970 = 100","AUS","AUS",2025-05-13,59.9,"D","Index","Indicative","RBA","Daily","F11.1 Exchange Rates","Australian Dollar Trade-weighted Index"
"16311","FXRTWI","Trade-weighted Index May 1970 = 100","AUS","AUS",2025-05-14,60.5,"D","Index","Indicative","RBA","Daily","F11.1 Exchange Rates","Australian Dollar Trade-weighted Index"
"16312","FXRTWI","Trade-weighted Index May 1970 = 100","AUS","AUS",2025-05-15,59.9,"D","Index","Indicative","RBA","Daily","F11.1 Exchange Rates","Australian Dollar Trade-weighted Index"
"16313","FXRTWI","Trade-weighted Index May 1970 = 100","AUS","AUS",2025-05-16,59.9,"D","Index","Indicative","RBA","Daily","F11.1 Exchange Rates","Australian Dollar Trade-weighted Index"
"16314","FXRTWI","Trade-weighted Index May 1970 = 100","AUS","AUS",2025-05-19,59.7,"D","Index","Indicative","RBA","Daily","F11.1 Exchange Rates","Australian Dollar Trade-weighted Index"
"16315","FXRTWI","Trade-weighted Index May 1970 = 100","AUS","AUS",2025-05-20,59.7,"D","Index","Indicative","RBA","Daily","F11.1 Exchange Rates","Australian Dollar Trade-weighted Index"
"16316","FXRTWI","Trade-weighted Index May 1970 = 100","AUS","AUS",2025-05-21,59.8,"D","Index","Indicative","RBA","Daily","F11.1 Exchange Rates","Australian Dollar Trade-weighted Index"
"16317","FXRTWI","Trade-weighted Index May 1970 = 100","AUS","AUS",2025-05-22,59.8,"D","Index","Indicative","RBA","Daily","F11.1 Exchange Rates","Australian Dollar Trade-weighted Index"
"16318","FXRTWI","Trade-weighted Index May 1970 = 100","AUS","AUS",2025-05-23,59.6,"D","Index","Indicative","RBA","Daily","F11.1 Exchange Rates","Australian Dollar Trade-weighted Index"
"16319","FXRTWI","Trade-weighted Index May 1970 = 100","AUS","AUS",2025-05-26,60.1,"D","Index","Indicative","RBA","Daily","F11.1 Exchange Rates","Australian Dollar Trade-weighted Index"
"16320","FXRTWI","Trade-weighted Index May 1970 = 100","AUS","AUS",2025-05-27,59.9,"D","Index","Indicative","RBA","Daily","F11.1 Exchange Rates","Australian Dollar Trade-weighted Index"
"16321","FXRTWI","Trade-weighted Index May 1970 = 100","AUS","AUS",2025-05-28,59.6,"D","Index","Indicative","RBA","Daily","F11.1 Exchange Rates","Australian Dollar Trade-weighted Index"
"16322","FXRTWI","Trade-weighted Index May 1970 = 100","AUS","AUS",2025-05-29,59.7,"D","Index","Indicative","RBA","Daily","F11.1 Exchange Rates","Australian Dollar Trade-weighted Index"
"16323","FXRTWI","Trade-weighted Index May 1970 = 100","AUS","AUS",2025-05-30,59.6,"D","Index","Indicative","RBA","Daily","F11.1 Exchange Rates","Australian Dollar Trade-weighted Index"
"16324","FXRTWI","Trade-weighted Index May 1970 = 100","AUS","AUS",2025-05-30,59.6,"M","Index","Indicative","RBA","Monthly","F11 Exchange Rates","Australian Dollar Trade-weighted Index"
"16325","FIRMMCRT","Cash Rate Target","AUS","AUS",2025-05-31,4.01,"M","Per cent","Original","RBA","Monthly","F1.1 Interest Rates And Yields - Money Market","Cash Rate Target; monthly average"
"16326","GRCPAISDR","Commodity prices – SDR","AUS","AUS",2025-05-31,86.8134634959757,"M","Index, 2023/24=100","Original","RBA","Monthly","I2 Commodity Prices","Index of commodity prices; All items; SDR"
"16327","A124874157C","Business Turnover Index ; Total of 13 in-scope ANZSIC divisions ; Current Price ;","AUS","AUS",2025-06-01,137.4,"M","Index Numbers","Seasonally Adjusted",NA,"Monthly","Table 01: Business turnover indicator, 13 industry summary - Monthly percentage change and index",NA
"16328","A2302956R","South Australia ; STATE FINAL DEMAND ;","SA","SA",2025-06-01,41081,"Q","$ Millions","Seasonally Adjusted",NA,"Quarterly","Table 25. State Final Demand, Summary Components by State: Chain volume measures",NA
"16329","A2302984X","Western Australia ; STATE FINAL DEMAND ;","WA","WA",2025-06-01,75790,"Q","$ Millions","Seasonally Adjusted",NA,"Quarterly","Table 25. State Final Demand, Summary Components by State: Chain volume measures",NA
"16330","A2303012X","Tasmania ; STATE FINAL DEMAND ;","TAS","TAS",2025-06-01,12798,"Q","$ Millions","Seasonally Adjusted",NA,"Quarterly","Table 25. State Final Demand, Summary Components by State: Chain volume measures",NA
"16331","A2303040J","Northern Territory ; STATE FINAL DEMAND ;","NT","NT",2025-06-01,8382,"Q","$ Millions","Seasonally Adjusted",NA,"Quarterly","Table 25. State Final Demand, Summary Components by State: Chain volume measures",NA
"16332","A2303068K","Australian Capital Territory ; STATE FINAL DEMAND ;","ACT","ACT",2025-06-01,19761,"Q","$ Millions","Seasonally Adjusted",NA,"Quarterly","Table 25. State Final Demand, Summary Components by State: Chain volume measures",NA
"16333","A2303111F","New South Wales ; STATE FINAL DEMAND ;","NSW","NSW",2025-06-01,197801,"Q","$ Millions","Seasonally Adjusted",NA,"Quarterly","Table 25. State Final Demand, Summary Components by State: Chain volume measures",NA
"16334","A2303139J","Victoria ; STATE FINAL DEMAND ;","VIC","VIC",2025-06-01,159938,"Q","$ Millions","Seasonally Adjusted",NA,"Quarterly","Table 25. State Final Demand, Summary Components by State: Chain volume measures",NA
"16335","A2303187A","Queensland ; STATE FINAL DEMAND ;","QLD","QLD",2025-06-01,125773,"Q","$ Millions","Seasonally Adjusted",NA,"Quarterly","Table 25. State Final Demand, Summary Components by State: Chain volume measures",NA
"16336","A2304418T","Gross domestic product: Current prices ;","AUS","AUS",2025-06-01,704169,"Q","$ Millions","Seasonally Adjusted",NA,"Quarterly","Table 1. Key National Accounts Aggregates",NA
"16337","A2325846C","Index Numbers ; All groups CPI ; Australia ;","AUS","AUS",2025-06-01,141.7,"Q","Index Numbers","Original",NA,"Quarterly","TABLES 1 and 2. CPI: All Groups, Index Numbers and Percentage Changes",NA
"16338","A2718577A","Credits, Total goods ;","AUS","AUS",2025-06-01,44281,"M","$ Millions","Seasonally Adjusted",NA,"Monthly","TABLE 1. GOODS, Summary: Seasonally adjusted and trend estimates, Current prices",NA
"16339","A2718594C","Balance on goods ;","AUS","AUS",2025-06-01,4546,"M","$ Millions","Seasonally Adjusted",NA,"Monthly","TABLE 1. GOODS, Summary: Seasonally adjusted and trend estimates, Current prices",NA
"16340","FXRTWI","Trade-weighted Index May 1970 = 100","AUS","AUS",2025-06-02,59.8,"D","Index","Indicative","RBA","Daily","F11.1 Exchange Rates","Australian Dollar Trade-weighted Index"
"16341","FXRTWI","Trade-weighted Index May 1970 = 100","AUS","AUS",2025-06-03,59.8,"D","Index","Indicative","RBA","Daily","F11.1 Exchange Rates","Australian Dollar Trade-weighted Index"
"16342","FXRTWI","Trade-weighted Index May 1970 = 100","AUS","AUS",2025-06-04,59.8,"D","Index","Indicative","RBA","Daily","F11.1 Exchange Rates","Australian Dollar Trade-weighted Index"
"16343","FXRTWI","Trade-weighted Index May 1970 = 100","AUS","AUS",2025-06-05,59.9,"D","Index","Indicative","RBA","Daily","F11.1 Exchange Rates","Australian Dollar Trade-weighted Index"
"16344","FXRTWI","Trade-weighted Index May 1970 = 100","AUS","AUS",2025-06-06,60,"D","Index","Indicative","RBA","Daily","F11.1 Exchange Rates","Australian Dollar Trade-weighted Index"
"16345","FXRTWI","Trade-weighted Index May 1970 = 100","AUS","AUS",2025-06-10,60.1,"D","Index","Indicative","RBA","Daily","F11.1 Exchange Rates","Australian Dollar Trade-weighted Index"
"16346","FXRTWI","Trade-weighted Index May 1970 = 100","AUS","AUS",2025-06-11,60.3,"D","Index","Indicative","RBA","Daily","F11.1 Exchange Rates","Australian Dollar Trade-weighted Index"
"16347","FXRTWI","Trade-weighted Index May 1970 = 100","AUS","AUS",2025-06-12,59.9,"D","Index","Indicative","RBA","Daily","F11.1 Exchange Rates","Australian Dollar Trade-weighted Index"
"16348","FXRTWI","Trade-weighted Index May 1970 = 100","AUS","AUS",2025-06-13,59.8,"D","Index","Indicative","RBA","Daily","F11.1 Exchange Rates","Australian Dollar Trade-weighted Index"
"16349","FXRTWI","Trade-weighted Index May 1970 = 100","AUS","AUS",2025-06-16,59.9,"D","Index","Indicative","RBA","Daily","F11.1 Exchange Rates","Australian Dollar Trade-weighted Index"
"16350","FXRTWI","Trade-weighted Index May 1970 = 100","AUS","AUS",2025-06-17,60.3,"D","Index","Indicative","RBA","Daily","F11.1 Exchange Rates","Australian Dollar Trade-weighted Index"
"16351","FXRTWI","Trade-weighted Index May 1970 = 100","AUS","AUS",2025-06-18,60.1,"D","Index","Indicative","RBA","Daily","F11.1 Exchange Rates","Australian Dollar Trade-weighted Index"
"16352","FXRTWI","Trade-weighted Index May 1970 = 100","AUS","AUS",2025-06-19,59.9,"D","Index","Indicative","RBA","Daily","F11.1 Exchange Rates","Australian Dollar Trade-weighted Index"
"16353","FXRTWI","Trade-weighted Index May 1970 = 100","AUS","AUS",2025-06-20,60.1,"D","Index","Indicative","RBA","Daily","F11.1 Exchange Rates","Australian Dollar Trade-weighted Index"
"16354","FXRTWI","Trade-weighted Index May 1970 = 100","AUS","AUS",2025-06-23,59.6,"D","Index","Indicative","RBA","Daily","F11.1 Exchange Rates","Australian Dollar Trade-weighted Index"
"16355","FXRTWI","Trade-weighted Index May 1970 = 100","AUS","AUS",2025-06-24,60,"D","Index","Indicative","RBA","Daily","F11.1 Exchange Rates","Australian Dollar Trade-weighted Index"
"16356","FXRTWI","Trade-weighted Index May 1970 = 100","AUS","AUS",2025-06-25,59.9,"D","Index","Indicative","RBA","Daily","F11.1 Exchange Rates","Australian Dollar Trade-weighted Index"
"16357","FXRTWI","Trade-weighted Index May 1970 = 100","AUS","AUS",2025-06-26,60,"D","Index","Indicative","RBA","Daily","F11.1 Exchange Rates","Australian Dollar Trade-weighted Index"
"16358","FXRTWI","Trade-weighted Index May 1970 = 100","AUS","AUS",2025-06-27,60.2,"D","Index","Indicative","RBA","Daily","F11.1 Exchange Rates","Australian Dollar Trade-weighted Index"
"16359","FIRMMCRT","Cash Rate Target","AUS","AUS",2025-06-30,3.85,"M","Per cent","Original","RBA","Monthly","F1.1 Interest Rates And Yields - Money Market","Cash Rate Target; monthly average"
"16360","FXRTWI","Trade-weighted Index May 1970 = 100","AUS","AUS",2025-06-30,60.1,"D","Index","Indicative","RBA","Daily","F11.1 Exchange Rates","Australian Dollar Trade-weighted Index"
"16361","FXRTWI","Trade-weighted Index May 1970 = 100","AUS","AUS",2025-06-30,60.1,"M","Index","Indicative","RBA","Monthly","F11 Exchange Rates","Australian Dollar Trade-weighted Index"
"16362","GCPIOCPMTMQP","Quarterly trimmed mean inflation","AUS","AUS",2025-06-30,0.6,"Q","Per cent","Seasonally Adjusted","ABS","Quarterly","G1 Consumer Price Inflation","Consumer price index; Trimmed mean; Quarterly change (in per cent)"
"16363","GRCPAISDR","Commodity prices – SDR","AUS","AUS",2025-06-30,85.0473954922745,"M","Index, 2023/24=100","Original","RBA","Monthly","I2 Commodity Prices","Index of commodity prices; All items; SDR"
"16364","A124874157C","Business Turnover Index ; Total of 13 in-scope ANZSIC divisions ; Current Price ;","AUS","AUS",2025-07-01,141.7,"M","Index Numbers","Seasonally Adjusted",NA,"Monthly","Table 01: Business turnover indicator, 13 industry summary - Monthly percentage change and index",NA
"16365","A2718577A","Credits, Total goods ;","AUS","AUS",2025-07-01,45410,"M","$ Millions","Seasonally Adjusted",NA,"Monthly","TABLE 1. GOODS, Summary: Seasonally adjusted and trend estimates, Current prices",NA
"16366","A2718594C","Balance on goods ;","AUS","AUS",2025-07-01,6612,"M","$ Millions","Seasonally Adjusted",NA,"Monthly","TABLE 1. GOODS, Summary: Seasonally adjusted and trend estimates, Current prices",NA
"16367","FXRTWI","Trade-weighted Index May 1970 = 100","AUS","AUS",2025-07-01,60.4,"D","Index","Indicative","RBA","Daily","F11.1 Exchange Rates","Australian Dollar Trade-weighted Index"
"16368","FXRTWI","Trade-weighted Index May 1970 = 100","AUS","AUS",2025-07-02,60.4,"D","Index","Indicative","RBA","Daily","F11.1 Exchange Rates","Australian Dollar Trade-weighted Index"
"16369","FXRTWI","Trade-weighted Index May 1970 = 100","AUS","AUS",2025-07-03,60.3,"D","Index","Indicative","RBA","Daily","F11.1 Exchange Rates","Australian Dollar Trade-weighted Index"
"16370","FXRTWI","Trade-weighted Index May 1970 = 100","AUS","AUS",2025-07-04,60.3,"D","Index","Indicative","RBA","Daily","F11.1 Exchange Rates","Australian Dollar Trade-weighted Index"
"16371","FXRTWI","Trade-weighted Index May 1970 = 100","AUS","AUS",2025-07-07,59.9,"D","Index","Indicative","RBA","Daily","F11.1 Exchange Rates","Australian Dollar Trade-weighted Index"
"16372","FXRTWI","Trade-weighted Index May 1970 = 100","AUS","AUS",2025-07-08,60.3,"D","Index","Indicative","RBA","Daily","F11.1 Exchange Rates","Australian Dollar Trade-weighted Index"
"16373","FXRTWI","Trade-weighted Index May 1970 = 100","AUS","AUS",2025-07-09,60.3,"D","Index","Indicative","RBA","Daily","F11.1 Exchange Rates","Australian Dollar Trade-weighted Index"
"16374","FXRTWI","Trade-weighted Index May 1970 = 100","AUS","AUS",2025-07-10,60.4,"D","Index","Indicative","RBA","Daily","F11.1 Exchange Rates","Australian Dollar Trade-weighted Index"
"16375","FXRTWI","Trade-weighted Index May 1970 = 100","AUS","AUS",2025-07-11,60.7,"D","Index","Indicative","RBA","Daily","F11.1 Exchange Rates","Australian Dollar Trade-weighted Index"
"16376","FXRTWI","Trade-weighted Index May 1970 = 100","AUS","AUS",2025-07-14,60.6,"D","Index","Indicative","RBA","Daily","F11.1 Exchange Rates","Australian Dollar Trade-weighted Index"
"16377","FXRTWI","Trade-weighted Index May 1970 = 100","AUS","AUS",2025-07-15,60.6,"D","Index","Indicative","RBA","Daily","F11.1 Exchange Rates","Australian Dollar Trade-weighted Index"
"16378","FXRTWI","Trade-weighted Index May 1970 = 100","AUS","AUS",2025-07-16,60.5,"D","Index","Indicative","RBA","Daily","F11.1 Exchange Rates","Australian Dollar Trade-weighted Index"
"16379","FXRTWI","Trade-weighted Index May 1970 = 100","AUS","AUS",2025-07-17,60.1,"D","Index","Indicative","RBA","Daily","F11.1 Exchange Rates","Australian Dollar Trade-weighted Index"
"16380","FXRTWI","Trade-weighted Index May 1970 = 100","AUS","AUS",2025-07-18,60.3,"D","Index","Indicative","RBA","Daily","F11.1 Exchange Rates","Australian Dollar Trade-weighted Index"
"16381","FXRTWI","Trade-weighted Index May 1970 = 100","AUS","AUS",2025-07-21,60.4,"D","Index","Indicative","RBA","Daily","F11.1 Exchange Rates","Australian Dollar Trade-weighted Index"
"16382","FXRTWI","Trade-weighted Index May 1970 = 100","AUS","AUS",2025-07-22,60.3,"D","Index","Indicative","RBA","Daily","F11.1 Exchange Rates","Australian Dollar Trade-weighted Index"
"16383","FXRTWI","Trade-weighted Index May 1970 = 100","AUS","AUS",2025-07-23,60.6,"D","Index","Indicative","RBA","Daily","F11.1 Exchange Rates","Australian Dollar Trade-weighted Index"
"16384","FXRTWI","Trade-weighted Index May 1970 = 100","AUS","AUS",2025-07-24,60.9,"D","Index","Indicative","RBA","Daily","F11.1 Exchange Rates","Australian Dollar Trade-weighted Index"
"16385","FXRTWI","Trade-weighted Index May 1970 = 100","AUS","AUS",2025-07-25,60.7,"D","Index","Indicative","RBA","Daily","F11.1 Exchange Rates","Australian Dollar Trade-weighted Index"
"16386","FXRTWI","Trade-weighted Index May 1970 = 100","AUS","AUS",2025-07-28,60.7,"D","Index","Indicative","RBA","Daily","F11.1 Exchange Rates","Australian Dollar Trade-weighted Index"
"16387","FXRTWI","Trade-weighted Index May 1970 = 100","AUS","AUS",2025-07-29,60.5,"D","Index","Indicative","RBA","Daily","F11.1 Exchange Rates","Australian Dollar Trade-weighted Index"
"16388","FXRTWI","Trade-weighted Index May 1970 = 100","AUS","AUS",2025-07-30,60.4,"D","Index","Indicative","RBA","Daily","F11.1 Exchange Rates","Australian Dollar Trade-weighted Index"
"16389","FIRMMCRT","Cash Rate Target","AUS","AUS",2025-07-31,3.85,"M","Per cent","Original","RBA","Monthly","F1.1 Interest Rates And Yields - Money Market","Cash Rate Target; monthly average"
"16390","FXRTWI","Trade-weighted Index May 1970 = 100","AUS","AUS",2025-07-31,60.3,"D","Index","Indicative","RBA","Daily","F11.1 Exchange Rates","Australian Dollar Trade-weighted Index"
"16391","FXRTWI","Trade-weighted Index May 1970 = 100","AUS","AUS",2025-07-31,60.3,"M","Index","Indicative","RBA","Monthly","F11 Exchange Rates","Australian Dollar Trade-weighted Index"
"16392","GRCPAISDR","Commodity prices – SDR","AUS","AUS",2025-07-31,85.7671945437426,"M","Index, 2023/24=100","Original","RBA","Monthly","I2 Commodity Prices","Index of commodity prices; All items; SDR"
"16393","A124874157C","Business Turnover Index ; Total of 13 in-scope ANZSIC divisions ; Current Price ;","AUS","AUS",2025-08-01,138.6,"M","Index Numbers","Seasonally Adjusted",NA,"Monthly","Table 01: Business turnover indicator, 13 industry summary - Monthly percentage change and index",NA
"16394","A2718577A","Credits, Total goods ;","AUS","AUS",2025-08-01,41858,"M","$ Millions","Seasonally Adjusted",NA,"Monthly","TABLE 1. GOODS, Summary: Seasonally adjusted and trend estimates, Current prices",NA
"16395","A2718594C","Balance on goods ;","AUS","AUS",2025-08-01,1825,"M","$ Millions","Seasonally Adjusted",NA,"Monthly","TABLE 1. GOODS, Summary: Seasonally adjusted and trend estimates, Current prices",NA
"16396","FXRTWI","Trade-weighted Index May 1970 = 100","AUS","AUS",2025-08-01,60.1,"D","Index","Indicative","RBA","Daily","F11.1 Exchange Rates","Australian Dollar Trade-weighted Index"
"16397","FXRTWI","Trade-weighted Index May 1970 = 100","AUS","AUS",2025-08-05,60,"D","Index","Indicative","RBA","Daily","F11.1 Exchange Rates","Australian Dollar Trade-weighted Index"
"16398","FXRTWI","Trade-weighted Index May 1970 = 100","AUS","AUS",2025-08-06,60.3,"D","Index","Indicative","RBA","Daily","F11.1 Exchange Rates","Australian Dollar Trade-weighted Index"
"16399","FXRTWI","Trade-weighted Index May 1970 = 100","AUS","AUS",2025-08-07,60.4,"D","Index","Indicative","RBA","Daily","F11.1 Exchange Rates","Australian Dollar Trade-weighted Index"
"16400","FXRTWI","Trade-weighted Index May 1970 = 100","AUS","AUS",2025-08-08,60.4,"D","Index","Indicative","RBA","Daily","F11.1 Exchange Rates","Australian Dollar Trade-weighted Index"
"16401","FXRTWI","Trade-weighted Index May 1970 = 100","AUS","AUS",2025-08-11,60.5,"D","Index","Indicative","RBA","Daily","F11.1 Exchange Rates","Australian Dollar Trade-weighted Index"
"16402","FXRTWI","Trade-weighted Index May 1970 = 100","AUS","AUS",2025-08-12,60.3,"D","Index","Indicative","RBA","Daily","F11.1 Exchange Rates","Australian Dollar Trade-weighted Index"
"16403","FXRTWI","Trade-weighted Index May 1970 = 100","AUS","AUS",2025-08-13,60.5,"D","Index","Indicative","RBA","Daily","F11.1 Exchange Rates","Australian Dollar Trade-weighted Index"
"16404","FXRTWI","Trade-weighted Index May 1970 = 100","AUS","AUS",2025-08-14,60.5,"D","Index","Indicative","RBA","Daily","F11.1 Exchange Rates","Australian Dollar Trade-weighted Index"
"16405","FXRTWI","Trade-weighted Index May 1970 = 100","AUS","AUS",2025-08-15,60.3,"D","Index","Indicative","RBA","Daily","F11.1 Exchange Rates","Australian Dollar Trade-weighted Index"
"16406","FXRTWI","Trade-weighted Index May 1970 = 100","AUS","AUS",2025-08-18,60.4,"D","Index","Indicative","RBA","Daily","F11.1 Exchange Rates","Australian Dollar Trade-weighted Index"
"16407","FXRTWI","Trade-weighted Index May 1970 = 100","AUS","AUS",2025-08-19,60.1,"D","Index","Indicative","RBA","Daily","F11.1 Exchange Rates","Australian Dollar Trade-weighted Index"
"16408","FXRTWI","Trade-weighted Index May 1970 = 100","AUS","AUS",2025-08-20,59.9,"D","Index","Indicative","RBA","Daily","F11.1 Exchange Rates","Australian Dollar Trade-weighted Index"
"16409","FXRTWI","Trade-weighted Index May 1970 = 100","AUS","AUS",2025-08-21,59.6,"D","Index","Indicative","RBA","Daily","F11.1 Exchange Rates","Australian Dollar Trade-weighted Index"
"16410","FXRTWI","Trade-weighted Index May 1970 = 100","AUS","AUS",2025-08-22,59.7,"D","Index","Indicative","RBA","Daily","F11.1 Exchange Rates","Australian Dollar Trade-weighted Index"
"16411","FXRTWI","Trade-weighted Index May 1970 = 100","AUS","AUS",2025-08-25,60.1,"D","Index","Indicative","RBA","Daily","F11.1 Exchange Rates","Australian Dollar Trade-weighted Index"
"16412","FXRTWI","Trade-weighted Index May 1970 = 100","AUS","AUS",2025-08-26,60.1,"D","Index","Indicative","RBA","Daily","F11.1 Exchange Rates","Australian Dollar Trade-weighted Index"
"16413","FXRTWI","Trade-weighted Index May 1970 = 100","AUS","AUS",2025-08-27,60.2,"D","Index","Indicative","RBA","Daily","F11.1 Exchange Rates","Australian Dollar Trade-weighted Index"
"16414","FXRTWI","Trade-weighted Index May 1970 = 100","AUS","AUS",2025-08-28,60.3,"D","Index","Indicative","RBA","Daily","F11.1 Exchange Rates","Australian Dollar Trade-weighted Index"
"16415","FXRTWI","Trade-weighted Index May 1970 = 100","AUS","AUS",2025-08-29,60.5,"D","Index","Indicative","RBA","Daily","F11.1 Exchange Rates","Australian Dollar Trade-weighted Index"
"16416","FXRTWI","Trade-weighted Index May 1970 = 100","AUS","AUS",2025-08-29,60.5,"M","Index","Indicative","RBA","Monthly","F11 Exchange Rates","Australian Dollar Trade-weighted Index"
"16417","FIRMMCRT","Cash Rate Target","AUS","AUS",2025-08-31,3.7,"M","Per cent","Original","RBA","Monthly","F1.1 Interest Rates And Yields - Money Market","Cash Rate Target; monthly average"
"16418","GRCPAISDR","Commodity prices – SDR","AUS","AUS",2025-08-31,86.7851406569851,"M","Index, 2023/24=100","Original","RBA","Monthly","I2 Commodity Prices","Index of commodity prices; All items; SDR"
"16419","FXRTWI","Trade-weighted Index May 1970 = 100","AUS","AUS",2025-09-01,60.6,"D","Index","Indicative","RBA","Daily","F11.1 Exchange Rates","Australian Dollar Trade-weighted Index"
"16420","FXRTWI","Trade-weighted Index May 1970 = 100","AUS","AUS",2025-09-02,60.6,"D","Index","Indicative","RBA","Daily","F11.1 Exchange Rates","Australian Dollar Trade-weighted Index"
"16421","FXRTWI","Trade-weighted Index May 1970 = 100","AUS","AUS",2025-09-03,60.5,"D","Index","Indicative","RBA","Daily","F11.1 Exchange Rates","Australian Dollar Trade-weighted Index"
"16422","FXRTWI","Trade-weighted Index May 1970 = 100","AUS","AUS",2025-09-04,60.6,"D","Index","Indicative","RBA","Daily","F11.1 Exchange Rates","Australian Dollar Trade-weighted Index"
"16423","FXRTWI","Trade-weighted Index May 1970 = 100","AUS","AUS",2025-09-05,60.6,"D","Index","Indicative","RBA","Daily","F11.1 Exchange Rates","Australian Dollar Trade-weighted Index"
"16424","FXRTWI","Trade-weighted Index May 1970 = 100","AUS","AUS",2025-09-08,60.8,"D","Index","Indicative","RBA","Daily","F11.1 Exchange Rates","Australian Dollar Trade-weighted Index"
"16425","FXRTWI","Trade-weighted Index May 1970 = 100","AUS","AUS",2025-09-09,61,"D","Index","Indicative","RBA","Daily","F11.1 Exchange Rates","Australian Dollar Trade-weighted Index"
"16426","FXRTWI","Trade-weighted Index May 1970 = 100","AUS","AUS",2025-09-10,61.1,"D","Index","Indicative","RBA","Daily","F11.1 Exchange Rates","Australian Dollar Trade-weighted Index"
"16427","FXRTWI","Trade-weighted Index May 1970 = 100","AUS","AUS",2025-09-11,61.1,"D","Index","Indicative","RBA","Daily","F11.1 Exchange Rates","Australian Dollar Trade-weighted Index"
"16428","FXRTWI","Trade-weighted Index May 1970 = 100","AUS","AUS",2025-09-12,61.5,"D","Index","Indicative","RBA","Daily","F11.1 Exchange Rates","Australian Dollar Trade-weighted Index"
"16429","FXRTWI","Trade-weighted Index May 1970 = 100","AUS","AUS",2025-09-15,61.5,"D","Index","Indicative","RBA","Daily","F11.1 Exchange Rates","Australian Dollar Trade-weighted Index"
"16430","FXRTWI","Trade-weighted Index May 1970 = 100","AUS","AUS",2025-09-16,61.5,"D","Index","Indicative","RBA","Daily","F11.1 Exchange Rates","Australian Dollar Trade-weighted Index"
"16431","FXRTWI","Trade-weighted Index May 1970 = 100","AUS","AUS",2025-09-17,61.5,"D","Index","Indicative","RBA","Daily","F11.1 Exchange Rates","Australian Dollar Trade-weighted Index"
"16432","FXRTWI","Trade-weighted Index May 1970 = 100","AUS","AUS",2025-09-18,61.1,"D","Index","Indicative","RBA","Daily","F11.1 Exchange Rates","Australian Dollar Trade-weighted Index"
"16433","FXRTWI","Trade-weighted Index May 1970 = 100","AUS","AUS",2025-09-19,61,"D","Index","Indicative","RBA","Daily","F11.1 Exchange Rates","Australian Dollar Trade-weighted Index"
"16434","FXRTWI","Trade-weighted Index May 1970 = 100","AUS","AUS",2025-09-22,61,"D","Index","Indicative","RBA","Daily","F11.1 Exchange Rates","Australian Dollar Trade-weighted Index"
"16435","FXRTWI","Trade-weighted Index May 1970 = 100","AUS","AUS",2025-09-23,60.9,"D","Index","Indicative","RBA","Daily","F11.1 Exchange Rates","Australian Dollar Trade-weighted Index"
"16436","FXRTWI","Trade-weighted Index May 1970 = 100","AUS","AUS",2025-09-24,61.3,"D","Index","Indicative","RBA","Daily","F11.1 Exchange Rates","Australian Dollar Trade-weighted Index"
"16437","FXRTWI","Trade-weighted Index May 1970 = 100","AUS","AUS",2025-09-25,61.2,"D","Index","Indicative","RBA","Daily","F11.1 Exchange Rates","Australian Dollar Trade-weighted Index"
"16438","FXRTWI","Trade-weighted Index May 1970 = 100","AUS","AUS",2025-09-26,60.9,"D","Index","Indicative","RBA","Daily","F11.1 Exchange Rates","Australian Dollar Trade-weighted Index"
"16439","FXRTWI","Trade-weighted Index May 1970 = 100","AUS","AUS",2025-09-29,61,"D","Index","Indicative","RBA","Daily","F11.1 Exchange Rates","Australian Dollar Trade-weighted Index"
"16440","FIRMMCRT","Cash Rate Target","AUS","AUS",2025-09-30,3.6,"M","Per cent","Original","RBA","Monthly","F1.1 Interest Rates And Yields - Money Market","Cash Rate Target; monthly average"
"16441","FXRTWI","Trade-weighted Index May 1970 = 100","AUS","AUS",2025-09-30,61.3,"D","Index","Indicative","RBA","Daily","F11.1 Exchange Rates","Australian Dollar Trade-weighted Index"
"16442","FXRTWI","Trade-weighted Index May 1970 = 100","AUS","AUS",2025-09-30,61.3,"M","Index","Indicative","RBA","Monthly","F11 Exchange Rates","Australian Dollar Trade-weighted Index"
"16443","GRCPAISDR","Commodity prices – SDR","AUS","AUS",2025-09-30,88.4257893093405,"M","Index, 2023/24=100","Original","RBA","Monthly","I2 Commodity Prices","Index of commodity prices; All items; SDR"
"16444","FXRTWI","Trade-weighted Index May 1970 = 100","AUS","AUS",2025-10-01,61.2,"D","Index","Indicative","RBA","Daily","F11.1 Exchange Rates","Australian Dollar Trade-weighted Index"
"16445","FXRTWI","Trade-weighted Index May 1970 = 100","AUS","AUS",2025-10-02,61.3,"D","Index","Indicative","RBA","Daily","F11.1 Exchange Rates","Australian Dollar Trade-weighted Index"
"16446","FXRTWI","Trade-weighted Index May 1970 = 100","AUS","AUS",2025-10-03,61.2,"D","Index","Indicative","RBA","Daily","F11.1 Exchange Rates","Australian Dollar Trade-weighted Index"
"16447","FXRTWI","Trade-weighted Index May 1970 = 100","AUS","AUS",2025-10-07,61.4,"D","Index","Indicative","RBA","Daily","F11.1 Exchange Rates","Australian Dollar Trade-weighted Index"
"16448","FXRTWI","Trade-weighted Index May 1970 = 100","AUS","AUS",2025-10-08,61.2,"D","Index","Indicative","RBA","Daily","F11.1 Exchange Rates","Australian Dollar Trade-weighted Index"
"16449","FXRTWI","Trade-weighted Index May 1970 = 100","AUS","AUS",2025-10-09,61.6,"D","Index","Indicative","RBA","Daily","F11.1 Exchange Rates","Australian Dollar Trade-weighted Index"
"16450","FXRTWI","Trade-weighted Index May 1970 = 100","AUS","AUS",2025-10-10,61.3,"D","Index","Indicative","RBA","Daily","F11.1 Exchange Rates","Australian Dollar Trade-weighted Index"
"16451","FXRTWI","Trade-weighted Index May 1970 = 100","AUS","AUS",2025-10-13,60.9,"D","Index","Indicative","RBA","Daily","F11.1 Exchange Rates","Australian Dollar Trade-weighted Index"
"16452","FXRTWI","Trade-weighted Index May 1970 = 100","AUS","AUS",2025-10-14,60.5,"D","Index","Indicative","RBA","Daily","F11.1 Exchange Rates","Australian Dollar Trade-weighted Index"
"16453","FXRTWI","Trade-weighted Index May 1970 = 100","AUS","AUS",2025-10-15,60.8,"D","Index","Indicative","RBA","Daily","F11.1 Exchange Rates","Australian Dollar Trade-weighted Index"
"16454","FXRTWI","Trade-weighted Index May 1970 = 100","AUS","AUS",2025-10-16,60.5,"D","Index","Indicative","RBA","Daily","F11.1 Exchange Rates","Australian Dollar Trade-weighted Index"
"16455","FXRTWI","Trade-weighted Index May 1970 = 100","AUS","AUS",2025-10-17,60.2,"D","Index","Indicative","RBA","Daily","F11.1 Exchange Rates","Australian Dollar Trade-weighted Index"
"16456","FXRTWI","Trade-weighted Index May 1970 = 100","AUS","AUS",2025-10-20,60.5,"D","Index","Indicative","RBA","Daily","F11.1 Exchange Rates","Australian Dollar Trade-weighted Index"
"16457","FXRTWI","Trade-weighted Index May 1970 = 100","AUS","AUS",2025-10-21,60.6,"D","Index","Indicative","RBA","Daily","F11.1 Exchange Rates","Australian Dollar Trade-weighted Index"
"16458","FXRTWI","Trade-weighted Index May 1970 = 100","AUS","AUS",2025-10-22,60.7,"D","Index","Indicative","RBA","Daily","F11.1 Exchange Rates","Australian Dollar Trade-weighted Index"
"16459","FXRTWI","Trade-weighted Index May 1970 = 100","AUS","AUS",2025-10-23,60.6,"D","Index","Indicative","RBA","Daily","F11.1 Exchange Rates","Australian Dollar Trade-weighted Index"
"16460","FXRTWI","Trade-weighted Index May 1970 = 100","AUS","AUS",2025-10-24,60.8,"D","Index","Indicative","RBA","Daily","F11.1 Exchange Rates","Australian Dollar Trade-weighted Index"
